year,month,LocationID,pu_count,total_rev,sum_fare,sum_tip,avg_fare,avg_tip,year_right,month_right,LocationID_right,do_count,net_traffic,ts_sec
2017,6,210,54,1477.8,1109.6,234.43,20.548148148148147,4.341296296296297,2017,6,210,1041,-987,1496275200000
2022,6,69,196,4909.45,4323.75,201.95,22.059948979591837,1.0303571428571427,2022,6,69,1339,-1143,1654041600000
2019,8,75,42937,639642.68,473768.6,54996.5,11.03404057106924,1.280864988238582,2019,8,75,72171,-29234,1564617600000
2023,9,118,13,648.39,543.8,67.77000000000001,41.83076923076923,5.213076923076924,2023,9,118,74,-61,1693526400000
2023,1,109,3,282.0,239.4,0.0,79.8,0.0,2023,1,109,24,-21,1672531200000
2024,6,26,387,11646.24,10788.41,155.85,27.87702842377261,0.40271317829457365,2024,6,26,1100,-713,1717200000000
2017,12,111,25,488.3,372.5,84.30000000000001,14.9,3.3720000000000003,2017,12,111,119,-94,1512086400000
2024,7,93,802,49772.88,39776.28,5381.51,49.596359102244385,6.710112219451372,2024,7,93,1382,-580,1719792000000
2021,9,156,6,480.5,438.5,8.0,73.08333333333333,1.3333333333333333,2021,9,156,54,-48,1630454400000
2016,3,234,411960,5626613.04,4402571.17,680487.48,10.686889916496748,1.651829012525488,2016,3,234,352052,59908,1456790400000
2020,8,263,29903,453937.87,296974.85,51646.37,9.931272781995117,1.727130053840752,2020,8,263,25638,4265,1596240000000
2021,11,218,301,13656.65,12106.68,42.019999999999996,40.22152823920266,0.13960132890365448,2021,11,218,809,-508,1635724800000
2022,9,144,26829,538603.95,370053.91,68345.93,13.793056394200304,2.547464683737746,2022,9,144,29033,-2204,1661990400000
2016,8,141,219389,2768104.09,2209766.23,298542.37,10.072365660994853,1.3607900578424625,2016,8,141,218687,702,1470009600000
2018,8,252,92,5542.8099999999995,4983.73,299.11,54.17097826086956,3.251195652173913,2018,8,252,1374,-1282,1533081600000
2024,12,92,425,14435.38,12545.02,439.39,29.51769411764706,1.0338588235294117,2024,12,92,2292,-1867,1733011200000
2018,6,258,145,4519.99,3944.0,182.83,27.2,1.260896551724138,2018,6,258,1582,-1437,1527811200000
2021,1,96,14,562.98,447.22,39.480000000000004,31.944285714285716,2.8200000000000003,2021,1,96,96,-82,1609459200000
2021,7,51,374,17204.05,14722.48,58.6,39.36491978609626,0.15668449197860962,2021,7,51,882,-508,1625097600000
2020,2,36,505,12390.35,10076.0,917.55,19.952475247524752,1.8169306930693068,2020,2,36,4141,-3636,1580515200000
2020,5,140,12338,213174.6,145836.35,22790.47,11.820096449991896,1.847177014102772,2020,5,140,9848,2490,1588291200000
2022,9,9,40,1194.26,1128.6000000000001,10.06,28.215000000000003,0.2515,2022,9,9,337,-297,1661990400000
2023,6,240,12,366.42,302.52,30.349999999999998,25.209999999999997,2.5291666666666663,2023,6,240,97,-85,1685577600000
2023,8,224,3453,82205.33,56440.14,9306.86,16.34524761077324,2.6952968433246456,2023,8,224,10924,-7471,1690848000000
2024,7,78,243,8630.5,7952.6,62.699999999999996,32.726748971193416,0.2580246913580247,2024,7,78,458,-215,1719792000000
2019,10,143,86545,1379403.24,898156.35,163768.83000000002,10.377911491131782,1.892296839794327,2019,10,143,99492,-12947,1569888000000
2017,6,58,5,129.34,106.0,14.39,21.2,2.878,2017,6,58,204,-199,1496275200000
2022,2,53,54,2249.41,1996.95,40.16,36.980555555555554,0.7437037037037036,2022,2,53,401,-347,1643673600000
2024,1,211,20198,474297.41,317775.78,60141.78999999999,15.733031983364691,2.977611149618774,2024,1,211,22249,-2051,1704067200000
2023,9,243,481,18094.88,14838.6,1509.82,30.84948024948025,3.1389189189189186,2023,9,243,4744,-4263,1693526400000
2023,4,165,142,4567.1,4058.24,88.46,28.579154929577463,0.6229577464788731,2023,4,165,829,-687,1680307200000
2019,11,85,478,14330.98,12232.39,238.63,25.590774058577406,0.49922594142259413,2019,11,85,1163,-685,1572566400000
2025,2,10,1423,70325.32,58551.28,5506.7,41.146366830639494,3.869782150386507,2025,2,10,3207,-1784,1738368000000
2020,1,238,134281,2065782.19,1352368.07,249062.71000000002,10.071179615880132,1.854787423388268,2020,1,238,144630,-10349,1577836800000
2019,2,136,429,12656.36,11441.76,116.67,26.67076923076923,0.27195804195804196,2019,2,136,1305,-876,1548979200000
2020,4,7,665,9981.4,8043.99,719.14,12.096225563909774,1.0814135338345865,2020,4,7,1078,-413,1585699200000
2021,12,144,26204,502006.27999999997,342520.98,62746.32,13.071324225309112,2.3945321324988553,2021,12,144,28022,-1818,1638316800000
2019,6,156,24,826.74,649.0,27.96,27.041666666666668,1.165,2019,6,156,104,-80,1559347200000
2023,3,165,136,4582.09,4111.99,98.45,30.235220588235293,0.7238970588235294,2023,3,165,870,-734,1677628800000
2019,4,135,494,18676.34,16452.14,161.69,33.30392712550607,0.3273076923076923,2019,4,135,2158,-1664,1554076800000
2022,1,249,55236,902194.4400000001,572911.38,126245.59,10.372064957636324,2.2855672025490623,2022,1,249,42453,12783,1640995200000
2018,12,9,170,4976.01,4488.71,178.43,26.404176470588236,1.0495882352941177,2018,12,9,694,-524,1543622400000
2016,7,175,23,770.0,663.11,76.8,28.83086956521739,3.3391304347826085,2016,7,175,816,-793,1467331200000
2021,11,30,3,130.57,108.27000000000001,0.0,36.09,0.0,2021,11,30,32,-29,1635724800000
2020,12,207,164,1968.49,1551.84,126.52,9.462439024390243,0.7714634146341464,2020,12,207,177,-13,1606780800000
2024,2,226,2241,74388.9,60161.909999999996,7017.35,26.846010709504682,3.131347612672914,2024,2,226,4638,-2397,1706745600000
2025,4,142,116412,2498578.24,1575236.2,316903.69999999995,13.53156203827784,2.7222597326736073,2025,4,142,103362,13050,1743465600000
2019,4,211,58688,1033864.61,693984.67,120538.1,11.824984153489641,2.0538798391494004,2019,4,211,59685,-997,1554076800000
2017,11,156,11,162.29000000000002,131.0,10.969999999999999,11.909090909090908,0.9972727272727272,2017,11,156,67,-56,1509494400000
2016,10,166,56088,859475.91,690157.61,97034.43,12.3049067536728,1.7300390457851946,2016,10,166,84883,-28795,1475280000000
2023,2,43,45509,994978.91,652950.44,129709.26,14.347721110110086,2.8501891933463708,2023,2,43,33421,12088,1675209600000
2023,9,85,151,5348.58,4656.1,227.32,30.835099337748346,1.5054304635761588,2023,9,85,617,-466,1693526400000
2020,1,185,275,8342.11,7222.04,66.99,26.261963636363635,0.24359999999999998,2020,1,185,803,-528,1577836800000
2018,2,67,78,2123.69,1892.0,120.28,24.256410256410255,1.5420512820512822,2018,2,67,1220,-1142,1517443200000
2020,8,31,48,2097.36,1826.75,88.89,38.057291666666664,1.851875,2020,8,31,197,-149,1596240000000
2024,7,205,429,18517.44,17406.93,63.65,40.57559440559441,0.14836829836829837,2024,7,205,1451,-1022,1719792000000
2025,5,94,591,14292.17,12769.47,3.0,21.606548223350252,0.005076142131979695,2025,5,94,771,-180,1746057600000
2019,3,140,137060,2317958.54,1557646.25,255147.93,11.364703414562966,1.8615783598424047,2019,3,140,139717,-2657,1551398400000
2020,6,177,377,14858.25,13808.5,281.99,36.62732095490716,0.7479840848806366,2020,6,177,546,-169,1590969600000
2016,11,91,164,4449.01,3773.8,453.33,23.0109756097561,2.7642073170731707,2016,11,91,1635,-1471,1477958400000
2016,5,149,96,1801.3,1526.4,121.66,15.9,1.2672916666666667,2016,5,149,1461,-1365,1462060800000
2025,7,14,1893,56714.76,48841.49,465.91,25.801104067617537,0.24612255678816694,2025,7,14,4386,-2493,1751328000000
2023,7,216,576,38126.31,31926.34,3738.32,55.42767361111111,6.49013888888889,2023,7,216,3565,-2989,1688169600000
2023,7,183,36,1312.87,1172.7,14.12,32.575,0.3922222222222222,2023,7,183,149,-113,1688169600000
2022,8,44,37,2467.35,2132.7000000000003,36.34,57.64054054054055,0.9821621621621622,2022,8,44,45,-8,1659312000000
2025,3,184,29,1216.95,1019.6,52.69,35.15862068965517,1.8168965517241378,2025,3,184,55,-26,1740787200000
2018,3,218,219,7769.07,7188.8,139.47,32.82557077625571,0.6368493150684932,2018,3,218,1175,-956,1519862400000
2017,4,120,67,1731.43,1445.95,107.82,21.58134328358209,1.6092537313432835,2017,4,120,447,-380,1491004800000
2025,3,1,365,34703.9,30217.44,3362.36,82.78750684931506,9.211945205479452,2025,3,1,8342,-7977,1740787200000
2017,1,234,333054,4396919.37,3434831.37,537334.07,10.313136518402422,1.6133542008202872,2017,1,234,279091,53963,1483228800000
2020,10,150,93,3269.24,2882.26,223.39,30.992043010752692,2.402043010752688,2020,10,150,236,-143,1601510400000
2020,2,17,1090,24418.54,20611.61,998.86,18.90973394495413,0.9163853211009174,2020,2,17,7032,-5942,1580515200000
2025,4,54,378,10086.89,7559.9,283.21,19.99973544973545,0.7492328042328041,2025,4,54,937,-559,1743465600000
2019,12,122,164,6418.82,5768.24,22.53,35.17219512195122,0.13737804878048782,2019,12,122,454,-290,1575158400000
2021,7,182,294,10300.18,8603.98,69.42,29.265238095238093,0.23612244897959184,2021,7,182,723,-429,1625097600000
2017,3,263,180797,2330471.2800000003,1840971.67,265156.98,10.182534389398054,1.4666005520003096,2017,3,263,181120,-323,1488326400000
2018,3,192,107,2227.82,1954.0,90.59,18.261682242990656,0.8466355140186916,2018,3,192,755,-648,1519862400000
2019,3,134,696,27002.3,22699.97,1819.41,32.614899425287355,2.614094827586207,2019,3,134,3461,-2765,1551398400000
2019,4,116,8654,148525.83000000002,119191.72,11589.42,13.773020568523226,1.3391980587011787,2019,4,116,19659,-11005,1554076800000
2017,12,16,66,1534.14,1195.1,271.08,18.107575757575756,4.107272727272727,2017,12,16,1202,-1136,1512086400000
2019,5,231,128765,2551875.32,1759599.43,306632.44000000006,13.665199627227896,2.3813337475245606,2019,5,231,123323,5442,1556668800000
2020,4,101,18,749.64,662.51,28.89,36.80611111111111,1.605,2020,4,101,24,-6,1585699200000
2022,3,18,79,2960.33,2655.46,79.12,33.613417721518985,1.0015189873417722,2022,3,18,546,-467,1646092800000
2020,4,242,177,4987.16,4094.1,261.83,23.13050847457627,1.4792655367231637,2020,4,242,239,-62,1585699200000
2022,4,194,183,9113.73,6561.34,1214.84,35.85431693989071,6.638469945355191,2022,4,194,677,-494,1648771200000
2024,2,115,4,337.73,315.87,17.86,78.9675,4.465,2024,2,115,44,-40,1706745600000
2019,1,257,403,11141.91,9440.75,381.32,23.42617866004963,0.9462034739454094,2019,1,257,3371,-2968,1546300800000
2024,9,213,508,18462.23,16309.53,202.49,32.10537401574803,0.39860236220472445,2024,9,213,715,-207,1725148800000
2024,12,73,55,1857.66,1584.96,48.1,28.817454545454545,0.8745454545454546,2024,12,73,250,-195,1733011200000
2025,4,66,4755,131202.25,105057.13,6420.39,22.09403364879075,1.3502397476340695,2025,4,66,6163,-1408,1743465600000
2022,4,178,15,689.5699999999999,601.3000000000001,38.47,40.08666666666667,2.5646666666666667,2022,4,178,289,-274,1648771200000
2025,6,59,28,705.1,608.3,2.0,21.724999999999998,0.07142857142857142,2025,6,59,72,-44,1748736000000
2020,12,168,994,26169.89,22068.59,1848.9,22.201800804828974,1.8600603621730383,2020,12,168,2729,-1735,1606780800000
2025,11,254,1349,44087.95,39922.41,61.06,29.594077094143813,0.045263157894736845,2025,11,254,1929,-580,1761955200000
2021,4,117,294,16468.96,14327.15,75.81,48.731802721088435,0.25785714285714284,2021,4,117,818,-524,1617235200000
2023,8,184,12,533.48,384.3,13.06,32.025,1.0883333333333334,2023,8,184,51,-39,1690848000000
2022,5,136,115,5445.0,4865.33,87.67,42.30721739130435,0.7623478260869565,2022,5,136,484,-369,1651363200000
2025,8,44,5,54.64,39.26,0.0,7.851999999999999,0.0,2025,8,44,33,-28,1754006400000
2025,9,244,9562,259902.55,214731.08,5200.05,22.456711984940387,0.5438245137000628,2025,9,244,20008,-10446,1756684800000
2022,2,2,3,205.81,146.5,39.61,48.833333333333336,13.203333333333333,2022,2,2,1,2,1643673600000
2025,10,216,3137,172235.44,146700.05,16161.56,46.764440548294544,5.151915843162257,2025,10,216,5896,-2759,1759276800000
2018,8,32,138,4230.5,3777.37,90.44,27.372246376811592,0.6553623188405797,2018,8,32,842,-704,1533081600000
2023,8,194,276,14065.32,9970.58,1783.54,36.12528985507247,6.462101449275362,2023,8,194,798,-522,1690848000000
2025,11,188,4233,92268.85,79314.65,694.66,18.737219466099692,0.16410583510512639,2025,11,188,6116,-1883,1761955200000
2018,8,52,3970,72903.83,59271.95,9311.27,14.929962216624684,2.3454080604534004,2018,8,52,6064,-2094,1533081600000
2023,4,122,82,3071.95,2679.7000000000003,40.5,32.67926829268293,0.49390243902439024,2023,4,122,269,-187,1680307200000
2025,6,18,966,27777.28,25021.74,68.47999999999999,25.902422360248448,0.0708902691511387,2025,6,18,1579,-613,1748736000000
2022,2,162,94879,1594291.06,1018539.25,213140.83,10.735138966473087,2.246448950768874,2022,2,162,72255,22624,1643673600000
2018,1,139,29,676.75,583.0,52.39,20.103448275862068,1.806551724137931,2018,1,139,606,-577,1514764800000
2020,3,260,1728,36984.2,29982.3,2735.92,17.350868055555555,1.583287037037037,2020,3,260,3742,-2014,1583020800000
2016,10,250,111,1961.89,1691.6,110.27,15.23963963963964,0.9934234234234234,2016,10,250,851,-740,1475280000000
2018,3,100,197815,2807244.8699999996,2244736.07,294700.71,11.34765346409524,1.4897793898339358,2018,3,100,149057,48758,1519862400000
2018,9,147,172,5617.18,4955.04,81.19,28.808372093023255,0.4720348837209302,2018,9,147,887,-715,1535760000000
2018,12,246,98254,1492531.9200000002,1183974.85,180122.25,12.05014401449305,1.8332307081645531,2018,12,246,127327,-29073,1543622400000
2016,6,14,537,11705.76,9630.83,1137.72,17.934506517690874,2.118659217877095,2016,6,14,10006,-9469,1464739200000
2019,6,225,1165,30498.72,27300.91,553.1,23.434257510729612,0.4747639484978541,2019,6,225,6591,-5426,1559347200000
2018,12,233,101618,1611819.4300000002,1272011.27,187106.62,12.517578283374993,1.8412743805231355,2018,12,233,115335,-13717,1543622400000
2022,5,226,3012,88547.99,70065.08,9830.32,23.261978751660028,3.263718459495352,2022,5,226,7404,-4392,1651363200000
2023,6,212,74,2368.41,2106.96,10.0,28.472432432432434,0.13513513513513514,2023,6,212,272,-198,1685577600000
2019,6,28,945,49560.89,39203.19,4592.8,41.484857142857145,4.8601058201058205,2019,6,28,2900,-1955,1559347200000
2024,10,78,292,10374.98,9435.98,29.43,32.315,0.10078767123287671,2024,10,78,426,-134,1727740800000
2019,8,55,339,14043.03,12882.9,120.71,38.00265486725664,0.3560766961651917,2019,8,55,1315,-976,1564617600000
2017,8,137,107395,1443096.4500000002,1144385.86,160118.11,10.655857907723824,1.4909270450207177,2017,8,137,121948,-14553,1501545600000
2020,1,233,78868,1393997.7400000002,914965.91,167556.83,11.601231297864787,2.1245223664857735,2020,1,233,92182,-13314,1577836800000
2025,5,143,53429,1126535.59,740824.76,109578.38,13.86559284283816,2.05091579479309,2025,5,143,63625,-10196,1746057600000
2025,7,114,51375,1151692.25,750921.57,115978.16,14.61647824817518,2.2574824330900243,2025,7,114,37699,13676,1751328000000
2016,9,208,62,1795.34,1516.22,114.75999999999999,24.455161290322582,1.8509677419354837,2016,9,208,1305,-1243,1472688000000
2022,1,243,399,11365.32,9543.14,853.53,23.91764411027569,2.139172932330827,2022,1,243,4751,-4352,1640995200000
2025,2,250,581,16943.53,14961.09,9.14,25.750585197934594,0.01573149741824441,2025,2,250,525,56,1738368000000
2019,3,37,1657,38977.23,33385.53,1825.76,20.148177429088715,1.1018467109233554,2019,3,37,9847,-8190,1551398400000
2022,4,82,353,11674.71,9228.16,1139.1,26.14209631728045,3.226912181303116,2022,4,82,2246,-1893,1648771200000
2025,5,115,53,2207.78,1488.09,31.0,28.077169811320754,0.5849056603773585,2025,5,115,77,-24,1746057600000
2017,8,223,5035,103364.21,82073.72,9735.62,16.300639523336645,1.933588877855015,2017,8,223,18138,-13103,1501545600000
2017,9,135,158,3265.9700000000003,2768.3,193.98,17.520886075949367,1.2277215189873416,2017,9,135,1874,-1716,1504224000000
2018,3,240,23,724.8299999999999,659.0,31.75,28.652173913043477,1.3804347826086956,2018,3,240,268,-245,1519862400000
2021,8,61,1087,37449.4,31459.73,2412.29,28.94179392824287,2.2192180312787486,2021,8,61,5116,-4029,1627776000000
2022,3,181,1534,38537.66,29876.53,5041.08,19.47622555410691,3.286232073011734,2022,3,181,9939,-8405,1646092800000
2022,10,47,98,2692.64,2439.98,26.11,24.897755102040815,0.2664285714285714,2022,10,47,326,-228,1664582400000
2022,7,240,7,207.04999999999998,193.4,0.0,27.62857142857143,0.0,2022,7,240,138,-131,1656633600000
2023,6,197,391,19086.3,16270.77,1291.98,41.61322250639386,3.3042966751918157,2023,6,197,1363,-972,1685577600000
2018,8,8,110,4348.22,3410.55,470.41,31.005000000000003,4.276454545454546,2018,8,8,172,-62,1533081600000
2024,4,169,288,9555.28,8647.05,36.09,30.024479166666666,0.12531250000000002,2024,4,169,591,-303,1711929600000
2021,4,68,46113,780684.29,515114.78,93749.18000000001,11.170706308416282,2.0330314661809035,2021,4,68,43640,2473,1617235200000
2021,8,5,4,313.89,272.0,4.44,68.0,1.11,2021,8,5,31,-27,1627776000000
2024,12,120,19,991.9300000000001,859.33,65.84,45.22789473684211,3.465263157894737,2024,12,120,205,-186,1733011200000
2019,9,49,1466,29384.49,24665.0,1859.61,16.82469304229195,1.2684924965893587,2019,9,49,9816,-8350,1567296000000
2016,9,221,238,4552.38,3817.85,441.37,16.041386554621848,1.8544957983193278,2016,9,221,420,-182,1472688000000
2020,2,118,45,3633.63,3506.06,25.11,77.91244444444445,0.5579999999999999,2020,2,118,117,-72,1580515200000
2020,12,210,376,13553.63,11778.07,985.0600000000001,31.32465425531915,2.619840425531915,2020,12,210,564,-188,1606780800000
2022,2,108,73,3335.12,3053.6800000000003,22.240000000000002,41.831232876712335,0.3046575342465754,2022,2,108,218,-145,1643673600000
2024,10,108,218,8379.369999999999,7759.18,42.4,35.592568807339454,0.19449541284403668,2024,10,108,383,-165,1727740800000
2020,9,165,379,11977.93,10189.28,1053.02,26.884643799472297,2.7784168865435355,2020,9,165,657,-278,1598918400000
2017,8,118,4,217.73,173.0,22.75,43.25,5.6875,2017,8,118,184,-180,1501545600000
2023,3,108,130,5523.0,4925.86,97.89,37.891230769230766,0.753,2023,3,108,274,-144,1677628800000
2024,2,255,1281,36612.57,29517.14,2663.54,23.042263856362215,2.0792661982825917,2024,2,255,6434,-5153,1706745600000
2023,10,202,175,7228.76,5883.23,744.9,33.61845714285714,4.256571428571428,2023,10,202,2140,-1965,1696118400000
2020,6,130,330,13110.22,11369.15,525.56,34.4519696969697,1.5926060606060604,2020,6,130,568,-238,1590969600000
2020,4,124,29,1044.57,950.64,37.68,32.78068965517242,1.2993103448275862,2020,4,124,48,-19,1585699200000
2020,12,244,2748,62149.1,50733.7,5526.51,18.462045123726345,2.0111026200873363,2020,12,244,7274,-4526,1606780800000
2022,5,188,420,13301.07,11356.69,1042.65,27.039738095238096,2.4825000000000004,2022,5,188,2946,-2526,1651363200000
2023,8,160,91,3797.16,3124.91,341.52,34.33967032967033,3.7529670329670326,2023,8,160,1171,-1080,1690848000000
2020,4,188,610,15543.27,13570.71,949.23,22.24706557377049,1.5561147540983606,2020,4,188,643,-33,1585699200000
2025,9,197,2742,105425.89,92249.47,5820.57,33.64313274981765,2.122746170678337,2025,9,197,3231,-489,1756684800000
2020,2,41,23572,320806.93000000005,245949.82,28417.52,10.433981842864416,1.2055625318174106,2020,2,41,40196,-16624,1580515200000
2022,7,129,856,26097.78,20945.09,2852.32,24.468563084112148,3.3321495327102806,2022,7,129,5039,-4183,1656633600000
2016,1,88,38341,806430.36,655526.46,94718.18,17.097270806708224,2.4704149604861634,2016,1,88,42888,-4547,1451606400000
2021,11,130,448,20412.95,16861.81,1108.45,37.637968750000006,2.47421875,2021,11,130,1555,-1107,1635724800000
2023,3,188,417,12626.06,11019.72,580.09,26.42618705035971,1.3911031175059954,2023,3,188,2562,-2145,1677628800000
2017,5,3,26,614.87,533.0,21.66,20.5,0.833076923076923,2017,5,3,563,-537,1493596800000
2021,5,78,381,12147.96,10127.65,125.2,26.581758530183727,0.32860892388451446,2021,5,78,736,-355,1619827200000
2021,9,162,90426,1552974.74,1006116.75,201168.92,11.126409992701214,2.224680069891403,2021,9,162,73156,17270,1630454400000
2023,8,145,3009,75623.36,58463.23,6995.59,19.42945496842805,2.324888667331339,2023,8,145,8718,-5709,1690848000000
2019,5,238,152427,2418298.4800000004,1601304.76,285310.47000000003,10.505387890596811,1.8717843295479148,2019,5,238,161455,-9028,1556668800000
2020,5,79,5267,84740.29000000001,57772.49,8162.5199999999995,10.968765900892349,1.5497474843364343,2020,5,79,4512,755,1588291200000
2016,3,191,170,3688.09,3138.3,317.33,18.460588235294118,1.8666470588235293,2016,3,191,1219,-1049,1456790400000
2023,3,53,61,2430.72,2091.9,60.81999999999999,34.29344262295082,0.9970491803278687,2023,3,53,399,-338,1677628800000
2025,4,76,4576,126340.49,116951.13,314.38,25.557502185314686,0.06870192307692308,2025,4,76,5469,-893,1743465600000
2018,11,257,444,11492.35,9458.03,767.7,21.30186936936937,1.7290540540540542,2018,11,257,3730,-3286,1541030400000
2017,12,224,24826,346413.63,276886.2,40124.86,11.153073390799968,1.6162434544429227,2017,12,224,39755,-14929,1512086400000
2019,9,53,131,4566.07,4096.67,49.6,31.272290076335878,0.3786259541984733,2019,9,53,828,-697,1567296000000
2017,2,39,134,4272.8,3670.5299999999997,344.39,27.392014925373132,2.5700746268656713,2017,2,39,1439,-1305,1485907200000
2024,7,120,27,1136.83,947.24,95.09,35.08296296296297,3.521851851851852,2024,7,120,169,-142,1719792000000
2024,9,115,16,548.9300000000001,422.27,0.0,26.391875,0.0,2024,9,115,55,-39,1725148800000
2024,6,51,489,20548.57,18881.6,76.0,38.61267893660531,0.1554192229038855,2024,6,51,737,-248,1717200000000
2021,4,129,920,27076.91,22462.12,1259.44,24.415347826086954,1.3689565217391304,2021,4,129,3494,-2574,1617235200000
2023,1,20,42,1673.46,1425.6299999999999,128.53,33.943571428571424,3.060238095238095,2023,1,20,334,-292,1672531200000
2021,7,153,75,2713.21,2390.39,23.1,31.871866666666666,0.308,2021,7,153,182,-107,1625097600000
2021,5,257,136,4894.15,4009.06,186.82,29.478382352941175,1.3736764705882352,2021,5,257,1000,-864,1619827200000
2023,6,42,2992,75478.55,61541.86,4745.02,20.56880347593583,1.5859024064171126,2023,6,42,12325,-9333,1685577600000
2024,8,58,23,678.34,591.64,12.0,25.723478260869566,0.5217391304347826,2024,8,58,119,-96,1722470400000
2024,11,130,1561,60423.229999999996,52274.69,2952.9700000000003,33.48795003203075,1.8917168481742475,2024,11,130,2430,-869,1730419200000
2017,9,171,60,1451.48,1252.7,83.96,20.878333333333334,1.3993333333333333,2017,9,171,1300,-1240,1504224000000
2017,8,197,338,10610.75,8733.9,889.62,25.839940828402366,2.6320118343195267,2017,8,197,2270,-1932,1501545600000
2017,12,98,39,784.7,713.5,31.84,18.294871794871796,0.8164102564102564,2017,12,98,877,-838,1512086400000
2019,8,36,612,13461.71,11081.84,959.76,18.107581699346404,1.568235294117647,2019,8,36,4632,-4020,1564617600000
2025,5,173,927,20571.38,17916.73,133.82,19.32764832793959,0.1443581445523193,2025,5,173,1684,-757,1746057600000
2017,1,60,91,1521.1,1316.11,76.81,14.462747252747251,0.8440659340659341,2017,1,60,644,-553,1483228800000
2017,8,222,30,1020.92,829.3,76.45,27.64333333333333,2.5483333333333333,2017,8,222,327,-297,1501545600000
2017,9,220,145,2565.57,2084.86,213.75,14.378344827586208,1.4741379310344827,2017,9,220,3050,-2905,1504224000000
2025,3,3,401,13035.31,11769.74,25.97,29.350972568578552,0.06476309226932668,2025,3,3,569,-168,1740787200000
2016,10,36,2617,42674.52,34273.35,4891.39,13.096427206725258,1.8690829193733283,2016,10,36,12750,-10133,1475280000000
2025,3,20,531,14927.92,13261.36,71.1,24.97431261770245,0.13389830508474576,2025,3,20,936,-405,1740787200000
2020,4,13,549,11894.05,8453.08,1407.42,15.397231329690346,2.5636065573770495,2020,4,13,682,-133,1585699200000
2022,6,49,618,17986.63,14576.32,2279.35,23.586278317152104,3.6882686084142393,2022,6,49,5039,-4421,1654041600000
2022,10,7,2159,41535.07,33411.29,3824.48,15.475354330708662,1.7714126910606762,2022,10,7,13694,-11535,1664582400000
2024,2,145,2591,72272.66,56153.37,7183.45,21.672470088768815,2.7724623697414126,2024,2,145,7308,-4717,1706745600000
2022,11,159,135,3287.27,2927.78,119.89,21.68725925925926,0.8880740740740741,2022,11,159,700,-565,1667260800000
2019,12,131,259,9267.32,8211.47,58.41,31.704517374517373,0.2255212355212355,2019,12,131,1180,-921,1575158400000
2023,11,113,47495,1110797.65,736089.07,147580.7,15.498243394041477,3.1072891883356144,2023,11,113,43569,3926,1698796800000
2024,7,82,787,28442.52,24348.88,1644.17,30.938856416772555,2.089161372299873,2024,7,82,2002,-1215,1719792000000
2025,3,71,2221,58362.37,53567.45,128.41,24.118617739756864,0.05781629896443043,2025,3,71,2475,-254,1740787200000
2025,5,55,1230,44113.24,40720.39,290.40999999999997,33.1060081300813,0.23610569105691054,2025,5,55,2247,-1017,1746057600000
2018,10,154,32,2337.94,1800.28,315.24,56.25875,9.85125,2018,10,154,91,-59,1538352000000
2022,11,30,12,33.51,28.4,0.46,2.3666666666666667,0.03833333333333334,2022,11,30,29,-17,1667260800000
2017,3,151,88502,1182028.92,949436.92,125931.09,10.727858353483537,1.4229180131522452,2017,3,151,82495,6007,1488326400000
2018,9,155,285,10699.08,9604.18,347.77,33.69887719298246,1.2202456140350877,2018,9,155,1175,-890,1535760000000
2018,8,88,33892,740121.41,608707.71,80403.56,17.960218045556473,2.372346276407412,2018,8,88,35486,-1594,1533081600000
2018,12,260,4558,85229.68000000001,70687.86,6678.87,15.508525669153137,1.465307152259763,2018,12,260,9225,-4667,1543622400000
2018,3,157,417,15110.03,12129.51,1621.19,29.087553956834533,3.8877458033573142,2018,3,157,2884,-2467,1519862400000
2016,1,163,291486,4076223.93,3247492.4,445375.19,11.14116081046774,1.527947105521363,2016,1,163,255830,35656,1451606400000
2023,10,13,21115,697861.73,496535.53,91380.7,23.51577219985792,4.327762254321573,2023,10,13,27262,-6147,1696118400000
2020,12,222,420,13596.14,11758.24,1089.44,27.995809523809523,2.593904761904762,2020,12,222,498,-78,1606780800000
2017,7,157,381,15117.8,11683.48,1391.8,30.66530183727034,3.653018372703412,2017,7,157,3158,-2777,1498867200000
2017,12,176,3,43.900000000000006,41.0,0.0,13.666666666666666,0.0,2017,12,176,70,-67,1512086400000
2019,3,182,618,20249.8,17803.5,85.55,28.808252427184467,0.13843042071197412,2019,3,182,1411,-793,1551398400000
2021,9,25,1654,45250.32,36161.25,4975.299999999999,21.862908101571946,3.008041112454655,2021,9,25,4722,-3068,1630454400000
2021,2,49,600,16771.94,14365.43,505.18,23.942383333333336,0.8419666666666666,2021,2,49,1849,-1249,1612137600000
2017,10,237,405086,4935221.51,3911265.02,548263.2999999999,9.655394212586957,1.3534491441323568,2017,10,237,355979,49107,1506816000000
2024,12,165,506,14068.03,13127.95,106.64,25.944565217391307,0.21075098814229248,2024,12,165,1133,-627,1733011200000
2020,5,43,4120,60327.33,39823.82,7014.79,9.66597572815534,1.702618932038835,2020,5,43,3468,652,1588291200000
2025,9,193,3567,81949.1,68308.89,1419.06,19.150235492010093,0.3978301093355761,2025,9,193,4365,-798,1756684800000
2016,7,163,275049,4069440.54,3279015.45,420327.88,11.921568338732373,1.5281927220240756,2016,7,163,253177,21872,1467331200000
2018,9,19,193,6492.05,5826.32,176.75,30.188186528497408,0.9158031088082902,2018,9,19,544,-351,1535760000000
2017,2,108,110,1570.95,1245.5,161.33,11.322727272727272,1.4666363636363637,2017,2,108,582,-472,1485907200000
2021,11,83,165,3963.25,3180.86,332.59000000000003,19.277939393939395,2.01569696969697,2021,11,83,988,-823,1635724800000
2017,1,242,130,2310.4700000000003,2026.48,112.9,15.588307692307692,0.8684615384615385,2017,1,242,927,-797,1483228800000
2020,11,226,2299,50113.14,40254.04,4482.65,17.509369290996087,1.9498260113092647,2020,11,226,3653,-1354,1604188800000
2021,4,58,21,835.12,695.0600000000001,0.0,33.09809523809524,0.0,2021,4,58,69,-48,1617235200000
2025,7,154,102,3899.09,3333.8,196.38,32.6843137254902,1.9252941176470588,2025,7,154,591,-489,1751328000000
2023,10,123,80,2665.53,2450.65,0.9,30.633125,0.01125,2023,10,123,541,-461,1696118400000
2017,7,109,1,80.3,80.0,0.0,80.0,0.0,2017,7,109,68,-67,1498867200000
2018,9,257,345,9803.26,7683.95,1128.96,22.27231884057971,3.2723478260869565,2018,9,257,3948,-3603,1535760000000
2024,9,209,9581,286568.81,211204.17,30234.89,22.044063250182653,3.1557133910865254,2024,9,209,11767,-2186,1725148800000
2016,4,221,106,1813.55,1460.4,187.95,13.777358490566039,1.7731132075471696,2016,4,221,304,-198,1459468800000
2023,11,67,49,1677.35,1511.84,39.93,30.853877551020407,0.8148979591836735,2023,11,67,400,-351,1698796800000
2021,10,89,464,17417.4,14856.43,483.2,32.018168103448275,1.0413793103448277,2021,10,89,2747,-2283,1633046400000
2025,2,3,216,7303.96,6634.2,20.53,30.71388888888889,0.0950462962962963,2025,2,3,357,-141,1738368000000
2022,2,31,12,370.41,297.9,33.910000000000004,24.825,2.8258333333333336,2022,2,31,92,-80,1643673600000
2022,8,18,99,3529.9,3116.51,152.09,31.47989898989899,1.5362626262626262,2022,8,18,514,-415,1659312000000
2016,2,131,135,2644.9300000000003,2204.0,243.99,16.325925925925926,1.8073333333333335,2016,2,131,1480,-1345,1454284800000
2023,2,80,482,15770.56,12222.05,1821.01,25.356950207468877,3.7780290456431533,2023,2,80,3762,-3280,1675209600000
2018,7,55,194,8160.54,7328.83,300.79,37.777474226804124,1.5504639175257733,2018,7,55,1207,-1013,1530403200000
2016,6,160,188,4270.3,3552.81,341.3,18.897925531914893,1.8154255319148938,2016,6,160,3353,-3165,1464739200000
2017,12,135,211,4824.79,4171.06,249.0,19.768056872037917,1.180094786729858,2017,12,135,1788,-1577,1512086400000
2019,3,181,7388,132640.13,106835.98,12083.59,14.460744450460206,1.6355698429886303,2019,3,181,24908,-17520,1551398400000
2021,8,263,62488,1041141.75,676987.8,130429.72,10.833884905901934,2.0872762770451927,2021,8,263,59415,3073,1627776000000
2021,12,52,741,17403.24,13300.9,2235.92,17.949932523616734,3.0174358974358975,2021,12,52,2006,-1265,1638316800000
2022,1,86,109,6260.49,5809.18,25.56,53.29522935779817,0.2344954128440367,2022,1,86,611,-502,1640995200000
2025,4,83,938,27888.79,23381.26,1194.69,24.926716417910445,1.2736567164179105,2025,4,83,1407,-469,1743465600000
2016,7,181,12909,215381.67,174611.8,24125.9,13.52636145324967,1.8689209078937177,2016,7,181,36502,-23593,1467331200000
2025,9,62,2314,65185.2,58957.65,357.7,25.478673292999137,0.154580812445981,2025,9,62,3546,-1232,1756684800000
2018,10,253,30,1417.7,1207.22,140.74,40.24066666666667,4.691333333333334,2018,10,253,59,-29,1538352000000
2022,9,220,145,4627.04,3938.2400000000002,284.8,27.160275862068968,1.9641379310344829,2022,9,220,1309,-1164,1661990400000
2024,3,198,370,10949.39,9645.21,208.6,26.068135135135133,0.5637837837837838,2024,3,198,1884,-1514,1709251200000
2019,12,261,43217,1020212.0100000001,742168.31,109475.8,17.173064072008703,2.5331651896244534,2019,12,261,34446,8771,1575158400000
2025,2,46,37,1570.18,1352.15,0.0,36.5445945945946,0.0,2025,2,46,76,-39,1738368000000
2018,12,173,343,6494.6,5607.95,183.55,16.349708454810497,0.535131195335277,2018,12,173,2679,-2336,1543622400000
2016,4,259,62,1184.84,1042.8,74.5,16.81935483870968,1.2016129032258065,2016,4,259,1497,-1435,1459468800000
2024,4,187,2,48.22,24.4,0.0,12.2,0.0,2024,4,187,22,-20,1711929600000
2019,3,215,1366,74337.1,60298.23,5910.75,44.14218887262079,4.327049780380674,2019,3,215,1888,-522,1551398400000
2020,8,221,10,593.5,467.64,25.68,46.763999999999996,2.568,2020,8,221,32,-22,1596240000000
2020,10,253,4,203.54000000000002,195.59,2.75,48.8975,0.6875,2020,10,253,12,-8,1601510400000
2023,6,201,52,2910.2,2610.3,52.099999999999994,50.198076923076925,1.001923076923077,2023,6,201,382,-330,1685577600000
2016,9,260,6674,111179.93000000001,94393.36,7704.64,14.143446209169912,1.1544261312556188,2016,9,260,13540,-6866,1472688000000
2022,2,51,225,9147.78,8302.65,78.53,36.900666666666666,0.34902222222222223,2022,2,51,496,-271,1643673600000
2017,9,42,13635,179851.22,149528.55,12920.83,10.966523652365236,0.9476222955628896,2017,9,42,37165,-23530,1504224000000
2021,10,261,14678,347127.16,247542.45,43388.81,16.86486237907072,2.9560437389290093,2021,10,261,13816,862,1633046400000
2025,3,88,13404,404394.58,289979.48,37460.81,21.633801850193972,2.7947485825126828,2025,3,88,16501,-3097,1740787200000
2024,5,247,693,23002.81,20099.87,684.4399999999999,29.00414141414141,0.9876479076479076,2024,5,247,1476,-783,1714521600000
2019,10,34,185,3529.49,2738.2,402.99,14.80108108108108,2.178324324324324,2019,10,34,926,-741,1569888000000
2022,4,197,300,15671.68,13213.61,1403.27,44.045366666666666,4.677566666666666,2022,4,197,1291,-991,1648771200000
2022,10,79,96750,1799902.7900000003,1195338.12,241427.31999999998,12.35491596899225,2.4953728165374676,2022,10,79,77105,19645,1664582400000
2016,9,38,22,864.1899999999999,811.8,19.45,36.9,0.884090909090909,2016,9,38,662,-640,1472688000000
2017,11,48,287889,4127322.27,3312849.55,438961.02,11.507384964343895,1.524757875431156,2017,11,48,248147,39742,1509494400000
2016,11,37,3480,52283.590000000004,42404.14,5343.55,12.185097701149425,1.5355028735632184,2016,11,37,16841,-13361,1477958400000
2019,3,60,245,8170.74,7289.02,23.97,29.751102040816328,0.09783673469387755,2019,3,60,705,-460,1551398400000
2019,10,69,662,17349.35,15167.54,170.39,22.911691842900304,0.25738670694864046,2019,10,69,2870,-2208,1569888000000
2016,4,78,99,2189.1,1930.99,102.83,19.504949494949496,1.0386868686868687,2016,4,78,1064,-965,1459468800000
2023,6,13,20164,661432.97,468182.06,87417.56,23.218709581432254,4.335328307875422,2023,6,13,25311,-5147,1685577600000
2024,8,127,315,11359.27,10086.17,435.22,32.0195873015873,1.3816507936507938,2024,8,127,2425,-2110,1722470400000
2019,5,164,171814,3071874.2300000004,2025853.56,358511.02,11.790969071204907,2.0866228596039904,2019,5,164,156488,15326,1556668800000
2023,3,79,82737,1898911.75,1246042.7299999997,249295.06999999998,15.06028415340174,3.0131026022214966,2023,3,79,70602,12135,1677628800000
2023,11,175,55,1948.75,1780.8,58.69,32.378181818181815,1.067090909090909,2023,11,175,335,-280,1698796800000
2018,10,30,1,46.8,42.0,4.0,42.0,4.0,2018,10,30,27,-26,1538352000000
2020,2,170,191823,3275170.02,2119774.24,411155.08999999997,11.050678177278012,2.1434087153261077,2020,2,170,194737,-2914,1580515200000
2018,1,148,111848,1704047.4700000002,1365217.95,199583.74,12.206011283170016,1.7844193906015307,2018,1,148,90335,21513,1514764800000
2018,6,160,189,5603.21,4585.05,520.5,24.25952380952381,2.753968253968254,2018,6,160,2441,-2252,1527811200000
2020,5,84,25,2763.43,2296.5,66.0,91.86,2.64,2020,5,84,45,-20,1588291200000
2017,9,199,3,78.52,65.5,10.120000000000001,21.833333333333332,3.3733333333333335,2017,9,199,1,2,1504224000000
2019,7,136,363,12932.77,11548.75,47.730000000000004,31.814738292011018,0.13148760330578513,2019,7,136,1128,-765,1561939200000
2020,10,183,160,6151.41,5207.47,379.98,32.546687500000004,2.3748750000000003,2020,10,183,283,-123,1601510400000
2024,9,30,8,177.99,147.39,0.0,18.42375,0.0,2024,9,30,50,-42,1725148800000
2024,6,76,1688,54448.15,51322.75,181.35,30.404472748815166,0.10743483412322274,2024,6,76,2641,-953,1717200000000
2016,4,202,776,14030.95,11686.42,1357.35,15.059819587628866,1.7491623711340205,2016,4,202,6094,-5318,1459468800000
2017,9,224,23300,326945.52,263060.66,36550.24,11.290157081545063,1.5686798283261802,2017,9,224,36842,-13542,1504224000000
2017,7,252,59,3682.06,3173.51,290.75,53.788305084745765,4.927966101694915,2017,7,252,1353,-1294,1498867200000
2018,11,84,2,197.64,172.0,0.0,86.0,0.0,2018,11,84,75,-73,1541030400000
2023,12,211,27347,696976.9,478539.35,87022.58,17.49878780122134,3.182161845906315,2023,12,211,29563,-2216,1701388800000
2024,12,35,1082,32028.39,30094.5,68.45,27.8137707948244,0.06326247689463955,2024,12,35,1338,-256,1733011200000
2020,4,150,26,502.41,459.04,19.43,17.655384615384616,0.7473076923076923,2020,4,150,36,-10,1585699200000
2017,11,80,3855,63128.23,50993.88,6927.29,13.227984435797664,1.7969623865110247,2017,11,80,16140,-12285,1509494400000
2016,1,129,7469,117741.25,99478.05,7432.8,13.318791002811622,0.9951533003079395,2016,1,129,20317,-12848,1451606400000
2017,4,122,20,524.09,432.0,63.79,21.6,3.1895,2017,4,122,358,-338,1491004800000
2019,6,83,773,15350.87,13061.17,795.8,16.896727037516172,1.0294954721862872,2019,6,83,2852,-2079,1559347200000
2019,9,254,363,12283.23,10904.32,23.53,30.039449035812673,0.06482093663911846,2019,9,254,962,-599,1567296000000
2024,8,121,244,8819.289999999999,7976.98,164.65,32.692540983606555,0.6747950819672132,2024,8,121,799,-555,1722470400000
2020,4,152,970,13341.76,10788.45,927.61,11.122113402061856,0.9562989690721649,2020,4,152,1401,-431,1585699200000
2016,11,42,14812,195033.1,161567.59,14514.17,10.907884823116392,0.9798926546043748,2016,11,42,41990,-27178,1477958400000
2016,1,200,83,1839.78,1436.2,244.54,17.303614457831326,2.9462650602409637,2016,1,200,3529,-3446,1451606400000
2025,1,210,469,15094.08,13963.87,49.29,29.773710021321964,0.1050959488272921,2025,1,210,781,-312,1735689600000
2022,7,222,106,4620.34,4222.75,46.49,39.8372641509434,0.4385849056603774,2022,7,222,283,-177,1656633600000
2022,2,170,91549,1543057.08,991202.28,203174.41999999998,10.827013730352052,2.2192969884979625,2022,2,170,88877,2672,1643673600000
2023,5,149,96,3962.28,3489.18,128.08,36.345625,1.3341666666666667,2023,5,149,502,-406,1682899200000
2017,8,155,69,2566.9,2131.94,194.63,30.89768115942029,2.820724637681159,2017,8,155,1108,-1039,1501545600000
2021,6,208,200,8924.06,7615.65,126.35,38.07825,0.6317499999999999,2021,6,208,642,-442,1622505600000
2022,6,150,34,1314.71,1176.6,35.81,34.60588235294117,1.053235294117647,2022,6,150,283,-249,1654041600000
2023,4,233,40171,1012320.75,674337.96,126093.2,16.786685917701824,3.1389111548131736,2023,4,233,49209,-9038,1680307200000
2023,11,208,94,3442.63,3074.22,110.46000000000001,32.70446808510638,1.1751063829787234,2023,11,208,493,-399,1698796800000
2022,3,45,4509,96929.9,68989.4,11493.7,15.300377023730316,2.5490574406742073,2022,3,45,9008,-4499,1646092800000
2021,7,155,212,9539.25,8440.55,106.16,39.81391509433962,0.500754716981132,2021,7,155,776,-564,1625097600000
2021,9,223,945,32806.91,24875.06,3574.3,26.322814814814816,3.7823280423280425,2021,9,223,5089,-4144,1630454400000
2021,12,247,269,7831.58,6601.65,340.09,24.54144981412639,1.264275092936803,2021,12,247,1111,-842,1638316800000
2023,3,243,540,18988.34,15526.09,1631.3,28.75201851851852,3.020925925925926,2023,3,243,6143,-5603,1677628800000
2016,9,223,6952,128653.40000000001,101985.74,12013.73,14.669985615650173,1.7280969505178365,2016,9,223,22242,-15290,1472688000000
2018,2,183,16,383.67,341.3,21.31,21.33125,1.331875,2018,2,183,348,-332,1517443200000
2024,5,125,18688,462505.54,318472.37,54718.54,17.041543771404108,2.928004066780822,2024,5,125,19380,-692,1714521600000
2024,11,133,431,12869.09,11454.78,191.37,26.577215777262182,0.4440139211136891,2024,11,133,971,-540,1730419200000
2018,12,172,1,40.3,39.5,0.0,39.5,0.0,2018,12,172,132,-131,1543622400000
2021,5,138,47008,1970025.24,1391450.83,243234.61999999997,29.600298459836626,5.174323944860449,2021,5,138,14683,32325,1619827200000
2023,3,60,82,2678.44,2398.08,29.16,29.244878048780485,0.35560975609756096,2023,3,60,215,-133,1677628800000
2016,1,262,133692,1831940.11,1474787.39,198535.41,11.031231412500373,1.4850208688627593,2016,1,262,144239,-10547,1451606400000
2018,8,226,12711,232563.11000000002,194716.82,17624.61,15.31876484934309,1.3865636063252302,2018,8,226,19116,-6405,1533081600000
2016,1,69,471,6736.37,5731.01,382.14,12.167749469214439,0.8113375796178344,2016,1,69,4278,-3807,1451606400000
2018,8,73,39,1228.44,1057.93,52.68,27.126410256410256,1.3507692307692307,2018,8,73,557,-518,1533081600000
2018,12,150,127,4822.54,4317.1,156.43,33.992913385826775,1.231732283464567,2018,12,150,562,-435,1543622400000
2020,3,134,315,14587.51,11707.88,1424.78,37.16787301587301,4.523111111111111,2020,3,134,1164,-849,1583020800000
2022,7,29,83,3603.71,3278.28,74.68,39.49734939759036,0.8997590361445784,2022,7,29,481,-398,1656633600000
2023,1,162,105333,2403285.62,1553569.44,311748.96,14.749123636467203,2.9596513913018714,2023,1,162,82736,22597,1672531200000
2018,4,153,161,3499.58,3185.5,69.19,19.785714285714285,0.429751552795031,2018,4,153,360,-199,1522540800000
2020,12,183,139,4852.76,4027.87,356.18,28.97748201438849,2.5624460431654676,2020,12,183,252,-113,1606780800000
2023,4,87,16769,547874.95,393350.2,68503.11,23.456986105313376,4.085104061065061,2023,4,87,23899,-7130,1680307200000
2021,2,5,27,2478.23,2231.21,20.0,82.63740740740741,0.7407407407407407,2021,2,5,43,-16,1612137600000
2020,6,69,483,15779.64,13580.44,446.65,28.116853002070396,0.9247412008281573,2020,6,69,1073,-590,1590969600000
2017,1,20,66,1229.06,1047.8,92.48,15.875757575757575,1.4012121212121214,2017,1,20,908,-842,1483228800000
2023,1,26,107,4582.49,3880.52,277.77,36.26654205607477,2.595981308411215,2023,1,26,920,-813,1672531200000
2025,4,120,61,1878.68,1579.34,38.22,25.890819672131148,0.6265573770491804,2025,4,120,297,-236,1743465600000
2021,4,207,240,2980.31,2474.88,78.81,10.312000000000001,0.32837500000000003,2021,4,207,254,-14,1617235200000
2024,1,7,1811,43826.96,36430.6,2574.46,20.116289342904473,1.4215681943677527,2024,1,7,7738,-5927,1704067200000
2025,3,109,7,462.81,404.17,27.9,57.73857142857143,3.9857142857142853,2025,3,109,26,-19,1740787200000
2023,3,236,139496,2919566.41,1872822.1,383390.62,13.425632993060734,2.748398663760968,2023,3,236,147783,-8287,1677628800000
2025,9,126,599,17332.829999999998,15404.86,25.11,25.71762938230384,0.04191986644407345,2025,9,126,1051,-452,1756684800000
2017,6,12,5267,110881.35,94399.82,9971.18,17.92288209606987,1.8931422061894818,2017,6,12,7844,-2577,1496275200000
2018,2,146,9650,135356.06999999998,112936.95,11319.17,11.703310880829015,1.1729709844559586,2018,2,146,9941,-291,1517443200000
2025,4,19,316,10650.11,9363.52,402.78,29.63139240506329,1.274620253164557,2025,4,19,698,-382,1743465600000
2018,3,246,127276,1824689.01,1443116.12,219707.91,11.338477953424055,1.7262320468902228,2018,3,246,170111,-42835,1519862400000
2016,9,13,100453,2056418.3900000001,1669731.85,247226.48,16.622020746020528,2.4611159447701914,2016,9,13,106450,-5997,1472688000000
2023,7,129,759,25596.74,20187.74,2297.65,26.597812911725956,3.0272068511198946,2023,7,129,4723,-3964,1688169600000
2025,3,26,1326,30678.65,27449.46,78.67,20.700950226244345,0.05932880844645551,2025,3,26,2308,-982,1740787200000
2025,8,5,1,141.0,135.0,5.0,135.0,5.0,2025,8,5,27,-26,1754006400000
2022,2,252,37,1755.19,1427.72,153.72,38.58702702702703,4.154594594594594,2022,2,252,469,-432,1643673600000
2020,9,264,8916,162994.28,119423.46,18685.89,13.3942866756393,2.095770524899058,2020,9,264,8483,433,1598918400000
2021,7,4,3865,83030.57,59104.4,9349.95,15.292212160413971,2.419133247089263,2021,7,4,12728,-8863,1625097600000
2020,10,186,57353,951082.24,633735.04,110396.29999999999,11.04972782592018,1.9248565898906769,2020,10,186,31528,25825,1601510400000
2023,4,204,1,77.8,63.2,0.0,63.2,0.0,2023,4,204,11,-10,1680307200000
2019,6,243,1585,36468.13,30122.41,2847.3,19.004675078864352,1.7964037854889592,2019,6,243,13191,-11606,1559347200000
2022,7,65,2402,58669.65,45735.59,6732.08,19.040628642797667,2.802697751873439,2022,7,65,4848,-2446,1656633600000
2017,1,55,108,3042.6,2469.88,344.53000000000003,22.86925925925926,3.1900925925925927,2017,1,55,841,-733,1483228800000
2024,7,6,57,1595.5,610.92,0.0,10.717894736842105,0.0,2024,7,6,97,-40,1719792000000
2023,7,150,46,2285.7200000000003,2008.3799999999999,105.44,43.6604347826087,2.292173913043478,2023,7,150,263,-217,1688169600000
2024,2,241,179,6987.79,6383.83,20.24,35.66385474860335,0.11307262569832402,2024,2,241,447,-268,1706745600000
2020,10,235,556,17736.49,15214.539999999999,1283.23,27.364280575539567,2.3079676258992805,2020,10,235,1162,-606,1601510400000
2017,5,82,2984,50263.6,42473.56,3218.14,14.233766756032171,1.078465147453083,2017,5,82,9095,-6111,1493596800000
2025,11,232,12407,222978.59,147171.76,10411.29,11.86199403562505,0.8391464495849118,2025,11,232,22400,-9993,1761955200000
2016,9,128,64,1188.63,1000.5,109.86,15.6328125,1.7165625,2016,9,128,682,-618,1472688000000
2023,4,197,405,20789.8,17751.77,1270.08,43.83153086419753,3.1359999999999997,2023,4,197,1366,-961,1680307200000
2017,8,237,296455,3541043.39,2807923.74,381580.91,9.471669359599266,1.2871461435968359,2017,8,237,261006,35449,1501545600000
2017,2,225,1123,16523.54,13458.6,1567.43,11.984505788067676,1.395752448797863,2017,2,225,10694,-9571,1485907200000
2021,11,48,105898,1930375.7000000002,1282802.56,238941.25,12.113567395040512,2.2563339250977354,2021,11,48,92587,13311,1635724800000
2025,6,149,693,15898.42,14213.67,44.66,20.510346320346322,0.06444444444444444,2025,6,149,1159,-466,1748736000000
2017,7,215,679,43469.74,35050.32,4265.55,51.620500736377025,6.282106038291605,2017,7,215,1071,-392,1498867200000
2016,9,49,5256,80741.88,66076.0,8073.46,12.571537290715373,1.5360464231354642,2016,9,49,21969,-16713,1472688000000
2024,1,147,105,3752.0299999999997,3440.13,40.3,32.76314285714286,0.38380952380952377,2024,1,147,241,-136,1704067200000
2024,1,12,875,27316.25,20348.38,2942.81,23.25529142857143,3.3632114285714283,2024,1,12,1383,-508,1704067200000
2024,9,236,149285,3138251.0500000003,2054180.2,388816.64,13.760124593897578,2.6045258398365543,2024,9,236,154600,-5315,1725148800000
2021,2,169,369,11585.68,9916.49,128.56,26.873956639566394,0.34840108401084013,2021,2,169,844,-475,1612137600000
2021,5,65,2079,51279.37,40490.87,4948.63,19.476127946127946,2.3802934102934103,2021,5,65,3255,-1176,1619827200000
2019,6,16,187,6197.91,5570.77,153.91,29.790213903743318,0.8230481283422459,2019,6,16,1134,-947,1559347200000
2016,12,48,332968,4991379.48,4035768.61,509799.93,12.120589996636314,1.5310778513250523,2016,12,48,283178,49790,1480550400000
2024,4,35,912,28712.22,26542.92,40.339999999999996,29.104078947368418,0.04423245614035087,2024,4,35,1141,-229,1711929600000
2025,1,78,367,11704.5,10323.49,46.19,28.12940054495913,0.125858310626703,2025,1,78,546,-179,1735689600000
2020,10,7,2063,37679.41,31063.24,2761.46,15.057314590402328,1.3385651963160445,2020,10,7,5867,-3804,1601510400000
2017,7,196,682,17168.62,13987.26,1513.56,20.509178885630497,2.2192961876832844,2017,7,196,3447,-2765,1498867200000
2021,4,134,281,9857.36,8257.78,378.27,29.387117437722424,1.3461565836298932,2021,4,134,768,-487,1617235200000
2025,10,59,15,280.59999999999997,248.45,0.0,16.563333333333333,0.0,2025,10,59,50,-35,1759276800000
2016,4,59,2,17.1,15.5,0.0,7.75,0.0,2016,4,59,84,-82,1459468800000
2021,9,2,1,74.2,52.0,12.35,52.0,12.35,2021,9,2,2,-1,1630454400000
2020,1,264,43961,975143.1900000001,729165.94,118805.98,16.586654989649915,2.7025313345920248,2020,1,264,39783,4178,1577836800000
2023,1,57,5,160.62,134.5,0.02,26.9,0.004,2023,1,57,36,-31,1672531200000
2023,11,197,394,18933.329999999998,16110.97,1556.45,40.890786802030455,3.9503807106598985,2023,11,197,1217,-823,1698796800000
2023,3,251,8,88.17,65.92,0.0,8.24,0.0,2023,3,251,60,-52,1677628800000
2025,8,233,39137,889784.35,570647.39,93607.52,14.580764749469811,2.39179088841761,2025,8,233,51359,-12222,1754006400000
2023,1,96,21,495.12,412.40000000000003,43.17,19.63809523809524,2.0557142857142856,2023,1,96,195,-174,1672531200000
2023,7,136,116,3862.15,3505.52,30.88,30.22,0.26620689655172414,2023,7,136,404,-288,1688169600000
2019,7,67,147,4429.93,3926.9,68.10000000000001,26.71360544217687,0.46326530612244904,2019,7,67,1073,-926,1561939200000
2018,10,190,370,7191.9800000000005,6126.94,574.01,16.559297297297295,1.5513783783783783,2018,10,190,1476,-1106,1538352000000
2023,5,62,224,7911.66,6989.48,384.43,31.20303571428571,1.7162053571428573,2023,5,62,1684,-1460,1682899200000
2018,1,255,7795,119985.6,95803.6,13874.19,12.29039127645927,1.7798832584990378,2018,1,255,22071,-14276,1514764800000
2023,3,223,568,26189.16,19993.24,3044.97,35.1993661971831,5.360862676056338,2023,3,223,4743,-4175,1677628800000
2021,12,88,8758,218801.16,159287.47,25634.15,18.187653573875313,2.9269410824389133,2021,12,88,10852,-2094,1638316800000
2020,12,154,17,1120.54,916.64,42.67,53.92,2.5100000000000002,2020,12,154,52,-35,1606780800000
2024,11,23,18,751.36,503.33000000000004,32.51,27.96277777777778,1.806111111111111,2024,11,23,80,-62,1730419200000
2020,10,206,36,2286.7799999999997,2043.58,93.33,56.76611111111111,2.5925,2020,10,206,83,-47,1601510400000
2024,12,192,88,2604.9,2403.38,15.12,27.311136363636365,0.17181818181818181,2024,12,192,299,-211,1733011200000
2018,10,212,256,6714.07,5865.4,226.3,22.91171875,0.883984375,2018,10,212,1088,-832,1538352000000
2025,5,255,10208,244137.14,193628.19,7073.74,18.96827880094044,0.6929604231974922,2025,5,255,13653,-3445,1746057600000
2024,12,101,102,4471.71,4143.83,31.31,40.62578431372549,0.3069607843137255,2024,12,101,345,-243,1733011200000
2016,2,134,526,14172.56,11685.3,1376.23,22.215399239543725,2.616406844106464,2016,2,134,2648,-2122,1454284800000
2019,3,219,954,55942.39,47105.79,3425.54,49.377138364779874,3.590712788259958,2019,3,219,2696,-1742,1551398400000
2025,6,139,607,21675.69,19950.95,78.28999999999999,32.86812191103789,0.1289785831960461,2025,6,139,1320,-713,1748736000000
2017,1,180,66,2082.73,1705.02,248.64,25.833636363636362,3.767272727272727,2017,1,180,741,-675,1483228800000
2018,9,38,164,7607.0599999999995,6972.61,163.11,42.51591463414634,0.9945731707317074,2018,9,38,661,-497,1535760000000
2021,5,49,706,19958.64,16687.79,1135.05,23.637096317280456,1.6077195467422096,2021,5,49,3257,-2551,1619827200000
2025,5,161,185671,4647242.11,2983719.14,580146.38,16.069925513408126,3.124593393690991,2025,5,161,159728,25943,1746057600000
2024,6,189,712,22048.71,19293.27,1056.2,27.0972893258427,1.4834269662921349,2024,6,189,2928,-2216,1717200000000
2016,1,252,99,3163.9,2668.8,284.45,26.95757575757576,2.873232323232323,2016,1,252,1365,-1266,1451606400000
2019,11,224,12904,225660.56,153028.93,25718.22,11.85903053316801,1.993042467451953,2019,11,224,26633,-13729,1572566400000
2020,10,15,85,3069.85,2614.46,223.77,30.758352941176472,2.6325882352941177,2020,10,15,212,-127,1601510400000
2020,1,57,15,483.32,389.53999999999996,21.81,25.96933333333333,1.454,2020,1,57,147,-132,1577836800000
2025,1,176,2,122.46000000000001,87.64,16.94,43.82,8.47,2025,1,176,24,-22,1735689600000
2025,8,107,63399,1337720.49,840729.57,146092.67,13.260927932617232,2.304337134655121,2025,8,107,62645,754,1754006400000
2016,9,125,62942,1345085.46,1141696.3,120729.42,18.138862762543294,1.9181058752502302,2016,9,125,58296,4646,1472688000000
2019,7,135,406,16037.62,14091.53,220.5,34.708201970443355,0.5431034482758621,2019,7,135,1817,-1411,1561939200000
2023,12,210,154,6830.33,6349.76,88.91,41.232207792207795,0.5773376623376623,2023,12,210,547,-393,1701388800000
2019,9,155,396,13198.52,11730.29,114.2,29.62194444444445,0.2883838383838384,2019,9,155,1140,-744,1567296000000
2021,4,249,42302,695604.7500000001,446394.54,93799.76999999999,10.552563472176256,2.2173838116401114,2021,4,249,36469,5833,1617235200000
2017,11,106,1413,22826.3,18370.6,2440.83,13.001132342533616,1.7274097664543524,2017,11,106,4695,-3282,1509494400000
2024,8,234,78762,1699875.2,1109147.8599999999,208217.93999999997,14.082271399913662,2.643634493791422,2024,8,234,70383,8379,1722470400000
2021,6,177,343,12394.95,10288.08,226.69,29.994402332361517,0.6609037900874636,2021,6,177,948,-605,1622505600000
2022,7,121,113,3240.38,2940.51,82.77,26.022212389380535,0.7324778761061946,2022,7,121,630,-517,1656633600000
2021,10,226,3109,78391.73000000001,62115.71,7342.74,19.979321325184948,2.361769057574783,2021,10,226,7262,-4153,1633046400000
2018,12,252,164,6436.79,5742.63,216.73000000000002,35.01603658536585,1.3215243902439024,2018,12,252,1137,-973,1543622400000
2018,6,116,11063,169336.7,141471.6,13721.09,12.787815239989154,1.2402684624423754,2018,6,116,25523,-14460,1527811200000
2021,6,241,223,8779.09,7614.26,100.12,34.14466367713005,0.4489686098654709,2021,6,241,670,-447,1622505600000
2019,3,119,538,15697.6,14168.58,195.15,26.335650557620816,0.362732342007435,2019,3,119,1854,-1316,1551398400000
2019,4,141,171441,2602298.64,1675165.68,298272.08999999997,9.771091395873798,1.7397943899067316,2019,4,141,181762,-10321,1554076800000
2022,12,39,330,14567.43,13117.92,287.66,39.75127272727273,0.8716969696969697,2022,12,39,1227,-897,1669852800000
2022,1,59,2,115.87,91.86,9.31,45.93,4.655,2022,1,59,21,-19,1640995200000
2021,6,107,71791,1207157.03,782110.14,154409.44,10.894264462119207,2.150818904876656,2021,6,107,56311,15480,1622505600000
2024,10,171,144,4954.48,4441.74,22.44,30.845416666666665,0.15583333333333335,2024,10,171,648,-504,1727740800000
2020,7,76,1468,65986.78,60546.85,1843.65,41.24444822888283,1.2558923705722072,2020,7,76,1693,-225,1593561600000
2016,10,187,5,146.84,124.5,4.26,24.9,0.852,2016,10,187,51,-46,1475280000000
2016,7,13,102419,2068138.23,1684474.4,244759.65,16.446893642781124,2.3897875394213965,2016,7,13,112103,-9684,1467331200000
2019,4,237,329410,4904973.01,3124773.86,570582.86,9.485971464132843,1.7321358185847424,2019,4,237,297984,31426,1554076800000
2021,2,22,296,10983.99,9381.36,171.05,31.693783783783786,0.5778716216216216,2021,2,22,568,-272,1612137600000
2022,10,243,514,16739.7,13479.6,1865.95,26.224902723735408,3.6302529182879377,2022,10,243,7298,-6784,1664582400000
2018,6,183,55,1680.19,1529.5,13.43,27.80909090909091,0.24418181818181817,2018,6,183,444,-389,1527811200000
2023,6,200,66,3307.63,2790.74,176.04,42.28393939393939,2.667272727272727,2023,6,200,1058,-992,1685577600000
2022,7,20,57,1982.9099999999999,1650.05,143.96,28.948245614035088,2.5256140350877194,2022,7,20,300,-243,1656633600000
2024,4,114,48650,1100198.45,741405.51,127701.24,15.239578828365879,2.6248970195272356,2024,4,114,35773,12877,1711929600000
2025,2,147,366,9975.06,8857.91,30.92,24.20193989071038,0.08448087431693989,2025,2,147,445,-79,1738368000000
2020,2,152,5858,86658.27,68395.86,7143.12,11.675633321952885,1.2193786275179241,2020,2,152,10066,-4208,1580515200000
2022,1,181,696,16908.59,13557.71,2004.08,19.479468390804595,2.8794252873563217,2022,1,181,5415,-4719,1640995200000
2025,7,235,1092,31013.05,27896.62,83.05,25.54635531135531,0.07605311355311355,2025,7,235,1739,-647,1751328000000
2018,6,98,89,3059.0099999999998,2714.0,177.96,30.49438202247191,1.999550561797753,2018,6,98,1350,-1261,1527811200000
2017,6,7,17090,232078.55000000002,193489.13,17712.29,11.321774722059684,1.0364125219426565,2017,6,7,44506,-27416,1496275200000
2019,4,32,364,13069.04,11347.52,104.8,31.174505494505496,0.2879120879120879,2019,4,32,860,-496,1554076800000
2020,9,189,277,7241.97,6050.81,692.8,21.844079422382674,2.5010830324909747,2020,9,189,907,-630,1598918400000
2017,5,31,56,1800.69,1533.0,166.41,27.375,2.9716071428571427,2017,5,31,612,-556,1493596800000
2021,1,135,274,11504.0,10043.95,478.39,36.65675182481752,1.745948905109489,2021,1,135,653,-379,1609459200000
2019,2,179,3655,58395.29,47770.81,4078.59,13.06998905608755,1.1158932968536253,2019,2,179,8812,-5157,1548979200000
2021,2,173,122,4031.24,3438.0,61.28,28.18032786885246,0.5022950819672132,2021,2,173,471,-349,1612137600000
2021,9,107,72900,1268582.07,827714.76,163205.71,11.354111934156379,2.238761454046639,2021,9,107,58761,14139,1630454400000
2022,9,157,286,14457.39,11062.3,1924.27,38.679370629370624,6.728216783216783,2022,9,157,1173,-887,1661990400000
2017,9,218,95,3275.23,2753.25,227.1,28.981578947368423,2.3905263157894736,2017,9,218,1253,-1158,1504224000000
2020,9,200,150,7796.16,6625.35,409.73,44.169000000000004,2.7315333333333336,2020,9,200,576,-426,1598918400000
2024,1,127,262,9545.99,8429.74,406.11,32.17458015267175,1.5500381679389315,2024,1,127,2032,-1770,1704067200000
2025,4,141,83370,1684812.32,1065320.2,200282.82,12.778219983207388,2.402336811802807,2025,4,141,96176,-12806,1743465600000
2025,11,65,5394,119520.58,91846.44,6649.44,17.027519466073414,1.2327474972191323,2025,11,65,7277,-1883,1761955200000
2022,12,79,84719,1733730.62,1158646.16,228017.16999999998,13.676343677333302,2.69145256672057,2022,12,79,68021,16698,1669852800000
2018,6,252,65,2721.15,2321.51,215.54,35.715538461538465,3.316,2018,6,252,1156,-1091,1527811200000
2018,2,247,985,15047.43,12891.51,919.4399999999999,13.087827411167513,0.9334416243654822,2018,2,247,2916,-1931,1517443200000
2020,1,111,4,108.09,102.0,1.89,25.5,0.4725,2020,1,111,77,-73,1577836800000
2018,10,138,248732,10748528.819999998,8049184.55,1452027.7100000002,32.36087254555103,5.837719754595308,2018,10,138,103972,144760,1538352000000
2022,1,146,1557,26571.45,20494.15,2442.4,13.162588310854208,1.5686576750160566,2022,1,146,2500,-943,1640995200000
2020,10,232,2084,49804.98,39157.47,4509.09,18.78957293666027,2.1636708253358927,2020,10,232,8676,-6592,1601510400000
2016,2,245,8,293.28,187.62,92.22,23.4525,11.5275,2016,2,245,100,-92,1454284800000
2021,11,261,15296,370112.54,265704.82,45756.07,17.3708695083682,2.991374869246862,2021,11,261,14558,738,1635724800000
2024,10,129,1760,67416.74,54803.58,5545.0,31.13839772727273,3.1505681818181817,2024,10,129,4575,-2815,1727740800000
2025,1,188,2089,55512.26,50014.06,608.77,23.941627573001433,0.2914169459071326,2025,1,188,3402,-1313,1735689600000
2020,11,117,261,13831.12,11980.51,769.54,45.90233716475096,2.948429118773946,2020,11,117,578,-317,1604188800000
2025,3,132,161905,11818890.07,9054990.52,1440757.98,55.92780037676415,8.898786201784997,2025,3,132,38572,123333,1740787200000
2020,8,256,415,11700.45,10099.3,751.18,24.33566265060241,1.8100722891566263,2020,8,256,1936,-1521,1596240000000
2023,11,77,135,4456.6,4140.37,20.57,30.669407407407405,0.15237037037037038,2023,11,77,384,-249,1698796800000
2025,7,82,3827,97567.31,84321.67,1740.6,22.033360334465637,0.4548210086229422,2025,7,82,5804,-1977,1751328000000
2023,6,164,75261,1870194.18,1236337.6400000001,235945.19,16.427334741765325,3.1350259762692496,2023,6,164,70321,4940,1685577600000
2021,11,21,103,4396.32,3786.52,54.650000000000006,36.76233009708738,0.5305825242718447,2021,11,21,370,-267,1635724800000
2024,2,68,80508,1972622.55,1320274.9000000001,254444.94,16.3993006906146,3.160492621851245,2024,2,68,77362,3146,1706745600000
2016,12,145,10485,220583.51,181351.31,19390.5,17.29626227944683,1.8493562231759657,2016,12,145,29989,-19504,1480550400000
2016,3,245,4,80.36,69.5,6.16,17.375,1.54,2016,3,245,132,-128,1456790400000
2016,1,257,615,11024.39,8830.91,1235.02,14.35920325203252,2.008162601626016,2016,1,257,5993,-5378,1451606400000
2021,4,125,8856,154997.55,101809.56,20588.11,11.49611111111111,2.3247640018066846,2021,4,125,7534,1322,1617235200000
2020,10,60,206,6184.38,5208.8,427.67,25.285436893203883,2.0760679611650485,2020,10,60,445,-239,1601510400000
2018,11,212,284,7395.04,6544.2300000000005,224.69,23.04306338028169,0.7911619718309859,2018,11,212,1090,-806,1541030400000
2019,9,214,22,1455.65,1257.09,24.05,57.14045454545454,1.0931818181818183,2019,9,214,163,-141,1567296000000
2020,7,23,20,1665.5,1328.99,46.75,66.4495,2.3375,2020,7,23,57,-37,1593561600000
2021,11,252,43,2473.92,2123.16,73.91,49.37581395348837,1.7188372093023254,2021,11,252,579,-536,1635724800000
2023,4,243,540,19710.28,15898.4,1879.55,29.441481481481482,3.480648148148148,2023,4,243,6033,-5493,1680307200000
2023,5,26,121,4276.68,3763.13,80.55,31.100247933884297,0.665702479338843,2023,5,26,962,-841,1682899200000
2024,2,24,7738,168791.52,119482.5,20839.35,15.44100542775911,2.6931183768415607,2024,2,24,9643,-1905,1706745600000
2025,2,94,276,7804.48,7178.49,2.86,26.009021739130436,0.010362318840579709,2025,2,94,344,-68,1738368000000
2017,5,191,72,1572.2,1358.27,85.5,18.86486111111111,1.1875,2017,5,191,1061,-989,1493596800000
2018,7,137,101681,1371877.8800000001,1090504.26,150754.68,10.724759394577157,1.4826238923692725,2018,7,137,114663,-12982,1530403200000
2020,7,73,31,1189.18,1075.78,22.78,34.70258064516129,0.7348387096774194,2020,7,73,100,-69,1593561600000
2022,3,55,145,8135.87,7347.18,110.44,50.670206896551726,0.7616551724137931,2022,3,55,524,-379,1646092800000
2024,6,174,186,7948.57,7231.55,55.8,38.87930107526882,0.3,2024,6,174,475,-289,1717200000000
2024,7,50,19617,443345.03,305994.39,46339.0,15.598429423459246,2.362185859203752,2024,7,50,34043,-14426,1719792000000
2021,6,22,217,9592.47,8441.94,58.34,38.902949308755765,0.2688479262672811,2021,6,22,631,-414,1622505600000
2021,12,133,119,4170.09,3544.86,212.18,29.78873949579832,1.7830252100840336,2021,12,133,900,-781,1638316800000
2020,6,37,668,21449.41,19164.04,711.02,28.68868263473054,1.0644011976047905,2020,6,37,1159,-491,1590969600000
2020,9,154,11,498.78999999999996,443.23,26.2,40.29363636363637,2.381818181818182,2020,9,154,53,-42,1598918400000
2023,7,153,30,1512.32,1252.0,140.82,41.733333333333334,4.694,2023,7,153,135,-105,1688169600000
2017,6,258,122,3036.11,2578.06,219.26999999999998,21.131639344262293,1.7972950819672129,2017,6,258,1784,-1662,1496275200000
2021,7,218,340,14464.37,12598.55,126.47999999999999,37.05455882352941,0.372,2021,7,218,1063,-723,1625097600000
2022,10,188,457,13141.31,11426.91,817.65,25.00417943107221,1.7891684901531728,2022,10,188,2963,-2506,1664582400000
2025,6,252,396,11953.0,10481.64,92.33,26.46878787878788,0.23315656565656565,2025,6,252,1222,-826,1748736000000
2022,5,230,110190,2408167.31,1630404.57,303939.35,14.796302477538797,2.758320628006171,2022,5,230,106294,3896,1651363200000
2023,6,169,142,4960.86,4453.35,33.160000000000004,31.36161971830986,0.2335211267605634,2023,6,169,505,-363,1685577600000
2025,11,34,947,25617.63,20449.11,1125.54,21.593569165786697,1.188532206969377,2025,11,34,914,33,1761955200000
2017,4,117,12,435.3,398.18,17.2,33.181666666666665,1.4333333333333333,2017,4,117,325,-313,1491004800000
2020,7,213,604,20162.94,17429.81,852.94,28.857301324503315,1.4121523178807949,2020,7,213,1019,-415,1593561600000
2018,11,43,125345,1788544.5599999998,1443995.81,197963.75,11.520170808568352,1.579350991264111,2018,11,43,107233,18112,1541030400000
2025,10,185,476,15524.64,14168.34,18.34,29.765420168067227,0.03852941176470588,2025,10,185,1226,-750,1759276800000
2023,5,166,17518,439097.83,316321.92,55735.2,18.056965407009933,3.1815960726110286,2023,5,166,26126,-8608,1682899200000
2018,7,207,417,6722.06,5363.96,658.67,12.863213429256595,1.579544364508393,2018,7,207,401,16,1530403200000
2022,3,31,18,945.61,725.17,152.29,40.28722222222222,8.460555555555555,2022,3,31,229,-211,1646092800000
2020,8,164,16553,260706.42,172124.81,27836.88,10.39840572705854,1.6816818703558267,2020,8,164,14649,1904,1596240000000
2024,11,226,3732,132528.99,109817.58,10816.96,29.425932475884245,2.8984351554126473,2024,11,226,5490,-1758,1730419200000
2020,2,64,88,4053.34,3577.01,102.95,40.64784090909091,1.1698863636363637,2020,2,64,628,-540,1580515200000
2024,8,61,2189,63696.64,58979.58,1229.82,26.94361809045226,0.5618181818181818,2024,8,61,5642,-3453,1722470400000
2017,7,11,60,2548.26,2282.0,128.8,38.03333333333333,2.146666666666667,2017,7,11,659,-599,1498867200000
2025,4,39,3032,83731.74,77769.01,204.14000000000001,25.649409630606858,0.06732849604221636,2025,4,39,3707,-675,1743465600000
2016,8,56,446,13068.41,10781.15,1134.24,24.172982062780267,2.543139013452915,2016,8,56,3344,-2898,1470009600000
2025,4,188,3829,100226.96,89829.8,839.5,23.46038130060068,0.21924784539044137,2025,4,188,5206,-1377,1743465600000
2024,4,67,123,3951.45,3575.8,23.029999999999998,29.071544715447157,0.18723577235772357,2024,4,67,478,-355,1711929600000
2024,7,48,79779,1843098.67,1240451.3,213810.99,15.548594241592399,2.6800409882299854,2024,7,48,78861,918,1719792000000
2016,11,152,9559,139518.72,115070.84,12040.08,12.037957945391778,1.2595543466889842,2016,11,152,17023,-7464,1477958400000
2017,2,65,12492,219003.52,181351.5,23297.47,14.517411143131604,1.8649911943643933,2017,2,65,17640,-5148,1485907200000
2025,3,173,850,22554.31,20111.35,139.02,23.66041176470588,0.1635529411764706,2025,3,173,1356,-506,1740787200000
2021,2,247,646,15509.92,13037.16,393.26,20.181362229102167,0.6087616099071207,2021,2,247,1328,-682,1612137600000
2020,12,20,252,7821.38,6643.78,609.25,26.36420634920635,2.4176587301587302,2020,12,20,405,-153,1606780800000
2016,5,197,388,12427.9,10036.12,1441.95,25.866288659793817,3.716365979381443,2016,5,197,2733,-2345,1462060800000
2017,10,17,2029,28057.100000000002,23198.3,2242.3300000000004,11.433366190241498,1.1051404632824053,2017,10,17,14066,-12037,1506816000000
2019,7,133,418,10865.2,9404.64,350.09,22.49913875598086,0.837535885167464,2019,7,133,1932,-1514,1561939200000
2022,3,141,97051,1562819.07,1001977.17,203977.51,10.32423334123296,2.101755880928584,2022,3,141,100504,-3453,1646092800000
2019,10,9,142,4516.86,3947.83,145.04,27.80161971830986,1.0214084507042254,2019,10,9,664,-522,1569888000000
2022,10,220,118,3431.21,2982.42,178.64,25.274745762711866,1.5138983050847457,2022,10,220,1433,-1315,1664582400000
2018,5,265,4153,365360.69,315056.08,37818.56,75.86228750300988,9.106323139898867,2018,5,265,22083,-17930,1525132800000
2025,11,121,745,21150.239999999998,18199.41,111.33,24.428738255033558,0.14943624161073826,2025,11,121,1437,-692,1761955200000
2018,1,48,270621,3642352.85,2897668.74,397803.65,10.707479242187414,1.4699659302123635,2018,1,48,234357,36264,1514764800000
2017,9,21,64,1866.64,1455.3,252.97,22.7390625,3.95265625,2017,9,21,1063,-999,1504224000000
2020,7,164,11771,190672.45,126906.24,20238.61,10.781262424602838,1.719361991334636,2020,7,164,10793,978,1593561600000
2018,12,242,443,13829.25,12157.79,344.56,27.444221218961626,0.7777878103837472,2018,12,242,1247,-804,1543622400000
2023,8,94,71,2096.2,1873.61,6.5,26.388873239436617,0.09154929577464789,2023,8,94,199,-128,1690848000000
2025,1,200,160,5919.08,5079.49,137.75,31.746812499999997,0.8609375,2025,1,200,1035,-875,1735689600000
2019,4,46,42,1948.55,1788.41,15.500000000000002,42.58119047619048,0.36904761904761907,2019,4,46,154,-112,1554076800000
2024,7,49,895,26641.25,23793.77,975.87,26.585217877094973,1.0903575418994413,2024,7,49,4353,-3458,1719792000000
2021,3,254,613,22899.27,19555.61,238.84,31.901484502446984,0.3896247960848287,2021,3,254,1061,-448,1614556800000
2023,2,58,6,210.63,116.92,80.16,19.486666666666668,13.36,2023,2,58,72,-66,1675209600000
2022,4,63,45,1761.3799999999999,1587.73,82.6,35.28288888888889,1.8355555555555554,2022,4,63,476,-431,1648771200000
2023,4,72,195,6194.88,5616.32,156.76,28.801641025641025,0.8038974358974359,2023,4,72,748,-553,1680307200000
2023,7,157,234,10281.539999999999,8088.52,1119.62,34.566324786324785,4.784700854700854,2023,7,157,1011,-777,1688169600000
2025,7,7,9501,246315.55,204084.21,3984.34,21.48028733817493,0.4193600673613304,2025,7,7,12635,-3134,1751328000000
2024,4,52,879,27224.62,21825.16,2370.61,24.82953356086462,2.696939704209329,2024,4,52,2106,-1227,1711929600000
2022,11,180,47,2561.96,2370.29,99.32,50.43170212765958,2.113191489361702,2022,11,180,364,-317,1667260800000
2023,10,178,41,1487.3,1335.42,32.3,32.57121951219512,0.7878048780487804,2023,10,178,271,-230,1696118400000
2017,3,177,313,6300.85,5471.63,376.43,17.481246006389778,1.2026517571884985,2017,3,177,2303,-1990,1488326400000
2017,4,225,1305,19574.97,16280.41,1585.67,12.475409961685823,1.215072796934866,2017,4,225,11746,-10441,1491004800000
2017,6,189,3069,48487.06,39097.3,5535.18,12.739426523297492,1.8035777126099708,2017,6,189,10533,-7464,1496275200000
2018,8,118,15,784.48,695.12,16.21,46.34133333333333,1.0806666666666667,2018,8,118,163,-148,1533081600000
2020,3,250,210,6166.62,5329.98,50.21,25.380857142857142,0.2390952380952381,2020,3,250,462,-252,1583020800000
2025,3,252,343,10233.99,8913.52,49.36,25.986938775510204,0.1439067055393586,2025,3,252,918,-575,1740787200000
2019,9,187,2,133.5,114.16,0.0,57.08,0.0,2019,9,187,55,-53,1567296000000
2025,8,24,9749,200767.3,142329.66,17035.28,14.599411221663761,1.7473874243512153,2025,8,24,10985,-1236,1754006400000
2024,2,195,341,17046.28,14394.28,1073.1,42.21196480938416,3.146920821114369,2024,2,195,858,-517,1706745600000
2020,7,207,105,1742.55,1470.95,70.72,14.00904761904762,0.6735238095238095,2020,7,207,333,-228,1593561600000
2024,5,88,11362,379891.65,284332.17,39658.45,25.02483453617321,3.4904462242562926,2024,5,88,15283,-3921,1714521600000
2025,6,98,275,8346.03,7542.73,14.2,27.42810909090909,0.05163636363636363,2025,6,98,924,-649,1748736000000
2020,10,8,12,469.23,361.18,47.230000000000004,30.098333333333333,3.9358333333333335,2020,10,8,34,-22,1601510400000
2020,6,156,32,2259.5099999999998,1783.7,104.25,55.740625,3.2578125,2020,6,156,130,-98,1590969600000
2024,12,176,2,73.41,56.53,0.0,28.265,0.0,2024,12,176,31,-29,1733011200000
2016,12,179,7141,103384.83,86068.87,8714.11,12.052775521635624,1.220292676095785,2016,12,179,16006,-8865,1480550400000
2020,12,187,2,239.85000000000002,203.5,0.0,101.75,0.0,2020,12,187,16,-14,1606780800000
2023,12,262,45812,1023448.88,678785.55,128327.32,14.81676307517681,2.8011726185278967,2023,12,262,52636,-6824,1701388800000
2023,5,259,121,5687.7,5084.48,39.12,42.02049586776859,0.3233057851239669,2023,5,259,395,-274,1682899200000
2023,9,88,8820,302250.54,223117.03,34725.59,25.296715419501133,3.937141723356009,2023,9,88,11168,-2348,1693526400000
2024,7,186,106414,2582788.27,1756518.82,321768.5,16.506463623207473,3.0237421767812505,2024,7,186,71433,34981,1719792000000
2025,7,121,694,19924.63,17805.42,130.76,25.65622478386167,0.18841498559077807,2025,7,121,1696,-1002,1751328000000
2022,3,11,46,2265.81,2117.2000000000003,14.06,46.026086956521745,0.3056521739130435,2022,3,11,207,-161,1646092800000
2018,4,22,262,9244.95,8546.5,217.14,32.62022900763359,0.8287786259541984,2018,4,22,1698,-1436,1522540800000
2020,11,140,42721,732905.42,496011.9,84164.54,11.610493668219377,1.9700976100746703,2020,11,140,38106,4615,1604188800000
2017,4,130,818,41622.9,33860.74,4126.19,41.39454767726161,5.044242053789731,2017,4,130,2558,-1740,1491004800000
2016,5,189,4930,80715.2,65626.34,9171.81,13.311630831643,1.8604077079107504,2016,5,189,14903,-9973,1462060800000
2023,5,217,113,3205.51,2636.69,265.12,23.33353982300885,2.3461946902654867,2023,5,217,1561,-1448,1682899200000
2024,7,138,102987,6618693.2299999995,4278017.71,861734.2,41.53939536057949,8.367407536873586,2024,7,138,38033,64954,1719792000000
2020,11,258,239,8843.41,7506.88,659.77,31.409539748953975,2.760543933054393,2020,11,258,578,-339,1604188800000
2020,10,231,18191,347462.54000000004,239949.38,41495.73,13.190554669891705,2.2811131878401407,2020,10,231,21747,-3556,1601510400000
2019,1,246,103912,1466190.3,1149135.49,183708.75,11.058737104473016,1.7679262260374162,2019,1,246,140818,-36906,1546300800000
2025,3,257,625,17343.16,13984.47,379.64,22.375152,0.607424,2025,3,257,1826,-1201,1740787200000
2023,7,3,81,2889.4,2580.89,34.51,31.862839506172836,0.42604938271604936,2023,7,3,298,-217,1688169600000
2017,1,72,128,2220.68,1866.8,123.84,14.584375,0.9675,2017,1,72,1442,-1314,1483228800000
2020,6,9,40,1239.17,1094.54,63.0,27.3635,1.575,2020,6,9,107,-67,1590969600000
2017,3,129,6358,95935.11,81412.8,5775.45,12.804781377791759,0.9083752752437874,2017,3,129,18434,-12076,1488326400000
2024,2,184,6,359.41999999999996,309.1,17.0,51.51666666666667,2.8333333333333335,2024,2,184,19,-13,1706745600000
2023,11,126,91,2767.77,2510.21,14.9,27.584725274725276,0.16373626373626374,2023,11,126,301,-210,1698796800000
2025,11,196,1014,28372.44,23066.08,1339.66,22.747613412228798,1.321163708086785,2025,11,196,2309,-1295,1761955200000
2019,7,152,6767,102082.32,81254.09,7833.58,12.007402098418797,1.15761489581794,2019,7,152,10628,-3861,1561939200000
2022,2,166,18084,316562.1,227693.29,41761.84,12.5908698296837,2.3093253704932537,2022,2,166,25038,-6954,1643673600000
2016,5,242,123,2388.7000000000003,2031.51,206.97,16.516341463414633,1.6826829268292682,2016,5,242,1205,-1082,1462060800000
2024,4,23,9,665.16,552.87,44.21,61.43,4.912222222222223,2024,4,23,72,-63,1711929600000
2017,11,126,70,1398.0,1195.51,91.08,17.078714285714284,1.3011428571428572,2017,11,126,997,-927,1509494400000
2025,10,111,27,636.03,484.16,32.769999999999996,17.931851851851853,1.2137037037037035,2025,10,111,42,-15,1759276800000
2019,4,231,128527,2521612.84,1736095.23,300427.56,13.507630536774375,2.337466524543481,2019,4,231,123513,5014,1554076800000
2023,2,216,404,24441.94,20242.64,2500.74,50.10554455445544,6.189950495049504,2023,2,216,2219,-1815,1675209600000
2017,1,71,113,1860.49,1531.0,148.25,13.548672566371682,1.3119469026548674,2017,1,71,1599,-1486,1483228800000
2020,1,194,437,25906.920000000002,19300.97,3064.19,44.166979405034326,7.01187643020595,2020,1,194,614,-177,1577836800000
2016,4,84,3,30.400000000000002,29.0,0.0,9.666666666666666,0.0,2016,4,84,74,-71,1459468800000
2018,2,61,1427,23037.44,19505.73,1792.44,13.669046951646811,1.2560896986685355,2018,2,61,12377,-10950,1517443200000
2016,4,164,286420,4229411.64,3345356.42,465953.95,11.67989812163955,1.6268205781719154,2016,4,164,248405,38015,1459468800000
2019,1,168,1954,39445.07,34775.72,1033.36,17.797195496417604,0.5288433981576254,2019,1,168,6195,-4241,1546300800000
2023,10,169,156,5335.21,4881.36,67.25,31.29076923076923,0.4310897435897436,2023,10,169,498,-342,1696118400000
2025,7,40,1618,43359.42,32465.05,1286.27,20.06492583436341,0.7949752781211372,2025,7,40,3453,-1835,1751328000000
2020,7,85,298,12311.76,11297.19,381.23,37.91003355704698,1.2792953020134228,2020,7,85,448,-150,1593561600000
2020,8,262,15697,244530.72,160274.79,28875.97,10.210536408230872,1.8395852710709053,2020,8,262,16384,-687,1596240000000
2019,6,26,625,16140.87,14447.03,85.58,23.115248,0.136928,2019,6,26,1916,-1291,1559347200000
2022,4,61,747,23717.37,20296.72,2101.03,27.170977242302545,2.8126238286479253,2022,4,61,5629,-4882,1648771200000
2017,11,26,238,3526.36,3053.5,157.43,12.829831932773109,0.6614705882352941,2017,11,26,1867,-1629,1509494400000
2022,7,186,113976,2076511.6400000001,1384321.64,261778.28,12.145729276338878,2.2967842352776024,2022,7,186,77710,36266,1656633600000
2020,4,221,3,250.5,204.0,5.5,68.0,1.8333333333333333,2020,4,221,10,-7,1585699200000
2022,9,261,17614,463390.33,333539.17,58185.94,18.936026456228,3.303391620302033,2022,9,261,16253,1361,1661990400000
2023,12,215,597,36164.28,30003.22,2773.7400000000002,50.25664991624791,4.646130653266332,2023,12,215,860,-263,1701388800000
2019,12,168,1368,29555.13,25147.05,813.73,18.38234649122807,0.5948318713450292,2019,12,168,5518,-4150,1575158400000
2022,11,147,38,1057.43,977.11,8.120000000000001,25.713421052631578,0.2136842105263158,2022,11,147,259,-221,1667260800000
2022,6,218,194,6471.2,5970.54,89.50999999999999,30.7759793814433,0.4613917525773195,2022,6,218,959,-765,1654041600000
2016,10,133,536,13525.92,11452.35,1201.21,21.366324626865673,2.241063432835821,2016,10,133,3488,-2952,1475280000000
2017,5,2,10,539.46,445.5,64.67999999999999,44.55,6.467999999999999,2017,5,2,9,1,1493596800000
2020,6,176,5,293.95,217.75,0.0,43.55,0.0,2020,6,176,14,-9,1590969600000
2022,11,12,1103,27547.45,20540.57,3051.23,18.6224569356301,2.766300997280145,2022,11,12,1635,-532,1667260800000
2021,8,219,333,18956.829999999998,16058.51,1005.35,48.223753753753755,3.019069069069069,2021,8,219,1188,-855,1627776000000
2019,1,23,49,2862.5699999999997,2584.79,132.39,52.75081632653061,2.7018367346938774,2019,1,23,209,-160,1546300800000
2018,12,109,7,334.57,293.73,8.95,41.96142857142858,1.2785714285714285,2018,12,109,112,-105,1543622400000
2016,6,98,71,1877.18,1534.05,212.91,21.606338028169013,2.998732394366197,2016,6,98,1387,-1316,1464739200000
2017,10,236,361194,4608201.7,3656982.07,525062.24,10.124703261958947,1.4536848341888293,2017,10,236,378644,-17450,1506816000000
2025,5,184,67,2758.31,2411.99,36.89,35.999850746268656,0.5505970149253732,2025,5,184,110,-43,1746057600000
2025,6,238,72261,1537497.86,1027916.66,158906.93,14.225054455377036,2.199069069069069,2025,6,238,80152,-7891,1748736000000
2025,4,222,788,23785.79,22203.54,55.33,28.17708121827411,0.07021573604060913,2025,4,222,888,-100,1743465600000
2017,5,183,15,273.02,239.7,11.08,15.979999999999999,0.7386666666666667,2017,5,183,439,-424,1493596800000
2025,2,27,14,334.65000000000003,192.23000000000002,0.0,13.730714285714287,0.0,2025,2,27,56,-42,1738368000000
2016,7,147,97,3459.9300000000003,2935.5,340.04,30.262886597938145,3.5055670103092784,2016,7,147,1143,-1046,1467331200000
2023,8,197,426,21412.67,18506.0,1225.87,43.44131455399061,2.87762910798122,2023,8,197,1509,-1083,1690848000000
2025,11,123,745,20511.57,18914.55,45.730000000000004,25.388657718120804,0.061382550335570475,2025,11,123,1332,-587,1761955200000
2022,5,36,424,13451.29,10412.82,1929.76,24.558537735849058,4.551320754716981,2022,5,36,2962,-2538,1651363200000
2018,2,234,279962,3732904.47,2901777.21,471717.50999999995,10.364896700266465,1.6849340624799078,2018,2,234,242177,37785,1517443200000
2024,2,211,24469,575042.89,386088.84,71864.63,15.778693040173282,2.93696636560546,2024,2,211,25685,-1216,1706745600000
2017,10,245,1,85.3,20.0,0.0,20.0,0.0,2017,10,245,94,-93,1506816000000
2021,6,143,38487,643719.6900000001,421658.64,81227.36,10.955871852833425,2.110514199599865,2021,6,143,45563,-7076,1622505600000
2021,12,68,82393,1556382.86,1042943.39,195300.88,12.658155304455475,2.3703576760161664,2021,12,68,78967,3426,1638316800000
2019,7,56,808,37697.43,29625.79,3226.38,36.66558168316832,3.993044554455446,2019,7,56,3086,-2278,1561939200000
2024,12,77,436,13540.8,12763.31,24.8,29.273646788990824,0.05688073394495413,2024,12,77,616,-180,1733011200000
2019,7,88,25992,651526.65,476680.93,71277.27,18.33952485380117,2.742277239150508,2019,7,88,28368,-2376,1561939200000
2020,8,176,4,231.64999999999998,184.05,12.8,46.0125,3.2,2020,8,176,14,-10,1596240000000
2022,7,58,2,90.3,89.2,0.0,44.6,0.0,2022,7,58,93,-91,1656633600000
2024,3,82,770,26115.74,21724.07,1585.71,28.21307792207792,2.0593636363636363,2024,3,82,2167,-1397,1709251200000
2022,12,127,251,8541.23,7116.47,671.21,28.352470119521914,2.6741434262948207,2022,12,127,2687,-2436,1669852800000
2019,3,161,328429,5829314.58,3834147.47,711152.07,11.674204987988272,2.165314481973273,2019,3,161,300488,27941,1551398400000
2020,4,9,33,684.04,595.95,52.25,18.059090909090912,1.5833333333333333,2020,4,9,64,-31,1585699200000
2020,6,163,8397,131924.52,86593.38,15102.76,10.312418720971776,1.7985899726092653,2020,6,163,8035,362,1590969600000
2025,11,169,1139,28666.44,25611.25,61.13,22.485733099209835,0.05366988586479368,2025,11,169,1632,-493,1761955200000
2016,12,13,95904,1886910.49,1538461.74,220471.28,16.04168480980981,2.2988747080413745,2016,12,13,103694,-7790,1480550400000
2019,8,123,263,7159.32,6358.03,46.24,24.175019011406842,0.1758174904942966,2019,8,123,1024,-761,1564617600000
2021,12,253,8,783.6600000000001,720.01,44.58,90.00125,5.5725,2021,12,253,21,-13,1638316800000
2016,12,41,35710,463929.9,376182.53,41946.7,10.5343749649958,1.1746485578269392,2016,12,41,66364,-30654,1480550400000
2017,3,137,134054,1853413.05,1471179.31,209677.77,10.974527503841736,1.564129156906918,2017,3,137,151758,-17704,1488326400000
2019,9,69,634,15778.31,13851.83,226.4,21.848312302839116,0.35709779179810724,2019,9,69,2886,-2252,1567296000000
2020,1,150,112,5392.16,4760.07,192.97,42.500625,1.7229464285714287,2020,1,150,495,-383,1577836800000
2020,11,163,31928,499906.61,322511.11,61905.79,10.101199887246304,1.9389185041343022,2020,11,163,26845,5083,1604188800000
2025,1,107,68327,1418115.2,881624.89,166524.64,12.90302354852401,2.4371718354384067,2025,1,107,68917,-590,1735689600000
2019,9,31,37,1076.15,902.41,45.64,24.38945945945946,1.2335135135135136,2019,9,31,381,-344,1567296000000
2016,4,109,2,70.34,57.0,10.74,28.5,5.37,2016,4,109,99,-97,1459468800000
2023,6,156,5,289.55,269.5,5.0,53.9,1.0,2023,6,156,42,-37,1685577600000
2025,3,7,7660,192186.06,161508.75,3734.45,21.08469321148825,0.4875261096605744,2025,3,7,11458,-3798,1740787200000
2020,8,122,162,7176.91,6687.97,214.5,41.28376543209877,1.3240740740740742,2020,8,122,227,-65,1596240000000
2020,8,191,264,13496.619999999999,12418.95,477.95,47.04147727272728,1.8104166666666666,2020,8,191,413,-149,1596240000000
2016,7,209,21398,402990.34,332800.43,43219.02,15.552875502383399,2.0197691373025517,2016,7,209,26744,-5346,1467331200000
2018,4,80,4112,69405.09000000001,56177.89,7522.650000000001,13.661938229571984,1.8294382295719847,2018,4,80,15125,-11013,1522540800000
2017,1,70,1384,49295.770000000004,40281.96,5192.37,29.105462427745664,3.7517124277456646,2017,1,70,3563,-2179,1483228800000
2016,6,67,97,2504.83,2170.1,182.2,22.37216494845361,1.8783505154639175,2016,6,67,1905,-1808,1464739200000
2018,10,5,29,2680.11,2432.0,113.99,83.86206896551724,3.9306896551724138,2018,10,5,73,-44,1538352000000
2018,4,11,97,3424.7599999999998,3089.0,124.25,31.84536082474227,1.2809278350515463,2018,4,11,649,-552,1522540800000
2020,6,197,322,14236.28,12123.72,617.82,37.651304347826084,1.9186956521739131,2020,6,197,477,-155,1590969600000
2021,8,188,657,24396.8,20771.82,1097.18,31.616164383561642,1.669984779299848,2021,8,188,2729,-2072,1627776000000
2016,10,135,170,3025.9,2529.09,255.93,14.877,1.5054705882352941,2016,10,135,2012,-1842,1475280000000
2021,11,105,1,32.8,26.5,3.0,26.5,3.0,2021,11,105,2,-1,1635724800000
2016,6,194,1010,670383.52,660240.9,5136.07,653.7038613861387,5.0852178217821775,2016,6,194,2734,-1724,1464739200000
2018,1,87,60962,1228688.98,987881.19,156483.65,16.204868442636396,2.5669047931498308,2018,1,87,67870,-6908,1514764800000
2022,1,256,694,16765.16,12869.65,2183.27,18.544164265129684,3.145922190201729,2022,1,256,5234,-4540,1640995200000
2022,9,238,65152,1165990.94,776029.93,154275.33,11.911068424607073,2.367929303781925,2022,9,238,71817,-6665,1661990400000
2023,3,3,61,2197.24,1954.38,18.509999999999998,32.03901639344262,0.30344262295081964,2023,3,3,257,-196,1677628800000
2024,2,48,76821,1739520.5599999998,1149269.92,214334.03,14.960361359524088,2.7900447794222933,2024,2,48,72360,4461,1706745600000
2016,6,46,14,372.78,344.0,13.08,24.571428571428573,0.9342857142857143,2016,6,46,142,-128,1464739200000
2019,6,86,212,11709.44,10839.25,17.5,51.12853773584906,0.08254716981132075,2019,6,86,908,-696,1559347200000
2017,10,255,10581,172984.11000000002,139379.63,19891.219999999998,13.17263302145355,1.8798998204328512,2017,10,255,29034,-18453,1506816000000
2019,9,159,559,11998.17,10494.81,134.98,18.774257602862253,0.2414669051878354,2019,9,159,1897,-1338,1567296000000
2019,12,173,290,7092.17,6012.26,111.62,20.73193103448276,0.38489655172413795,2019,12,173,1939,-1649,1575158400000
2025,11,242,716,21095.43,18741.55,48.339999999999996,26.175349162011173,0.06751396648044693,2025,11,242,1402,-686,1761955200000
2020,7,5,1,15.05,10.5,2.75,10.5,2.75,2020,7,5,9,-8,1593561600000
2023,12,7,1946,44443.95,36433.98,2821.87,18.72249743062693,1.450087358684481,2023,12,7,8850,-6904,1701388800000
2019,6,24,22335,348700.51,251676.39,39019.18,11.268251175285426,1.7469970897694203,2019,6,24,25246,-2911,1559347200000
2024,2,196,270,12313.19,10554.1,655.92,39.08925925925926,2.429333333333333,2024,2,196,990,-720,1706745600000
2017,5,203,57,2125.92,1884.1,102.23,33.05438596491228,1.7935087719298246,2017,5,203,926,-869,1493596800000
2021,9,1,304,28310.99,23446.86,3152.5099999999998,77.12782894736843,10.370098684210525,2021,9,1,6290,-5986,1630454400000
2020,11,179,717,15458.07,12757.71,1279.16,17.79317991631799,1.7840446304044633,2020,11,179,1940,-1223,1604188800000
2022,9,129,798,26205.19,21384.45,3082.34,26.797556390977444,3.8625814536340854,2022,9,129,5016,-4218,1661990400000
2017,12,105,10,220.66,169.0,37.66,16.9,3.7659999999999996,2017,12,105,11,-1,1512086400000
2024,7,89,1127,35106.4,32674.73,407.83,28.99266193433895,0.36187222715173023,2024,7,89,3142,-2015,1719792000000
2025,4,174,665,19573.21,17718.15,107.72,26.643834586466166,0.16198496240601504,2025,4,174,1136,-471,1743465600000
2020,3,52,1734,34180.74,25560.37,4616.95,14.740697808535177,2.6626009227220298,2020,3,52,2647,-913,1583020800000
2022,10,62,214,6719.53,5882.84,482.89,27.489906542056076,2.2564953271028036,2022,10,62,1699,-1485,1664582400000
2016,8,183,22,582.2,328.5,69.66,14.931818181818182,3.166363636363636,2016,8,183,529,-507,1470009600000
2016,12,170,322014,4662549.46,3693755.87,527395.41,11.470792791617756,1.6378027352848015,2016,12,170,318689,3325,1480550400000
2017,4,22,151,4602.06,4147.39,234.66,27.466158940397353,1.5540397350993378,2017,4,22,1916,-1765,1491004800000
2020,12,219,345,17106.72,14984.94,912.13,43.43460869565217,2.643855072463768,2020,12,219,615,-270,1606780800000
2019,11,17,1182,25152.84,21739.84,786.3,18.39241962774958,0.665228426395939,2019,11,17,7661,-6479,1572566400000
2017,10,134,491,18609.49,14968.62,2038.6200000000001,30.485987780040734,4.151975560081467,2017,10,134,2236,-1745,1506816000000
2017,9,48,284303,4143178.4,3338024.63,429223.53,11.741081275962618,1.5097397143188782,2017,9,48,248544,35759,1504224000000
2025,10,32,574,20425.16,18605.34,71.2,32.413484320557494,0.1240418118466899,2025,10,32,942,-368,1759276800000
2020,4,3,55,1477.21,1250.25,101.24,22.73181818181818,1.8407272727272725,2020,4,3,81,-26,1585699200000
2020,12,55,438,20427.64,18093.56,1162.12,41.30949771689498,2.65324200913242,2020,12,55,769,-331,1606780800000
2025,10,60,579,17511.72,15879.19,18.19,27.425198618307427,0.03141623488773748,2025,10,60,759,-180,1759276800000
2025,8,40,1462,35176.47,25812.35,1201.22,17.65550615595075,0.8216279069767443,2025,8,40,3239,-1777,1754006400000
2023,7,50,19847,456051.01,309002.21,52253.29,15.56921499470953,2.6328054617826373,2023,7,50,33243,-13396,1688169600000
2021,10,198,139,4651.25,3763.25,374.31,27.073741007194243,2.692877697841727,2021,10,198,1641,-1502,1633046400000
2024,1,218,337,13457.93,12372.8,197.93,36.71454005934718,0.5873293768545994,2024,1,218,813,-476,1704067200000
2019,3,93,1330,82441.63,63392.73,9804.9,47.663706766917294,7.372105263157894,2019,3,93,3498,-2168,1551398400000
2021,2,153,82,2391.88,2089.62,28.169999999999998,25.483170731707315,0.34353658536585363,2021,2,153,148,-66,1612137600000
2021,10,168,594,16405.93,13606.72,428.05,22.906936026936027,0.7206228956228956,2021,10,168,2397,-1803,1633046400000
2016,5,234,375690,5313985.0600000005,4190975.76,626792.1,11.155409406691687,1.6683757885490698,2016,5,234,323547,52143,1462060800000
2022,2,69,169,4521.44,4097.87,107.87,24.24775147928994,0.6382840236686391,2022,2,69,1168,-999,1643673600000
2022,6,68,87959,1782680.85,1214376.07,222937.35,13.8061604838618,2.5345598517491106,2022,6,68,86304,1655,1654041600000
2020,10,149,215,6661.01,5761.06,539.5,26.795627906976748,2.5093023255813955,2020,10,149,409,-194,1601510400000
2022,7,263,61666,1058561.98,689449.82,137175.88,11.180388220413192,2.2244977783543605,2022,7,263,63770,-2104,1656633600000
2022,9,222,129,5559.57,5034.49,51.28,39.02705426356589,0.3975193798449613,2022,9,222,274,-145,1661990400000
2016,10,150,51,1821.04,1514.5,185.03,29.69607843137255,3.6280392156862744,2016,10,150,501,-450,1475280000000
2016,12,217,1094,13595.17,11227.51,977.66,10.26280621572212,0.8936563071297988,2016,12,217,3625,-2531,1480550400000
2016,7,150,58,1920.42,1595.8,158.18,27.513793103448275,2.727241379310345,2016,7,150,596,-538,1467331200000
2021,3,100,30632,481898.42,317002.99,51288.95,10.34875261164795,1.6743585139723165,2021,3,100,24882,5750,1614556800000
2016,7,155,58,1326.41,1180.31,57.84,20.350172413793103,0.9972413793103448,2016,7,155,1313,-1255,1467331200000
2019,5,146,6577,109153.54000000001,86505.64,8705.07,13.152750494146268,1.3235624144746845,2019,5,146,9244,-2667,1556668800000
2024,4,94,122,4450.79,4010.86,33.67,32.875901639344264,0.2759836065573771,2024,4,94,248,-126,1711929600000
2016,4,239,292671,3903606.43,3109133.17,435393.59,10.623304563827642,1.487655387790386,2016,4,239,273493,19178,1459468800000
2024,5,68,98387,2552394.81,1751969.6,313388.85,17.80692164615244,3.1852668543608402,2024,5,68,95178,3209,1714521600000
2017,2,191,65,1509.21,1312.51,104.02,20.19246153846154,1.6003076923076922,2017,2,191,782,-717,1485907200000
2017,12,233,119501,1872841.6400000001,1482697.15,215242.68000000002,12.407403703734696,1.8011789022686004,2017,12,233,132903,-13402,1512086400000
2020,6,60,130,4010.06,3522.15,146.41,27.09346153846154,1.1262307692307691,2020,6,60,336,-206,1590969600000
2021,3,166,13851,220441.87,164156.62,23954.92,11.851607826149737,1.7294722402714604,2021,3,166,16785,-2934,1614556800000
2024,12,17,1351,40139.79,36245.53,1078.45,26.82866765358993,0.7982605477424131,2024,12,17,4186,-2835,1733011200000
2025,6,49,4571,123155.15,105471.88,1838.15,23.074136950339096,0.40213301246991906,2025,6,49,7703,-3132,1748736000000
2020,6,63,268,12043.32,11039.02,222.05,41.19037313432836,0.828544776119403,2020,6,63,291,-23,1590969600000
2025,3,206,17,1134.16,897.57,30.72,52.79823529411765,1.8070588235294116,2025,3,206,75,-58,1740787200000
2016,4,92,545,11620.53,10020.03,670.32,18.385376146788992,1.2299449541284404,2016,4,92,4858,-4313,1459468800000
2022,11,13,18155,466216.78,331907.45,63055.53,18.28187551638667,3.4731770862021483,2022,11,13,24616,-6461,1667260800000
2017,4,168,2036,30963.38,26290.41,1684.16,12.912775049115913,0.8271905697445973,2017,4,168,8022,-5986,1491004800000
2025,2,143,40700,815431.68,528322.96,82476.47,12.980908108108107,2.0264488943488943,2025,2,143,53015,-12315,1738368000000
2023,6,177,254,8926.57,8025.0,209.97,31.594488188976378,0.8266535433070866,2023,6,177,948,-694,1685577600000
2021,9,69,335,10818.87,9222.86,234.91,27.53092537313433,0.7012238805970149,2021,9,69,1510,-1175,1630454400000
2016,11,182,84,1799.18,1557.8,108.44,18.545238095238094,1.2909523809523809,2016,11,182,1109,-1025,1477958400000
2018,4,12,3961,81037.43000000001,69638.51,6845.06,17.581042665993433,1.728114112597829,2018,4,12,6471,-2510,1522540800000
2021,4,205,774,32361.46,28724.44,66.39,37.111679586563305,0.08577519379844961,2021,4,205,1376,-602,1617235200000
2017,1,49,3673,52445.33,42533.42,5237.26,11.580021780560848,1.4258807514293494,2017,1,49,18609,-14936,1483228800000
2021,12,50,23097,415209.69,277789.64,50119.71,12.027087500541196,2.169966229380439,2021,12,50,33957,-10860,1638316800000
2020,4,172,1,97.91,76.0,2.75,76.0,2.75,2020,4,172,5,-4,1585699200000
2018,11,123,418,12761.25,11409.38,345.06,27.29516746411483,0.8255023923444976,2018,11,123,1403,-985,1541030400000
2020,11,255,315,7462.25,5885.95,896.08,18.685555555555556,2.844698412698413,2020,11,255,2353,-2038,1604188800000
2020,11,10,556,24152.61,20469.72,1913.16,36.816043165467626,3.440935251798561,2020,11,10,982,-426,1604188800000
2016,10,194,971,37645.770000000004,29043.79,4432.42,29.91121524201854,4.5647991761071065,2016,10,194,2954,-1983,1475280000000
2017,1,25,9719,150191.88,122332.96,16492.51,12.586990431114312,1.6969348698425761,2017,1,25,17157,-7438,1483228800000
2016,10,152,10509,156436.65,128852.61,14134.38,12.261167570653726,1.3449785897801882,2016,10,152,18435,-7926,1475280000000
2018,10,107,207346,2968393.58,2340530.34,355340.57,11.288041920268537,1.713756571141956,2018,10,107,183650,23696,1538352000000
2024,6,191,444,18131.64,16836.45,85.53,37.91993243243243,0.19263513513513514,2024,6,191,985,-541,1717200000000
2018,12,222,530,21033.92,19126.26,312.66,36.08728301886792,0.5899245283018868,2018,12,222,746,-216,1543622400000
2017,5,206,14,625.37,539.72,55.24,38.55142857142857,3.9457142857142857,2017,5,206,176,-162,1493596800000
2016,8,76,349,8733.0,7392.9,721.48,21.183094555873925,2.0672779369627508,2016,8,76,2980,-2631,1470009600000
2021,5,174,356,12925.06,11033.41,68.71000000000001,30.992724719101123,0.1930056179775281,2021,5,174,739,-383,1619827200000
2024,10,180,232,8361.23,7346.62,415.15,31.666465517241377,1.7894396551724137,2024,10,180,543,-311,1727740800000
2024,7,124,307,12803.93,11467.32,581.01,37.352833876221496,1.8925407166123778,2024,7,124,987,-680,1719792000000
2016,11,162,335574,5223303.0,4147701.98,607321.41,12.360021872969897,1.8097987627170162,2016,11,162,309613,25961,1477958400000
2017,10,177,159,3474.9700000000003,2929.8,274.75,18.426415094339625,1.7279874213836477,2017,10,177,1778,-1619,1506816000000
2024,10,167,416,13044.75,11786.61,91.66,28.333197115384618,0.22033653846153844,2024,10,167,546,-130,1727740800000
2020,4,137,12006,256827.59,189767.22,18338.3,15.806031984007996,1.5274279526903214,2020,4,137,7260,4746,1585699200000
2025,1,203,270,10906.56,9803.96,189.05,36.31096296296296,0.7001851851851852,2025,1,203,827,-557,1735689600000
2017,12,172,2,10.1,8.0,0.0,4.0,0.0,2017,12,172,131,-129,1512086400000
2018,7,138,223597,9361977.860000001,7113458.55,1180995.91,31.813747724701134,5.281805704012129,2018,7,138,87831,135766,1530403200000
2021,10,162,109861,1906856.0399999998,1235711.97,249635.65000000002,11.24795851120962,2.272286343652434,2021,10,162,89769,20092,1633046400000
2025,7,210,933,26269.12,24379.96,47.36,26.130718113612005,0.0507609860664523,2025,7,210,1549,-616,1751328000000
2021,10,165,215,7476.85,6531.51,94.29,30.37911627906977,0.43855813953488376,2021,10,165,935,-720,1633046400000
2021,9,245,3,200.04000000000002,153.55,10.0,51.18333333333334,3.3333333333333335,2021,9,245,42,-39,1630454400000
2025,8,177,3176,78604.01,70541.0,138.84,22.21064231738035,0.04371536523929471,2025,8,177,3399,-223,1754006400000
2021,4,220,438,14533.17,12415.82,156.76,28.34662100456621,0.35789954337899543,2021,4,220,1371,-933,1617235200000
2017,4,77,53,1043.81,892.8,57.9,16.845283018867924,1.0924528301886791,2017,4,77,678,-625,1491004800000
2022,7,38,74,3199.8199999999997,2962.7000000000003,36.62,40.03648648648649,0.4948648648648648,2022,7,38,600,-526,1656633600000
2018,5,137,111740,1566545.8800000001,1246645.9,174246.89,11.15666636835511,1.559395829604439,2018,5,137,125372,-13632,1525132800000
2019,1,22,475,15110.61,13677.99,49.44,28.79576842105263,0.10408421052631578,2019,1,22,1681,-1206,1546300800000
2017,8,181,8140,131530.92,106575.14,14329.61,13.092769041769042,1.760394348894349,2017,8,181,28591,-20451,1501545600000
2019,4,150,166,7136.43,6538.51,76.7,39.38861445783132,0.46204819277108433,2019,4,150,668,-502,1554076800000
2019,10,225,983,26356.05,23197.27,559.03,23.598443540183112,0.5686978636826042,2019,10,225,6374,-5391,1569888000000
2021,1,50,9434,149898.67,99546.88,16799.22,10.551927072291711,1.7807101971592114,2021,1,50,14971,-5537,1609459200000
2022,8,66,1177,29924.09,23125.57,3682.37,19.64789294817332,3.128606627017842,2022,8,66,4522,-3345,1659312000000
2016,9,6,35,1210.1,561.0,44.9,16.02857142857143,1.282857142857143,2016,9,6,239,-204,1472688000000
2024,8,153,52,1615.27,1491.31,20.78,28.67903846153846,0.39961538461538465,2024,8,153,128,-76,1722470400000
2024,10,250,239,8327.27,7317.53,75.46,30.617280334728033,0.31573221757322173,2024,10,250,350,-111,1727740800000
2022,5,46,15,738.91,659.8000000000001,30.0,43.98666666666667,2.0,2022,5,46,73,-58,1651363200000
2017,4,11,62,1191.59,1002.07,68.92,16.16241935483871,1.1116129032258064,2017,4,11,723,-661,1491004800000
2017,3,75,71981,929353.02,759754.69,81432.33,10.55493380197552,1.131303121657104,2017,3,75,122555,-50574,1488326400000
2021,11,193,2820,20481.68,17010.9,843.62,6.032234042553192,0.29915602836879435,2021,11,193,3256,-436,1635724800000
2018,12,24,24467,339475.96,272169.14,37323.83,11.123927739404095,1.5254763559079578,2018,12,24,28236,-3769,1543622400000
2022,4,243,585,16427.95,13154.34,1840.25,22.48605128205128,3.1457264957264957,2022,4,243,7111,-6526,1648771200000
2019,7,127,692,15154.630000000001,12885.08,891.02,18.620057803468207,1.287601156069364,2019,7,127,4864,-4172,1561939200000
2022,4,117,142,8887.46,7969.3,19.61,56.121830985915494,0.13809859154929577,2022,4,117,409,-267,1648771200000
2020,6,182,287,10046.78,8671.49,306.52,30.21425087108014,1.06801393728223,2020,6,182,480,-193,1590969600000
2019,6,194,562,29641.68,21784.38,3601.8,38.762241992882565,6.408896797153025,2019,6,194,1490,-928,1559347200000
2017,1,57,59,1034.98,883.5,82.24,14.974576271186441,1.3938983050847458,2017,1,57,482,-423,1483228800000
2019,3,109,1,104.17,103.87,0.0,103.87,0.0,2019,3,109,72,-71,1551398400000
2020,11,190,50,1254.58,1050.03,123.69,21.0006,2.4737999999999998,2020,11,190,213,-163,1604188800000
2021,6,142,90704,1465819.6300000001,942927.09,189847.85,10.395650577703298,2.0930482668901043,2021,6,142,77219,13485,1622505600000
2016,3,171,61,1241.26,1062.0,74.72,17.40983606557377,1.2249180327868852,2016,3,171,1628,-1567,1456790400000
2022,11,216,731,49473.76,41467.29,5971.52,56.72679890560875,8.168974008207934,2022,11,216,2888,-2157,1667260800000
2018,8,22,223,9220.34,8100.74,513.12,36.32618834080717,2.300986547085202,2018,8,22,1672,-1449,1533081600000
2024,12,185,160,5651.36,5089.63,52.01,31.8101875,0.3250625,2024,12,185,437,-277,1733011200000
2025,7,173,902,25082.16,22075.9,284.39,24.47439024390244,0.3152882483370288,2025,7,173,1631,-729,1751328000000
2025,2,89,2780,74516.18,65768.67,559.24,23.657794964028778,0.2011654676258993,2025,2,89,3991,-1211,1738368000000
2020,8,183,178,7993.38,6788.88,323.65,38.139775280898874,1.818258426966292,2020,8,183,250,-72,1596240000000
2024,12,170,99369,2464666.91,1656795.95,313778.6,16.67316718493695,3.157711157403214,2024,12,170,102031,-2662,1733011200000
2019,5,264,65364,1328661.14,986380.44,160070.99,15.090576464108683,2.4489166819656076,2019,5,264,70396,-5032,1556668800000
2020,7,149,133,5229.63,4664.53,248.77,35.07165413533834,1.870451127819549,2020,7,149,256,-123,1593561600000
2023,11,33,1441,46764.01,36464.77,5544.93,25.305183900069395,3.847973629424011,2023,11,33,8472,-7031,1698796800000
2016,7,179,7727,117338.21,97529.52,10253.7,12.621912773392003,1.3269962469263623,2016,7,179,16442,-8715,1467331200000
2021,7,205,511,22698.38,20031.75,251.1,39.201076320939336,0.4913894324853229,2021,7,205,1438,-927,1625097600000
2024,12,247,576,17281.65,15261.91,393.32,26.49637152777778,0.6828472222222222,2024,12,247,962,-386,1733011200000
2018,1,265,3818,325397.3,279325.05,33739.07,73.1600445259298,8.836843897328444,2018,1,265,19414,-15596,1514764800000
2023,7,68,78255,1965782.8699999999,1331883.64,244462.16,17.019789662002427,3.123917449364258,2023,7,68,75547,2708,1688169600000
2023,9,100,45892,1195567.83,820756.49,138114.63,17.88452213893489,3.0095578750108953,2023,9,100,38165,7727,1693526400000
2019,9,76,1467,45813.91,41173.82,503.95,28.066680299931832,0.34352419904567144,2019,9,76,3080,-1613,1567296000000
2020,9,150,87,2945.01,2450.7200000000003,281.27,28.169195402298854,3.232988505747126,2020,9,150,220,-133,1598918400000
2017,11,177,183,3510.66,2993.32,247.08,16.356939890710382,1.3501639344262295,2017,11,177,1687,-1504,1509494400000
2023,7,75,15858,335350.03,242532.51,33661.520000000004,15.294016269390845,2.1226838188926727,2023,7,75,31984,-16126,1688169600000
2024,5,8,24,1514.28,1186.17,144.02,49.423750000000005,6.0008333333333335,2024,5,8,47,-23,1714521600000
2017,4,136,130,1928.78,1686.5,73.89,12.973076923076922,0.5683846153846154,2017,4,136,1153,-1023,1491004800000
2018,4,181,9554,156029.1,126679.43,16953.24,13.2593081431861,1.7744651454888007,2018,4,181,31228,-21674,1522540800000
2023,2,137,34202,749352.21,491678.0,89825.0,14.37570902286416,2.6263084030173673,2023,2,137,38564,-4362,1675209600000
2017,10,241,78,1567.78,1359.01,121.66,17.42320512820513,1.5597435897435896,2017,10,241,1346,-1268,1506816000000
2025,8,258,1236,29563.05,26101.38,143.4,21.117621359223303,0.11601941747572816,2025,8,258,2344,-1108,1754006400000
2017,7,3,28,861.57,700.51,101.77000000000001,25.018214285714286,3.6346428571428575,2017,7,3,561,-533,1498867200000
2024,5,70,14856,956491.67,628329.12,124773.23,42.29463651050081,8.39884423801831,2024,5,70,2111,12745,1714521600000
2025,8,237,127600,2522054.83,1559313.96,313433.51,12.220328840125392,2.456375470219436,2025,8,237,115585,12015,1754006400000
2016,6,136,112,1891.15,1555.8,148.3,13.891071428571427,1.324107142857143,2016,6,136,1484,-1372,1464739200000
2022,11,158,25592,511604.07,344362.13,69745.71,13.455850656455143,2.7252934510784623,2022,11,158,31758,-6166,1667260800000
2023,12,92,218,8975.5,7774.24,511.95,35.661651376146786,2.348394495412844,2023,12,92,2012,-1794,1701388800000
2020,8,112,420,14826.65,13581.7,461.59000000000003,32.337380952380954,1.0990238095238096,2020,8,112,1703,-1283,1596240000000
2023,9,9,47,1584.44,1348.86,106.44,28.69914893617021,2.26468085106383,2023,9,9,387,-340,1693526400000
2024,8,162,105148,2443346.03,1605749.64,309848.48,15.271328413284133,2.9467843420702247,2024,8,162,88743,16405,1722470400000
2017,5,205,41,1375.47,1171.1,103.48,28.56341463414634,2.5239024390243903,2017,5,205,1213,-1172,1493596800000
2020,6,32,86,2700.7,2273.65,163.16,26.43779069767442,1.8972093023255814,2020,6,32,264,-178,1590969600000
2023,4,16,56,2202.93,1874.2,121.78,33.46785714285714,2.174642857142857,2023,4,16,604,-548,1680307200000
2018,10,195,727,21352.95,18321.75,1422.66,25.201856946354884,1.956891334250344,2018,10,195,4054,-3327,1538352000000
2023,1,180,62,3518.43,3001.95,351.73,48.41854838709677,5.673064516129033,2023,1,180,376,-314,1672531200000
2022,3,125,18176,341660.94,226564.25,46639.92,12.46502255721831,2.5660167253521124,2022,3,125,16080,2096,1646092800000
2022,8,256,1303,33365.85,25583.32,4378.33,19.634167306216423,3.360191864927091,2022,8,256,7223,-5920,1659312000000
2025,3,191,1010,31063.65,28130.46,299.68,27.851940594059403,0.2967128712871287,2025,3,191,1605,-595,1740787200000
2019,5,17,1450,30465.01,26570.83,1007.15,18.324710344827587,0.6945862068965517,2019,5,17,9336,-7886,1556668800000
2017,8,163,225868,3363811.5300000003,2685364.21,360925.31,11.889086590397932,1.5979479607558398,2017,8,163,208934,16934,1501545600000
2017,12,119,409,6734.75,5683.6,516.08,13.89633251833741,1.2618092909535454,2017,12,119,1899,-1490,1512086400000
2023,4,45,4466,131345.35,95071.7,14461.82,21.287886251679353,3.23820420958352,2023,4,45,8816,-4350,1680307200000
2021,9,149,157,8086.54,7239.85,33.82,46.113694267515925,0.2154140127388535,2021,9,149,481,-324,1630454400000
2022,9,14,228,9008.67,7585.06,552.11,33.26780701754386,2.4215350877192985,2022,9,14,2368,-2140,1661990400000
2023,2,77,69,2392.68,2188.44,20.69,31.716521739130435,0.29985507246376814,2023,2,77,297,-228,1675209600000
2019,10,44,32,1662.1699999999998,1530.0,57.61,47.8125,1.8003125,2019,10,44,70,-38,1569888000000
2018,11,29,226,9107.65,8280.83,140.6,36.6408407079646,0.6221238938053097,2018,11,29,872,-646,1541030400000
2022,12,28,341,17161.28,13604.44,1845.31,39.895718475073316,5.411466275659824,2022,12,28,1496,-1155,1669852800000
2019,10,216,1206,65139.81,53617.25,5587.92,44.45874792703151,4.633432835820895,2019,10,216,4677,-3471,1569888000000
2020,3,115,28,1693.74,1329.99,88.61,47.49964285714286,3.1646428571428573,2020,3,115,72,-44,1583020800000
2021,4,133,240,8442.43,7227.16,123.28,30.113166666666665,0.5136666666666667,2021,4,133,717,-477,1617235200000
2021,7,5,5,405.35,336.65,0.0,67.33,0.0,2021,7,5,28,-23,1625097600000
2025,2,202,271,8689.07,7397.41,285.03,27.29671586715867,1.051771217712177,2025,2,202,1525,-1254,1738368000000
2025,11,153,229,6009.15,5496.7,36.29,24.003056768558952,0.158471615720524,2025,11,153,342,-113,1761955200000
2016,11,185,64,1655.94,1350.64,204.41,21.10375,3.19390625,2016,11,185,1174,-1110,1477958400000
2025,11,247,1543,33379.42,28532.74,272.49,18.491730395333768,0.17659753726506805,2025,11,247,2223,-680,1761955200000
2016,5,111,24,426.99,327.5,69.35,13.645833333333334,2.889583333333333,2016,5,111,209,-185,1462060800000
2019,10,153,99,2690.55,2317.71,85.02,23.41121212121212,0.8587878787878788,2019,10,153,305,-206,1569888000000
2021,4,97,1720,41041.68,34254.57,2125.05,19.915447674418605,1.2354941860465118,2021,4,97,3216,-1496,1617235200000
2022,2,47,95,3124.25,2731.75,126.05,28.75526315789474,1.3268421052631578,2022,2,47,326,-231,1643673600000
2021,11,186,112229,2033191.27,1355930.03,258391.00999999998,12.08181512799722,2.302355095385328,2021,11,186,76746,35483,1635724800000
2020,8,165,286,9409.22,8306.61,587.17,29.04409090909091,2.053041958041958,2020,8,165,565,-279,1596240000000
2019,7,216,1308,65547.91,54725.4,4706.44,41.83899082568807,3.5981957186544338,2019,7,216,4618,-3310,1561939200000
2021,5,170,76936,1274022.63,822974.65,158113.2,10.696873375272954,2.0551263387750858,2021,5,170,72937,3999,1619827200000
2023,7,235,173,7793.5599999999995,6935.75,95.61,40.09104046242775,0.5526589595375723,2023,7,235,538,-365,1688169600000
2023,12,264,13359,395188.25,278092.34,53932.48,20.816853057863614,4.037164458417546,2023,12,264,19816,-6457,1701388800000
2024,1,235,261,9120.74,8362.91,111.19,32.04180076628352,0.4260153256704981,2024,1,235,470,-209,1704067200000
2018,6,27,12,536.28,468.5,30.52,39.041666666666664,2.5433333333333334,2018,6,27,96,-84,1527811200000
2025,8,152,4859,99543.98999999999,78690.54,2610.93,16.19480139946491,0.5373389586334636,2025,8,152,6468,-1609,1754006400000
2018,1,134,449,13411.07,11014.36,1218.68,24.530868596881962,2.714209354120267,2018,1,134,1991,-1542,1514764800000
2019,5,168,1660,35011.88,30094.05,1169.44,18.12894578313253,0.7044819277108434,2019,5,168,6334,-4674,1556668800000
2018,7,7,13876,184249.4,155410.62,11881.05,11.199958201210723,0.8562301816085327,2018,7,7,35354,-21478,1530403200000
2017,11,234,297106,4188636.69,3294137.52,512060.06,11.087414996667857,1.7234928274757157,2017,11,234,254965,42141,1509494400000
2020,9,241,245,8419.36,7232.75,566.01,29.521428571428572,2.3102448979591834,2020,9,241,586,-341,1598918400000
2022,4,127,235,6411.61,5369.22,536.49,22.847744680851065,2.282936170212766,2022,4,127,2699,-2464,1648771200000
2023,7,206,6,378.82,328.17,18.0,54.695,3.0,2023,7,206,67,-61,1688169600000
2018,6,72,383,10979.25,10049.6,317.83,26.23916449086162,0.8298433420365535,2018,6,72,1591,-1208,1527811200000
2024,1,196,236,9424.42,7836.71,731.7,33.20639830508475,3.1004237288135594,2024,1,196,1075,-839,1704067200000
2024,8,165,436,12554.07,11772.75,109.50999999999999,27.00172018348624,0.2511697247706422,2024,8,165,973,-537,1722470400000
2016,3,154,31,1630.7,1391.5,159.12,44.88709677419355,5.1329032258064515,2016,3,154,104,-73,1456790400000
2017,12,199,3,37.82,32.5,2.92,10.833333333333334,0.9733333333333333,2017,12,199,2,1,1512086400000
2022,5,33,2920,80641.56,61730.98,11179.98,21.140746575342465,3.8287602739726028,2022,5,33,9368,-6448,1651363200000
2019,2,152,6949,105418.15000000001,83694.29,8189.6,12.044076845589293,1.1785292847891784,2019,2,152,11753,-4804,1548979200000
2021,3,203,222,9870.87,8630.14,147.9,38.8745045045045,0.6662162162162163,2021,3,203,460,-238,1614556800000
2023,6,192,51,1488.12,1312.74,56.73,25.74,1.1123529411764705,2023,6,192,371,-320,1685577600000
2023,11,164,78665,1974463.25,1314745.25,251545.15,16.71321744104748,3.1976755863471684,2023,11,164,72301,6364,1698796800000
2017,6,127,1109,21118.670000000002,17511.94,2010.64,15.790748422001803,1.8130207394048694,2017,6,127,7609,-6500,1496275200000
2024,11,213,551,19192.49,16954.44,240.4,30.770308529945552,0.4362976406533575,2024,11,213,683,-132,1730419200000
2022,2,52,688,15927.01,12027.34,2211.85,17.4815988372093,3.2148982558139534,2022,2,52,1828,-1140,1643673600000
2016,8,140,166385,2371216.91,1913948.75,255907.57,11.503132794422575,1.5380447155693122,2016,8,140,172931,-6546,1470009600000
2020,3,210,193,7306.32,6726.4,33.09,34.85181347150259,0.17145077720207255,2020,3,210,590,-397,1583020800000
2021,7,216,566,28518.29,24105.83,1679.74,42.58980565371025,2.9677385159010603,2021,7,216,2239,-1673,1625097600000
2017,2,6,31,1254.14,558.0,62.24,18.0,2.007741935483871,2017,2,6,174,-143,1485907200000
2016,6,163,293574,4534070.22,3641233.65,487395.69,12.403120337632078,1.6602140857160375,2016,6,163,267826,25748,1464739200000
2020,12,201,82,4191.58,3575.02,223.13,43.59780487804878,2.72109756097561,2020,12,201,230,-148,1606780800000
2016,4,116,13494,217185.64,179895.91,19707.6,13.331548095449829,1.4604713205869275,2016,4,116,34758,-21264,1459468800000
2023,11,221,9,508.90999999999997,357.86,46.879999999999995,39.76222222222222,5.208888888888889,2023,11,221,64,-55,1698796800000
2018,2,28,500,23868.33,19174.26,2545.3,38.34851999999999,5.0906,2018,2,28,1788,-1288,1517443200000
2022,1,95,277,7625.23,6370.56,552.35,22.99841155234657,1.9940433212996391,2022,1,95,2975,-2698,1640995200000
2022,3,262,48588,849992.98,554791.4,112755.56,11.418280233802585,2.320646250102906,2022,3,262,57300,-8712,1646092800000
2020,2,178,78,1909.8799999999999,1685.48,32.76,21.60871794871795,0.42,2020,2,178,594,-516,1580515200000
2022,3,176,2,188.89999999999998,119.2,55.0,59.6,27.5,2022,3,176,19,-17,1646092800000
2024,11,68,95465,2462651.47,1690017.7,309654.74,17.703008432409785,3.243646781542974,2024,11,68,95597,-132,1730419200000
2020,2,91,485,15305.26,13298.87,67.53999999999999,27.42035051546392,0.13925773195876287,2020,2,91,1422,-937,1580515200000
2016,5,30,7,113.95,99.0,3.41,14.142857142857142,0.48714285714285716,2016,5,30,53,-46,1462060800000
2019,9,190,257,5241.68,4434.58,364.22,17.255175097276265,1.4171984435797667,2019,9,190,1123,-866,1567296000000
2022,7,188,453,13786.34,11968.16,840.27,26.419779249448123,1.8549006622516555,2022,7,188,2881,-2428,1656633600000
2019,10,56,826,44641.77,33890.71,4622.15,41.02991525423729,5.595823244552058,2019,10,56,2942,-2116,1569888000000
2019,6,46,49,2357.52,2107.35,26.700000000000003,43.00714285714285,0.5448979591836736,2019,6,46,154,-105,1559347200000
2022,3,75,24740,415376.59,300533.79,44362.48,12.147687550525465,1.793147938561035,2022,3,75,46394,-21654,1646092800000
2024,8,147,153,5272.62,4768.83,34.010000000000005,31.168823529411764,0.22228758169934643,2024,8,147,356,-203,1722470400000
2023,6,49,559,18188.02,14779.71,1713.79,26.439552772808586,3.065813953488372,2023,6,49,4879,-4320,1685577600000
2018,7,223,4076,99184.21,78608.32,9634.79,19.285652600588815,2.3637855740922475,2018,7,223,15761,-11685,1530403200000
2024,8,13,19920,618925.19,443566.04,73497.92,22.267371485943773,3.6896546184738956,2024,8,13,22631,-2711,1722470400000
2018,7,168,1746,31239.15,26724.0,1794.36,15.305841924398626,1.0276975945017182,2018,7,168,6505,-4759,1530403200000
2019,7,94,119,3255.83,2887.7400000000002,40.4,24.266722689075632,0.33949579831932775,2019,7,94,610,-491,1561939200000
2020,7,96,17,775.23,671.02,32.03,39.47176470588235,1.8841176470588237,2020,7,96,49,-32,1593561600000
2021,3,6,5,173.92000000000002,130.44,10.0,26.088,2.0,2021,3,6,30,-25,1614556800000
2022,9,40,579,16304.68,12050.48,2318.75,20.81257340241796,4.0047495682210705,2022,9,40,3123,-2544,1661990400000
2018,7,77,182,4966.56,4520.0,115.49,24.835164835164836,0.6345604395604395,2018,7,77,683,-501,1530403200000
2024,1,83,182,7665.11,6354.0,475.4,34.91208791208791,2.612087912087912,2024,1,83,793,-611,1704067200000
2020,9,153,98,2887.64,2529.33,200.41,25.809489795918367,2.045,2020,9,153,179,-81,1598918400000
2022,7,211,23470,443401.97000000003,299930.63,56426.45,12.779319556881125,2.4041947166595654,2022,7,211,27323,-3853,1656633600000
2022,8,58,3,69.85,60.900000000000006,0.0,20.3,0.0,2022,8,58,115,-112,1659312000000
2017,7,230,300935,4853037.98,3904207.14,484138.67,12.97358944622593,1.6087815308953761,2017,7,230,287325,13610,1498867200000
2023,2,24,7843,174312.43,121943.25,22506.83,15.548036465638148,2.8696710442432747,2023,2,24,10356,-2513,1675209600000
2023,2,20,35,1126.61,962.51,42.9,27.500285714285713,1.2257142857142858,2023,2,20,281,-246,1675209600000
2022,7,204,3,135.96,113.0,22.66,37.666666666666664,7.553333333333334,2022,7,204,15,-12,1656633600000
2018,9,72,452,14148.86,12956.58,279.51,28.665,0.6183849557522124,2018,9,72,1548,-1096,1535760000000
2022,10,158,28533,574689.6000000001,386370.53,78181.94,13.541181439035503,2.74005327165037,2022,10,158,36121,-7588,1664582400000
2023,12,84,1,157.2,130.0,26.2,130.0,26.2,2023,12,84,41,-40,1701388800000
2024,7,174,174,7778.9,7168.19,57.05,41.19649425287356,0.3278735632183908,2024,7,174,417,-243,1719792000000
2019,12,162,246377,4463717.71,2960638.87,544799.7,12.016701518404721,2.2112441502250615,2019,12,162,210064,36313,1575158400000
2021,6,253,14,517.78,405.4,48.43,28.957142857142856,3.459285714285714,2021,6,253,21,-7,1622505600000
2025,4,124,613,19365.43,16895.42,636.1,27.56185970636215,1.03768352365416,2025,4,124,1306,-693,1743465600000
2024,12,51,465,19453.22,17965.54,34.94,38.63556989247312,0.07513978494623655,2024,12,51,748,-283,1733011200000
2023,12,235,273,9790.77,9035.75,31.98,33.09798534798535,0.11714285714285715,2023,12,235,436,-163,1701388800000
2018,11,181,7285,124208.93000000001,101874.15,12569.95,13.984097460535345,1.7254564172958133,2018,11,181,24957,-17672,1541030400000
2017,12,245,5,222.22,180.5,29.96,36.1,5.992,2017,12,245,105,-100,1512086400000
2019,12,155,379,14223.17,12443.52,262.67,32.83250659630607,0.6930606860158312,2019,12,155,1249,-870,1575158400000
2022,8,111,3,49.8,40.11,6.29,13.37,2.0966666666666667,2022,8,111,37,-34,1659312000000
2016,7,143,97014,1295622.92,1035436.03,143949.95,10.673057806089844,1.4838059455336345,2016,7,143,105366,-8352,1467331200000
2024,6,18,263,8807.42,8157.06,0.0,31.015437262357416,0.0,2024,6,18,541,-278,1717200000000
2021,8,74,12460,208951.41999999998,162652.06,14851.3,13.053937399678972,1.1919181380417334,2021,8,74,25593,-13133,1627776000000
2018,1,143,101361,1258725.6900000002,994046.56,148754.57,9.806992432987046,1.4675720444746994,2018,1,143,118339,-16978,1514764800000
2016,11,54,602,11722.92,9618.4,1309.43,15.977408637873754,2.1751328903654485,2016,11,54,2982,-2380,1477958400000
2022,5,149,26,886.5799999999999,808.1,8.93,31.08076923076923,0.34346153846153843,2022,5,149,483,-457,1651363200000
2017,1,36,1772,29528.260000000002,23895.9,3154.92,13.485270880361174,1.780428893905192,2017,1,36,10168,-8396,1483228800000
2024,12,168,1011,31173.9,27547.18,423.59,27.247457962413453,0.4189812067260138,2024,12,168,1956,-945,1733011200000
2016,1,126,122,2340.81,2047.8,145.29,16.785245901639342,1.1909016393442622,2016,1,126,1285,-1163,1451606400000
2016,3,147,121,2188.34,1820.1399999999999,211.4,15.042479338842973,1.747107438016529,2016,3,147,1419,-1298,1456790400000
2016,4,108,36,1320.3,1159.8,90.58,32.21666666666667,2.516111111111111,2016,4,108,663,-627,1459468800000
2019,10,201,41,1906.75,1555.49,121.30999999999999,37.93878048780488,2.958780487804878,2019,10,201,378,-337,1569888000000
2020,2,184,9,842.69,746.45,52.06,82.9388888888889,5.7844444444444445,2020,2,184,47,-38,1580515200000
2020,12,117,268,15071.36,13173.25,762.03,49.15391791044776,2.8433955223880596,2020,12,117,535,-267,1606780800000
2022,4,230,113173,2336260.0700000003,1567676.42,294409.18,13.852035556183894,2.601408286428742,2022,4,230,109244,3929,1648771200000
2025,8,236,103850,2108550.43,1336496.69,254752.87,12.869491478093403,2.453084930187771,2025,8,236,109368,-5518,1754006400000
2017,2,115,3,84.89999999999999,65.0,1.5,21.666666666666668,0.5,2017,2,115,93,-90,1485907200000
2017,7,226,14801,257047.99,216716.01,20065.33,14.64198432538342,1.3556739409499359,2017,7,226,23350,-8549,1498867200000
2018,1,258,98,2122.84,1871.5,99.56,19.096938775510203,1.0159183673469387,2018,1,258,1400,-1302,1514764800000
2017,5,234,319267,4512634.61,3547785.45,545885.42,11.11228360588473,1.7098084675209153,2017,5,234,277651,41616,1493596800000
2022,1,133,87,3323.66,2959.25,144.96,34.014367816091955,1.6662068965517243,2022,1,133,626,-539,1640995200000
2022,7,107,72553,1242261.69,802552.89,162668.76,11.061608617148844,2.242068005458079,2022,7,107,62424,10129,1656633600000
2024,7,150,142,5298.58,4926.28,91.06,34.69211267605634,0.6412676056338028,2024,7,150,375,-233,1719792000000
2025,1,219,737,41555.73,35203.37,3282.95,47.76576662143827,4.454477611940298,2025,1,219,1598,-861,1735689600000
2024,11,117,338,17793.24,16360.24,15.8,48.403076923076924,0.04674556213017752,2024,11,117,494,-156,1730419200000
2025,8,139,446,14416.07,13281.73,29.2,29.779663677130046,0.06547085201793722,2025,8,139,1521,-1075,1754006400000
2025,2,245,5,281.78,201.01,0.0,40.202,0.0,2025,2,245,32,-27,1738368000000
2022,10,89,368,13144.35,11312.39,907.61,30.7401902173913,2.4663315217391304,2022,10,89,3148,-2780,1664582400000
2023,1,155,147,7170.29,6285.51,232.78,42.75857142857143,1.5835374149659864,2023,1,155,690,-543,1672531200000
2019,5,167,332,9097.58,7996.16,85.3,24.084819277108434,0.25692771084337346,2019,5,167,1309,-977,1556668800000
2023,11,140,66084,1531976.81,1025980.04,192663.91,15.52539253071848,2.9154395920343807,2023,11,140,67769,-1685,1698796800000
2016,7,78,104,2193.65,1938.41,97.27,18.638557692307693,0.9352884615384615,2016,7,78,1048,-944,1467331200000
2021,6,63,183,6919.43,5901.83,57.88,32.25043715846994,0.3162841530054645,2021,6,63,614,-431,1622505600000
2018,10,263,165065,2128030.3499999996,1676241.64,248479.53,10.155039772210946,1.5053435313361403,2018,10,263,171137,-6072,1538352000000
2016,1,27,3,73.39999999999999,70.0,0.0,23.333333333333332,0.0,2016,1,27,84,-81,1451606400000
2016,2,137,147797,1977640.77,1566874.08,222970.29,10.601528312482662,1.5086252765617707,2016,2,137,162223,-14426,1454284800000
2021,7,9,136,4258.86,3722.85,76.81,27.37389705882353,0.5647794117647059,2021,7,9,411,-275,1625097600000
2024,10,178,104,3193.66,2810.53,148.71,27.024326923076924,1.4299038461538462,2024,10,178,280,-176,1727740800000
2020,9,136,345,13305.58,11473.28,801.0,33.255884057971016,2.3217391304347825,2020,9,136,665,-320,1598918400000
2016,7,66,4659,86742.32,71821.62,9589.81,15.415672891178364,2.0583408456750374,2016,7,66,15504,-10845,1467331200000
2021,12,193,2920,21733.21,17446.95,1296.97,5.974982876712329,0.4441678082191781,2021,12,193,3497,-577,1638316800000
2022,4,202,129,4046.61,3304.29,417.57,25.614651162790697,3.2369767441860464,2022,4,202,1800,-1671,1648771200000
2020,5,20,94,2584.19,2168.19,172.03,23.065851063829786,1.8301063829787234,2020,5,20,198,-104,1588291200000
2017,8,6,22,550.2,235.12,13.7,10.687272727272727,0.6227272727272727,2017,8,6,164,-142,1501545600000
2024,9,86,323,17451.48,16294.02,36.269999999999996,50.445882352941176,0.11229102167182661,2024,9,86,848,-525,1725148800000
2020,11,249,29298,473715.45,304877.15,63049.72,10.406073793433,2.1520144719776093,2020,11,249,23229,6069,1604188800000
2025,8,174,616,18072.1,16166.33,118.16,26.24404220779221,0.1918181818181818,2025,8,174,1691,-1075,1754006400000
2025,10,257,581,15880.47,12217.83,288.40999999999997,21.028967297762478,0.49640275387263333,2025,10,257,2152,-1571,1759276800000
2021,12,162,105229,1908590.45,1249097.02,247098.52,11.870273593781182,2.348197930228359,2021,12,162,87180,18049,1638316800000
2020,1,20,153,5366.9,4578.43,113.65,29.924379084967324,0.7428104575163399,2020,1,20,633,-480,1577836800000
2019,12,163,190500,3604067.0000000005,2452118.92,414356.49,12.87201532808399,2.17509968503937,2019,12,163,166068,24432,1575158400000
2018,1,90,158905,2009360.1099999999,1567853.25,246974.7,9.866607406941254,1.5542286271671755,2018,1,90,133701,25204,1514764800000
2020,6,136,243,9931.86,8569.19,432.77,35.26415637860082,1.7809465020576132,2020,6,136,477,-234,1590969600000
2023,10,97,1329,38982.73,31410.8,3608.25,23.63491346877351,2.7150112866817158,2023,10,97,4534,-3205,1696118400000
2021,10,205,373,17322.56,15525.47,15.04,41.623243967828415,0.040321715817694365,2021,10,205,1150,-777,1633046400000
2022,2,233,37128,639102.15,413312.18,82294.05,11.132088450764922,2.216495636716225,2022,2,233,44913,-7785,1643673600000
2023,1,75,19236,398868.03,283600.46,42192.97,14.743213765855689,2.193437824911624,2023,1,75,38443,-19207,1672531200000
2019,1,67,256,8524.55,7537.09,90.9,29.4417578125,0.355078125,2019,1,67,1272,-1016,1546300800000
2020,10,75,25981,401126.94,300564.17,35987.31,11.568614372041106,1.3851395250375274,2020,10,75,35946,-9965,1601510400000
2018,2,211,67648,968374.81,772457.17,114025.24,11.418773208372754,1.6855670529801325,2018,2,211,71211,-3563,1517443200000
2017,5,157,437,15798.88,12372.8,1762.26,28.31304347826087,4.032631578947369,2017,5,157,3518,-3081,1493596800000
2018,1,45,18042,296030.91000000003,244478.59,29882.44,13.550525994900786,1.6562709234009532,2018,1,45,23149,-5107,1514764800000
2021,10,111,3,82.16,58.41,0.0,19.47,0.0,2021,10,111,28,-25,1633046400000
2024,12,218,404,15531.24,14259.72,206.83,35.296336633663365,0.5119554455445545,2024,12,218,1027,-623,1733011200000
2024,4,14,502,19478.15,17167.96,448.2,34.1991235059761,0.8928286852589641,2024,4,14,2403,-1901,1711929600000
2025,3,63,1494,42856.95,38974.27,617.08,26.087195448460506,0.41303882195448466,2025,3,63,1903,-409,1740787200000
2022,8,232,4282,101182.71,73324.16,11956.54,17.12381130312938,2.7922793087342366,2022,8,232,15784,-11502,1659312000000
2021,10,37,542,17233.67,13987.39,1578.51,25.8069926199262,2.912380073800738,2021,10,37,3865,-3323,1633046400000
2018,12,181,7537,128925.20000000001,105424.74,12859.75,13.98762637654239,1.7062160010614302,2018,12,181,25171,-17634,1543622400000
2017,9,243,1527,30334.27,25058.8,2813.14,16.41047806155861,1.8422658808120498,2017,9,243,15511,-13984,1504224000000
2017,6,175,27,775.3100000000001,685.0,62.550000000000004,25.37037037037037,2.316666666666667,2017,6,175,773,-746,1496275200000
2018,3,180,100,3908.95,3321.0,311.97,33.21,3.1197000000000004,2018,3,180,696,-596,1519862400000
2016,1,11,58,1049.04,859.54,90.46,14.819655172413793,1.559655172413793,2016,1,11,852,-794,1451606400000
2016,8,74,31204,423329.11,350939.54,29630.87,11.24662030508909,0.9495856300474298,2016,8,74,73786,-42582,1470009600000
2016,9,33,13972,275866.85,228726.9,31282.67,16.370376467220154,2.23895433724592,2016,9,33,30176,-16204,1472688000000
2017,4,97,10008,156779.37,129158.56,15643.06,12.905531574740207,1.5630555555555554,2017,4,97,18015,-8007,1491004800000
2024,3,55,405,17863.43,16521.54,124.6,40.793925925925926,0.30765432098765433,2024,3,55,683,-278,1709251200000
2024,7,111,5,275.71999999999997,243.18,10.66,48.636,2.132,2024,7,111,20,-15,1719792000000
2025,6,60,626,17847.12,15754.07,27.89,25.166246006389777,0.04455271565495208,2025,6,60,752,-126,1748736000000
2022,2,225,363,10470.92,9266.630000000001,492.79,25.527906336088158,1.3575482093663913,2022,2,225,2628,-2265,1643673600000
2025,6,160,1077,30086.2,25532.68,733.68,23.707223769730735,0.681225626740947,2025,6,160,1999,-922,1748736000000
2017,8,256,7713,123424.68000000001,101043.72,12444.9,13.10044340723454,1.6134966938934265,2017,8,256,22686,-14973,1501545600000
2019,7,200,187,7284.81,6393.35,223.16,34.18903743315508,1.1933689839572192,2019,7,200,2007,-1820,1561939200000
2023,2,149,67,3159.29,2673.75,236.19,39.906716417910445,3.525223880597015,2023,2,149,372,-305,1675209600000
2025,7,174,693,21228.22,18961.85,45.010000000000005,27.36197691197691,0.06494949494949495,2025,7,174,1644,-951,1751328000000
2018,3,251,3,165.81,121.82,5.59,40.60666666666666,1.8633333333333333,2018,3,251,157,-154,1519862400000
2024,4,177,669,21675.87,19872.27,178.5,29.70443946188341,0.26681614349775784,2024,4,177,1067,-398,1711929600000
2021,5,91,642,23182.17,19869.35,104.08,30.949143302180683,0.1621183800623053,2021,5,91,1227,-585,1619827200000
2020,7,222,200,8474.2,7694.95,299.2,38.47475,1.496,2020,7,222,325,-125,1593561600000
2016,9,163,258544,4687885.25,3901321.83,430256.21,15.089585641128783,1.6641508215236092,2016,9,163,235711,22833,1472688000000
2017,9,139,31,1082.7,888.8,57.839999999999996,28.67096774193548,1.8658064516129031,2017,9,139,648,-617,1504224000000
2018,2,263,156903,1919660.44,1504908.24,225384.06,9.591328655283839,1.4364547522991913,2018,2,263,161884,-4981,1517443200000
2018,1,252,67,2058.3,1812.09,130.05,27.046119402985074,1.9410447761194032,2018,1,252,1090,-1023,1514764800000
2022,12,238,71450,1365576.09,906536.72,178823.82,12.687707767669698,2.5027826452064383,2022,12,238,79461,-8011,1669852800000
2018,6,224,19328,278616.86,223639.14,31336.43,11.570733650662252,1.6212970819536423,2018,6,224,34893,-15565,1527811200000
2022,2,112,624,14802.8,10973.55,2081.78,17.585817307692306,3.3361858974358976,2022,2,112,6397,-5773,1643673600000
2024,6,54,172,5418.36,4558.0,258.18,26.5,1.501046511627907,2024,6,54,733,-561,1717200000000
2017,6,81,35,641.66,560.54,20.78,16.015428571428572,0.5937142857142857,2017,6,81,404,-369,1496275200000
2020,1,39,1045,35632.41,31599.28,171.75,30.238545454545452,0.16435406698564595,2020,1,39,2352,-1307,1577836800000
2023,1,54,35,1381.37,1110.4,158.82,31.72571428571429,4.537714285714285,2023,1,54,606,-571,1672531200000
2023,10,135,125,4286.83,3784.18,121.78,30.273439999999997,0.97424,2023,10,135,922,-797,1696118400000
2025,5,36,4731,110712.14,91117.65,1116.27,19.259701965757767,0.23594800253646164,2025,5,36,6583,-1852,1746057600000
2018,1,9,46,937.6,839.3,52.5,18.245652173913044,1.141304347826087,2018,1,9,450,-404,1514764800000
2025,1,187,2,113.61,96.72999999999999,0.0,48.364999999999995,0.0,2025,1,187,18,-16,1735689600000
2025,2,33,3618,96426.0,77423.2,4071.73,21.39944720840243,1.1254090657822,2025,2,33,8347,-4729,1738368000000
2020,2,26,373,12369.82,11003.16,64.38,29.499088471849866,0.17260053619302948,2020,2,26,1666,-1293,1580515200000
2025,1,34,257,6385.55,5276.54,198.08,20.53128404669261,0.770739299610895,2025,1,34,363,-106,1735689600000
2018,5,144,93836,1439914.7200000002,1161893.13,161176.63,12.382168144422183,1.7176417366469159,2018,5,144,81830,12006,1525132800000
2024,7,27,45,1935.38,1742.17,28.14,38.71488888888889,0.6253333333333333,2024,7,27,126,-81,1719792000000
2017,6,36,1436,23853.23,19474.82,2438.65,13.561852367688022,1.698224233983287,2017,6,36,9169,-7733,1496275200000
2016,2,218,59,1703.61,1467.5,121.15,24.872881355932204,2.0533898305084746,2016,2,218,969,-910,1454284800000
2016,12,172,6,323.03999999999996,294.0,11.74,49.0,1.9566666666666668,2016,12,172,149,-143,1480550400000
2022,8,28,276,12991.41,10314.17,1311.6499999999999,37.37018115942029,4.752355072463768,2022,8,28,1454,-1178,1659312000000
2016,8,205,38,1044.02,920.3,57.78,24.218421052631577,1.5205263157894737,2016,8,205,1590,-1552,1470009600000
2016,8,86,17,933.38,833.0,61.41,49.0,3.6123529411764705,2016,8,86,595,-578,1470009600000
2016,11,170,310336,4576510.69,3625042.41,525600.56,11.681024470251598,1.6936499793771913,2016,11,170,314942,-4606,1477958400000
2017,9,91,142,3595.21,3154.0,212.88,22.211267605633804,1.4991549295774647,2017,9,91,1391,-1249,1504224000000
2019,7,237,244897,3644053.8000000003,2330018.4,415320.25,9.514279064259668,1.6958976630991804,2019,7,237,217457,27440,1561939200000
2016,9,19,72,2507.3,2290.26,97.34,31.80916666666667,1.3519444444444444,2016,9,19,599,-527,1472688000000
2019,7,9,120,3153.34,2865.6,38.93,23.88,0.3244166666666667,2019,7,9,749,-629,1561939200000
2019,7,101,175,7618.73,6921.82,127.4,39.55325714285714,0.728,2019,7,101,588,-413,1561939200000
2022,11,23,86,5652.48,4489.22,74.28,52.20023255813954,0.8637209302325581,2022,11,23,154,-68,1667260800000
2021,1,116,2889,53203.64,43418.85,4091.24,15.02902388369678,1.4161439944617513,2021,1,116,5946,-3057,1609459200000
2019,2,213,846,27303.170000000002,23833.31,131.29,28.171761229314424,0.15518912529550827,2019,2,213,1907,-1061,1548979200000
2021,5,2,2,431.4,402.0,18.0,201.0,9.0,2021,5,2,5,-3,1619827200000
2022,2,4,4026,77553.25,52952.43,10079.01,13.152615499254843,2.5034798807749628,2022,2,4,13117,-9091,1643673600000
2022,7,202,139,4406.15,3525.4,503.6,25.362589928057556,3.6230215827338133,2022,7,202,2029,-1890,1656633600000
2022,4,211,26630,509108.97,344046.17,66047.31999999999,12.919495681562147,2.4801847540368005,2022,4,211,31619,-4989,1648771200000
2022,8,175,23,1020.14,909.0500000000001,54.94,39.52391304347827,2.388695652173913,2022,8,175,416,-393,1659312000000
2024,8,231,37402,973195.9600000001,679763.74,113833.59000000001,18.174529169563126,3.0435161221325067,2024,8,231,44956,-7554,1722470400000
2022,2,130,238,11422.26,9327.08,949.58,39.18941176470588,3.9898319327731095,2022,2,130,1097,-859,1643673600000
2016,9,171,61,1320.51,1072.3,158.59,17.578688524590163,2.5998360655737707,2016,9,171,1395,-1334,1472688000000
2022,5,84,1,20.8,20.0,0.0,20.0,0.0,2022,5,84,18,-17,1651363200000
2021,4,91,742,25699.59,21998.38,124.03,29.647412398921833,0.16715633423180593,2021,4,91,1378,-636,1617235200000
2022,6,166,17970,345775.51,252414.9,43876.5,14.046460767946577,2.441652754590985,2022,6,166,24579,-6609,1654041600000
2020,1,22,310,9881.55,8640.3,87.58,27.871935483870967,0.28251612903225803,2020,1,22,1345,-1035,1577836800000
2018,12,156,51,2276.31,1882.77,114.63,36.91705882352941,2.2476470588235293,2018,12,156,136,-85,1543622400000
2016,10,86,11,354.91,347.01,0.0,31.546363636363637,0.0,2016,10,86,502,-491,1475280000000
2020,3,163,77514,1351397.28,887025.62,166756.82,11.443424671672213,2.1513122790721675,2020,3,163,66716,10798,1583020800000
2020,8,186,40062,671238.85,452555.61,72900.83,11.296380859667515,1.8197002146672658,2020,8,186,19601,20461,1596240000000
2024,5,86,380,19698.27,18585.33,90.99,48.90876315789474,0.23944736842105263,2024,5,86,888,-508,1714521600000
2025,4,32,448,14159.47,12875.37,8.63,28.739665178571432,0.019263392857142857,2025,4,32,625,-177,1743465600000
2016,6,180,125,4615.35,3759.5,443.6,30.076,3.5488000000000004,2016,6,180,946,-821,1464739200000
2016,12,93,1029,51806.04,41700.09,5323.68,40.52486880466472,5.173644314868805,2016,12,93,973,56,1480550400000
2019,7,244,7499,151549.62,123057.37,11706.04,16.409837311641553,1.5610134684624617,2019,7,244,23496,-15997,1561939200000
2020,9,248,278,11781.62,10132.74,631.99,36.44870503597122,2.2733453237410073,2020,9,248,574,-296,1598918400000
2021,5,216,561,25402.68,21402.69,936.72,38.15096256684492,1.6697326203208556,2021,5,216,1849,-1288,1619827200000
2022,4,153,37,1059.26,964.7,31.86,26.072972972972973,0.8610810810810811,2022,4,153,205,-168,1648771200000
2022,5,259,57,2281.69,2055.9900000000002,36.4,36.07000000000001,0.6385964912280702,2022,5,259,425,-368,1651363200000
2022,8,189,355,9498.46,7536.77,1202.49,21.230338028169015,3.3872957746478876,2022,8,189,2836,-2481,1659312000000
2024,3,54,134,4553.96,3785.46,231.14,28.249701492537312,1.7249253731343284,2024,3,54,745,-611,1709251200000
2023,1,175,42,1515.21,1333.58,101.28,31.75190476190476,2.4114285714285715,2023,1,175,316,-274,1672531200000
2016,9,76,347,9290.29,7896.78,712.51,22.75729106628242,2.053342939481268,2016,9,76,2453,-2106,1472688000000
2024,7,244,2276,66767.2,56135.3,3942.68,24.6640158172232,1.7322847100175747,2024,7,244,9928,-7652,1719792000000
2016,6,155,78,2334.64,1884.8,291.9,24.164102564102564,3.742307692307692,2016,6,155,1276,-1198,1464739200000
2019,1,93,1130,61134.24,48168.78,7282.85,42.6272389380531,6.445,2019,1,93,1170,-40,1546300800000
2016,12,161,369838,5556946.600000001,4463750.0,586615.87,12.069473661440956,1.586142770618487,2016,12,161,381059,-11221,1480550400000
2017,8,131,73,2127.7200000000003,1914.05,58.3,26.219863013698628,0.7986301369863014,2017,8,131,1373,-1300,1501545600000
2017,6,156,7,609.64,506.5,61.519999999999996,72.35714285714286,8.788571428571428,2017,6,156,77,-70,1496275200000
2022,9,41,9056,163638.69,123764.88,17748.05,13.666616607773852,1.9598111749116607,2022,9,41,20634,-11578,1661990400000
2018,11,208,225,8132.29,7100.64,280.01,31.558400000000002,1.2444888888888888,2018,11,208,1163,-938,1541030400000
2019,9,51,543,20809.47,18310.93,32.03,33.721786372007365,0.058987108655616946,2019,9,51,1125,-582,1567296000000
2023,4,228,244,10061.76,8190.18,818.68,33.56631147540984,3.355245901639344,2023,4,228,1747,-1503,1680307200000
2022,9,82,458,16527.26,13051.6,1638.75,28.496943231441048,3.578056768558952,2022,9,82,2233,-1775,1661990400000
2023,3,204,3,237.39999999999998,193.60000000000002,0.0,64.53333333333335,0.0,2023,3,204,16,-13,1677628800000
2022,10,57,6,277.94,220.5,43.589999999999996,36.75,7.265,2022,10,57,76,-70,1664582400000
2025,6,144,48382,1164732.75,793026.09,103509.81,16.390932371543133,2.1394280930924725,2025,6,144,45074,3308,1748736000000
2016,8,144,121689,1851802.6400000001,1503312.47,195291.38,12.353725233998142,1.604840043060589,2016,8,144,102880,18809,1470009600000
2025,9,133,1028,31488.15,26290.56,332.21999999999997,25.57447470817121,0.3231712062256809,2025,9,133,1775,-747,1756684800000
2018,3,112,3959,63553.16,51593.08,6374.830000000001,13.031846425865117,1.6102121747916143,2018,3,112,21806,-17847,1519862400000
2016,3,161,457856,6763513.59,5338427.38,772608.42,11.659620885169137,1.6874484990914176,2016,3,161,461024,-3168,1456790400000
2020,5,155,146,4474.36,3918.05,291.58,26.83595890410959,1.9971232876712328,2020,5,155,180,-34,1588291200000
2020,11,88,3131,72158.78,52629.45,7843.15,16.80915043117215,2.504998403066113,2020,11,88,3260,-129,1604188800000
2016,3,199,2,55.36,48.0,5.76,24.0,2.88,2016,3,199,2,0,1456790400000
2025,10,66,5732,138979.93,107686.7,6227.48,18.786933007676204,1.0864410327983252,2025,10,66,7457,-1725,1759276800000
2023,5,126,73,2772.79,2355.57,118.67,32.26808219178083,1.6256164383561644,2023,5,126,342,-269,1682899200000
2021,3,186,61557,988862.0499999999,649562.43,115756.79999999999,10.552210634046494,1.8804815049466346,2021,3,186,34908,26649,1614556800000
2021,12,181,1167,29258.49,23003.75,3489.79,19.711868037703514,2.990394173093402,2021,12,181,7581,-6414,1638316800000
2019,12,204,1,79.01,65.54,13.17,65.54,13.17,2019,12,204,47,-46,1575158400000
2025,6,6,120,3640.77,2051.53,29.21,17.096083333333336,0.24341666666666667,2025,6,6,150,-30,1748736000000
2016,5,4,37348,575372.37,467837.5,62098.12,12.52644050551569,1.6626893006318946,2016,5,4,61120,-23772,1462060800000
2018,5,152,10170,146279.22999999998,120905.48,12300.02,11.888444444444444,1.2094414945919372,2018,5,152,17049,-6879,1525132800000
2018,8,217,651,9955.0,8437.06,667.08,12.960153609831028,1.0247004608294932,2018,8,217,2742,-2091,1533081600000
2021,2,175,62,2916.97,2320.18,252.19,37.42225806451613,4.06758064516129,2021,2,175,156,-94,1612137600000
2020,11,188,958,28190.09,24326.76,2294.48,25.393277661795405,2.3950730688935282,2020,11,188,1933,-975,1604188800000
2022,11,193,2843,16679.51,13348.09,1119.55,4.6950721069293,0.3937917692578262,2022,11,193,3787,-944,1667260800000
2022,6,121,98,3031.9,2628.37,163.33,26.820102040816327,1.6666326530612245,2022,6,121,633,-535,1654041600000
2024,10,113,55522,1264351.65,845525.42,157265.65,15.228655668023487,2.832492525485393,2024,10,113,50801,4721,1727740800000
2017,9,180,81,3334.46,2788.29,302.06,34.42333333333333,3.729135802469136,2017,9,180,717,-636,1504224000000
2020,6,123,125,3696.29,3233.86,259.95,25.87088,2.0796,2020,6,123,261,-136,1590969600000
2022,4,256,1834,47027.59,35572.46,6575.02,19.39610687022901,3.5850708833151583,2022,4,256,8126,-6292,1648771200000
2019,5,5,43,4362.05,3732.65,0.0,86.80581395348837,0.0,2019,5,5,63,-20,1556668800000
2016,8,107,242245,3299792.56,2602603.29,382606.61,10.743682181262772,1.5794200499494313,2016,8,107,208474,33771,1470009600000
2018,8,260,4439,81788.64,69146.28,5686.7,15.57699481865285,1.2810768191034017,2018,8,260,9071,-4632,1533081600000
2025,11,19,397,12144.44,10239.97,382.93,25.79337531486146,0.9645591939546599,2025,11,19,712,-315,1761955200000
2025,10,83,881,28235.94,22874.62,2034.95,25.96438138479001,2.3098183881952328,2025,10,83,1511,-630,1759276800000
2021,7,55,389,19773.43,17504.670000000002,195.94,44.999151670951164,0.5037017994858611,2021,7,55,994,-605,1625097600000
2021,9,28,218,9110.13,7240.55,709.18,33.21353211009174,3.2531192660550454,2021,9,28,1081,-863,1630454400000
2021,9,94,93,3496.11,3060.62,31.03,32.909892473118276,0.33365591397849464,2021,9,94,283,-190,1630454400000
2023,5,222,125,5052.31,4630.33,26.78,37.04264,0.21424,2023,5,222,326,-201,1682899200000
2024,8,203,208,11006.82,9920.49,485.62,47.69466346153846,2.3347115384615384,2024,8,203,922,-714,1722470400000
2023,3,234,94000,2089224.67,1342391.8299999998,276889.1,14.280764148936168,2.945628723404255,2023,3,234,80970,13030,1677628800000
2016,3,167,306,4311.95,3709.06,223.35,12.12111111111111,0.7299019607843137,2016,3,167,2030,-1724,1456790400000
2018,6,203,168,7320.42,6818.83,152.59,40.58827380952381,0.9082738095238095,2018,6,203,913,-745,1527811200000
2018,1,221,1,37.8,36.5,0.0,36.5,0.0,2018,1,221,150,-149,1514764800000
2023,7,122,73,2849.36,2569.86,39.05,35.20356164383562,0.534931506849315,2023,7,122,304,-231,1688169600000
2020,2,4,10764,191762.65,129779.04,21835.95,12.056767001114826,2.028609253065775,2020,2,4,26183,-15419,1580515200000
2021,4,78,481,15132.89,12653.13,182.72,26.305883575883573,0.3798752598752599,2021,4,78,849,-368,1617235200000
2021,6,167,278,8264.11,6924.87,123.21,24.909604316546762,0.4432014388489208,2021,6,167,854,-576,1622505600000
2021,6,136,298,11860.14,10273.43,125.25999999999999,34.47459731543624,0.42033557046979864,2021,6,136,608,-310,1622505600000
2024,7,226,2728,93033.41,76728.1,8139.27,28.126136363636366,2.983603372434018,2024,7,226,5008,-2280,1719792000000
2021,11,39,404,16454.51,14672.52,72.39,36.31811881188119,0.17918316831683168,2021,11,39,1265,-861,1635724800000
2025,6,174,780,23711.34,21219.05,94.75,27.203910256410257,0.12147435897435897,2025,6,174,1572,-792,1748736000000
2022,2,65,1811,42138.96,32709.15,4800.71,18.06137493097736,2.650861402540033,2022,2,65,3645,-1834,1643673600000
2024,10,176,9,356.21999999999997,304.52,0.0,33.83555555555555,0.0,2024,10,176,36,-27,1727740800000
2021,10,191,206,9680.55,8639.460000000001,75.94,41.93912621359224,0.3686407766990291,2021,10,191,746,-540,1633046400000
2019,10,165,455,13297.2,11393.28,179.41,25.040175824175826,0.3943076923076923,2019,10,165,1720,-1265,1569888000000
2024,10,58,14,432.41999999999996,395.1,0.0,28.22142857142857,0.0,2024,10,58,116,-102,1727740800000
2017,1,171,51,898.33,759.5,74.49,14.892156862745098,1.4605882352941175,2017,1,171,1293,-1242,1483228800000
2020,1,184,10,583.29,518.3100000000001,27.0,51.831,2.7,2020,1,184,51,-41,1577836800000
2016,10,107,269996,3754520.67,2969161.05,440491.04,10.997055697121437,1.6314724662587594,2016,10,107,229505,40491,1475280000000
2016,6,156,8,696.22,587.0699999999999,38.74,73.38374999999999,4.8425,2016,6,156,101,-93,1464739200000
2017,4,42,16883,215360.30000000002,179220.25,15170.81,10.615426760646805,0.8985849671266954,2017,4,42,44497,-27614,1491004800000
2021,10,242,304,10499.27,9165.27,119.61,30.14891447368421,0.39345394736842104,2021,10,242,638,-334,1633046400000
2020,4,145,402,4715.73,3762.9,310.46999999999997,9.36044776119403,0.7723134328358208,2020,4,145,805,-403,1585699200000
2020,11,120,29,903.37,722.9300000000001,56.660000000000004,24.928620689655176,1.953793103448276,2020,11,120,140,-111,1604188800000
2023,2,53,56,2478.62,2046.23,115.09,36.53982142857143,2.0551785714285713,2023,2,53,320,-264,1675209600000
2017,4,191,84,2065.07,1749.53,202.77,20.827738095238097,2.4139285714285714,2017,4,191,959,-875,1491004800000
2021,12,71,134,4741.87,4166.89,62.24,31.09619402985075,0.4644776119402985,2021,12,71,724,-590,1638316800000
2023,5,248,96,3487.12,3105.44,23.67,32.348333333333336,0.24656250000000002,2023,5,248,340,-244,1682899200000
2020,5,57,13,432.27,356.34000000000003,10.66,27.410769230769233,0.8200000000000001,2020,5,57,22,-9,1588291200000
2024,4,7,2289,56668.08,47493.6,2519.19,20.748623853211008,1.1005635648754915,2024,4,7,8252,-5963,1711929600000
2024,7,55,609,27228.55,25819.64,102.53,42.3967816091954,0.16835796387520527,2024,7,55,1002,-393,1719792000000
2025,9,24,11547,255932.63,186239.23,20778.13,16.128797956179096,1.7994396813025029,2025,9,24,12886,-1339,1756684800000
2025,9,40,1778,47085.13,35461.29,1485.23,19.944482564679415,0.8353374578177728,2025,9,40,3906,-2128,1756684800000
2019,3,131,412,15812.63,14193.95,226.54,34.45133495145631,0.5498543689320388,2019,3,131,1499,-1087,1551398400000
2021,7,88,8168,192652.13,139674.19,22018.309999999998,17.10017017629775,2.695679480901077,2021,7,88,9636,-1468,1625097600000
2025,6,35,2908,81103.23,75412.08,92.96000000000001,25.932627235213207,0.031966987620357636,2025,6,35,3497,-589,1748736000000
2023,7,256,1048,31718.46,24587.79,3532.92,23.461631679389313,3.3711068702290077,2023,7,256,6700,-5652,1688169600000
2016,9,238,183744,2503247.56,2004292.59,271637.97,10.908070957419017,1.4783501502089862,2016,9,238,190319,-6575,1472688000000
2017,4,182,92,1706.08,1472.31,104.57,16.00336956521739,1.1366304347826086,2017,4,182,1290,-1198,1491004800000
2022,4,60,43,1457.98,1298.31,70.97,30.19325581395349,1.6504651162790698,2022,4,60,220,-177,1648771200000
2018,7,17,1388,21595.920000000002,18141.26,1583.38,13.070072046109509,1.140763688760807,2018,7,17,10193,-8805,1530403200000
2017,9,165,161,3395.4900000000002,2958.01,156.23,18.37273291925466,0.9703726708074534,2017,9,165,1679,-1518,1504224000000
2017,4,35,127,2525.02,2131.06,188.95000000000002,16.78,1.4877952755905512,2017,4,35,1402,-1275,1491004800000
2021,1,169,448,13359.1,11368.35,718.78,25.37578125,1.604419642857143,2021,1,169,931,-483,1609459200000
2021,7,201,66,3462.75,2927.38,90.42,44.35424242424243,1.37,2021,7,201,396,-330,1625097600000
2024,7,125,15513,377957.57,257204.3,45752.08,16.579920067040547,2.9492735125378715,2024,7,125,16079,-566,1719792000000
2022,6,21,76,2737.62,2422.82,83.65,31.87921052631579,1.1006578947368422,2022,6,21,386,-310,1654041600000
2018,12,37,1808,40004.08,34509.78,2256.59,19.087267699115042,1.2481139380530974,2018,12,37,9754,-7946,1543622400000
2022,11,213,134,4628.08,3971.98,176.79999999999998,29.641641791044776,1.3194029850746267,2022,11,213,561,-427,1667260800000
2022,5,163,102531,1948505.75,1291918.93,253746.4,12.60027630667798,2.4748261501399575,2022,5,163,86874,15657,1651363200000
2022,3,172,2,85.3,61.0,15.65,30.5,7.825,2022,3,172,27,-25,1646092800000
2025,2,263,66926,1319160.85,844303.09,144268.56,12.61547216328482,2.1556429489286675,2025,2,263,72391,-5465,1738368000000
2022,8,50,24054,434468.96,292300.56,51336.91,12.151848341232228,2.1342358859233395,2022,8,50,37439,-13385,1659312000000
2023,12,1,492,50222.64,42894.59,5456.7,87.18412601626015,11.090853658536584,2023,12,1,10958,-10466,1701388800000
2020,10,109,3,395.6,378.71,2.75,126.23666666666666,0.9166666666666666,2020,10,109,28,-25,1601510400000
2024,4,82,691,25404.21,21111.07,1631.3400000000001,30.551476121562953,2.360839363241679,2024,4,82,1990,-1299,1711929600000
2025,6,124,668,21941.73,19059.23,733.63,28.531781437125748,1.0982485029940119,2025,6,124,1556,-888,1748736000000
2022,5,25,2053,51968.41,40965.52,6545.84,19.95397954213346,3.18842669264491,2022,5,25,6078,-4025,1651363200000
2020,9,168,959,23770.02,20083.98,1690.48,20.942627737226278,1.7627528675703859,2020,9,168,2797,-1838,1598918400000
2021,2,51,523,20829.35,17813.64,111.68,34.060497131931164,0.21353728489483748,2021,2,51,872,-349,1612137600000
2022,1,129,561,13613.33,11142.76,1211.37,19.862317290552586,2.1593048128342245,2022,1,129,4081,-3520,1640995200000
2023,5,234,94239,2183480.66,1425011.74,286047.6,15.121252772206836,3.035342055836755,2023,5,234,81467,12772,1682899200000
2017,8,170,292854,4170841.91,3279990.55,484061.19,11.200087927772882,1.652909606834805,2017,8,170,289657,3197,1501545600000
2020,4,158,265,4316.36,2820.54,520.96,10.64354716981132,1.9658867924528303,2020,4,158,694,-429,1585699200000
2021,10,135,186,8321.56,7179.42,119.78999999999999,38.59903225806452,0.6440322580645161,2021,10,135,905,-719,1633046400000
2016,1,107,279824,3711764.12,2924786.7,435902.4,10.45223676310824,1.5577734576019213,2016,1,107,240496,39328,1451606400000
2023,2,180,39,1722.92,1397.45,190.62,35.83205128205128,4.887692307692308,2023,2,180,320,-281,1675209600000
2016,4,160,205,5023.56,4297.1,354.32,20.96146341463415,1.728390243902439,2016,4,160,3795,-3590,1459468800000
2017,9,232,17924,304670.63,252164.82,30230.37,14.068557241687124,1.6865861414862753,2017,9,232,44818,-26894,1504224000000
2022,4,121,79,2293.21,2037.33,68.78,25.788987341772152,0.8706329113924051,2022,4,121,632,-553,1648771200000
2017,11,70,1091,41007.82,34472.92,3798.32,31.597543538038494,3.4815032080659947,2017,11,70,3415,-2324,1509494400000
2017,11,63,73,2322.4,1975.33,217.66,27.05931506849315,2.9816438356164383,2017,11,63,801,-728,1509494400000
2023,1,114,39507,901267.97,590997.28,119218.57,14.95930543954236,3.017656870934265,2023,1,114,28544,10963,1672531200000
2023,1,238,63314,1346244.85,885281.38,173908.63,13.982395362794959,2.7467642227627382,2023,1,238,73933,-10619,1672531200000
2022,12,147,55,1449.97,1288.66,28.009999999999998,23.43018181818182,0.5092727272727272,2022,12,147,306,-251,1669852800000
2025,1,93,560,38420.28,30342.32,4539.68,54.18271428571428,8.10657142857143,2025,1,93,2155,-1595,1735689600000
2020,3,114,35673,605845.8,396180.89,76870.29000000001,11.105903344265972,2.15485913716256,2020,3,114,27781,7892,1583020800000
2023,1,225,264,7882.06,6807.21,412.3,25.784886363636364,1.5617424242424243,2023,1,225,2759,-2495,1672531200000
2022,1,169,186,5581.53,5222.47,29.86,28.07779569892473,0.16053763440860214,2022,1,169,544,-358,1640995200000
2022,3,1,635,62894.15,52298.91,7798.48,82.36048818897639,12.281070866141732,2022,3,1,8307,-7672,1646092800000
2024,1,49,504,16049.98,13936.66,876.68,27.652103174603173,1.7394444444444443,2024,1,49,3729,-3225,1704067200000
2019,3,115,27,1504.55,1316.4,1.04,48.75555555555556,0.03851851851851852,2019,3,115,165,-138,1551398400000
2020,8,203,237,11474.46,10495.2,354.96,44.28354430379747,1.4977215189873416,2020,8,203,404,-167,1596240000000
2019,1,264,159811,2903502.58,2388231.87,298986.82,14.944101907878682,1.8708775991640125,2019,1,264,149093,10718,1546300800000
2022,10,174,94,3405.48,3059.87,53.660000000000004,32.551808510638296,0.5708510638297872,2022,10,174,369,-275,1664582400000
2023,7,215,414,26509.3,21316.95,2505.29,51.49021739130435,6.051425120772946,2023,7,215,869,-455,1688169600000
2017,12,77,77,1504.47,1344.0,65.9,17.454545454545453,0.855844155844156,2017,12,77,546,-469,1512086400000
2025,9,118,27,1167.5,935.23,24.0,34.63814814814815,0.8888888888888888,2025,9,118,112,-85,1756684800000
2019,10,197,616,25638.45,21704.47,1647.35,35.23452922077922,2.6742694805194804,2019,10,197,2527,-1911,1569888000000
2019,9,202,279,7732.5,6340.62,577.82,22.726236559139785,2.071039426523298,2019,9,202,2818,-2539,1567296000000
2023,10,159,271,7152.37,6359.81,120.88,23.467933579335796,0.44605166051660516,2023,10,159,776,-505,1696118400000
2018,6,142,255758,3467520.4299999997,2747834.66,402137.91,10.743885469858226,1.5723375612884054,2018,6,142,228705,27053,1527811200000
2020,3,7,4867,70146.97,56778.14,4998.41,11.665942058763099,1.027000205465379,2020,3,7,11674,-6807,1583020800000
2025,11,70,9142,571699.27,376428.4,76746.04,41.175716473419385,8.394885145482387,2025,11,70,2197,6945,1761955200000
2024,12,166,17125,409561.46,302717.67,45564.75,17.67694423357664,2.660715328467153,2024,12,166,24060,-6935,1733011200000
2017,4,88,41636,887113.98,726650.41,99871.33,17.45245484676722,2.398677346527044,2017,4,88,42887,-1251,1491004800000
2017,11,179,4986,72299.71,60460.51,5855.99,12.126054953870838,1.174486562374649,2017,11,179,13379,-8393,1509494400000
2018,11,63,223,7898.53,6890.3,425.15,30.898206278026908,1.9065022421524662,2018,11,63,920,-697,1541030400000
2023,6,261,16955,567222.83,412287.92,68166.9,24.316598053671484,4.020460041285756,2023,6,261,15730,1225,1685577600000
2024,11,220,290,10590.87,9386.95,310.42,32.368793103448276,1.0704137931034483,2024,11,220,1296,-1006,1730419200000
2020,7,42,5470,94505.41,80005.4,4767.93,14.626215722120657,0.8716508226691042,2020,7,42,10155,-4685,1593561600000
2020,10,57,43,1502.96,1269.51,107.25,29.523488372093023,2.494186046511628,2020,10,57,81,-38,1601510400000
2022,10,264,48847,1558408.55,1114556.36,204853.03,22.817293999631506,4.193768911089729,2022,10,264,24427,24420,1664582400000
2020,5,94,97,2532.03,2228.73,98.28999999999999,22.97659793814433,1.0132989690721648,2020,5,94,205,-108,1588291200000
2019,7,140,111112,1889574.49,1270049.28,208149.65,11.430352077183382,1.8733318633450933,2019,7,140,113163,-2051,1561939200000
2020,7,155,219,9530.84,8564.22,524.5,39.10602739726027,2.394977168949772,2020,7,155,312,-93,1593561600000
2016,12,196,902,20607.7,17076.1,1670.8700000000001,18.931374722838136,1.8524057649667407,2016,12,196,4066,-3164,1480550400000
2017,10,49,3072,46203.26,37965.52,4520.38,12.358567708333332,1.4714778645833333,2017,10,49,17453,-14381,1506816000000
2021,3,143,27544,427297.35000000003,277945.57,51509.81,10.090966090618647,1.8700918530351436,2021,3,143,32496,-4952,1614556800000
2019,5,64,130,5084.84,4720.47,20.939999999999998,36.31130769230769,0.16107692307692306,2019,5,64,771,-641,1556668800000
2018,9,54,346,6622.06,5322.54,751.13,15.383063583815028,2.1708959537572254,2018,9,54,2177,-1831,1535760000000
2017,7,181,9243,151248.23,122968.33,16441.84,13.303941361029969,1.7788423671967977,2017,7,181,28946,-19703,1498867200000
2016,11,144,117376,1776805.97,1439349.72,193210.57,12.262725940567066,1.6460824188931298,2016,11,144,100202,17174,1477958400000
2024,12,61,2648,80009.47,73379.2,1750.36,27.71117824773414,0.661012084592145,2024,12,61,6230,-3582,1733011200000
2025,3,149,549,14155.82,12850.14,30.14,23.40644808743169,0.05489981785063752,2025,3,149,1034,-485,1740787200000
2018,10,38,191,8804.72,7932.28,181.0,41.53026178010471,0.9476439790575916,2018,10,38,811,-620,1538352000000
2020,9,125,4766,81091.48,53841.38,9887.49,11.296974402014268,2.074588753671842,2020,9,125,4005,761,1598918400000
2025,1,231,45889,1118272.78,742120.23,125637.65,16.172072392076533,2.7378598356904704,2025,1,231,56033,-10144,1735689600000
2025,5,204,3,161.74,133.55,0.0,44.51666666666667,0.0,2025,5,204,21,-18,1746057600000
2023,3,11,49,2245.58,2075.72,40.01,42.36163265306122,0.8165306122448979,2023,3,11,234,-185,1677628800000
2024,5,127,599,20693.43,18311.37,753.09,30.56989983305509,1.2572454090150251,2024,5,127,3645,-3046,1714521600000
2025,1,69,817,24531.09,21891.67,80.67,26.79518971848225,0.09873929008567932,2025,1,69,1302,-485,1735689600000
2019,3,55,406,16348.57,15131.87,74.28999999999999,37.2706157635468,0.18298029556650244,2019,3,55,1415,-1009,1551398400000
2017,2,67,51,938.68,734.13,134.85999999999999,14.394705882352941,2.644313725490196,2017,2,67,1377,-1326,1485907200000
2020,8,43,15782,238705.04,156700.98,28886.68,9.929095171714613,1.830356101888227,2020,8,43,12117,3665,1596240000000
2019,1,191,667,26435.89,24449.31,45.77,36.6556371814093,0.06862068965517241,2019,1,191,1476,-809,1546300800000
2021,9,92,333,12744.14,10578.23,416.07,31.766456456456456,1.2494594594594595,2021,9,92,2079,-1746,1630454400000
2022,5,41,11690,206967.19,155309.93,23206.04,13.285708297690332,1.9851189050470488,2022,5,41,24179,-12489,1651363200000
2022,4,10,1039,68387.37,52249.28,7917.4,50.288046198267566,7.620211742059673,2022,4,10,2387,-1348,1648771200000
2016,3,165,216,6057.26,5453.32,327.48,25.24685185185185,1.5161111111111112,2016,3,165,2549,-2333,1456790400000
2017,2,100,187095,2578925.58,2064595.25,269629.02,11.035010288890671,1.4411342900665438,2017,2,100,139828,47267,1485907200000
2019,3,107,181318,2983189.07,1941828.95,359166.13999999996,10.709521117594502,1.9808631244553765,2019,3,107,168100,13218,1551398400000
2019,5,244,9003,180855.45,147045.34,14355.19,16.332926802177052,1.5944896145729202,2019,5,244,26782,-17779,1556668800000
2020,12,73,71,2051.82,1788.47,140.83,25.189718309859156,1.9835211267605635,2020,12,73,128,-57,1606780800000
2022,2,264,27223,707071.1299999999,506362.54,93073.45,18.600541453917643,3.418927010248687,2022,2,264,22662,4561,1643673600000
2019,2,87,47513,1116554.8599999999,801329.7,136319.46,16.865483130932585,2.8690981415612566,2019,2,87,53822,-6309,1548979200000
2022,6,35,125,3860.72,3592.3,31.12,28.738400000000002,0.24896000000000001,2022,6,35,632,-507,1654041600000
2022,12,244,2648,73461.38,58505.06,7139.27,22.09405589123867,2.6960989425981876,2022,12,244,11601,-8953,1669852800000
2024,11,56,519,22009.29,18438.42,1460.1200000000001,35.52682080924855,2.8133333333333335,2024,11,56,1090,-571,1730419200000
2018,7,213,315,8768.36,7649.91,372.32,24.28542857142857,1.181968253968254,2018,7,213,1495,-1180,1530403200000
2019,12,210,351,12703.97,11259.41,48.22,32.07809116809117,0.1373789173789174,2019,12,210,1164,-813,1575158400000
2024,7,218,329,13303.31,12412.21,146.44,37.7270820668693,0.4451063829787234,2024,7,218,1118,-789,1719792000000
2023,3,189,346,10603.85,8314.64,1301.41,24.030751445086704,3.761300578034682,2023,3,189,3117,-2771,1677628800000
2025,2,231,50716,1247913.25,834846.23,131130.01,16.461200212950548,2.585574769303573,2025,2,231,60933,-10217,1738368000000
2025,6,38,467,17393.49,16060.91,111.84,34.39167023554604,0.2394860813704497,2025,6,38,1342,-875,1748736000000
2024,9,135,252,9157.12,8113.6900000000005,266.6,32.197182539682544,1.057936507936508,2024,9,135,965,-713,1725148800000
2019,10,241,214,6786.6,6006.32,55.21,28.066915887850467,0.25799065420560746,2019,10,241,1084,-870,1569888000000
2021,8,10,969,58454.37,46986.73,4816.21,48.48991744066048,4.9702889576883384,2021,8,10,2590,-1621,1627776000000
2019,11,26,581,14579.710000000001,12697.58,127.92999999999999,21.854698795180724,0.2201893287435456,2019,11,26,1783,-1202,1572566400000
2024,10,59,6,202.20999999999998,171.89,0.0,28.64833333333333,0.0,2024,10,59,17,-11,1727740800000
2018,3,230,336197,5270212.399999999,4163807.94,589840.45,12.385024078144658,1.7544488796747144,2018,3,230,291958,44239,1519862400000
2021,6,209,5076,115024.05,82319.34,13573.64,16.217364066193852,2.6740819542947203,2021,6,209,7098,-2022,1622505600000
2023,4,2,1,29.35,24.0,1.4,24.0,1.4,2023,4,2,4,-3,1680307200000
2023,5,94,64,1934.81,1680.45,58.11,26.25703125,0.90796875,2023,5,94,216,-152,1682899200000
2022,11,177,146,4699.11,4138.04,259.17,28.342739726027396,1.77513698630137,2022,11,177,805,-659,1667260800000
2024,1,55,296,13654.72,12852.73,75.13,43.42138513513513,0.25381756756756757,2024,1,55,553,-257,1704067200000
2025,2,135,492,13842.15,12112.57,117.11,24.619044715447153,0.23802845528455285,2025,2,135,1242,-750,1738368000000
2018,3,43,126628,1691260.44,1355955.83,185204.87,10.708183261206052,1.4625901854250245,2018,3,43,107163,19465,1519862400000
2018,11,105,12,250.64,205.5,32.04,17.125,2.67,2018,11,105,6,6,1541030400000
2020,6,209,770,17762.42,13507.81,1656.24,17.542610389610388,2.150961038961039,2020,6,209,1130,-360,1590969600000
2020,7,18,358,14963.9,13258.51,627.65,37.034944134078216,1.7532122905027931,2020,7,18,708,-350,1593561600000
2022,8,262,38429,694997.8200000001,456731.41,91745.39,11.885071430430143,2.387399880298733,2022,8,262,43164,-4735,1659312000000
2023,4,38,98,4817.41,4383.36,68.0,44.72816326530612,0.6938775510204082,2023,4,38,513,-415,1680307200000
2023,1,204,3,94.2,67.2,0.0,22.400000000000002,0.0,2023,1,204,14,-11,1672531200000
2017,5,198,382,6652.78,5383.35,670.51,14.092539267015708,1.7552617801047121,2017,5,198,6723,-6341,1493596800000
2018,4,165,265,6376.7300000000005,5714.3,212.7,21.563396226415094,0.8026415094339622,2018,4,165,1814,-1549,1522540800000
2020,8,87,4491,103780.43000000001,76384.48,10956.15,17.008345580048985,2.4395791583166333,2020,8,87,5431,-940,1596240000000
2024,5,193,2058,30236.99,25992.18,1202.27,12.629825072886298,0.5841933916423713,2024,5,193,2712,-654,1714521600000
2019,6,64,117,4347.15,3930.0,122.21,33.58974358974359,1.0445299145299145,2019,6,64,722,-605,1559347200000
2018,5,249,177459,2505559.8899999997,1979083.14,303776.9799999999,11.152340202525654,1.7118150107912247,2018,5,249,146127,31332,1525132800000
2017,6,116,11710,187007.91,155099.13,16744.73,13.24501537147737,1.4299513236549957,2017,6,116,28523,-16813,1496275200000
2022,12,8,23,1152.34,866.35,128.74,37.667391304347824,5.597391304347826,2022,12,8,73,-50,1669852800000
2019,7,219,788,45602.11,37821.08,3168.08,47.99629441624366,4.020406091370559,2019,7,219,3266,-2478,1561939200000
2017,8,64,39,1512.09,1283.5,131.49,32.91025641025641,3.371538461538462,2017,8,64,740,-701,1501545600000
2021,8,224,4604,86703.47,58190.72,10780.18,12.639165942658558,2.3414813205907907,2021,8,224,10485,-5881,1627776000000
2018,6,111,23,429.11,364.56,35.25,15.850434782608696,1.5326086956521738,2018,6,111,110,-87,1527811200000
2016,3,206,48,798.64,625.81,81.73,13.037708333333333,1.7027083333333335,2016,3,206,266,-218,1456790400000
2017,6,32,37,961.8,789.5,76.72,21.33783783783784,2.0735135135135137,2017,6,32,650,-613,1496275200000
2017,12,202,383,7863.02,6695.12,660.1,17.480731070496084,1.7234986945169712,2017,12,202,3852,-3469,1512086400000
2019,11,249,136387,2303123.62,1507009.34,288828.10000000003,11.049508677513254,2.1177098990372984,2019,11,249,110608,25779,1572566400000
2018,1,208,64,2076.5299999999997,1774.51,158.20000000000002,27.72671875,2.4718750000000003,2018,1,208,1058,-994,1514764800000
2020,11,55,453,18972.420000000002,16837.7,1084.55,37.169315673289184,2.394150110375276,2020,11,55,781,-328,1604188800000
2019,9,177,509,15417.93,13704.26,355.88,26.923889980353636,0.6991748526522593,2019,9,177,1590,-1081,1567296000000
2020,12,136,411,14734.54,12673.56,1020.47,30.83591240875912,2.482895377128954,2020,12,136,631,-220,1606780800000
2021,5,141,78970,1205338.17,767927.84,150856.04,9.724298341142205,1.910295555274155,2021,5,141,77459,1511,1619827200000
2016,11,206,5,120.16,32.0,83.16,6.4,16.631999999999998,2016,11,206,168,-163,1477958400000
2017,11,241,58,781.76,654.5,61.91,11.28448275862069,1.0674137931034482,2017,11,241,1244,-1186,1509494400000
2020,2,228,515,15383.460000000001,13207.210000000001,710.74,25.64506796116505,1.3800776699029127,2020,2,228,3335,-2820,1580515200000
2016,1,59,12,215.98000000000002,174.0,25.880000000000003,14.5,2.1566666666666667,2016,1,59,71,-59,1451606400000
2019,7,221,8,385.46999999999997,318.90999999999997,15.81,39.863749999999996,1.97625,2019,7,221,146,-138,1561939200000
2021,7,58,16,614.5,521.9300000000001,29.52,32.620625000000004,1.845,2021,7,58,98,-82,1625097600000
2018,9,149,150,4691.01,4205.45,166.4,28.03633333333333,1.1093333333333333,2018,9,149,952,-802,1535760000000
2022,9,71,104,3676.7799999999997,3239.12,181.91,31.145384615384614,1.7491346153846155,2022,9,71,762,-658,1661990400000
2021,12,201,30,1632.59,1409.54,0.0,46.98466666666666,0.0,2021,12,201,259,-229,1638316800000
2023,6,11,47,2170.61,1879.78,135.13,39.99531914893617,2.875106382978723,2023,6,11,252,-205,1685577600000
2019,2,68,166442,2809733.48,1875903.19,327189.98,11.27061192487473,1.9657897646026843,2019,2,68,158638,7804,1548979200000
2023,8,136,123,4497.96,4033.86,79.77,32.79560975609756,0.6485365853658537,2023,8,136,467,-344,1690848000000
2023,12,185,107,3606.29,3325.59,18.380000000000003,31.080280373831776,0.17177570093457947,2023,12,185,378,-271,1701388800000
2024,1,8,11,974.88,744.4,125.9,67.67272727272727,11.445454545454545,2024,1,8,45,-34,1704067200000
2024,11,112,2069,58603.94,49294.0,2026.53,23.825036249395843,0.9794731754470759,2024,11,112,8051,-5982,1730419200000
2017,2,34,283,4726.57,3894.5,441.17,13.76148409893993,1.558904593639576,2017,2,34,1316,-1033,1485907200000
2018,8,148,107304,1673210.4300000002,1348025.84,188402.75999999998,12.562680235592337,1.7557850592708564,2018,8,148,87254,20050,1533081600000
2020,2,137,72202,1168270.43,766436.59,129914.92,10.615171186393729,1.799325780449295,2020,2,137,82517,-10315,1580515200000
2019,4,232,11397,241671.41999999998,177291.26,22345.45,15.5559585855927,1.9606431517065894,2019,4,232,32261,-20864,1554076800000
2025,9,242,636,22253.95,20092.43,239.17,31.59187106918239,0.37605345911949684,2025,9,242,1589,-953,1756684800000
2019,7,19,146,5213.03,4745.17,88.81,32.501164383561644,0.6082876712328767,2019,7,19,675,-529,1561939200000
2023,1,228,160,6343.5,5265.45,500.3,32.9090625,3.126875,2023,1,228,1416,-1256,1672531200000
2023,6,263,61405,1334765.2699999998,866564.99,171049.02000000002,14.11228711017018,2.7855878185815492,2023,6,263,66715,-5310,1685577600000
2025,10,175,210,6649.96,5729.64,47.34,27.284000000000002,0.22542857142857145,2025,10,175,572,-362,1759276800000
2023,7,111,3,189.52,150.53,31.990000000000002,50.17666666666667,10.663333333333334,2023,7,111,22,-19,1688169600000
2018,1,54,334,5595.7,4504.06,630.11,13.485209580838324,1.886556886227545,2018,1,54,2466,-2132,1514764800000
2018,12,74,33049,436557.13,363570.45,28732.710000000003,11.00095161729553,0.8693972586159945,2018,12,74,67031,-33982,1543622400000
2024,11,180,240,8159.06,7168.13,405.42,29.867208333333334,1.6892500000000001,2024,11,180,519,-279,1730419200000
2017,1,31,22,678.4300000000001,584.01,47.26,26.545909090909092,2.148181818181818,2017,1,31,291,-269,1483228800000
2017,6,24,29056,412220.76,332053.28,43743.76,11.428045154185023,1.5054983480176212,2017,6,24,31536,-2480,1496275200000
2018,10,169,349,9292.4,8282.6,302.56,23.732378223495704,0.8669340974212034,2018,10,169,1576,-1227,1538352000000
2019,1,187,8,497.91999999999996,436.94,2.0,54.6175,0.25,2019,1,187,59,-51,1546300800000
2020,8,66,238,7248.41,6364.52,450.17,26.74168067226891,1.8914705882352942,2020,8,66,856,-618,1596240000000
2025,6,4,14540,340014.25,247874.82,13204.53,17.047786795048143,0.9081519944979368,2025,6,4,20058,-5518,1748736000000
2022,8,30,13,128.82999999999998,104.22,9.66,8.016923076923076,0.7430769230769231,2022,8,30,43,-30,1659312000000
2017,10,83,1062,17389.97,14646.47,1138.29,13.791403013182673,1.0718361581920903,2017,10,83,4075,-3013,1506816000000
2019,6,145,9020,235936.21,180616.3,24562.989999999998,20.023980044345898,2.7231696230598668,2019,6,145,21668,-12648,1559347200000
2018,3,130,848,40349.57,32401.51,4099.56,38.20932783018868,4.834386792452831,2018,3,130,2339,-1491,1519862400000
2016,5,164,282571,4224570.8100000005,3353215.72,455920.36,11.866807704966186,1.6134718707864573,2016,5,164,248232,34339,1462060800000
2024,6,30,7,166.92,93.77,12.850000000000001,13.395714285714286,1.8357142857142859,2024,6,30,27,-20,1717200000000
2018,7,209,17091,329583.01,271867.04,34621.56,15.907029430694516,2.0257187993680885,2018,7,209,21687,-4596,1530403200000
2018,9,15,82,3681.86,3260.74,133.33,39.76512195121951,1.6259756097560978,2018,9,15,829,-747,1535760000000
2018,5,228,929,20842.57,17552.19,1585.8700000000001,18.893638320775025,1.707072120559742,2018,5,228,5859,-4930,1525132800000
2018,6,57,33,901.49,727.25,114.30000000000001,22.03787878787879,3.463636363636364,2018,6,57,505,-472,1527811200000
2019,6,176,4,318.93,255.97,28.16,63.9925,7.04,2019,6,176,66,-62,1559347200000
2023,8,216,550,32718.65,27492.95,3395.21,49.98718181818182,6.173109090909091,2023,8,216,3589,-3039,1690848000000
2019,11,139,275,11422.3,10209.98,5.05,37.127199999999995,0.018363636363636363,2019,11,139,920,-645,1572566400000
2025,3,186,133176,3138573.5,2024969.34,396680.12,15.205212200396469,2.978615666486454,2025,3,186,92961,40215,1740787200000
2025,6,157,2538,87463.93,73007.42,4180.94,28.76572892040977,1.6473364854215917,2025,6,157,3049,-511,1748736000000
2018,4,39,404,13127.32,11949.5,353.41,29.577970297029704,0.8747772277227723,2018,4,39,1979,-1575,1522540800000
2025,3,135,691,21492.14,19027.31,226.22,27.535904486251813,0.3273806078147612,2025,3,135,1453,-762,1740787200000
2025,9,169,949,28480.74,25742.49,104.61999999999999,27.125911485774502,0.11024236037934668,2025,9,169,1516,-567,1756684800000
2024,2,186,100416,2410754.4400000004,1621790.15,311886.05,16.150714527565327,3.1059397904716377,2024,2,186,64999,35417,1706745600000
2020,7,217,136,4123.31,3523.71,253.78,25.909632352941177,1.8660294117647058,2020,7,217,700,-564,1593561600000
2017,2,126,91,1850.5600000000002,1562.5,147.12,17.17032967032967,1.6167032967032968,2017,2,126,1098,-1007,1485907200000
2016,9,200,98,2659.19,2131.84,317.39,21.753469387755104,3.238673469387755,2016,9,200,3346,-3248,1472688000000
2021,3,159,923,23133.69,19082.55,924.99,20.67448537378115,1.0021560130010834,2021,3,159,1879,-956,1614556800000
2018,5,122,85,2717.16,2415.0,143.38,28.41176470588235,1.6868235294117646,2018,5,122,430,-345,1525132800000
2016,4,120,77,1696.31,1361.8,205.15,17.685714285714287,2.664285714285714,2016,4,120,591,-514,1459468800000
2021,10,200,101,4837.76,4025.79,207.13,39.859306930693066,2.0507920792079206,2021,10,200,1164,-1063,1633046400000
2022,7,15,43,1613.94,1446.31,93.93,33.63511627906976,2.184418604651163,2022,7,15,402,-359,1656633600000
2022,4,96,10,328.02,295.47,9.95,29.547000000000004,0.9949999999999999,2022,4,96,83,-73,1648771200000
2020,5,230,4330,75918.12000000001,54385.41,5219.05,12.560140877598153,1.205323325635104,2020,5,230,3973,357,1588291200000
2021,3,46,43,1724.3500000000001,1470.17,19.240000000000002,34.190000000000005,0.4474418604651163,2021,3,46,111,-68,1614556800000
2022,1,148,21582,392517.68,261523.12,51473.409999999996,12.117649893429709,2.3850157538689647,2022,1,148,22486,-904,1640995200000
2023,5,41,8699,191247.74,143338.83,18954.26,16.477621565697206,2.178901023106104,2023,5,41,21033,-12334,1682899200000
2018,12,54,268,5328.22,4317.37,561.76,16.109589552238806,2.0961194029850745,2018,12,54,2089,-1821,1543622400000
2024,5,207,297,4214.53,3097.29,397.55,10.428585858585858,1.3385521885521885,2024,5,207,276,21,1714521600000
2020,12,62,350,10174.89,8735.58,892.56,24.9588,2.5501714285714283,2020,12,62,1016,-666,1606780800000
2025,6,159,1607,43787.45,39027.38,92.16,24.285861854387054,0.05734909769757311,2025,6,159,1987,-380,1748736000000
2023,5,214,24,1618.6499999999999,1377.8,27.0,57.40833333333333,1.125,2023,5,214,56,-32,1682899200000
2024,4,64,62,3373.1,3007.92,125.02000000000001,48.51483870967742,2.016451612903226,2024,4,64,467,-405,1711929600000
2023,11,217,150,4123.14,3455.93,274.66,23.03953333333333,1.8310666666666668,2023,11,217,1283,-1133,1698796800000
2021,5,61,1440,46402.54,39382.06,1235.66,27.348652777777776,0.8580972222222223,2021,5,61,4528,-3088,1619827200000
2018,4,52,5324,93233.47,75281.06,12303.87,14.139943651389933,2.311019909842224,2018,4,52,7754,-2430,1522540800000
2020,6,210,157,6566.91,5819.69,296.94,37.06808917197452,1.8913375796178344,2020,6,210,274,-117,1590969600000
2019,7,165,518,14805.57,12999.49,210.2,25.09554054054054,0.40579150579150575,2019,7,165,1634,-1116,1561939200000
2022,9,152,2811,51652.21,39962.41,5477.3,14.216438989683388,1.948523657061544,2022,9,152,5292,-2481,1661990400000
2020,3,102,103,2446.69,2197.41,18.12,21.33407766990291,0.17592233009708738,2020,3,102,513,-410,1583020800000
2023,9,222,142,5681.07,5186.56,46.230000000000004,36.525070422535215,0.3255633802816902,2023,9,222,271,-129,1693526400000
2021,4,149,356,13647.1,11902.85,108.4,33.43497191011236,0.3044943820224719,2021,4,149,637,-281,1617235200000
2023,12,5,1,81.91,80.41,0.0,80.41,0.0,2023,12,5,16,-15,1701388800000
2024,7,164,72752,1707732.47,1137725.21,201302.24,15.638404579942819,2.7669650318891574,2024,7,164,70956,1796,1719792000000
2018,4,262,110016,1466391.41,1161106.39,171761.29,10.553977512361838,1.5612391833915067,2018,4,262,120025,-10009,1522540800000
2018,12,151,76188,1011025.77,807447.08,111595.64,10.598087362839292,1.4647403790623195,2018,12,151,72532,3656,1543622400000
2024,4,109,1,52.96,51.46,0.0,51.46,0.0,2024,4,109,25,-24,1711929600000
2024,7,45,5163,140980.91,103752.3,13617.73,20.09535153980244,2.6375614952546966,2024,7,45,9353,-4190,1719792000000
2018,8,42,13626,184338.6,155229.86,11077.43,11.39218112432115,0.8129627183325995,2018,8,42,36001,-22375,1533081600000
2025,6,87,33654,979080.04,704596.41,80447.54,20.93648333036192,2.390430260890236,2025,6,87,44006,-10352,1748736000000
2023,4,117,158,9290.45,8348.16,23.240000000000002,52.83645569620253,0.14708860759493672,2023,4,117,337,-179,1680307200000
2019,7,124,287,12520.69,10722.74,566.21,37.361463414634144,1.972857142857143,2019,7,124,1185,-898,1561939200000
2016,5,161,405450,6265586.11,4996744.99,689716.33,12.323948674312494,1.7011131582192625,2016,5,161,436689,-31239,1462060800000
2023,3,21,95,3928.07,3578.33,38.24,37.66663157894737,0.40252631578947373,2023,3,21,364,-269,1677628800000
2023,9,160,74,3517.46,2947.2400000000002,298.51,39.82756756756757,4.033918918918919,2023,9,160,939,-865,1693526400000
2021,7,129,947,25494.03,20836.07,1494.41,22.002185850052797,1.5780464625131996,2021,7,129,4923,-3976,1625097600000
2018,11,85,418,12294.61,10974.06,369.21,26.25373205741627,0.8832775119617224,2018,11,85,1381,-963,1541030400000
2019,12,65,7692,163947.9,128398.16,16721.91,16.692428497139886,2.1739352574102964,2019,12,65,11528,-3836,1575158400000
2025,2,251,16,841.88,659.72,0.08,41.2325,0.005,2025,2,251,46,-30,1738368000000
2024,3,128,39,1421.2,1210.03,80.67,31.026410256410255,2.0684615384615386,2024,3,128,317,-278,1709251200000
2018,4,152,9278,128018.90000000001,105846.8,10739.45,11.408363871524037,1.1575177840051736,2018,4,152,15894,-6616,1522540800000
2019,11,251,6,363.86,269.47,5.0,44.91166666666667,0.8333333333333334,2019,11,251,106,-100,1572566400000
2025,3,8,32,1237.43,901.26,151.92000000000002,28.164375,4.7475000000000005,2025,3,8,67,-35,1740787200000
2019,12,144,67999,1239602.29,845721.64,141427.35,12.437265842144738,2.079844556537596,2019,12,144,61605,6394,1575158400000
2018,3,148,126439,1956437.89,1569336.6,228008.27,12.411808065549396,1.803306495622395,2018,3,148,100163,26276,1519862400000
2021,5,234,68903,1116691.83,715490.55,144336.65,10.384026094654805,2.094780343381275,2021,5,234,59646,9257,1619827200000
2016,2,83,1590,24032.68,20315.14,1479.04,12.776817610062892,0.9302138364779874,2016,2,83,5305,-3715,1454284800000
2021,1,66,203,5715.3,4887.32,401.85,24.075467980295564,1.9795566502463056,2021,1,66,1179,-976,1609459200000
2019,3,217,810,14935.58,12916.79,716.1,15.946654320987655,0.8840740740740741,2019,3,217,2927,-2117,1551398400000
2022,1,100,39107,647326.51,421423.44,77055.98000000001,10.776163858132815,1.9703884215102159,2022,1,100,32098,7009,1640995200000
2020,2,205,586,25362.96,22545.92,60.84,38.474266211604096,0.10382252559726964,2020,2,205,1278,-692,1580515200000
2019,6,236,261678,4038086.8699999996,2605082.99,477311.35000000003,9.955299987006933,1.8240408058759239,2019,6,236,271513,-9835,1559347200000
2019,10,133,416,10470.210000000001,8762.4,564.4499999999999,21.06346153846154,1.3568509615384614,2019,10,133,2151,-1735,1569888000000
2024,2,239,90849,1927960.61,1244708.44,255550.8,13.70084910125593,2.812918138889806,2024,2,239,87788,3061,1706745600000
2023,11,206,4,46.01,44.0,0.01,11.0,0.0025,2023,11,206,59,-55,1698796800000
2024,7,128,21,567.12,483.45,33.230000000000004,23.021428571428572,1.5823809523809527,2024,7,128,271,-250,1719792000000
2019,2,84,10,663.42,612.4,0.0,61.239999999999995,0.0,2019,2,84,88,-78,1548979200000
2022,2,148,31283,600871.22,404670.56,80595.35,12.935797717610203,2.5763305948917945,2022,2,148,30365,918,1643673600000
2025,10,39,2905,87913.72,82247.22,173.31,28.31229604130809,0.0596592082616179,2025,10,39,3895,-990,1759276800000
2017,11,245,4,342.25,313.5,26.05,78.375,6.5125,2017,11,245,78,-74,1509494400000
2018,9,169,252,6269.87,5561.81,189.56,22.070674603174606,0.7522222222222222,2018,9,169,1587,-1335,1535760000000
2020,6,2,3,176.79,162.35,7.75,54.11666666666667,2.5833333333333335,2020,6,2,1,2,1590969600000
2024,3,31,30,1340.41,1122.13,75.0,37.404333333333334,2.5,2024,3,31,201,-171,1709251200000
2023,12,193,1939,26715.76,22096.95,1280.55,11.396054667354306,0.6604177411036617,2023,12,193,2718,-779,1701388800000
2025,8,75,26773,548122.08,406581.45,33759.74,15.186249206289919,1.260962163373548,2025,8,75,40019,-13246,1754006400000
2016,9,45,25036,425946.60000000003,355967.94,39793.63,14.218243329605368,1.5894563828087553,2016,9,45,29315,-4279,1472688000000
2018,6,204,3,104.97,79.82,23.25,26.606666666666666,7.75,2018,6,204,43,-40,1527811200000
2017,3,69,619,8674.72,7488.07,360.57,12.097043618739903,0.5825040387722132,2017,3,69,4517,-3898,1488326400000
2017,11,148,125491,1981218.72,1596834.59,226751.36,12.724694121490785,1.806913324461515,2017,11,148,97393,28098,1509494400000
2016,9,162,322709,5053152.54,3999830.76,589696.76,12.394543567114644,1.8273328602549046,2016,9,162,296437,26272,1472688000000
2019,2,127,700,16259.18,13785.15,940.64,19.69307142857143,1.3437714285714286,2019,2,127,5050,-4350,1548979200000
2019,12,171,202,7188.52,6167.19,55.220000000000006,30.530643564356435,0.2733663366336634,2019,12,171,1098,-896,1575158400000
2021,12,257,85,3133.43,2534.32,211.29,29.815529411764707,2.4857647058823527,2021,12,257,1254,-1169,1638316800000
2021,11,36,269,9241.2,7491.03,896.57,27.847695167286243,3.3329739776951675,2021,11,36,2183,-1914,1635724800000
2016,9,118,32,687.93,407.2,223.04999999999998,12.725,6.9703124999999995,2016,9,118,240,-208,1472688000000
2025,8,36,4579,107214.45,87459.04,1287.93,19.100030574361213,0.28126883599039093,2025,8,36,6554,-1975,1754006400000
2020,2,260,2877,66863.4,53122.42,5740.339999999999,18.464518595759472,1.9952519986096626,2020,2,260,6451,-3574,1580515200000
2020,10,89,941,30529.44,25730.72,2588.16,27.3440170031881,2.750435706695005,2020,10,89,2144,-1203,1601510400000
2022,1,196,128,4676.21,3955.28,280.67,30.900625,2.192734375,2022,1,196,919,-791,1640995200000
2022,1,107,59771,1349537.19,1002960.8400000001,124956.38,16.780057887604357,2.0905854009469476,2022,1,107,53125,6646,1640995200000
2023,10,78,195,5993.88,5326.29,85.49,27.314307692307693,0.4384102564102564,2023,10,78,421,-226,1696118400000
2022,11,53,44,1727.06,1462.06,98.6,33.22863636363636,2.2409090909090907,2022,11,53,346,-302,1667260800000
2018,5,128,75,1916.91,1639.5,114.82,21.86,1.5309333333333333,2018,5,128,572,-497,1525132800000
2021,4,163,49695,786107.4,502798.3,99017.42,10.117683871616862,1.9925026662642116,2021,4,163,42899,6796,1617235200000
2022,6,128,17,622.38,507.34000000000003,73.84,29.843529411764706,4.343529411764706,2022,6,128,224,-207,1654041600000
2023,1,100,49242,1160952.23,776982.78,135359.1,15.77886316559035,2.7488546362860973,2023,1,100,40779,8463,1672531200000
2025,9,125,22617,571457.1,384353.63,59848.54,16.994014679223593,2.6461750011053633,2025,9,125,24291,-1674,1756684800000
2023,3,109,4,191.15,181.1,0.0,45.275,0.0,2023,3,109,30,-26,1677628800000
2021,6,95,547,18216.579999999998,14983.08,513.14,27.391371115173673,0.9380987202925045,2021,6,95,3597,-3050,1622505600000
2021,9,11,50,2615.32,2279.29,44.58,45.5858,0.8916,2021,9,11,289,-239,1630454400000
2019,10,86,178,10094.71,9138.78,10.76,51.341460674157304,0.06044943820224719,2019,10,86,884,-706,1569888000000
2022,4,158,27711,547202.84,364642.23,75311.49,13.15875392443434,2.7177471040381076,2022,4,158,36602,-8891,1648771200000
2018,5,230,299260,5091881.75,4050814.11,555224.23,13.53610275345853,1.855323898950745,2018,5,230,287981,11279,1525132800000
2021,10,257,149,5610.56,4439.32,374.97,29.79409395973154,2.5165771812080537,2021,10,257,1370,-1221,1633046400000
2022,7,124,77,4722.98,3743.43,649.7,48.615974025974026,8.437662337662339,2022,7,124,628,-551,1656633600000
2023,6,14,223,10122.55,8433.72,463.68,37.81937219730941,2.0792825112107622,2023,6,14,2333,-2110,1685577600000
2021,2,31,21,529.29,427.38,18.62,20.35142857142857,0.8866666666666667,2021,2,31,126,-105,1612137600000
2020,2,113,97943,1591053.6300000001,1030243.07,200244.80000000002,10.518802466740858,2.0445034356717686,2020,2,113,86363,11580,1580515200000
2025,2,256,3850,96691.14,80013.8,2323.2,20.782805194805196,0.6034285714285714,2025,2,256,7018,-3168,1738368000000
2018,4,261,52174,1050109.28,864061.75,112003.59,16.5611559397401,2.1467318971135048,2018,4,261,44476,7698,1522540800000
2019,10,193,5652,60464.92,49726.32,3209.4,8.798004246284501,0.5678343949044586,2019,10,193,7320,-1668,1569888000000
2017,12,222,52,1406.32,1311.0,12.18,25.21153846153846,0.23423076923076921,2017,12,222,268,-216,1512086400000
2018,11,149,248,7387.4,6714.4,102.13,27.074193548387097,0.41181451612903225,2018,11,149,1011,-763,1541030400000
2024,7,151,22381,467400.41,329794.63,54194.94,14.735473392609803,2.421470890487467,2024,7,151,25172,-2791,1719792000000
2024,9,20,153,5881.72,5226.36,103.12,34.15921568627451,0.6739869281045752,2024,9,20,395,-242,1725148800000
2023,9,231,41898,1167373.59,816214.22,145867.64,19.480982863143826,3.4814941047305363,2023,9,231,46624,-4726,1693526400000
2024,1,265,1659,155021.88,136625.01,13254.37,82.35383363471972,7.989373116335142,2024,1,265,11968,-10309,1704067200000
2024,5,107,73901,1666685.04,1115237.89,196879.49,15.090971570073476,2.664097779461712,2024,5,107,70258,3643,1714521600000
2019,4,87,52755,1269641.82,910231.17,152342.71,17.25393176002275,2.8877397403089753,2019,4,87,56717,-3962,1554076800000
2018,11,242,411,12216.48,10598.84,467.35,25.78793187347932,1.1371046228710462,2018,11,242,1180,-769,1541030400000
2020,4,132,1891,88622.61,74030.44,7866.44,39.148831306187205,4.159936541512427,2020,4,132,451,1440,1585699200000
2016,4,244,11850,219974.74,182643.27,21268.22,15.412934177215188,1.7947864978902954,2016,4,244,44247,-32397,1459468800000
2017,1,115,188,2998.83,2413.0,330.87,12.835106382978724,1.7599468085106382,2017,1,115,280,-92,1483228800000
2017,7,7,15219,208355.87,174912.97,14971.09,11.49306590446153,0.9837104934621197,2017,7,7,40801,-25582,1498867200000
2021,8,92,347,13684.74,11527.64,407.46,33.22086455331412,1.174236311239193,2021,8,92,1984,-1637,1627776000000
2021,2,95,576,18827.16,15283.1,886.04,26.533159722222223,1.5382638888888889,2021,2,95,1986,-1410,1612137600000
2025,11,209,8149,197397.58,133965.93,17757.72,16.43955454657013,2.179128727451221,2025,11,209,11610,-3461,1761955200000
2021,12,203,74,3647.41,3238.94,82.82,43.76945945945946,1.1191891891891892,2021,12,203,506,-432,1638316800000
2017,10,130,870,46749.1,36992.57,5248.45,42.52019540229885,6.032701149425288,2017,10,130,2125,-1255,1506816000000
2020,3,218,343,10735.19,9973.88,4.33,29.078367346938773,0.012623906705539359,2020,3,218,961,-618,1583020800000
2022,2,203,57,2708.72,2502.2000000000003,33.02,43.89824561403509,0.5792982456140351,2022,2,203,415,-358,1643673600000
2022,4,59,1,53.84,36.43,7.56,36.43,7.56,2022,4,59,15,-14,1648771200000
2024,5,137,38763,876448.33,598785.36,93225.59,15.447343084900549,2.405014833733199,2024,5,137,45090,-6327,1714521600000
2021,1,248,317,13037.41,11231.52,466.09,35.430662460567824,1.470315457413249,2021,1,248,559,-242,1609459200000
2024,8,255,2952,84046.69,69846.72,4517.17,23.66081300813008,1.5302066395663958,2024,8,255,7948,-4996,1722470400000
2018,9,63,187,6567.99,5698.18,437.24,30.47155080213904,2.3381818181818184,2018,9,63,967,-780,1535760000000
2023,7,165,111,3477.91,3133.04,63.67,28.225585585585584,0.5736036036036036,2023,7,165,680,-569,1688169600000
2021,4,67,141,4775.19,4031.11,63.08,28.589432624113478,0.4473758865248227,2021,4,67,440,-299,1617235200000
2023,9,158,26419,683829.41,465225.6,87500.47,17.609508308414398,3.312028085847307,2023,9,158,29188,-2769,1693526400000
2024,4,161,163461,3968093.75,2621285.9,503265.08,16.03615480145111,3.07880827842727,2024,4,161,130488,32973,1711929600000
2018,10,228,922,23167.66,19850.09,1436.98,21.529381778741865,1.5585466377440347,2018,10,228,5224,-4302,1538352000000
2018,11,13,67844,1366982.9100000001,1098794.01,174364.31,16.195890719886798,2.570077088615058,2018,11,13,71250,-3406,1541030400000
2022,1,66,378,9441.53,7352.66,1107.77,19.45148148148148,2.9306084656084654,2022,1,66,2562,-2184,1640995200000
2021,7,214,7,410.6,368.15999999999997,0.0,52.59428571428571,0.0,2021,7,214,66,-59,1625097600000
2024,6,29,228,9113.76,8524.21,51.56,37.386885964912274,0.226140350877193,2024,6,29,555,-327,1717200000000
2020,10,166,11398,178193.65,133261.53,19598.84,11.691659062993507,1.7194981575715038,2020,10,166,14268,-2870,1601510400000
2016,12,240,22,644.86,543.5,78.82,24.704545454545453,3.5827272727272725,2016,12,240,288,-266,1480550400000
2021,8,262,35573,617232.4400000001,405160.33,78910.68,11.389546285103872,2.2182745340567283,2021,8,262,40047,-4474,1627776000000
2024,3,158,35441,854600.03,586091.72,98399.89,16.537110126689427,2.776442256144014,2024,3,158,36040,-599,1709251200000
2019,6,1,788,75808.29,63346.7,9174.87,80.38921319796954,11.643236040609137,2019,6,1,15483,-14695,1559347200000
2017,4,224,29645,416321.73,333917.8,47912.67,11.263882610895598,1.6162142013830325,2017,4,224,43901,-14256,1491004800000
2019,2,67,230,7840.66,7000.64,64.50999999999999,30.437565217391306,0.2804782608695652,2019,2,67,1133,-903,1548979200000
2016,2,252,45,1529.01,1314.01,104.64,29.200222222222223,2.3253333333333335,2016,2,252,1379,-1334,1454284800000
2019,2,253,19,1221.78,1049.08,81.4,55.21473684210526,4.28421052631579,2019,2,253,45,-26,1548979200000
2023,6,231,45740,1251094.89,864228.84,160241.26,18.894377787494534,3.5033069523393094,2023,6,231,49914,-4174,1685577600000
2022,4,170,109276,1968458.0799999998,1281708.46,257548.02000000002,11.72909385409422,2.3568580475127203,2022,4,170,105305,3971,1648771200000
2016,11,82,2922,47956.11,40350.83,2879.77,13.809318959616702,0.9855475701574264,2016,11,82,9312,-6390,1477958400000
2025,9,233,44671,1097995.98,726199.97,111440.49,16.256631147724473,2.494694320700231,2025,9,233,56829,-12158,1756684800000
2023,11,10,1006,71175.99,56907.61,7496.53,56.56820079522863,7.451819085487077,2023,11,10,2662,-1656,1698796800000
2025,5,95,3299,82391.08,68931.09,1438.07,20.89454076993028,0.43591088208548046,2025,5,95,7343,-4044,1746057600000
2017,12,189,2461,38175.48,30734.11,4390.78,12.488464039008534,1.7841446566436407,2017,12,189,10114,-7653,1512086400000
2018,4,195,457,10602.93,8533.12,1017.33,18.67203501094092,2.2261050328227574,2018,4,195,3278,-2821,1522540800000
2022,9,139,91,3692.86,3408.11,88.05,37.45175824175824,0.9675824175824176,2022,9,139,567,-476,1661990400000
2025,7,258,1555,40153.8,35999.37,201.03,23.150720257234727,0.12927974276527332,2025,7,258,2518,-963,1751328000000
2019,4,23,54,4345.79,4030.07,149.57,74.63092592592592,2.7698148148148145,2019,4,23,191,-137,1554076800000
2018,7,145,9565,181555.57,143788.54,17132.76,15.03277992681652,1.7911928907475168,2018,7,145,24972,-15407,1530403200000
2022,4,65,3305,83228.0,64522.91,10199.2,19.522816944024207,3.0859909228441755,2022,4,65,5529,-2224,1648771200000
2018,6,34,226,3433.36,2768.62,371.79,12.250530973451326,1.6450884955752214,2018,6,34,937,-711,1527811200000
2025,11,74,17546,306712.29,225610.61,12697.68,12.858236065200044,0.7236794711045252,2025,11,74,31473,-13927,1761955200000
2018,3,167,315,6011.08,5432.78,147.33,17.246920634920635,0.46771428571428575,2018,3,167,1586,-1271,1519862400000
2024,8,136,186,7165.23,6707.69,23.52,36.06284946236559,0.1264516129032258,2024,8,136,414,-228,1722470400000
2020,9,157,149,4698.31,3955.28,354.27,26.5455033557047,2.3776510067114094,2020,9,157,569,-420,1598918400000
2018,8,94,56,1453.3000000000002,1257.06,103.94000000000001,22.447499999999998,1.8560714285714288,2018,8,94,619,-563,1533081600000
2023,9,233,33972,891104.33,600223.18,109434.1,17.66817320146003,3.2213028376309905,2023,9,233,40603,-6631,1693526400000
2024,6,150,141,5005.22,4661.72,104.46,33.061843971631205,0.7408510638297872,2024,6,150,325,-184,1717200000000
2021,4,253,19,723.31,591.48,89.84,31.130526315789474,4.728421052631579,2021,4,253,24,-5,1617235200000
2018,10,207,625,7605.46,6166.72,623.08,9.866752,0.996928,2018,10,207,607,18,1538352000000
2020,6,31,18,774.66,651.76,23.619999999999997,36.208888888888886,1.3122222222222222,2020,6,31,76,-58,1590969600000
2021,4,196,463,14849.51,12526.83,378.35,27.055788336933045,0.817170626349892,2021,4,196,1210,-747,1617235200000
2022,9,102,69,2483.79,2169.14,177.75,31.436811594202897,2.5760869565217392,2022,9,102,602,-533,1661990400000
2016,10,227,125,2140.12,1753.49,226.94,14.02792,1.81552,2016,10,227,2639,-2514,1475280000000
2023,3,145,2930,76547.44,58105.08,7950.01,19.83108532423208,2.7133139931740615,2023,3,145,10101,-7171,1677628800000
2023,5,28,293,15223.53,12495.22,1363.46,42.645802047781565,4.653447098976109,2023,5,28,1202,-909,1682899200000
2019,11,128,62,1839.46,1598.0,78.46,25.774193548387096,1.2654838709677418,2019,11,128,402,-340,1572566400000
2016,2,178,187,1833.03,1460.3,137.59,7.809090909090909,0.7357754010695188,2016,2,178,1087,-900,1454284800000
2018,5,176,1,22.55,17.5,3.75,17.5,3.75,2018,5,176,60,-59,1525132800000
2017,1,233,120675,1760674.69,1386975.53,205241.84,11.49347859954423,1.7007817692148333,2017,1,233,136550,-15875,1483228800000
2020,11,53,90,3460.33,3011.98,204.01,33.46644444444444,2.2667777777777776,2020,11,53,224,-134,1604188800000
2020,12,174,586,19280.47,16386.66,1542.71,27.96358361774744,2.6326109215017066,2020,12,174,854,-268,1606780800000
2018,1,31,21,772.3499999999999,663.0,69.63,31.571428571428573,3.3157142857142854,2018,1,31,273,-252,1514764800000
2019,1,176,2,95.14999999999999,79.5,14.05,39.75,7.025,2019,1,176,53,-51,1546300800000
2021,11,142,114436,1919464.85,1242786.35,253384.44,10.860099531615926,2.2142021741410045,2021,11,142,98637,15799,1635724800000
2022,1,7,1869,32021.48,25733.15,2843.93,13.768405564472982,1.5216318887105402,2022,1,7,8766,-6897,1640995200000
2016,1,49,5387,77847.29000000001,63088.01,8220.46,11.711158344161872,1.5259810655281232,2016,1,49,23617,-18230,1451606400000
2019,1,101,213,8435.25,7778.82,25.34,36.52028169014084,0.11896713615023474,2019,1,101,628,-415,1546300800000
2019,12,140,122105,2078356.81,1388395.2,239174.79,11.370502436427664,1.9587632775070636,2019,12,140,125383,-3278,1575158400000
2021,1,220,320,10088.72,8584.210000000001,469.8,26.82565625,1.4681250000000001,2021,1,220,954,-634,1609459200000
2017,2,62,402,6215.06,5211.4,482.63,12.9636815920398,1.2005721393034825,2017,2,62,4298,-3896,1485907200000
2024,7,149,235,7252.29,6743.81,96.13,28.697063829787236,0.40906382978723405,2024,7,149,629,-394,1719792000000
2018,4,112,3854,62043.85,50158.15,6560.29,13.01456927867151,1.702202906071614,2018,4,112,21362,-17508,1522540800000
2024,11,9,84,2793.38,2509.16,72.51,29.870952380952378,0.8632142857142858,2024,11,9,331,-247,1730419200000
2022,11,197,394,21085.14,17956.24,2002.09,45.57421319796955,5.081446700507614,2022,11,197,1258,-864,1667260800000
2023,1,21,89,3341.99,2957.2400000000002,95.4,33.22741573033708,1.0719101123595507,2023,1,21,347,-258,1672531200000
2018,11,259,271,9968.32,8641.31,510.5,31.886752767527675,1.8837638376383763,2018,11,259,924,-653,1541030400000
2022,8,5,81,7520.26,5208.3,0.0,64.3,0.0,2022,8,5,80,1,1659312000000
2023,8,51,397,16265.869999999999,14652.33,95.85,36.9076322418136,0.24143576826196472,2023,8,51,690,-293,1690848000000
2017,3,140,175188,2498238.2600000002,2007152.09,278128.3,11.457132280749823,1.5875990364636847,2017,3,140,181629,-6441,1488326400000
2020,4,238,10214,144711.96,97370.08,15666.72,9.533001762287057,1.5338476600744075,2020,4,238,7842,2372,1585699200000
2024,10,111,3,151.31,108.5,19.93,36.166666666666664,6.6433333333333335,2024,10,111,39,-36,1727740800000
2024,12,15,44,1515.1299999999999,1367.65,16.2,31.082954545454548,0.36818181818181817,2024,12,15,354,-310,1733011200000
2025,6,130,5744,172507.47,151704.09,3373.88,26.410879178272978,0.587374651810585,2025,6,130,6257,-513,1748736000000
2019,10,108,171,6768.53,5888.29,430.86,34.434444444444445,2.5196491228070177,2019,10,108,517,-346,1569888000000
2020,9,116,3138,56341.31,46170.87,4539.64,14.71347036328872,1.4466666666666668,2020,9,116,6454,-3316,1598918400000
2019,5,233,99352,1849541.99,1231057.37,218308.54,12.390866515017313,2.197324059908205,2019,5,233,110005,-10653,1556668800000
2019,4,100,148154,2589582.31,1748642.05,267084.29000000004,11.802867624228844,1.802747748963916,2019,4,100,117627,30527,1554076800000
2018,2,250,108,2377.07,1909.96,276.96000000000004,17.684814814814814,2.5644444444444447,2018,2,250,617,-509,1517443200000
2022,4,136,121,5315.73,4792.820000000001,31.96,39.61008264462811,0.2641322314049587,2022,4,136,447,-326,1648771200000
2022,9,197,441,21756.239999999998,18598.4,1919.79,42.17324263038549,4.353265306122449,2022,9,197,1212,-771,1661990400000
2018,2,253,10,921.9100000000001,838.83,34.08,83.88300000000001,3.408,2018,2,253,40,-30,1517443200000
2018,12,253,21,1103.02,911.0,139.18,43.38095238095238,6.6276190476190475,2018,12,253,53,-32,1543622400000
2024,3,17,980,29804.04,26745.4,667.56,27.29122448979592,0.6811836734693877,2024,3,17,3565,-2585,1709251200000
2016,5,21,104,2358.79,1955.83,245.48,18.806057692307693,2.360384615384615,2016,5,21,1543,-1439,1462060800000
2025,3,263,73443,1501993.13,970087.84,164857.58,13.20871750881636,2.2447010606865185,2025,3,263,80585,-7142,1740787200000
2016,4,179,7879,118681.64,97984.57,10991.65,12.436168295468969,1.3950564792486355,2016,4,179,17995,-10116,1459468800000
2016,8,142,245830,3247061.23,2594567.49,346688.94,10.554315950046782,1.41027921734532,2016,8,142,221796,24034,1470009600000
2018,3,220,261,5574.56,4891.5,209.3,18.74137931034483,0.8019157088122606,2018,3,220,3315,-3054,1519862400000
2021,8,48,81254,1405168.4300000002,930215.49,164731.93999999997,11.448242424988308,2.027370221773697,2021,8,48,73578,7676,1627776000000
2022,10,45,4918,114437.76,82372.69,13685.42,16.7492252948353,2.7827206181374544,2022,10,45,9437,-4519,1664582400000
2021,7,106,230,6773.5,5513.15,571.34,23.970217391304345,2.484086956521739,2021,7,106,1014,-784,1625097600000
2025,2,128,50,1532.17,1298.98,29.57,25.9796,0.5914,2025,2,128,390,-340,1738368000000
2025,8,244,8073,193379.58,154495.93,4594.93,19.137362814319335,0.5691725504768983,2025,8,244,17659,-9586,1754006400000
2025,10,240,142,5157.71,4708.95,2.08,33.16161971830986,0.014647887323943662,2025,10,240,316,-174,1759276800000
2017,12,196,705,16745.7,13848.81,1328.99,19.643702127659573,1.8850921985815603,2017,12,196,3313,-2608,1512086400000
2022,8,228,195,7228.71,5720.88,747.58,29.337846153846154,3.83374358974359,2022,8,228,1714,-1519,1659312000000
2024,2,42,3317,79325.09,66927.82,3462.85,20.177214350316554,1.0439704552306301,2024,2,42,11705,-8388,1706745600000
2018,4,77,184,5594.0,5165.8,98.28999999999999,28.075,0.5341847826086956,2018,4,77,710,-526,1522540800000
2022,10,149,61,2564.6,2371.71,63.19,38.88049180327869,1.0359016393442622,2022,10,149,437,-376,1664582400000
2018,10,91,699,25773.04,23201.74,541.74,33.19276108726753,0.7750214592274678,2018,10,91,2020,-1321,1538352000000
2023,7,76,336,12371.86,11174.64,263.17,33.25785714285714,0.7832440476190476,2023,7,76,1507,-1171,1688169600000
2022,2,251,1,19.0,18.2,0.0,18.2,0.0,2022,2,251,27,-26,1643673600000
2022,10,98,48,2232.55,2000.98,133.82,41.687083333333334,2.7879166666666664,2022,10,98,479,-431,1664582400000
2025,2,148,44766,1037626.23,699806.4700000001,94841.86,15.632544118304072,2.118613680025019,2025,2,148,46403,-1637,1738368000000
2019,4,105,11,266.67,198.0,26.87,18.0,2.442727272727273,2019,4,105,5,6,1554076800000
2021,1,89,944,29906.83,25233.73,1702.82,26.730646186440676,1.8038347457627117,2021,1,89,1888,-944,1609459200000
2020,11,51,637,24868.22,21225.49,1662.2,33.32102040816327,2.609419152276295,2020,11,51,991,-354,1604188800000
2016,8,242,101,2009.04,1746.8,84.62,17.295049504950494,0.8378217821782179,2016,8,242,1202,-1101,1470009600000
2019,5,242,480,12644.08,11284.79,117.78,23.509979166666668,0.245375,2019,5,242,1196,-716,1556668800000
2025,10,49,3967,93713.04,77070.2,1725.27,19.427829594151753,0.4349054701285606,2025,10,49,7769,-3802,1759276800000
2016,11,9,26,473.25,378.5,65.5,14.557692307692308,2.519230769230769,2016,11,9,559,-533,1477958400000
2018,9,204,2,274.92,216.5,45.81999999999999,108.25,22.909999999999997,2018,9,204,51,-49,1535760000000
2023,7,102,55,1471.06,1333.65,46.86,24.24818181818182,0.852,2023,7,102,614,-559,1688169600000
2017,9,2,7,330.02,274.0,39.66,39.142857142857146,5.6657142857142855,2017,9,2,5,2,1504224000000
2017,6,6,42,1622.53,953.03,127.46000000000001,22.691190476190474,3.034761904761905,2017,6,6,235,-193,1496275200000
2018,3,106,1472,23256.04,18652.7,2448.04,12.671671195652175,1.663070652173913,2018,3,106,4730,-3258,1519862400000
2021,6,155,292,11636.1,10037.01,38.27,34.37332191780822,0.13106164383561644,2021,6,155,746,-454,1622505600000
2023,8,100,51648,1257165.1500000001,852742.85,140855.43000000002,16.51066546623296,2.7272194470260227,2023,8,100,42633,9015,1690848000000
2019,5,36,743,17677.69,14661.6,1267.39,19.732974427994616,1.7057738896366086,2019,5,36,5498,-4755,1556668800000
2023,1,13,15780,493229.56,348539.27,64909.76,22.087406210392903,4.113419518377693,2023,1,13,21364,-5584,1672531200000
2025,11,168,2744,60042.0,50172.07,441.64,18.284282069970846,0.1609475218658892,2025,11,168,4056,-1312,1761955200000
2025,4,33,4676,130342.07,105164.58,6096.03,22.490286569717707,1.3036847733105217,2025,4,33,10312,-5636,1743465600000
2017,3,232,21127,348866.86,285080.31,37304.89,13.493648411984664,1.7657447815591423,2017,3,232,50690,-29563,1488326400000
2016,1,29,88,1896.15,1631.2,157.69,18.536363636363635,1.7919318181818182,2016,1,29,1060,-972,1451606400000
2019,11,126,190,5916.59,5040.4400000000005,217.42000000000002,26.528631578947373,1.1443157894736844,2019,11,126,934,-744,1572566400000
2018,1,17,1702,22489.93,18755.89,1573.09,11.019911868390128,0.9242596944770858,2018,1,17,11552,-9850,1514764800000
2021,1,82,588,16653.18,13948.63,916.48,23.722159863945578,1.5586394557823129,2021,1,82,1487,-899,1609459200000
2023,7,92,182,6541.68,5566.38,359.05,30.584505494505496,1.972802197802198,2023,7,92,2550,-2368,1688169600000
2020,6,190,43,1301.97,1155.03,68.11,26.861162790697673,1.583953488372093,2020,6,190,112,-69,1590969600000
2022,6,208,77,2623.54,2282.91,139.98,29.648181818181815,1.8179220779220777,2022,6,208,516,-439,1654041600000
2022,9,72,185,6047.74,5584.1900000000005,117.2,30.184810810810813,0.6335135135135135,2022,9,72,718,-533,1661990400000
2022,2,247,238,5724.5599999999995,4945.06,234.75,20.777563025210085,0.9863445378151261,2022,2,247,931,-693,1643673600000
2016,3,41,41447,549271.16,446680.34,50444.4,10.777145269862716,1.2170820566024079,2016,3,41,75819,-34372,1456790400000
2022,12,70,14470,727476.92,509889.71,96660.73,35.237713199723565,6.68007809260539,2022,12,70,1843,12627,1669852800000
2025,5,208,803,22361.63,18954.43,130.01,23.604520547945206,0.16190535491905353,2025,5,208,1392,-589,1746057600000
2025,11,37,7226,140156.64,107476.41,2073.5,14.873569056185996,0.2869499031275948,2025,11,37,9980,-2754,1761955200000
2021,9,17,673,22179.44,18318.55,1630.99,27.219242199108468,2.4234621099554237,2021,9,17,3736,-3063,1630454400000
2024,2,21,128,5330.81,4820.63,129.37,37.661171875,1.010703125,2024,2,21,328,-200,1706745600000
2023,2,47,88,2810.79,2244.2,306.69,25.502272727272725,3.485113636363636,2023,2,47,275,-187,1675209600000
2017,1,145,9284,178470.69,143393.11,17904.14,15.445186342093924,1.9284941835415768,2017,1,145,27528,-18244,1483228800000
2016,2,40,7049,124752.33,97981.5,15447.84,13.900056745637679,2.1914938289119026,2016,2,40,12712,-5663,1454284800000
2022,12,225,402,13377.71,11007.58,1314.72,27.382039800995024,3.27044776119403,2022,12,225,3618,-3216,1669852800000
2023,5,30,2,66.15,57.2,0.0,28.6,0.0,2023,5,30,29,-27,1682899200000
2021,8,77,191,7956.15,6865.6,70.09,35.945549738219896,0.3669633507853403,2021,8,77,530,-339,1627776000000
2024,11,148,40100,1001997.82,700533.86,113369.83999999998,17.469672319201994,2.8271780548628422,2024,11,148,39264,836,1730419200000
2022,5,217,142,3978.19,3332.43,306.96,23.46781690140845,2.1616901408450704,2022,5,217,1626,-1484,1651363200000
2023,3,229,67679,1450298.49,937979.26,185456.78,13.859236395336811,2.7402411383146914,2023,3,229,74497,-6818,1677628800000
2016,5,135,223,4785.65,3970.13,465.4,17.8032735426009,2.086995515695067,2016,5,135,2663,-2440,1462060800000
2016,11,89,1099,22166.36,18339.8,2058.75,16.6877161055505,1.8732939035486806,2016,11,89,9209,-8110,1477958400000
2017,3,248,89,1818.65,1551.0,104.1,17.426966292134832,1.1696629213483145,2017,3,248,1132,-1043,1488326400000
2017,7,191,67,1205.57,938.6,116.96,14.008955223880598,1.7456716417910447,2017,7,191,1108,-1041,1498867200000
2017,12,5,7,651.66,567.8,49.96,81.11428571428571,7.137142857142857,2017,12,5,72,-65,1512086400000
2017,12,161,352431,5314805.91,4253120.66,583145.9099999999,12.067952762384694,1.6546385249878697,2017,12,161,357082,-4651,1512086400000
2021,6,246,34689,615089.81,406589.18,78173.31,11.720983020554065,2.253547522269307,2021,6,246,45417,-10728,1622505600000
2024,7,189,483,14822.47,12824.46,1010.68,26.551677018633537,2.0925051759834368,2024,7,189,2842,-2359,1719792000000
2020,7,227,180,6297.91,5636.66,317.47,31.314777777777778,1.7637222222222224,2020,7,227,328,-148,1593561600000
2021,7,183,122,5189.7699999999995,4403.74,7.91,36.09622950819672,0.06483606557377049,2021,7,183,253,-131,1625097600000
2017,8,42,12907,168557.46,140002.14,11651.269999999999,10.84699310451693,0.902709382505617,2017,8,42,36494,-23587,1501545600000
2019,12,22,285,8942.25,7923.59,75.78,27.802070175438597,0.2658947368421053,2019,12,22,1403,-1118,1575158400000
2022,6,209,7552,186520.02,132526.89,24497.129999999997,17.54858183262712,3.243793697033898,2022,6,209,10526,-2974,1654041600000
2024,5,220,267,9897.36,8857.1,98.88,33.17265917602997,0.37033707865168536,2024,5,220,1362,-1095,1714521600000
2018,4,154,31,1723.23,1344.0,270.93,43.354838709677416,8.73967741935484,2018,4,154,84,-53,1522540800000
2020,1,146,5263,87228.29,68527.8,7274.89,13.020672620178606,1.3822705681170435,2020,1,146,7338,-2075,1577836800000
2024,12,226,3484,126584.6,104321.15,10980.96,29.942924799081513,3.151825487944891,2024,12,226,5951,-2467,1733011200000
2022,10,209,7235,182487.04,130393.01,23680.31,18.022530753282652,3.2730214236351074,2022,10,209,10753,-3518,1664582400000
2020,12,77,435,14722.72,12534.79,1157.76,28.815609195402303,2.6615172413793102,2020,12,77,639,-204,1606780800000
2021,4,193,1940,25269.31,21351.2,786.77,11.005773195876289,0.40555154639175256,2021,4,193,2290,-350,1617235200000
2024,6,163,100022,2464826.21,1651044.39,305315.2,16.50681240127172,3.052480454300054,2024,6,163,86601,13421,1717200000000
2024,6,133,260,8721.65,7701.73,258.46,29.62203846153846,0.994076923076923,2024,6,133,916,-656,1717200000000
2022,2,237,142614,2148205.1399999997,1346349.78,284571.48,9.440516218604063,1.9953965248853547,2022,2,237,124630,17984,1643673600000
2024,10,154,65,2159.69,1881.42,145.86,28.94492307692308,2.244,2024,10,154,335,-270,1727740800000
2025,7,39,3857,104606.67,96896.95,151.76,25.122361939331086,0.03934664246823956,2025,7,39,4953,-1096,1751328000000
2019,8,30,14,594.99,530.87,0.0,37.919285714285714,0.0,2019,8,30,35,-21,1564617600000
2022,12,161,123525,2715410.66,1824215.36,347876.59,14.767985104229913,2.8162444039668086,2022,12,161,127019,-3494,1669852800000
2025,10,208,592,18795.66,16596.78,126.85,28.03510135135135,0.21427364864864865,2025,10,208,1363,-771,1759276800000
2021,5,255,843,20804.34,15796.61,2629.27,18.738564650059313,3.118944246737841,2021,5,255,5109,-4266,1619827200000
2018,6,131,155,4788.39,4194.0,254.91,27.058064516129033,1.6445806451612903,2018,6,131,1174,-1019,1527811200000
2021,11,112,795,19047.53,14429.75,2446.98,18.15062893081761,3.077962264150943,2021,11,112,7112,-6317,1635724800000
2017,3,138,246818,10900405.66,8276432.81,1435785.99,33.532533324149775,5.817185091849055,2017,3,138,118614,128204,1488326400000
2020,7,153,100,3011.27,2717.4900000000002,121.52,27.1749,1.2152,2020,7,153,156,-56,1593561600000
2023,7,192,61,1861.55,1640.27,81.58,26.88967213114754,1.3373770491803278,2023,7,192,347,-286,1688169600000
2023,4,60,63,2009.03,1801.99,32.54,28.603015873015874,0.5165079365079365,2023,4,60,228,-165,1680307200000
2021,11,72,248,9032.17,7976.38,25.14,32.16282258064516,0.10137096774193549,2021,11,72,769,-521,1635724800000
2024,2,203,144,7865.59,7081.46,300.3,49.17680555555555,2.0854166666666667,2024,2,203,543,-399,1706745600000
2025,11,186,130698,3314897.98,2174651.41,422781.74,16.638750478201658,3.2347988492555357,2025,11,186,90034,40664,1761955200000
2020,10,118,13,1484.4299999999998,1384.57,24.75,106.50538461538461,1.9038461538461537,2020,10,118,50,-37,1601510400000
2019,5,252,157,6603.88,5810.78,234.57,37.01133757961783,1.494076433121019,2019,5,252,1141,-984,1556668800000
2022,4,201,36,2515.15,2174.9,75.19999999999999,60.41388888888889,2.0888888888888886,2022,4,201,307,-271,1648771200000
2017,1,197,323,9449.2,7881.99,787.5,24.402445820433435,2.4380804953560373,2017,1,197,2094,-1771,1483228800000
2020,3,70,362,12233.49,10445.05,816.99,28.853729281767954,2.256878453038674,2020,3,70,1589,-1227,1583020800000
2021,7,222,258,10093.5,8649.89,103.08,33.526705426356585,0.3995348837209302,2021,7,222,487,-229,1625097600000
2024,3,186,114767,2808710.4,1906893.73,357556.55,16.61534875007624,3.1154996645377153,2024,3,186,78652,36115,1709251200000
2024,7,42,4443,106757.49,92248.69,3581.28,20.76270312851677,0.8060499662390277,2024,7,42,12925,-8482,1719792000000
2024,9,121,283,9602.35,8628.86,222.61,30.490671378091875,0.7866077738515902,2024,9,121,817,-534,1725148800000
2024,10,41,10895,235258.97,186827.14,15049.84,17.147970628728775,1.381352914180817,2024,10,41,22168,-11273,1727740800000
2025,5,111,23,283.33,191.27,37.1,8.31608695652174,1.6130434782608696,2025,5,111,75,-52,1746057600000
2017,12,145,9547,174251.64,139455.85,16284.89,14.607295485492825,1.7057599245836388,2017,12,145,27513,-17966,1512086400000
2025,11,111,4,61.10000000000001,44.16,0.0,11.04,0.0,2025,11,111,35,-31,1761955200000
2018,11,166,43816,666416.51,530927.36,77015.54,12.117202848274603,1.757703578601424,2018,11,166,62930,-19114,1541030400000
2022,2,107,73588,1222536.25,784161.63,162645.02,10.65610738163831,2.210211175735174,2022,2,107,62840,10748,1643673600000
2018,5,91,388,11611.05,10637.0,188.06,27.414948453608247,0.48469072164948457,2018,5,91,1806,-1418,1525132800000
2019,10,248,174,6346.66,5412.67,133.41,31.107298850574715,0.7667241379310344,2019,10,248,706,-532,1569888000000
2016,1,75,64942,870920.39,712453.74,79530.84,10.970615934218225,1.22464414400542,2016,1,75,122276,-57334,1451606400000
2023,2,30,4,151.75,128.25,12.0,32.0625,3.0,2023,2,30,27,-23,1675209600000
2017,7,203,57,3104.56,2819.5,153.0,49.46491228070175,2.6842105263157894,2017,7,203,1009,-952,1498867200000
2018,12,17,1787,34978.79,30447.73,1502.93,17.038461108002238,0.841035254616676,2018,12,17,10664,-8877,1543622400000
2020,2,12,1762,39926.5,29526.36,3934.92,16.757298524404085,2.2332122587968217,2020,2,12,2769,-1007,1580515200000
2019,2,234,222484,3594929.57,2329463.19,452169.44999999995,10.470250400028766,2.0323683950306535,2019,2,234,191238,31246,1548979200000
2019,4,167,397,11029.210000000001,9739.41,100.02,24.53251889168766,0.2519395465994962,2019,4,167,1357,-960,1554076800000
2017,2,201,8,302.02,279.5,9.96,34.9375,1.245,2017,2,201,346,-338,1485907200000
2025,1,86,391,18818.34,17753.69,17.759999999999998,45.405856777493604,0.04542199488491048,2025,1,86,828,-437,1735689600000
2016,5,113,199025,2802056.61,2229845.93,322283.68,11.203848411003644,1.6193125486747895,2016,5,113,166809,32216,1462060800000
2025,9,221,63,2373.87,1893.42,63.0,30.054285714285715,1.0,2025,9,221,130,-67,1756684800000
2016,12,178,162,2015.31,1538.0,283.33,9.493827160493828,1.7489506172839506,2016,12,178,821,-659,1480550400000
2017,7,55,69,1839.92,1518.1,213.04999999999998,22.00144927536232,3.0876811594202898,2017,7,55,957,-888,1498867200000
2017,9,87,73845,1550234.05,1259041.28,188196.88,17.049783736204212,2.548539237592254,2017,9,87,78908,-5063,1504224000000
2020,3,145,3302,73356.24,55949.13,7653.87,16.9440127195639,2.317949727437916,2020,3,145,9484,-6182,1583020800000
2020,5,73,34,1247.22,1109.24,12.44,32.62470588235294,0.36588235294117644,2020,5,73,62,-28,1588291200000
2016,3,38,37,1625.45,1428.84,132.31,38.6172972972973,3.575945945945946,2016,3,38,628,-591,1456790400000
2019,5,99,7,348.26,301.2,3.96,43.028571428571425,0.5657142857142857,2019,5,99,5,2,1556668800000
2017,8,168,1703,22604.8,18754.24,1521.25,11.012472108044628,0.8932765707574868,2017,8,168,6780,-5077,1501545600000
2020,7,8,10,201.53,144.5,15.17,14.45,1.517,2020,7,8,23,-13,1593561600000
2021,11,253,13,635.15,518.99,65.75999999999999,39.92230769230769,5.058461538461538,2021,11,253,37,-24,1635724800000
2023,4,93,349,24543.51,19078.7,2881.46,54.66676217765043,8.256332378223496,2023,4,93,886,-537,1680307200000
2025,2,153,132,3621.47,3255.33,24.87,24.661590909090908,0.18840909090909091,2025,2,153,192,-60,1738368000000
2025,4,73,148,4022.2,3480.04,23.9,23.513783783783783,0.16148648648648647,2025,4,73,404,-256,1743465600000
2024,6,84,3,201.2,197.7,0.0,65.89999999999999,0.0,2024,6,84,40,-37,1717200000000
2025,11,17,4302,85958.22,70041.7,1049.35,16.28119479311948,0.24392143189214316,2025,11,17,7240,-2938,1761955200000
2017,4,86,9,269.7,243.2,21.8,27.022222222222222,2.4222222222222225,2017,4,86,510,-501,1491004800000
2016,12,107,267202,3714605.08,2934988.76,436807.25,10.984157154512316,1.6347454360371554,2016,12,107,224498,42704,1480550400000
2020,8,88,2519,64101.55,49545.12,5417.0,19.668566891623662,2.150456530369194,2020,8,88,2730,-211,1596240000000
2023,5,81,117,4520.7699999999995,4053.43,21.89,34.64470085470085,0.1870940170940171,2023,5,81,271,-154,1682899200000
2024,11,251,9,339.58,312.2,0.0,34.68888888888889,0.0,2024,11,251,45,-36,1730419200000
2018,1,210,83,1702.16,1477.9,140.1,17.806024096385542,1.6879518072289157,2018,1,210,838,-755,1514764800000
2023,5,173,74,1918.4099999999999,1611.48,74.38,21.776756756756757,1.005135135135135,2023,5,173,639,-565,1682899200000
2023,8,246,48529,1137044.18,756328.86,138650.59,15.585090564404789,2.857066702384141,2023,8,246,52734,-4205,1690848000000
2025,9,108,459,15910.97,15116.91,24.54,32.934444444444445,0.0534640522875817,2025,9,108,694,-235,1756684800000
2022,4,200,57,2519.2799999999997,2203.98,111.15,38.666315789473686,1.9500000000000002,2022,4,200,1218,-1161,1648771200000
2019,4,35,965,35101.6,31972.47,108.22,33.13209326424871,0.11214507772020725,2019,4,35,1933,-968,1554076800000
2025,7,241,723,21765.71,19728.06,43.74,27.286390041493778,0.06049792531120332,2025,7,241,1392,-669,1751328000000
2022,4,44,31,2217.97,1863.27,30.0,60.10548387096774,0.967741935483871,2022,4,44,50,-19,1648771200000
2024,2,6,19,883.3100000000001,498.01,85.52,26.211052631578948,4.501052631578947,2024,2,6,58,-39,1706745600000
2025,2,242,519,16225.2,14402.23,102.99,27.749961464354527,0.1984393063583815,2025,2,242,746,-227,1738368000000
2017,4,13,97647,2138114.38,1767796.3599999999,237062.17,18.103949532499716,2.4277465769557693,2017,4,13,103295,-5648,1491004800000
2022,8,205,212,8551.61,7922.18,85.23,37.36877358490566,0.40202830188679245,2022,8,205,1199,-987,1659312000000
2025,7,185,483,14922.36,13338.35,56.42,27.615631469979295,0.11681159420289855,2025,7,185,1320,-837,1751328000000
2018,11,254,438,15075.48,13378.53,455.31,30.544589041095893,1.0395205479452054,2018,11,254,1140,-702,1541030400000
2025,6,75,32089,713942.33,539925.04,42427.32,16.82586057527502,1.3221764467574557,2025,6,75,48790,-16701,1748736000000
2017,1,66,3458,62292.92,50985.02,7395.06,14.744077501445922,2.138536726431463,2017,1,66,13373,-9915,1483228800000
2022,1,217,80,1570.02,1289.19,112.53,16.114875,1.406625,2022,1,217,1339,-1259,1640995200000
2023,4,173,67,1909.21,1645.08,77.58,24.553432835820896,1.157910447761194,2023,4,173,633,-566,1680307200000
2021,9,61,1017,34445.23,29175.13,2314.18,28.687443461160278,2.275496558505408,2021,9,61,5221,-4204,1630454400000
2016,3,159,741,10335.960000000001,8882.04,558.86,11.986558704453442,0.7541970310391363,2016,3,159,3817,-3076,1456790400000
2022,6,164,77523,1492316.56,983739.77,192343.96,12.689650426325091,2.4811212156392295,2022,6,164,71240,6283,1654041600000
2017,12,2,7,328.49,265.0,38.61,37.857142857142854,5.515714285714286,2017,12,2,5,2,1512086400000
2018,10,173,330,6225.78,5319.35,217.25,16.119242424242426,0.6583333333333333,2018,10,173,2401,-2071,1538352000000
2020,2,45,10545,217239.92,155705.96,22594.87,14.765856804172593,2.142709340919867,2020,2,45,14723,-4178,1580515200000
2023,11,109,1,120.0,110.0,9.0,110.0,9.0,2023,11,109,45,-44,1698796800000
2020,2,63,217,7747.2,6776.44,131.67,31.227834101382488,0.606774193548387,2020,2,63,892,-675,1580515200000
2021,2,180,69,2481.72,2095.54,92.17999999999999,30.37014492753623,1.335942028985507,2021,2,180,240,-171,1612137600000
2023,3,112,579,17754.07,13312.38,2355.83,22.9920207253886,4.068791018998272,2023,3,112,7341,-6762,1677628800000
2023,11,19,92,2909.09,2645.53,47.66,28.75576086956522,0.5180434782608695,2023,11,19,397,-305,1698796800000
2025,1,253,15,462.16999999999996,411.78999999999996,3.0,27.452666666666666,0.2,2025,1,253,35,-20,1735689600000
2024,4,123,233,7650.59,6972.54,27.36,29.925064377682403,0.11742489270386265,2024,4,123,613,-380,1711929600000
2017,4,157,480,16647.79,13529.6,1535.82,28.186666666666667,3.1996249999999997,2017,4,157,3541,-3061,1491004800000
2018,5,153,168,3456.45,3127.5,84.64,18.616071428571427,0.5038095238095238,2018,5,153,394,-226,1525132800000
2021,5,135,258,11145.13,9907.47,35.82,38.401046511627904,0.13883720930232557,2021,5,135,859,-601,1619827200000
2021,12,132,129009,7728515.81,5943403.16,874154.49,46.06967854955856,6.775918656837895,2021,12,132,38977,90032,1638316800000
2020,9,251,3,209.14,130.24,5.5,43.413333333333334,1.8333333333333333,2020,9,251,16,-13,1598918400000
2024,9,247,893,30288.12,26163.79,1038.24,29.29875699888018,1.1626427771556551,2024,9,247,1499,-606,1725148800000
2024,9,11,99,3418.2,3137.82,26.69,31.695151515151515,0.2695959595959596,2024,9,11,298,-199,1725148800000
2023,6,187,3,286.4,272.4,10.0,90.8,3.3333333333333335,2023,6,187,23,-20,1685577600000
2018,1,220,178,3096.22,2673.5,164.04000000000002,15.019662921348315,0.9215730337078653,2018,1,220,3116,-2938,1514764800000
2021,3,231,20817,410244.99,287307.17,45986.51,13.801564586635921,2.2090844021713023,2021,3,231,24209,-3392,1614556800000
2024,5,225,1242,39077.31,36109.27,450.93,29.073486312399353,0.3630676328502416,2024,5,225,3300,-2058,1714521600000
2025,2,6,89,2279.49,1122.42,23.01,12.611460674157303,0.2585393258426966,2025,2,6,89,0,1738368000000
2025,10,187,6,239.75,216.87,0.0,36.145,0.0,2025,10,187,46,-40,1759276800000
2025,9,243,4530,132587.7,110068.72,2207.88,24.297730684326712,0.4873907284768212,2025,9,243,12383,-7853,1756684800000
2017,7,27,8,240.86,134.0,93.24000000000001,16.75,11.655000000000001,2017,7,27,123,-115,1498867200000
2019,6,67,203,5956.1900000000005,5266.5,55.25,25.94334975369458,0.27216748768472904,2019,6,67,1182,-979,1559347200000
2019,12,41,26836,378253.92,290488.37,33334.88,10.82457780593233,1.2421702191086599,2019,12,41,45725,-18889,1575158400000
2022,5,167,121,3381.35,2802.51,219.42000000000002,23.16123966942149,1.8133884297520662,2022,5,167,529,-408,1651363200000
2022,12,222,108,4604.16,4091.73,184.58,37.88638888888889,1.7090740740740742,2022,12,222,327,-219,1669852800000
2025,4,81,584,19103.26,17315.96,28.07,29.650616438356163,0.04806506849315068,2025,4,81,688,-104,1743465600000
2023,3,113,46185,1043772.4,679883.6,139597.46,14.720874742881888,3.022571397639926,2023,3,113,43927,2258,1677628800000
2016,10,15,21,690.68,594.3,70.04,28.299999999999997,3.3352380952380956,2016,10,15,837,-816,1475280000000
2016,10,222,31,985.41,865.0,58.94,27.903225806451612,1.901290322580645,2016,10,222,346,-315,1475280000000
2023,3,132,169834,13286871.25,10414837.950000001,1498304.61,61.323633371409734,8.822171120034858,2023,3,132,39822,130012,1677628800000
2018,4,226,14315,260247.28,218273.35,21364.84,15.247876353475377,1.492479217603912,2018,4,226,22441,-8126,1522540800000
2021,6,23,56,4247.58,3605.26,8.75,64.37964285714285,0.15625,2021,6,23,105,-49,1622505600000
2016,2,79,373388,5331514.83,4232235.89,632653.1,11.334686411989672,1.6943584153748914,2016,2,79,307430,65958,1454284800000
2020,11,22,295,10503.0,9064.31,771.96,30.726474576271183,2.616813559322034,2020,11,22,570,-275,1604188800000
2021,4,10,783,39903.6,32984.38,2392.64,42.125644955300125,3.0557343550446996,2021,4,10,1681,-898,1617235200000
2019,7,156,6,510.71000000000004,484.5,2.17,80.75,0.36166666666666664,2019,7,156,57,-51,1561939200000
2021,2,135,252,10864.99,9417.12,257.3,37.36952380952381,1.0210317460317462,2021,2,135,539,-287,1612137600000
2022,5,174,90,3522.99,3138.84,102.75,34.876000000000005,1.1416666666666666,2022,5,174,438,-348,1651363200000
2019,7,218,479,17164.28,15458.18,36.69,32.2717745302714,0.07659707724425886,2019,7,218,2237,-1758,1561939200000
2023,11,50,20155,499444.23,343589.26,57635.01,17.04734606797321,2.8595886876705534,2023,11,50,34204,-14049,1698796800000
2018,8,231,133992,2204562.37,1776481.73,253176.65,13.258117872708818,1.889490790494955,2018,8,231,126651,7341,1533081600000
2019,8,46,52,2551.16,2263.48,29.02,43.52846153846154,0.558076923076923,2019,8,46,144,-92,1564617600000
2017,1,13,87028,1629016.97,1309565.79,204264.52,15.047637427034978,2.347112653398906,2017,1,13,91795,-4767,1483228800000
2020,1,263,124730,1876091.44,1199041.88,220947.16999999998,9.613099334562655,1.7714035917581976,2020,1,263,126476,-1746,1577836800000
2017,3,71,149,3003.84,2325.02,409.69,15.604161073825503,2.7495973154362416,2017,3,71,1631,-1482,1488326400000
2021,5,36,299,9896.75,8267.37,447.19,27.65006688963211,1.49561872909699,2021,5,36,1483,-1184,1619827200000
2022,4,45,4950,110181.41,78799.59,12746.17,15.91910909090909,2.5749838383838384,2022,4,45,9276,-4326,1648771200000
2018,5,205,284,9485.34,8650.93,259.34,30.461021126760564,0.9131690140845069,2018,5,205,1447,-1163,1525132800000
2023,7,59,2,43.26,40.26,0.0,20.13,0.0,2023,7,59,30,-28,1688169600000
2017,10,229,179712,2424772.0600000005,1931283.74,273918.97,10.746548588853276,1.524210792824074,2017,10,229,170149,9563,1506816000000
2018,2,222,52,1439.93,1321.1,64.77,25.40576923076923,1.245576923076923,2018,2,222,218,-166,1517443200000
2017,12,127,898,16748.0,13912.2,1517.84,15.492427616926504,1.6902449888641424,2017,12,127,7110,-6212,1512086400000
2024,4,233,42173,1054309.33,711231.29,124019.1,16.8646121926351,2.9407227372963747,2024,4,233,53065,-10892,1711929600000
2025,1,161,169977,3892581.32,2428899.69,492032.47,14.289578531213046,2.894700282979462,2025,1,161,131260,38717,1735689600000
2025,2,83,928,25006.0,20880.71,875.34,22.500765086206897,0.9432543103448277,2025,2,83,1106,-178,1738368000000
2025,2,102,519,12565.94,11104.09,75.34,21.395163776493256,0.14516377649325626,2025,2,102,992,-473,1738368000000
2020,12,153,83,2630.25,2273.64,196.91,27.39325301204819,2.372409638554217,2020,12,153,168,-85,1606780800000
2025,2,248,517,15399.18,13490.38,23.729999999999997,26.09357833655706,0.045899419729206956,2025,2,248,410,107,1738368000000
2021,1,1,53,3608.2,3148.5,391.81,59.405660377358494,7.392641509433962,2021,1,1,682,-629,1609459200000
2025,4,28,1091,35209.17,30168.78,1338.35,27.652410632447296,1.226718606782768,2025,4,28,2064,-973,1743465600000
2020,4,1,9,431.86,420.5,5.159999999999999,46.72222222222222,0.5733333333333333,2020,4,1,86,-77,1585699200000
2016,5,19,49,1803.95,1646.5,76.09,33.60204081632653,1.552857142857143,2016,5,19,662,-613,1462060800000
2022,2,245,3,217.56000000000003,198.5,16.66,66.16666666666667,5.553333333333334,2022,2,245,19,-16,1643673600000
2020,8,116,2845,52808.72,43864.14,3653.71,15.41797539543058,1.2842565905096661,2020,8,116,5762,-2917,1596240000000
2025,10,162,137873,3417900.9,2178074.59,439234.3,15.797687654580663,3.1857890957620416,2025,10,162,118299,19574,1759276800000
2024,5,252,134,5447.76,4758.58,153.02,35.51179104477612,1.1419402985074627,2024,5,252,683,-549,1714521600000
2025,3,188,4230,111222.21,100177.23,726.33,23.68256028368794,0.17170921985815604,2025,3,188,5687,-1457,1740787200000
2022,8,19,95,3474.4,3263.9,63.35,34.35684210526316,0.6668421052631579,2022,8,19,396,-301,1659312000000
2017,12,65,12959,231605.75,191966.86,24605.29,14.81340072536461,1.8987028320086428,2017,12,65,17587,-4628,1512086400000
2020,3,235,333,7910.03,7101.02,78.69,21.324384384384384,0.2363063063063063,2020,3,235,1000,-667,1583020800000
2017,2,68,218777,3072929.2,2434317.17,355452.38,11.126933681328476,1.624724628274453,2017,2,68,207309,11468,1485907200000
2016,8,71,196,4585.8,3809.25,413.45,19.434948979591837,2.109438775510204,2016,8,71,2158,-1962,1470009600000
2025,3,107,80742,1750565.6199999999,1111241.31,193113.63,13.76286579475366,2.3917370141933567,2025,3,107,80252,490,1740787200000
2018,2,232,13696,223873.26,182842.85,24408.72,13.350091267523364,1.7821787383177572,2018,2,232,40116,-26420,1517443200000
2022,5,59,3,112.39,89.39,0.0,29.796666666666667,0.0,2022,5,59,26,-23,1651363200000
2018,10,262,107597,1447745.2400000002,1146690.01,169910.02000000002,10.657267488870508,1.5791334330882834,2018,10,262,117359,-9762,1538352000000
2023,11,12,1132,38246.88,28611.68,4463.44,25.275335689045935,3.9429681978798583,2023,11,12,1896,-764,1698796800000
2018,1,184,2,44.599999999999994,42.5,0.0,21.25,0.0,2018,1,184,54,-52,1514764800000
2025,5,125,23980,576375.13,381390.55,60420.52,15.904526688907422,2.519621351125938,2025,5,125,25253,-1273,1746057600000
2022,7,92,190,7168.39,6161.9800000000005,497.40999999999997,32.43147368421053,2.6179473684210524,2022,7,92,2191,-2001,1656633600000
2022,7,247,362,9690.75,8288.64,565.91,22.896795580110496,1.5632872928176795,2022,7,247,1705,-1343,1656633600000
2021,9,98,55,1906.15,1633.65,54.05,29.702727272727273,0.9827272727272727,2021,9,98,476,-421,1630454400000
2016,12,108,156,2478.62,1988.5,245.16,12.746794871794872,1.5715384615384616,2016,12,108,714,-558,1480550400000
2018,6,236,316306,3978725.15,3142554.24,463452.88,9.935171131752165,1.4652042009952388,2018,6,236,325036,-8730,1527811200000
2022,5,189,531,15730.69,12401.43,2191.11,23.354858757062146,4.126384180790961,2022,5,189,3307,-2776,1651363200000
2022,11,86,96,4744.3099999999995,4342.16,64.28999999999999,45.23083333333333,0.6696874999999999,2022,11,86,518,-422,1667260800000
2019,8,237,221508,3270895.14,2087864.0,370315.24999999994,9.425682142405693,1.6717917637286235,2019,8,237,200103,21405,1564617600000
2018,6,41,35551,471103.3,384366.9,41505.119999999995,10.81170431211499,1.1674810835138252,2018,6,41,58235,-22684,1527811200000
2020,6,232,844,21566.2,17685.76,1451.29,20.954691943127962,1.7195379146919432,2020,6,232,3101,-2257,1590969600000
2018,5,169,234,5331.39,4780.52,162.88,20.429572649572652,0.696068376068376,2018,5,169,1998,-1764,1525132800000
2019,10,83,617,12903.85,11015.51,577.78,17.853338735818475,0.9364343598055105,2019,10,83,2552,-1935,1569888000000
2024,11,121,310,10538.55,9384.31,223.82,30.271967741935484,0.722,2024,11,121,788,-478,1730419200000
2025,11,106,1179,23341.03,16600.03,645.43,14.079754028837998,0.5474385072094995,2025,11,106,2092,-913,1761955200000
2019,9,188,1247,29137.03,25818.04,479.57,20.7041218925421,0.38457898957497993,2019,9,188,5154,-3907,1567296000000
2018,1,235,273,4599.05,4072.05,177.96,14.915934065934067,0.6518681318681319,2018,1,235,1564,-1291,1514764800000
2019,12,87,45711,1112530.69,796975.78,135944.63999999998,17.435098335192844,2.9740027564481193,2019,12,87,51107,-5396,1575158400000
2022,2,219,231,12444.28,10541.82,965.59,45.63558441558441,4.18004329004329,2022,2,219,803,-572,1643673600000
2016,4,99,1,109.63,80.0,18.25,80.0,18.25,2016,4,99,5,-4,1459468800000
2016,7,200,77,2031.1200000000001,1686.84,204.98,21.907012987012987,2.662077922077922,2016,7,200,2877,-2800,1467331200000
2022,7,33,1943,51700.49,39801.65,6721.34,20.484637159032424,3.459258878023675,2022,7,33,7931,-5988,1656633600000
2016,9,224,30900,451151.48,362074.54,51158.65,11.717622653721682,1.6556197411003237,2016,9,224,42387,-11487,1472688000000
2023,3,181,1067,33326.86,26599.39,3372.92,24.929137769447046,3.161124648547329,2023,3,181,8986,-7919,1677628800000
2021,7,166,14949,268737.79,197934.99,31987.53,13.240684326710817,2.1397772426249246,2021,7,166,18516,-3567,1625097600000
2023,4,203,153,6608.99,5970.09,53.699999999999996,39.020196078431375,0.3509803921568627,2023,4,203,607,-454,1680307200000
2024,1,10,999,67380.22,54479.3,6833.4800000000005,54.53383383383384,6.840320320320321,2024,1,10,2665,-1666,1704067200000
2016,9,71,139,3524.08,2894.2,275.37,20.82158273381295,1.9810791366906475,2016,9,71,1844,-1705,1472688000000
2024,3,83,261,9234.54,7570.06,618.73,29.004061302681993,2.3706130268199233,2024,3,83,917,-656,1709251200000
2024,12,88,11446,378262.77,283514.52,40070.87,24.769746636379523,3.500862309977285,2024,12,88,14515,-3069,1733011200000
2024,8,205,464,19324.2,18070.09,74.55,38.94415948275862,0.16066810344827587,2024,8,205,1524,-1060,1722470400000
2025,4,198,1826,44145.53,37476.97,507.86,20.52407995618839,0.27812705366922236,2025,4,198,3643,-1817,1743465600000
2019,10,79,178950,3068269.2399999998,2026596.64,372164.64,11.324932327465772,2.079712992455993,2019,10,79,151374,27576,1569888000000
2024,7,94,116,4031.35,3636.47,76.84,31.348879310344827,0.6624137931034483,2024,7,94,244,-128,1719792000000
2017,11,47,100,1812.05,1628.51,75.02,16.2851,0.7502,2017,11,47,631,-531,1509494400000
2020,1,151,57801,855052.68,600921.53,97665.64,10.396386394699054,1.6896877216657151,2020,1,151,56823,978,1577836800000
2020,8,155,324,12090.66,10694.86,684.4,33.00882716049383,2.112345679012346,2020,8,155,463,-139,1596240000000
2017,2,149,68,999.69,795.81,114.18,11.703088235294118,1.6791176470588236,2017,2,149,946,-878,1485907200000
2020,8,126,269,10795.15,9489.06,326.54,35.275315985130106,1.213903345724907,2020,8,126,674,-405,1596240000000
2018,9,7,12675,169822.0,143096.29,11414.32,11.289648126232743,0.9005380670611439,2018,9,7,33661,-20986,1535760000000
2017,1,108,138,2491.94,2025.0,284.93,14.673913043478262,2.0647101449275365,2017,1,108,651,-513,1483228800000
2025,10,224,9546,180470.98,116693.6,10901.52,12.224345275508067,1.1419987429289755,2025,10,224,17082,-7536,1759276800000
2017,5,246,141783,2135642.32,1694512.12,256177.03,11.95144777582644,1.8068247251080878,2017,5,246,175867,-34084,1493596800000
2017,2,161,347859,4988302.37,3907583.24,595580.35,11.233238869771949,1.7121314958072091,2017,2,161,330587,17272,1485907200000
2017,2,238,174298,2395126.17,1938502.72,249097.07,11.121772596357962,1.429144740616645,2017,2,238,182454,-8156,1485907200000
2020,12,59,10,348.02,286.23,29.81,28.623,2.981,2020,12,59,22,-12,1606780800000
2025,5,158,50139,1197282.21,792815.43,120792.02,15.812350266259799,2.409142982508626,2025,5,158,50291,-152,1746057600000
2018,7,109,3,29.900000000000002,27.0,0.0,9.0,0.0,2018,7,109,84,-81,1530403200000
2021,4,29,293,11536.94,10063.56,91.38,34.346621160409555,0.311877133105802,2021,4,29,548,-255,1617235200000
2024,10,261,20499,658515.83,480606.25,76109.58,23.445350992731353,3.7128435533440656,2024,10,261,19367,1132,1727740800000
2024,3,262,48890,1066769.75,718249.86,122156.57,14.691140519533647,2.4986003272652897,2024,3,262,52866,-3976,1709251200000
2022,8,89,313,11182.72,9490.74,806.33,30.321853035143768,2.5761341853035145,2022,8,89,3113,-2800,1659312000000
2018,12,39,1156,42131.97,38603.3,575.59,33.39385813148789,0.4979152249134948,2018,12,39,2393,-1237,1543622400000
2023,2,85,99,2976.8,2552.72,107.63,25.785050505050503,1.0871717171717172,2023,2,85,517,-418,1675209600000
2017,12,68,223723,3263417.0000000005,2602521.32,367707.86,11.632783933703731,1.6435854158937615,2017,12,68,211260,12463,1512086400000
2022,6,225,467,14716.0,12306.36,1515.44,26.351948608137047,3.2450535331905783,2022,6,225,3698,-3231,1654041600000
2025,9,245,12,457.53,366.1,0.0,30.508333333333336,0.0,2025,9,245,49,-37,1756684800000
2019,7,214,27,1389.61,1210.79,34.51,44.84407407407407,1.278148148148148,2019,7,214,137,-110,1561939200000
2016,7,34,384,5827.91,4748.0,599.61,12.364583333333334,1.561484375,2016,7,34,1402,-1018,1467331200000
2018,8,126,172,5430.34,4841.31,196.68,28.1471511627907,1.1434883720930233,2018,8,126,1099,-927,1533081600000
2025,11,171,305,7077.0599999999995,5863.4,31.4,19.224262295081967,0.10295081967213114,2025,11,171,965,-660,1761955200000
2021,11,3,91,3438.32,2981.63,14.63,32.76516483516484,0.16076923076923078,2021,11,3,261,-170,1635724800000
2024,9,56,510,20734.61,17670.31,1014.46,34.647666666666666,1.9891372549019608,2024,9,56,1223,-713,1725148800000
2021,11,135,187,8846.75,7671.55,118.75,41.02433155080214,0.6350267379679144,2021,11,135,872,-685,1635724800000
2024,5,172,6,151.25,86.17,3.0,14.361666666666666,0.5,2024,5,172,35,-29,1714521600000
2024,8,236,101081,2068801.09,1341167.17,258982.98,13.268242003937436,2.5621331407485086,2024,8,236,104958,-3877,1722470400000
2022,8,206,14,840.55,689.0,0.0,49.214285714285715,0.0,2022,8,206,95,-81,1659312000000
2024,6,186,111596,2804885.54,1919886.82,351700.22,17.203903544929926,3.1515486218144018,2024,6,186,78085,33511,1717200000000
2022,10,155,127,5599.84,4995.99,149.35,39.33850393700787,1.175984251968504,2022,10,155,763,-636,1664582400000
2021,10,26,191,6835.42,5774.07,56.66,30.23073298429319,0.29664921465968586,2021,10,26,1034,-843,1633046400000
2016,4,163,316650,4746181.1,3798529.52,517729.83,11.995987746723511,1.63502235907153,2016,4,163,281134,35516,1459468800000
2023,6,247,483,16116.4,13959.51,771.29,28.901677018633542,1.5968737060041407,2023,6,247,1436,-953,1685577600000
2017,8,22,162,4756.79,4029.82,241.02,24.875432098765433,1.4877777777777779,2017,8,22,1639,-1477,1501545600000
2021,11,132,129069,7735192.52,5943312.23,899017.0,46.04755774043341,6.965398352819035,2021,11,132,34711,94358,1635724800000
2024,7,98,91,3935.25,3531.95,168.94,38.81263736263736,1.8564835164835165,2024,7,98,705,-614,1719792000000
2025,10,17,4197,99260.51,83822.26,901.39,19.971946628544195,0.21477007386228258,2025,10,17,7036,-2839,1759276800000
2022,11,210,104,4284.11,3903.51,50.0,37.533750000000005,0.4807692307692308,2022,11,210,478,-374,1667260800000
2022,9,19,67,2210.42,2070.31,23.91,30.900149253731342,0.35686567164179106,2022,9,19,324,-257,1661990400000
2021,10,246,49212,909747.6900000001,604769.5,119150.38,12.289065675038609,2.4211651629683817,2021,10,246,60413,-11201,1633046400000
2017,7,220,187,3316.89,2757.88,197.18,14.748021390374332,1.0544385026737968,2017,7,220,3038,-2851,1498867200000
2019,3,169,442,12340.94,11217.41,88.36,25.3787556561086,0.19990950226244344,2019,3,169,1790,-1348,1551398400000
2017,2,109,4,144.8,110.0,10.0,27.5,2.5,2017,2,109,92,-88,1485907200000
2022,8,90,53667,933346.01,605281.77,120639.27,11.278472245514003,2.247922745821455,2022,8,90,42829,10838,1659312000000
2023,8,196,207,8903.9,7509.58,662.27,36.27816425120773,3.1993719806763283,2023,8,196,1179,-972,1690848000000
2017,8,211,70824,1042501.86,838709.52,115070.68,11.842165367671976,1.624741330622388,2017,8,211,72993,-2169,1501545600000
2021,11,224,5278,101568.05,68887.1,12481.13,13.051743084501707,2.3647461159530123,2021,11,224,12929,-7651,1635724800000
2024,7,62,704,20667.25,19395.41,280.96999999999997,27.550298295454546,0.3991051136363636,2024,7,62,1761,-1057,1719792000000
2018,10,199,2,23.6,15.0,5.0,7.5,2.5,2018,10,199,1,1,1538352000000
2016,4,18,120,1971.92,1623.14,187.12,13.526166666666667,1.5593333333333335,2016,4,18,1860,-1740,1459468800000
2020,2,121,255,8755.28,7574.31,187.46,29.703176470588236,0.7351372549019608,2020,2,121,978,-723,1580515200000
2020,9,40,304,6169.41,4828.44,638.19,15.883026315789472,2.099309210526316,2020,9,40,943,-639,1598918400000
2024,10,57,36,1315.01,1125.47,66.58,31.263055555555557,1.8494444444444444,2024,10,57,88,-52,1727740800000
2017,9,67,62,1324.72,1045.01,146.14,16.855,2.3570967741935482,2017,9,67,1347,-1285,1504224000000
2022,5,102,51,1585.32,1307.95,175.92,25.64607843137255,3.449411764705882,2022,5,102,598,-547,1651363200000
2020,11,36,346,10793.84,8996.2,1051.12,26.000578034682082,3.0379190751445084,2020,11,36,1035,-689,1604188800000
2017,9,50,89571,1346720.4300000002,1091874.17,138539.33000000002,12.190041084726083,1.546698485000726,2017,9,50,109190,-19619,1504224000000
2016,12,60,128,1876.54,1618.5,71.53999999999999,12.64453125,0.5589062499999999,2016,12,60,708,-580,1480550400000
2021,10,39,441,18285.04,16082.630000000001,38.91,36.46854875283447,0.0882312925170068,2021,10,39,1339,-898,1633046400000
2016,8,7,18404,262534.79,218381.02,21111.03,11.86595414040426,1.1470892197348401,2016,8,7,48906,-30502,1470009600000
2016,8,95,1801,37662.88,31046.6,3428.43,17.238534147695724,1.9036257634647418,2016,8,95,13070,-11269,1470009600000
2020,4,233,3165,48355.93,31525.43,5417.84,9.960641390205371,1.7117977883096367,2020,4,233,3437,-272,1585699200000
2020,8,208,280,11128.12,9403.5,482.13,33.58392857142857,1.7218928571428571,2020,8,208,427,-147,1596240000000
2020,10,12,297,7448.78,5544.16,778.34,18.667205387205385,2.6206734006734007,2020,10,12,472,-175,1601510400000
2022,1,58,6,232.75,206.3,0.0,34.38333333333333,0.0,2022,1,58,70,-64,1640995200000
2019,9,161,244228,4586071.7299999995,3070399.85,550626.9299999999,12.571858468316492,2.2545610249439045,2019,9,161,231108,13120,1567296000000
2021,8,98,49,2008.06,1709.54,80.47,34.888571428571424,1.6422448979591837,2021,8,98,652,-603,1627776000000
2025,5,242,864,23414.95,20400.96,108.33,23.612222222222222,0.12538194444444445,2025,5,242,1511,-647,1746057600000
2023,2,70,11971,690498.41,473908.83,88817.66,39.5880736780553,7.419401887895749,2023,2,70,1578,10393,1675209600000
2022,4,169,109,3356.53,3096.9700000000003,44.66,28.41256880733945,0.4097247706422018,2022,4,169,594,-485,1648771200000
2022,4,52,927,23305.89,17473.22,3370.32,18.84921251348436,3.635728155339806,2022,4,52,2341,-1414,1648771200000
2016,9,80,8412,134527.93,108465.91,14760.23,12.89418806466952,1.7546635758440323,2016,9,80,23377,-14965,1472688000000
2017,4,213,126,2697.12,2233.5,231.02,17.726190476190474,1.8334920634920635,2017,4,213,1508,-1382,1491004800000
2018,10,164,205007,3145493.91,2480601.89,361821.38,12.10008385079534,1.764922075831557,2018,10,164,184028,20979,1538352000000
2023,10,66,1169,36931.64,29184.97,3657.5,24.965757057313944,3.12874251497006,2023,10,66,4601,-3432,1696118400000
2024,5,22,270,9247.4,8592.13,37.45,31.822703703703702,0.13870370370370372,2024,5,22,670,-400,1714521600000
2024,8,262,36453,806558.98,543237.12,93216.55,14.902398156530326,2.557170877568376,2024,8,262,39478,-3025,1722470400000
2025,9,215,1435,58704.159999999996,50618.54,2833.11,35.274243902439025,1.9742926829268295,2025,9,215,1998,-563,1756684800000
2016,3,49,6581,97232.23,79298.43,9896.56,12.049601884212125,1.5038079319252393,2016,3,49,27803,-21222,1456790400000
2021,7,145,2860,49720.159999999996,38083.94,4908.38,13.316062937062938,1.7162167832167832,2021,7,145,8831,-5971,1625097600000
2019,6,94,148,3795.61,3407.48,18.509999999999998,23.023513513513514,0.12506756756756757,2019,6,94,613,-465,1559347200000
2024,4,189,582,18083.49,15524.38,1031.18,26.67419243986254,1.7717869415807561,2024,4,189,2896,-2314,1711929600000
2017,5,80,7499,124778.37,100831.67,14012.86,13.446015468729163,1.868630484064542,2017,5,80,22264,-14765,1493596800000
2023,7,14,227,9970.34,8322.11,553.19,36.66127753303965,2.4369603524229078,2023,7,14,2044,-1817,1688169600000
2017,2,113,160122,2148769.21,1696091.62,258458.1,10.592495846916727,1.6141323490838235,2017,2,113,138001,22121,1485907200000
2017,3,37,3276,48616.29,39534.8,4712.33,12.06800976800977,1.4384401709401708,2017,3,37,15963,-12687,1488326400000
2018,5,227,220,5881.03,5140.0,310.61,23.363636363636363,1.4118636363636363,2018,5,227,2156,-1936,1525132800000
2021,11,179,664,12467.77,10173.68,835.89,15.321807228915663,1.2588704819277108,2021,11,179,3635,-2971,1635724800000
2018,3,3,76,1770.99,1576.3,66.72,20.74078947368421,0.8778947368421053,2018,3,3,635,-559,1519862400000
2023,1,25,1034,28977.01,23228.86,2824.0,22.46504835589942,2.7311411992263057,2023,1,25,4762,-3728,1672531200000
2022,8,171,65,2080.48,1860.3700000000001,44.76,28.621076923076924,0.6886153846153846,2022,8,171,578,-513,1659312000000
2018,12,200,342,13092.15,11511.95,351.09,33.66067251461988,1.026578947368421,2018,12,200,2711,-2369,1543622400000
2024,11,77,523,16536.35,15396.6,22.569999999999997,29.439005736137666,0.043154875717017205,2024,11,77,729,-206,1730419200000
2025,7,67,437,10958.09,9351.8,59.39,21.4,0.13590389016018306,2025,7,67,1007,-570,1751328000000
2018,6,155,219,7153.21,6522.06,168.37,29.78109589041096,0.7688127853881279,2018,6,155,1189,-970,1527811200000
2016,9,142,271088,3822427.11,3061385.34,420365.58,11.292957784925928,1.5506609661807236,2016,9,142,240149,30939,1472688000000
2022,8,229,65233,1054918.54,677208.4,135144.31,10.381377523646007,2.0717169224165684,2022,8,229,65951,-718,1659312000000
2017,4,223,6279,124053.45,98008.11,11921.13,15.608872431915911,1.8985714285714284,2017,4,223,20927,-14648,1491004800000
2023,2,164,66874,1560499.01,1016638.9700000001,198314.19999999998,15.20230538026737,2.965490325088973,2023,2,164,59167,7707,1675209600000
2017,4,154,24,805.59,655.1,60.57,27.295833333333334,2.52375,2017,4,154,89,-65,1491004800000
2020,10,148,9473,171325.96,117579.2,19385.03,12.412034202470178,2.0463454027235297,2020,10,148,10784,-1311,1601510400000
2023,5,200,87,4105.49,3585.37,127.41,41.21114942528735,1.4644827586206897,2023,5,200,1227,-1140,1682899200000
2024,2,75,19243,401390.82,291747.27,38684.32,15.16121550693759,2.0103060853297303,2024,2,75,35767,-16524,1706745600000
2017,11,81,20,414.45,372.0,6.98,18.6,0.34900000000000003,2017,11,81,343,-323,1509494400000
2022,4,255,2353,59459.270000000004,44287.66,8426.189999999999,18.821784955376117,3.5810412239694003,2022,4,255,10250,-7897,1648771200000
2019,4,65,9462,198107.03,156644.61,18454.91,16.5551268230818,1.9504238004650178,2019,4,65,14090,-4628,1554076800000
2021,9,243,730,21895.82,17697.15,2058.02,24.242671232876713,2.8192054794520547,2021,9,243,5958,-5228,1630454400000
2023,6,222,114,5194.7,4780.2,112.6,41.93157894736842,0.987719298245614,2023,6,222,299,-185,1685577600000
2024,7,172,4,248.74,192.78,17.2,48.195,4.3,2024,7,172,39,-35,1719792000000
2018,3,140,163136,2237535.52,1786465.35,253732.19,10.950773281188702,1.555341494213417,2018,3,140,168319,-5183,1519862400000
2020,1,40,2618,48798.51,35724.6,6287.61,13.64576012223071,2.4016844919786093,2020,1,40,6361,-3743,1577836800000
2020,4,218,85,2577.33,2323.52,118.04,27.335529411764707,1.3887058823529412,2020,4,218,126,-41,1585699200000
2021,5,4,2979,61999.95,44125.52,6519.72,14.812192010741859,2.1885599194360523,2021,5,4,11363,-8384,1619827200000
2022,12,108,64,3345.47,3002.17,48.800000000000004,46.90890625,0.7625000000000001,2022,12,108,234,-170,1669852800000
2018,10,13,79408,1601483.3099999998,1287807.67,201715.58,16.217606160588353,2.540242544831755,2018,10,13,83528,-4120,1538352000000
2019,6,29,209,5771.18,5251.36,131.21,25.126124401913874,0.627799043062201,2019,6,29,867,-658,1559347200000
2024,6,208,222,8974.71,7986.81,117.75,35.976621621621625,0.5304054054054054,2024,6,208,616,-394,1717200000000
2020,9,10,519,22589.88,19242.6,1710.99,37.076300578034676,3.296705202312139,2020,9,10,947,-428,1598918400000
2025,4,85,1536,42292.71,38435.04,122.5,25.0228125,0.07975260416666667,2025,4,85,1784,-248,1743465600000
2025,11,205,1414,46950.65,41887.22,41.6,29.623210749646393,0.02942008486562942,2025,11,205,2333,-919,1761955200000
2020,11,264,9705,173859.76,125887.48,20394.07,12.971404430705821,2.1013982483256055,2020,11,264,9807,-102,1604188800000
2021,2,107,32527,516475.67,335839.67,62022.83,10.324950656377778,1.9068106496141668,2021,2,107,26711,5816,1612137600000
2016,1,116,11105,180795.83000000002,149938.68,16429.41,13.501907248986942,1.4794606033318325,2016,1,116,29841,-18736,1451606400000
2023,11,54,69,2776.51,2207.93,326.28,31.998985507246374,4.728695652173912,2023,11,54,694,-625,1698796800000
2021,2,23,46,3576.92,2925.01,73.07,63.587173913043486,1.5884782608695651,2021,2,23,79,-33,1612137600000
2016,10,225,1710,29307.37,23836.06,3151.62,13.939216374269007,1.8430526315789473,2016,10,225,13870,-12160,1475280000000
2018,7,211,63271,934599.0800000001,750959.63,106092.09,11.868938850342179,1.6767885761249228,2018,7,211,64537,-1266,1530403200000
2018,6,197,453,17917.96,14978.1,1429.21,33.064238410596026,3.154988962472406,2018,6,197,2186,-1733,1527811200000
2021,2,227,208,6943.82,6052.49,139.73,29.098509615384614,0.6717788461538461,2021,2,227,530,-322,1612137600000
2021,3,86,267,14828.89,13264.44,88.34,49.679550561797754,0.3308614232209738,2021,3,86,655,-388,1614556800000
2017,6,264,135568,2411055.16,1945918.52,271803.43,14.353818895314529,2.004923211967426,2017,6,264,120732,14836,1496275200000
2018,8,163,206498,3104533.27,2478725.17,339196.45,12.003627977026412,1.6426137299150598,2018,8,163,193555,12943,1533081600000
2021,2,206,10,447.09000000000003,333.8,44.58,33.38,4.458,2021,2,206,58,-48,1612137600000
2022,7,167,128,3769.33,3303.71,149.72,25.810234375,1.1696875,2022,7,167,519,-391,1656633600000
2021,8,233,39392,665910.1700000002,431377.42,81180.68,10.950889012997562,2.060841795288383,2021,8,233,44447,-5055,1627776000000
2024,9,12,1348,43922.86,33163.9,4674.4,24.602299703264094,3.4676557863501483,2024,9,12,1951,-603,1725148800000
2017,4,119,368,6250.3,5293.81,448.64,14.385353260869566,1.2191304347826086,2017,4,119,2366,-1998,1491004800000
2025,4,5,3,156.89,129.57999999999998,6.0,43.19333333333333,2.0,2025,4,5,15,-12,1743465600000
2016,7,86,44,3965.85,2974.5,898.6800000000001,67.60227272727273,20.424545454545456,2016,7,86,517,-473,1467331200000
2023,11,251,8,621.8399999999999,434.4,151.0,54.3,18.875,2023,11,251,58,-50,1698796800000
2020,6,230,6531,105731.12000000001,71078.61,10508.57,10.883265962333487,1.60902924513857,2020,6,230,5392,1139,1590969600000
2019,12,128,59,1655.69,1394.39,89.8,23.633728813559323,1.5220338983050847,2019,12,128,426,-367,1575158400000
2019,5,11,142,5392.37,4756.91,112.66,33.4993661971831,0.7933802816901409,2019,5,11,573,-431,1556668800000
2021,3,224,3344,55870.1,37617.45,6168.68,11.249237440191386,1.8447009569377992,2021,3,224,7901,-4557,1614556800000
2018,2,148,113068,1712849.52,1369821.65,201060.43,12.115025029185976,1.7782257579509675,2018,2,148,89870,23198,1517443200000
2020,2,226,8219,200733.51,158535.94,18631.29,19.288957294074706,2.2668560652147463,2020,2,226,13714,-5495,1580515200000
2020,7,211,2472,43328.39,29037.51,5251.32,11.746565533980581,2.1243203883495143,2020,7,211,3832,-1360,1593561600000
2021,4,50,14970,250623.78,167291.4,28666.78,11.175110220440882,1.9149485637942552,2021,4,50,22342,-7372,1617235200000
2021,11,65,2473,60896.4,47598.98,6931.17,19.24746461787303,2.8027375657096645,2021,11,65,4481,-2008,1635724800000
2022,10,74,8978,153230.82,115746.77,15060.32,12.89226665181555,1.6774693695700602,2022,10,74,26212,-17234,1664582400000
2023,9,173,70,2499.26,2080.35,160.31,29.719285714285714,2.290142857142857,2023,9,173,566,-496,1693526400000
2024,5,14,575,21364.95,19295.26,309.37,33.55697391304348,0.5380347826086956,2024,5,14,2437,-1862,1714521600000
2019,1,74,29050,377610.22,315807.05,23108.489999999998,10.871154905335628,0.7954729776247847,2019,1,74,59963,-30913,1546300800000
2017,11,264,153081,2626044.0,2119320.52,297506.59,13.84443869585383,1.9434586264787925,2017,11,264,138643,14438,1509494400000
2016,4,55,75,2832.64,2322.61,357.93,30.968133333333334,4.7724,2016,4,55,1024,-949,1459468800000
2019,9,43,105143,1783912.9100000001,1200912.91,203390.27,11.421710527567217,1.9344157005221458,2019,9,43,84742,20401,1567296000000
2020,12,1,72,5524.39,4921.77,460.71999999999997,68.35791666666667,6.398888888888888,2020,12,1,1058,-986,1606780800000
2024,4,74,9733,211319.15,169303.05,10853.3,17.39474468303709,1.1151032569608548,2024,4,74,23871,-14138,1711929600000
2024,7,184,25,902.22,795.42,15.47,31.816799999999997,0.6188,2024,7,184,52,-27,1719792000000
2019,4,197,800,31192.05,26766.420000000002,1250.04,33.458025,1.5625499999999999,2019,4,197,4082,-3282,1554076800000
2018,1,55,98,2240.53,1862.8,244.58,19.008163265306123,2.495714285714286,2018,1,55,709,-611,1514764800000
2016,1,112,8003,123726.36,98847.54,13952.26,12.351310758465575,1.7433787329751345,2016,1,112,33968,-25965,1451606400000
2021,3,68,41605,676796.79,443668.17,80042.46,10.66381853142651,1.9238663622160799,2021,3,68,38685,2920,1614556800000
2023,1,107,68195,1483520.35,958263.24,192817.53,14.051810836571596,2.827443800865166,2023,1,107,61797,6398,1672531200000
2023,5,251,6,1115.22,900.7,97.86,150.11666666666667,16.31,2023,5,251,50,-44,1682899200000
2020,11,69,553,15755.37,13248.05,1232.06,23.956690777576853,2.2279566003616638,2020,11,69,1565,-1012,1604188800000
2017,10,244,8206,150912.88,125965.47,13920.6,15.35041067511577,1.6963928832561541,2017,10,244,32727,-24521,1506816000000
2019,8,223,3408,116795.5,90692.54,11168.02,26.611660798122063,3.2770011737089204,2019,8,223,12204,-8796,1564617600000
2016,6,25,14434,241813.93,197389.97,27233.79,13.67534778994042,1.8867805182208675,2016,6,25,22419,-7985,1464739200000
2021,8,123,139,5935.81,5053.08,100.89,36.35309352517986,0.7258273381294964,2021,8,123,588,-449,1627776000000
2021,12,237,158625,2445016.46,1547306.7,317715.29000000004,9.754494562647753,2.0029332702915683,2021,12,237,136138,22487,1638316800000
2025,5,234,119850,2681632.3,1701242.28,301533.73,14.194762453066334,2.5159259908218603,2025,5,234,105540,14310,1746057600000
2024,4,236,151837,3140416.61,2033171.67,394345.23,13.390488945382218,2.5971616272713502,2024,4,236,157752,-5915,1711929600000
2025,3,68,107257,2585682.38,1678282.09,301969.81,15.647296586702966,2.815385569240236,2025,3,68,107335,-78,1740787200000
2022,3,130,340,17143.64,13790.98,1500.78,40.56170588235294,4.414058823529412,2022,3,130,1409,-1069,1646092800000
2025,4,234,107045,2363387.4,1475861.6099999999,283774.88,13.787300761362042,2.650986781260218,2025,4,234,94640,12405,1743465600000
2020,8,56,227,7653.2,6430.88,531.49,28.32986784140969,2.34136563876652,2020,8,56,691,-464,1596240000000
2025,10,158,43327,1026934.08,670067.2,110351.36,15.465349551088234,2.5469420915364553,2025,10,158,44723,-1396,1759276800000
2020,6,235,360,11341.8,9987.64,418.34,27.743444444444442,1.1620555555555554,2020,6,235,814,-454,1590969600000
2019,11,153,93,2173.17,1920.64,59.22,20.65204301075269,0.636774193548387,2019,11,153,296,-203,1572566400000
2024,4,222,427,15483.53,14397.12,39.19,33.716908665105386,0.09177985948477752,2024,4,222,501,-74,1711929600000
2023,6,59,20,590.66,427.7,77.31,21.384999999999998,3.8655,2023,6,59,38,-18,1685577600000
2018,6,67,125,2934.87,2545.3,207.73,20.3624,1.66184,2018,6,67,1410,-1285,1527811200000
2018,6,121,187,5113.93,4568.1,215.24,24.428342245989306,1.1510160427807488,2018,6,121,1382,-1195,1527811200000
2017,1,128,52,981.85,811.8,109.47,15.61153846153846,2.105192307692308,2017,1,128,512,-460,1483228800000
2021,3,140,53987,926437.52,621566.67,105023.41,11.513265600978015,1.9453462870691094,2021,3,140,49592,4395,1614556800000
2022,1,81,53,2409.27,2199.17,0.0,41.49377358490566,0.0,2022,1,81,203,-150,1640995200000
2018,8,70,1415,45138.61,38295.47,3776.29,27.06393639575972,2.668756183745583,2018,8,70,4126,-2711,1533081600000
2016,8,52,5469,103963.48,85006.94,12747.97,15.54341561528616,2.330950813677089,2016,8,52,8049,-2580,1470009600000
2023,11,232,4199,118159.63,86618.27,12688.57,20.62830912121934,3.0218075732317216,2023,11,232,15852,-11653,1698796800000
2021,6,100,44177,742404.3,492804.61,83313.88,11.15523032347149,1.8859107680467213,2021,6,100,38267,5910,1622505600000
2023,4,64,35,2088.88,1787.96,137.72,51.08457142857143,3.9348571428571426,2023,4,64,436,-401,1680307200000
2016,5,176,1,86.88,75.0,0.0,75.0,0.0,2016,5,176,95,-94,1462060800000
2018,7,124,154,7624.37,6663.86,435.39,43.271818181818176,2.8272077922077923,2018,7,124,969,-815,1530403200000
2019,5,43,126212,2129582.1100000003,1433990.07,239937.99,11.361756964472475,1.9010711342820017,2019,5,43,103784,22428,1556668800000
2020,5,49,248,5618.46,4780.49,359.06,19.276169354838707,1.4478225806451612,2020,5,49,544,-296,1588291200000
2020,2,258,188,6780.82,5711.16,127.92999999999999,30.378510638297872,0.6804787234042553,2020,2,258,1144,-956,1580515200000
2019,1,98,193,6637.37,6043.99,8.809999999999999,31.3160103626943,0.04564766839378238,2019,1,98,909,-716,1546300800000
2018,3,33,10284,187169.25,152870.21,22571.37,14.86485900427849,2.1948045507584597,2018,3,33,26869,-16585,1519862400000
2018,8,102,134,3270.93,2924.98,117.22,21.828208955223882,0.874776119402985,2018,8,102,1221,-1087,1533081600000
2016,7,24,27824,398859.28,323440.45,40597.08,11.624513010350777,1.4590669925244395,2016,7,24,30012,-2188,1467331200000
2018,3,265,4280,359328.84,310019.27,36117.43,72.43440887850468,8.438651869158878,2018,3,265,21370,-17090,1519862400000
2020,12,83,211,6105.7300000000005,5220.28,423.96,24.740663507109005,2.0092890995260664,2020,12,83,583,-372,1606780800000
2023,7,143,27375,585777.47,383704.45,73773.69,14.01660091324201,2.694929315068493,2023,7,143,38553,-11178,1688169600000
2023,8,173,76,2218.9,1876.24,118.65,24.687368421052632,1.5611842105263158,2023,8,173,661,-585,1690848000000
2024,6,79,84430,1917260.16,1308275.2,214141.17,15.495383157645387,2.536316119862608,2024,6,79,75506,8924,1717200000000
2017,6,128,93,1810.89,1472.0,189.73,15.827956989247312,2.0401075268817204,2017,6,128,639,-546,1496275200000
2019,7,229,119803,1903393.62,1238640.88,220197.54,10.338980492975969,1.8379968782083922,2019,7,229,116522,3281,1561939200000
2020,9,227,216,6908.54,6089.89,510.46,28.193935185185186,2.3632407407407405,2020,9,227,462,-246,1598918400000
2016,8,58,3,19.06,13.5,1.16,4.5,0.38666666666666666,2016,8,58,236,-233,1470009600000
2022,6,133,114,3685.05,3087.1,277.6,27.07982456140351,2.4350877192982456,2022,6,133,1044,-930,1654041600000
2022,1,121,55,1836.93,1672.31,36.019999999999996,30.40563636363636,0.6549090909090909,2022,1,121,557,-502,1640995200000
2017,3,6,41,1702.48,1083.0,88.98,26.414634146341463,2.1702439024390245,2017,3,6,201,-160,1488326400000
2019,6,99,9,750.3,604.66,30.0,67.18444444444444,3.3333333333333335,2019,6,99,11,-2,1559347200000
2024,9,120,38,1431.11,1233.2,85.21000000000001,32.45263157894737,2.242368421052632,2024,9,120,259,-221,1725148800000
2024,10,252,139,5684.3,5117.08,166.08,36.813525179856114,1.1948201438848922,2024,10,252,736,-597,1727740800000
2016,9,185,59,1577.28,1313.39,179.91,22.260847457627122,3.049322033898305,2016,9,185,1305,-1246,1472688000000
2025,11,128,174,3403.9,2487.0,38.84,14.293103448275861,0.2232183908045977,2025,11,128,592,-418,1761955200000
2025,1,120,21,1223.27,1002.49,139.70999999999998,47.73761904761905,6.652857142857142,2025,1,120,202,-181,1735689600000
2016,5,150,45,1223.77,1000.0,150.57,22.22222222222222,3.3459999999999996,2016,5,150,693,-648,1462060800000
2017,3,16,37,1025.86,807.02,163.77,21.81135135135135,4.426216216216217,2017,3,16,1472,-1435,1488326400000
2018,12,111,17,338.90000000000003,289.01,24.53,17.000588235294117,1.4429411764705884,2018,12,111,102,-85,1543622400000
2019,7,45,13602,284206.3,207782.98,25890.55,15.275913836200559,1.9034369945596235,2019,7,45,18249,-4647,1561939200000
2025,3,245,11,515.2,446.09999999999997,0.0,40.554545454545455,0.0,2025,3,245,32,-21,1740787200000
2016,11,60,77,2519.61,2200.5,200.86,28.57792207792208,2.6085714285714285,2016,11,60,570,-493,1477958400000
2017,6,261,59061,1211506.78,998174.9,129546.41,16.900744992465416,2.193434076632634,2017,6,261,50110,8951,1496275200000
2025,5,248,985,25396.94,21675.27,52.0,22.00535025380711,0.05279187817258883,2025,5,248,910,75,1746057600000
2019,8,90,107983,1723479.18,1116902.43,201032.09,10.343317281423927,1.8617012863135864,2019,8,90,86477,21506,1564617600000
2023,7,197,360,17846.85,15344.93,1126.47,42.624805555555554,3.1290833333333334,2023,7,197,1387,-1027,1688169600000
2018,12,175,161,5317.68,4734.53,139.38,29.40701863354037,0.8657142857142857,2018,12,175,716,-555,1543622400000
2022,1,68,59753,1017991.09,664189.18,130038.8,11.115578799390827,2.1762723210550097,2022,1,68,57243,2510,1640995200000
2021,6,202,148,4527.77,3748.32,276.9,25.326486486486488,1.8709459459459459,2021,6,202,1356,-1208,1622505600000
2019,10,53,135,5071.94,4513.49,49.08,33.43325925925926,0.3635555555555555,2019,10,53,801,-666,1569888000000
2018,2,87,62093,1268453.91,1018728.98,162594.52,16.406502826405553,2.6185644114473448,2018,2,87,68127,-6034,1517443200000
2023,3,136,152,5593.86,5063.33,83.68,33.31138157894737,0.5505263157894738,2023,3,136,426,-274,1677628800000
2019,5,37,1319,30479.2,25717.43,1567.43,19.49767247915087,1.188347232752085,2019,5,37,8820,-7501,1556668800000
2019,9,45,13291,278027.42,202144.85,26391.559999999998,15.209152810172297,1.9856715070348354,2019,9,45,18176,-4885,1567296000000
2017,6,158,115376,1968337.3800000001,1608540.72,207052.35,13.941727222299265,1.7945876958812925,2017,6,158,108492,6884,1496275200000
2020,8,213,717,24186.04,20795.05,1157.43,29.002859135285913,1.6142677824267784,2020,8,213,1085,-368,1596240000000
2021,9,174,220,9254.11,8008.68,83.12,36.40309090909091,0.37781818181818183,2021,9,174,608,-388,1630454400000
2021,9,19,94,4090.79,3669.83,40.36,39.04074468085106,0.42936170212765956,2021,9,19,375,-281,1630454400000
2016,8,130,1129,56828.19,46485.14,5125.6,41.173728963684674,4.539946855624446,2016,8,130,3401,-2272,1470009600000
2023,9,31,11,615.87,544.2,32.05,49.472727272727276,2.9136363636363636,2023,9,31,137,-126,1693526400000
2021,6,255,1282,33145.92,25125.54,4389.11,19.59870514820593,3.423642745709828,2021,6,255,6202,-4920,1622505600000
2021,12,57,8,322.14,277.72,11.87,34.715,1.48375,2021,12,57,214,-206,1638316800000
2022,9,68,82186,1637815.01,1102104.28,212695.05000000002,13.409878568125958,2.587971795682963,2022,9,68,78566,3620,1661990400000
2020,9,205,517,20869.14,18179.26,1353.02,35.16297872340425,2.6170599613152805,2020,9,205,850,-333,1598918400000
2018,5,150,86,3647.2400000000002,3248.02,127.92,37.76767441860465,1.4874418604651163,2018,5,150,535,-449,1525132800000
2019,8,74,24338,354010.55,278148.59,23048.1,11.428572191634482,0.9470005752321472,2019,8,74,51582,-27244,1564617600000
2023,8,247,440,15434.38,12588.86,1302.66,28.611045454545454,2.9605909090909095,2023,8,247,1549,-1109,1690848000000
2017,10,193,4472,48268.840000000004,41508.91,2531.35,9.281956618962434,0.5660442754919499,2017,10,193,6405,-1933,1506816000000
2021,5,254,481,18698.420000000002,15885.69,57.19,33.026382536382535,0.1188981288981289,2021,5,254,928,-447,1619827200000
2022,9,88,9725,257455.91,186856.27,32108.39,19.214012339331617,3.3016339331619537,2022,9,88,12379,-2654,1661990400000
2016,6,158,148266,2271740.66,1814232.4,261355.51,12.23633469574953,1.7627474269218837,2016,6,158,136686,11580,1464739200000
2024,9,265,2283,212205.72,187134.43,18803.97,81.9686508979413,8.236517739816032,2024,9,265,17481,-15198,1725148800000
2025,5,127,2182,53348.61,45301.2,526.33,20.761319890009165,0.24121448212648947,2025,5,127,7021,-4839,1746057600000
2024,10,40,764,22258.88,18061.04,1307.68,23.640104712041886,1.7116230366492147,2024,10,40,3575,-2811,1727740800000
2025,6,52,1907,52558.92,41078.64,2245.19,21.540975353959098,1.1773413738856844,2025,6,52,2937,-1030,1748736000000
2021,5,244,4216,97379.48,78806.85,7514.01,18.69232685009488,1.7822604364326375,2021,5,244,10888,-6672,1619827200000
2023,3,34,75,2072.09,1573.16,255.63,20.97546666666667,3.4084,2023,3,34,383,-308,1677628800000
2023,9,27,2,61.7,48.9,7.3,24.45,3.65,2023,9,27,50,-48,1693526400000
2017,12,118,6,270.58,224.5,29.759999999999998,37.416666666666664,4.96,2017,12,118,165,-159,1512086400000
2022,1,265,6788,326474.82,306600.07,12031.62,45.16795374189747,1.7724837949322334,2022,1,265,7634,-846,1640995200000
2022,1,258,42,1452.6599999999999,1273.04,27.02,30.31047619047619,0.6433333333333333,2022,1,258,589,-547,1640995200000
2024,2,9,61,2009.75,1818.82,70.17,29.81672131147541,1.150327868852459,2024,2,9,248,-187,1706745600000
2024,3,190,79,2668.96,2331.36,153.28,29.51088607594937,1.940253164556962,2024,3,190,433,-354,1709251200000
2022,6,196,198,8336.59,6887.7300000000005,728.31,34.786515151515154,3.6783333333333332,2022,6,196,1335,-1137,1654041600000
2017,10,203,38,1219.03,1015.79,146.87,26.731315789473683,3.865,2017,10,203,717,-679,1506816000000
2017,9,166,42964,646147.06,517672.39,72967.1,12.048980309095988,1.6983311609719767,2017,9,166,65910,-22946,1504224000000
2017,4,72,102,2017.24,1691.25,152.53,16.580882352941178,1.495392156862745,2017,4,72,1585,-1483,1491004800000
2019,1,122,181,7710.41,7126.38,0.0,39.37226519337017,0.0,2019,1,122,539,-358,1546300800000
2018,1,22,119,2659.73,2291.0,214.33,19.252100840336134,1.80109243697479,2018,1,22,1454,-1335,1514764800000
2019,12,12,2693,62728.91,47285.94,5638.23,17.55883401411066,2.0936613442257705,2019,12,12,4114,-1421,1575158400000
2020,7,38,152,8124.97,7317.76,294.67,48.143157894736845,1.9386184210526316,2020,7,38,217,-65,1593561600000
2022,4,265,9451,564036.1900000001,529746.4,21803.63,56.05188868902762,2.307018304941276,2022,4,265,12138,-2687,1648771200000
2020,4,48,7847,116964.19,78578.68,10361.07,10.013849878934623,1.3203861348285968,2020,4,48,6884,963,1585699200000
2022,11,83,136,3901.61,3149.67,465.14,23.15933823529412,3.420147058823529,2022,11,83,777,-641,1667260800000
2023,11,100,53601,1356917.28,923751.27,161499.87,17.23384395813511,3.013001063412996,2023,11,100,45036,8565,1698796800000
2017,3,201,16,586.36,418.92,137.2,26.1825,8.575,2017,3,201,394,-378,1488326400000
2021,2,189,254,7066.41,5839.61,498.13,22.9905905511811,1.9611417322834646,2021,2,189,886,-632,1612137600000
2020,6,219,238,11661.44,10296.16,524.13,43.26117647058823,2.2022268907563025,2020,6,219,360,-122,1590969600000
2022,3,49,577,15768.77,12873.49,1695.26,22.31107452339688,2.938058925476603,2022,3,49,4949,-4372,1646092800000
2024,10,147,209,6887.3,6094.01,101.3,29.15794258373206,0.484688995215311,2024,10,147,289,-80,1727740800000
2019,7,39,1002,31868.97,29163.97,189.93,29.105758483033934,0.18955089820359283,2019,7,39,2642,-1640,1561939200000
2018,8,187,2,176.62,149.5,0.0,74.75,0.0,2018,8,187,54,-52,1533081600000
2021,11,9,86,2926.65,2531.5499999999997,16.25,29.436627906976742,0.18895348837209303,2021,11,9,373,-287,1635724800000
2017,1,247,1820,27618.25,23193.61,1999.78,12.74374175824176,1.0987802197802197,2017,1,247,3773,-1953,1483228800000
2021,6,20,148,4990.07,4202.0,154.92,28.39189189189189,1.0467567567567566,2021,6,20,449,-301,1622505600000
2022,4,89,319,10629.85,9169.81,699.37,28.745485893416927,2.192382445141066,2022,4,89,2968,-2649,1648771200000
2023,9,10,936,70225.54,55627.87,7611.1,59.43148504273505,8.131517094017095,2023,9,10,2924,-1988,1693526400000
2023,7,113,39058,863959.85,564799.51,111704.51,14.460533309437247,2.85996492395924,2023,7,113,35657,3401,1688169600000
2024,7,100,51867,1214188.37,821103.94,137809.99,15.830951086432606,2.6569878728285805,2024,7,100,44363,7504,1719792000000
2020,5,68,6500,127119.44,95490.93,8685.12,14.690912307692306,1.3361723076923078,2020,5,68,5852,648,1588291200000
2022,3,251,1,3.8,2.5,0.0,2.5,0.0,2022,3,251,42,-41,1646092800000
2021,11,62,242,9196.38,8105.66,337.92,33.49446280991735,1.3963636363636365,2021,11,62,1498,-1256,1635724800000
2023,12,188,660,21427.11,19481.05,516.74,29.516742424242423,0.7829393939393939,2023,12,188,2480,-1820,1701388800000
2017,1,214,5,309.64,269.59000000000003,26.47,53.918000000000006,5.294,2017,1,214,180,-175,1483228800000
2016,6,43,152326,2158369.44,1756391.74,216801.96,11.53047897272954,1.4232761314549058,2016,6,43,132694,19632,1464739200000
2024,6,207,231,5352.89,4085.23,630.38,17.684978354978355,2.7289177489177487,2024,6,207,199,32,1717200000000
2016,10,263,192403,2653364.42,2120373.86,296979.26,11.020482320961731,1.5435271799296268,2016,10,263,196964,-4561,1475280000000
2024,3,134,469,23288.42,19609.01,2004.3,41.81025586353944,4.273560767590618,2024,3,134,1224,-755,1709251200000
2021,5,157,180,6869.51,5498.84,470.26,30.549111111111113,2.6125555555555553,2021,5,157,782,-602,1619827200000
2018,4,233,120088,1840952.5500000003,1447407.23,214827.58,12.052888132036506,1.7889179601625473,2018,4,233,134479,-14391,1522540800000
2025,6,96,120,3407.41,2980.97,59.22,24.841416666666664,0.4935,2025,6,96,271,-151,1748736000000
2023,10,161,166135,4340725.18,2889939.03,565276.68,17.39512462756192,3.402514099978933,2023,10,161,136996,29139,1696118400000
2025,7,84,1,105.0,99.0,5.0,99.0,5.0,2025,7,84,39,-38,1751328000000
2025,10,230,132166,3685693.5,2427595.52,445626.78,18.367776281343158,3.37172026088404,2025,10,230,125638,6528,1759276800000
2025,11,138,107697,7275313.23,4682926.93,1006971.0,43.48242690139929,9.350037605504331,2025,11,138,39060,68637,1761955200000
2025,8,120,115,2678.21,2234.56,47.04,19.43095652173913,0.40904347826086956,2025,8,120,339,-224,1754006400000
2017,2,92,342,6864.03,5856.78,465.58,17.125087719298246,1.361345029239766,2017,2,92,3176,-2834,1485907200000
2017,7,265,4616,391486.77,336468.16,39606.65,72.8917157712305,8.580296793760832,2017,7,265,22993,-18377,1498867200000
2020,3,220,213,4696.03,4067.37,170.68,19.095633802816902,0.8013145539906104,2020,3,220,1345,-1132,1583020800000
2019,2,162,254750,4369503.24,2856055.61,553094.72,11.211209460255152,2.1711274582924434,2019,2,162,211518,43232,1548979200000
2022,4,109,5,413.76,341.89000000000004,9.92,68.37800000000001,1.984,2022,4,109,46,-41,1648771200000
2024,2,31,13,684.21,594.64,47.25,45.74153846153846,3.6346153846153846,2024,2,31,85,-72,1706745600000
2018,11,86,112,6839.89,6329.16,92.88,56.51035714285714,0.8292857142857143,2018,11,86,630,-518,1541030400000
2022,8,87,20536,506707.26,360575.76,64545.16,17.5582275029217,3.1430249318270356,2022,8,87,24953,-4417,1659312000000
2021,8,152,2909,53223.81,42571.3,4244.04,14.63434169817807,1.4589343416981781,2021,8,152,4910,-2001,1627776000000
2024,2,20,113,3962.93,3570.48,81.17,31.59716814159292,0.7183185840707965,2024,2,20,325,-212,1706745600000
2025,1,76,2624,76444.37,70865.2,242.98,27.006554878048778,0.09259908536585365,2025,1,76,3414,-790,1735689600000
2025,2,246,66272,1469651.18,938920.75,157831.32,14.167683938918398,2.381568686624819,2025,2,246,72778,-6506,1738368000000
2021,4,165,509,16652.77,14547.16,108.53999999999999,28.579882121807465,0.21324165029469547,2021,4,165,1154,-645,1617235200000
2016,11,142,290729,4273694.78,3467332.97,449072.29,11.926340234376344,1.5446422269536233,2016,11,142,256284,34445,1477958400000
2021,10,82,552,13722.83,11365.59,640.02,20.58983695652174,1.1594565217391304,2021,10,82,2311,-1759,1633046400000
2025,1,244,3311,83669.39,68497.96,3869.22,20.68799758381154,1.1685955904560554,2025,1,244,12339,-9028,1735689600000
2021,5,190,86,2440.38,2010.78,218.20000000000002,23.381162790697672,2.5372093023255817,2021,5,190,466,-380,1619827200000
2025,6,245,15,683.11,540.02,0.0,36.001333333333335,0.0,2025,6,245,60,-45,1748736000000
2025,1,1,377,35565.38,30717.92,3700.57,81.47989389920424,9.815835543766578,2025,1,1,6873,-6496,1735689600000
2025,4,150,262,8425.34,7608.33,96.89,29.03942748091603,0.3698091603053435,2025,4,150,503,-241,1743465600000
2018,7,195,591,15681.91,13321.5,1166.69,22.54060913705584,1.9740947546531304,2018,7,195,3382,-2791,1530403200000
2024,1,67,103,4299.43,3789.32,120.35,36.7895145631068,1.1684466019417474,2024,1,67,383,-280,1704067200000
2024,5,12,1492,49831.1,37637.91,5335.21,25.22648123324397,3.575878016085791,2024,5,12,2077,-585,1714521600000
2016,3,112,8872,139295.94,111346.75,15668.15,12.550355049594229,1.7660223174030658,2016,3,112,38174,-29302,1456790400000
2018,11,124,250,10498.71,9108.68,638.16,36.43472,2.55264,2018,11,124,942,-692,1541030400000
2016,8,185,61,1236.52,1064.0,77.57000000000001,17.442622950819672,1.2716393442622953,2016,8,185,1405,-1344,1470009600000
2021,6,122,137,5663.84,4991.71,26.41,36.43583941605839,0.19277372262773723,2021,6,122,335,-198,1622505600000
2024,10,181,2221,65909.5,56563.53,3435.79,25.467595677622693,1.5469563259792887,2024,10,181,10224,-8003,1727740800000
2020,4,50,1686,26708.510000000002,18090.43,2416.04,10.72979240806643,1.4330011862396204,2020,4,50,2883,-1197,1585699200000
2017,10,77,47,1115.17,983.0,54.339999999999996,20.914893617021278,1.1561702127659574,2017,10,77,512,-465,1506816000000
2024,12,111,4,223.83,173.56,38.83,43.39,9.7075,2024,12,111,19,-15,1733011200000
2019,7,41,24255,348379.13,271392.13,27495.4,11.18912100597815,1.1335971964543394,2019,7,41,40564,-16309,1561939200000
2018,9,203,226,10414.78,9619.08,134.89,42.562300884955754,0.596858407079646,2018,9,203,933,-707,1535760000000
2016,3,50,126015,1833693.4000000001,1474899.18,199937.11,11.704155695750506,1.5866135777486805,2016,3,50,147309,-21294,1456790400000
2019,2,90,126299,1975669.49,1284656.09,237354.66999999998,10.171546013824338,1.8793075954678975,2019,2,90,105824,20475,1548979200000
2019,5,35,840,31809.82,29101.64,46.21,34.64480952380952,0.05501190476190476,2019,5,35,1810,-970,1556668800000
2019,6,131,307,10143.33,9139.38,123.88,29.769967426710096,0.40351791530944625,2019,6,131,1262,-955,1559347200000
2023,10,6,13,557.49,337.4,43.81,25.95384615384615,3.37,2023,10,6,94,-81,1696118400000
2016,12,242,108,1776.57,1575.26,75.75,14.585740740740741,0.7013888888888888,2016,12,242,1023,-915,1480550400000
2025,4,211,34079,806290.06,532242.05,87473.64,15.617889316001058,2.5667901053434665,2025,4,211,35136,-1057,1743465600000
2022,6,46,10,398.99,356.38,14.96,35.638,1.496,2022,6,46,89,-79,1654041600000
2024,12,37,1488,44139.81,39432.64,895.79,26.50043010752688,0.6020094086021505,2024,12,37,4267,-2779,1733011200000
2023,2,209,4615,140278.17,99977.74,17772.88,21.663648970747563,3.8511115926327197,2023,2,209,7617,-3002,1675209600000
2025,6,217,990,28259.39,25024.39,432.28,25.277161616161617,0.4366464646464646,2025,6,217,1768,-778,1748736000000
2020,7,20,208,8108.57,7080.08,370.81,34.03884615384615,1.7827403846153846,2020,7,20,268,-60,1593561600000
2017,6,90,179256,2427999.1,1911236.08,286719.58,10.662048020707815,1.5994978131833804,2017,6,90,142527,36729,1496275200000
2021,4,161,70877,1119909.02,714036.09,139680.34,10.074298996853704,1.9707428361809896,2021,4,161,62371,8506,1617235200000
2022,4,68,89577,1683122.8,1119507.63,217822.81,12.497712917378344,2.431682351496478,2022,4,68,88166,1411,1648771200000
2023,3,101,54,2166.85,1937.52,52.33,35.88,0.9690740740740741,2023,3,101,353,-299,1677628800000
2021,7,68,67713,1205952.6400000001,800224.19,147712.16999999998,11.817881204495443,2.1814447742678658,2021,7,68,64768,2945,1625097600000
2018,4,26,341,8165.79,7300.07,238.24,21.40782991202346,0.698651026392962,2018,4,26,1954,-1613,1522540800000
2025,5,12,1739,51270.81,36955.36,5024.17,21.250925819436457,2.8891144335825185,2025,5,12,2437,-698,1746057600000
2025,7,247,2087,62128.659999999996,53152.46,1932.51,25.468356492573072,0.9259750838524198,2025,7,247,2987,-900,1751328000000
2019,5,218,543,21811.54,19922.64,100.08999999999999,36.68994475138121,0.18432780847145486,2019,5,218,2052,-1509,1556668800000
2020,8,226,2258,60221.18,52171.57,3082.11,23.105212577502215,1.3649734278122232,2020,8,226,3818,-1560,1596240000000
2020,3,213,410,12226.45,10611.82,247.04000000000002,25.88248780487805,0.6025365853658537,2020,3,213,940,-530,1583020800000
2025,7,183,245,7314.66,6485.2,7.98,26.47020408163265,0.03257142857142857,2025,7,183,478,-233,1751328000000
2024,12,243,843,27853.49,24132.75,1386.44,28.627224199288257,1.644650059311981,2024,12,243,6363,-5520,1733011200000
2021,10,151,33692,570127.08,400792.3,72354.68,11.89577050931972,2.1475329455063514,2021,10,151,34880,-1188,1633046400000
2016,7,168,2043,35303.13,30266.03,2015.28,14.814503181595692,0.986431718061674,2016,7,168,7849,-5806,1467331200000
2016,6,76,377,10283.67,8200.34,1403.89,21.7515649867374,3.723846153846154,2016,6,76,2759,-2382,1464739200000
2019,5,255,5727,105091.96,80883.75,12082.2,14.12323205866946,2.1096909376636983,2019,5,255,20032,-14305,1556668800000
2021,11,231,47206,969315.6300000001,666968.07,126418.70999999999,14.12888340465195,2.6780220734652374,2021,11,231,49520,-2314,1635724800000
2018,12,129,4775,82356.25,70849.87,3776.08,14.837669109947644,0.7908020942408377,2018,12,129,14357,-9582,1543622400000
2018,6,60,100,2819.78,2508.5,26.77,25.085,0.2677,2018,6,60,561,-461,1527811200000
2021,5,233,33598,552510.55,357829.82,67389.72,10.650330972081672,2.0057658193940116,2021,5,233,36886,-3288,1619827200000
2016,2,87,86765,1776771.04,1433161.27,224224.71,16.517734916152826,2.5842760329626002,2016,2,87,90935,-4170,1454284800000
2018,4,240,27,1048.04,956.5,36.44,35.425925925925924,1.3496296296296295,2018,4,240,259,-232,1522540800000
2020,10,108,223,7886.55,6859.31,570.16,30.759237668161436,2.5567713004484305,2020,10,108,367,-144,1601510400000
2022,7,37,442,13064.76,10570.36,1558.85,23.914841628959277,3.526809954751131,2022,7,37,4248,-3806,1656633600000
2022,12,203,136,5367.64,4967.150000000001,55.739999999999995,36.52316176470589,0.40985294117647053,2022,12,203,590,-454,1669852800000
2024,4,261,17972,575848.67,422369.16,63638.29,23.501511239706208,3.540968729134209,2024,4,261,18025,-53,1711929600000
2016,6,92,567,12391.37,10525.93,871.59,18.564250440917107,1.5371957671957672,2016,6,92,4716,-4149,1464739200000
2023,11,23,13,625.36,539.0,40.79,41.46153846153846,3.1376923076923076,2023,11,23,76,-63,1698796800000
2024,11,231,48219,1280765.32,899557.09,152528.01,18.655656276571474,3.1632346170596657,2024,11,231,57633,-9414,1730419200000
2016,10,181,15050,253415.55,205752.18,28282.64,13.67124119601329,1.8792451827242524,2016,10,181,40143,-25093,1475280000000
2024,7,106,222,6740.28,5923.1,227.04,26.68063063063063,1.0227027027027027,2024,7,106,1068,-846,1719792000000
2024,2,244,2069,61521.6,51232.7,3830.64,24.762058965683902,1.8514451425809568,2024,2,244,8866,-6797,1706745600000
2016,8,229,185748,2464895.9,1966199.97,268883.89,10.585308966987531,1.4475735404957255,2016,8,229,164836,20912,1470009600000
2019,7,234,188443,3118543.57,2023497.35,380775.17,10.737980980986293,2.020638442393721,2019,7,234,163709,24734,1561939200000
2019,6,228,759,21057.4,18139.16,1167.08,23.898761528326744,1.5376548089591566,2019,6,228,4254,-3495,1559347200000
2022,2,7,1856,31458.91,25273.75,2771.91,13.617322198275861,1.4934859913793104,2022,2,7,9761,-7905,1643673600000
2024,11,120,26,1280.16,1076.8,95.22,41.41538461538461,3.6623076923076923,2024,11,120,223,-197,1730419200000
2017,1,86,15,374.69,351.31,9.879999999999999,23.420666666666666,0.6586666666666666,2017,1,86,477,-462,1483228800000
2024,11,2,7,493.2,385.1,70.97,55.01428571428572,10.138571428571428,2024,11,2,5,2,1730419200000
2018,8,203,201,9389.81,8598.59,256.01,42.77905472636816,1.273681592039801,2018,8,203,1149,-948,1533081600000
2016,12,224,33427,474561.77,379927.37,54167.31,11.36588296885751,1.6204657911269333,2016,12,224,46500,-13073,1480550400000
2022,8,71,139,4699.67,4207.64,184.68,30.270791366906476,1.32863309352518,2022,8,71,881,-742,1659312000000
2021,8,30,2,98.96,94.41,0.0,47.205,0.0,2021,8,30,22,-20,1627776000000
2022,11,173,44,1394.56,1194.7,116.86,27.152272727272727,2.6559090909090908,2022,11,173,650,-606,1667260800000
2021,4,21,238,9284.68,8163.5,65.08,34.30042016806723,0.2734453781512605,2021,4,21,512,-274,1617235200000
2023,2,153,30,889.87,808.5,10.72,26.95,0.35733333333333334,2023,2,153,109,-79,1675209600000
2023,12,161,146299,3837149.17,2587026.56,493730.14,17.683145886164635,3.3748018783450333,2023,12,161,128773,17526,1701388800000
2024,1,117,249,12439.51,11554.04,117.0,46.401767068273095,0.46987951807228917,2024,1,117,415,-166,1704067200000
2024,2,124,127,6361.65,5515.36,429.40999999999997,43.42803149606299,3.3811811023622043,2024,2,124,687,-560,1706745600000
2023,6,119,204,6318.01,5440.33,244.08,26.66828431372549,1.1964705882352942,2023,6,119,663,-459,1685577600000
2025,3,106,1328,34576.1,28722.97,535.73,21.62874246987952,0.4034111445783133,2025,3,106,1711,-383,1740787200000
2018,7,164,199936,2903301.9099999997,2298077.01,318788.02999999997,11.494063150208065,1.5944503741197182,2018,7,164,179454,20482,1530403200000
2022,4,42,4137,73534.48,59105.62,6023.77,14.287072758037226,1.4560720328740635,2022,4,42,15665,-11528,1648771200000
2020,10,113,24489,390485.35000000003,253876.25,49195.28999999999,10.366950467556862,2.008872963371309,2020,10,113,21066,3423,1601510400000
2025,5,5,1,205.0,204.0,0.0,204.0,0.0,2025,5,5,14,-13,1746057600000
2018,1,128,51,1062.77,889.0,86.42,17.431372549019606,1.6945098039215687,2018,1,128,526,-475,1514764800000
2020,11,242,652,18759.62,15728.71,1609.72,24.12378834355828,2.4688957055214726,2020,11,242,882,-230,1604188800000
2023,3,8,15,1104.6,819.4,146.5,54.626666666666665,9.766666666666667,2023,3,8,48,-33,1677628800000
2020,12,223,554,14929.82,11827.36,1408.14,21.349025270758123,2.5417689530685923,2020,12,223,2131,-1577,1606780800000
2023,9,206,12,791.44,605.11,174.83,50.42583333333334,14.569166666666668,2023,9,206,74,-62,1693526400000
2016,5,71,181,4721.34,4124.8,401.34000000000003,22.788950276243096,2.2173480662983427,2016,5,71,2201,-2020,1462060800000
2023,6,206,3,288.78,233.5,38.18,77.83333333333333,12.726666666666667,2023,6,206,72,-69,1685577600000
2024,12,68,97163,2589140.1599999997,1785233.0599999998,327357.13999999996,18.37358932927143,3.3691543077097243,2024,12,68,95993,1170,1733011200000
2019,10,131,273,10116.13,8870.69,72.61,32.493369963369965,0.26597069597069595,2019,10,131,1213,-940,1569888000000
2020,12,240,48,1774.51,1485.73,145.21,30.952708333333334,3.0252083333333335,2020,12,240,173,-125,1606780800000
2021,6,135,206,8388.18,7416.77,65.64,36.00373786407767,0.3186407766990291,2021,6,135,881,-675,1622505600000
2022,8,222,136,6037.99,5454.7300000000005,122.30999999999999,40.10830882352941,0.8993382352941176,2022,8,222,326,-190,1659312000000
2024,9,10,1474,96918.98,79236.68,9909.97,53.75622795115332,6.723181818181818,2024,9,10,3737,-2263,1725148800000
2018,10,246,121227,1863939.96,1481580.19,223505.1,12.221536373910102,1.8436907619589695,2018,10,246,154334,-33107,1538352000000
2016,4,33,14838,280987.02,231637.95,33145.45,15.611130206227255,2.2338219436581745,2016,4,33,36530,-21692,1459468800000
2017,6,137,121627,1679949.21,1332761.33,189587.49,10.9577752472724,1.5587615414340565,2017,6,137,136302,-14675,1496275200000
2017,10,20,64,1449.55,1227.66,118.33,19.1821875,1.84890625,2017,10,20,958,-894,1506816000000
2019,12,40,2958,53984.85,40151.77,6786.78,13.57395875591616,2.2943813387423933,2019,12,40,7136,-4178,1575158400000
2019,5,111,20,414.88,344.36,17.71,17.218,0.8855000000000001,2019,5,111,94,-74,1556668800000
2021,6,169,342,11474.09,9949.66,137.37,29.092573099415205,0.40166666666666667,2021,6,169,855,-513,1622505600000
2021,10,238,76697,1310015.46,868926.89,170290.59,11.329346519420577,2.220303140931197,2021,10,238,83739,-7042,1633046400000
2022,12,263,74161,1396722.4800000002,907972.09,182441.68,12.243255754372244,2.460075781070913,2022,12,263,74842,-681,1669852800000
2022,12,77,60,1963.55,1727.32,63.78,28.788666666666664,1.063,2022,12,77,347,-287,1669852800000
2024,9,89,1464,46296.02,42224.31,589.58,28.841741803278687,0.40271857923497273,2024,9,89,3590,-2126,1725148800000
2025,7,46,102,4033.25,3622.48,10.0,35.51450980392157,0.09803921568627451,2025,7,46,227,-125,1751328000000
2025,7,193,3628,79871.76,66741.05,1447.7,18.396099779492836,0.3990352811466373,2025,7,193,4117,-489,1751328000000
2018,12,44,21,1234.32,1205.5,0.0,57.404761904761905,0.0,2018,12,44,83,-62,1543622400000
2016,4,189,4606,74458.27,60162.21,8581.53,13.061704298740773,1.8631198436821539,2016,4,189,14488,-9882,1459468800000
2017,11,116,9444,150865.16,125475.86,13290.12,13.286304531977976,1.4072554002541298,2017,11,116,24196,-14752,1509494400000
2017,12,57,30,1396.76,1179.3,173.48,39.309999999999995,5.782666666666667,2017,12,57,438,-408,1512086400000
2022,8,193,2788,17105.53,13752.16,957.27,4.932625538020086,0.34335365853658534,2022,8,193,3699,-911,1659312000000
2017,4,228,1197,20111.08,16396.0,1876.3,13.697577276524646,1.5675020885547202,2017,4,228,6728,-5531,1491004800000
2020,8,163,18672,288993.52,188162.54,33195.7,10.077256855184233,1.777833119108826,2020,8,163,17218,1454,1596240000000
2022,9,84,1,99.56,67.2,0.0,67.2,0.0,2022,9,84,24,-23,1661990400000
2016,2,99,1,8.19,5.5,1.89,5.5,1.89,2016,2,99,5,-4,1454284800000
2020,4,235,174,4723.86,4136.62,247.88,23.77367816091954,1.4245977011494253,2020,4,235,470,-296,1585699200000
2023,1,219,334,22171.4,18665.48,1860.25,55.88467065868263,5.5696107784431135,2023,1,219,1559,-1225,1672531200000
2023,5,188,483,15486.43,13683.54,602.54,28.330310559006215,1.247494824016563,2023,5,188,2947,-2464,1682899200000
2021,2,128,43,1197.01,1017.11,22.38,23.65372093023256,0.5204651162790698,2021,2,128,131,-88,1612137600000
2023,7,61,681,20730.31,18024.03,1211.93,26.467004405286342,1.7796328928046992,2023,7,61,4737,-4056,1688169600000
2017,4,218,68,1530.21,1261.02,145.43,18.54441176470588,2.1386764705882353,2017,4,218,1189,-1121,1491004800000
2023,9,29,95,4156.0199999999995,3810.98,35.07,40.11557894736842,0.36915789473684213,2023,9,29,399,-304,1693526400000
2023,4,63,79,3300.22,2872.02,142.4,36.354683544303796,1.8025316455696203,2023,4,63,523,-444,1680307200000
2024,3,243,1098,34191.63,29186.07,1598.21,26.581120218579233,1.4555646630236794,2024,3,243,7846,-6748,1709251200000
2018,6,40,5014,87470.84,69293.72,10656.49,13.820047865975269,2.125347028320702,2018,6,40,9776,-4762,1527811200000
2024,5,32,179,6751.13,6202.41,28.28,34.65033519553072,0.15798882681564247,2024,5,32,344,-165,1714521600000
2018,10,100,175402,2628342.81,2117184.07,270338.13999999996,12.070467098436733,1.5412489025210656,2018,10,100,129751,45651,1538352000000
2023,1,252,24,1620.77,1421.39,117.78,59.224583333333335,4.9075,2023,1,252,546,-522,1672531200000
2023,9,246,53731,1363529.54,923960.12,172415.14,17.19603431910815,3.2088578288139065,2023,9,246,61782,-8051,1693526400000
2016,7,146,12676,194354.18,162388.27,16708.61,12.810687125276111,1.3181295361312717,2016,7,146,14724,-2048,1467331200000
2023,9,59,5,244.70999999999998,223.32999999999998,0.0,44.666,0.0,2023,9,59,22,-17,1693526400000
2020,2,253,20,1579.85,1254.5,173.81,62.725,8.6905,2020,2,253,188,-168,1580515200000
2019,2,197,927,31424.0,27358.09,966.16,29.51250269687163,1.0422437971952534,2019,2,197,2428,-1501,1548979200000
2020,3,162,105565,1807228.28,1165259.37,232386.48,11.038311656325488,2.201359162601241,2020,3,162,84152,21413,1583020800000
2024,4,15,62,2633.73,2368.0,36.37,38.193548387096776,0.5866129032258064,2024,4,15,424,-362,1711929600000
2020,10,193,1785,20746.62,17129.5,1444.43,9.596358543417367,0.8092044817927171,2020,10,193,2052,-267,1601510400000
2016,2,29,111,2222.94,1899.47,194.15,17.11234234234234,1.749099099099099,2016,2,29,964,-853,1454284800000
2021,7,229,63776,1005411.24,643199.26,126663.43,10.085286941796287,1.98606732940291,2021,7,229,61890,1886,1625097600000
2022,9,47,91,2657.82,2423.5,38.519999999999996,26.63186813186813,0.42329670329670327,2022,9,47,302,-211,1661990400000
2019,8,67,121,3688.09,3197.13,141.1,26.422561983471077,1.1661157024793387,2019,8,67,1038,-917,1564617600000
2020,4,82,505,12963.210000000001,11386.75,444.66,22.5480198019802,0.8805148514851485,2020,4,82,499,6,1585699200000
2023,9,26,92,3339.16,2718.05,352.07,29.544021739130436,3.8268478260869565,2023,9,26,810,-718,1693526400000
2018,11,132,205438,11751984.32,9597816.72,1275348.41,46.718799443141,6.207947945365511,2018,11,132,70345,135093,1541030400000
2021,1,265,10963,342344.08,327913.67,3749.31,29.91094317248928,0.34199671622731004,2021,1,265,3334,7629,1609459200000
2020,8,220,278,9266.69,8105.61,457.81,29.156870503597123,1.6467985611510791,2020,8,220,833,-555,1596240000000
2021,6,32,165,7430.36,6357.37,99.78,38.52951515151515,0.6047272727272728,2021,6,32,458,-293,1622505600000
2022,7,1,927,95769.51,81012.46,10578.43,87.39208198489753,11.411467098166128,2022,7,1,9639,-8712,1656633600000
2018,2,100,182592,2511617.8500000006,2004155.94,267411.01999999996,10.976143204521556,1.4645275806168943,2018,2,100,133965,48627,1517443200000
2020,4,202,26,600.4,500.63,52.88,19.255,2.033846153846154,2020,4,202,176,-150,1585699200000
2021,1,26,570,16499.46,14051.37,986.28,24.651526315789475,1.7303157894736843,2021,1,26,1062,-492,1609459200000
2016,1,1,605,52724.93,44702.02,6337.28,73.88763636363636,10.474842975206611,2016,1,1,15546,-14941,1451606400000
2021,6,54,71,2108.33,1658.76,206.57,23.36281690140845,2.90943661971831,2021,6,54,552,-481,1622505600000
2019,10,235,444,13631.2,11929.01,200.89999999999998,26.86713963963964,0.4524774774774774,2019,10,235,1367,-923,1569888000000
2017,5,255,16613,281244.6,227529.8,32627.2,13.695888761813038,1.9639559381207488,2017,5,255,35379,-18766,1493596800000
2020,8,241,219,8559.3,7552.1,326.85,34.48447488584475,1.4924657534246577,2020,8,241,642,-423,1596240000000
2023,5,111,2,118.13,98.31,7.77,49.155,3.885,2023,5,111,29,-27,1682899200000
2017,4,90,192560,3143788.25,2593008.19,307168.87,13.465975228500207,1.5951852409638554,2017,4,90,155683,36877,1491004800000
2017,12,20,44,918.77,778.5,45.41,17.693181818181817,1.0320454545454545,2017,12,20,713,-669,1512086400000
2024,5,19,177,6050.69,5493.07,174.48,31.034293785310734,0.9857627118644067,2024,5,19,541,-364,1714521600000
2018,7,151,64398,862544.07,691353.25,92872.4,10.735632317773844,1.442162800086959,2018,7,151,61175,3223,1530403200000
2024,4,202,197,6817.2,5707.96,418.6,28.974416243654822,2.1248730964467004,2024,4,202,1599,-1402,1711929600000
2016,8,14,432,9749.32,7917.15,955.2,18.32673611111111,2.2111111111111112,2016,8,14,8610,-8178,1470009600000
2016,12,88,40281,868554.59,713441.1,95620.45,17.71160348551426,2.3738350587125443,2016,12,88,43328,-3047,1480550400000
2022,1,253,3,132.3,104.55,10.25,34.85,3.4166666666666665,2022,1,253,27,-24,1640995200000
2022,4,81,62,2515.43,2287.9100000000003,15.72,36.90177419354839,0.2535483870967742,2022,4,81,254,-192,1648771200000
2019,12,72,648,20360.96,17947.9,157.62,27.697376543209877,0.24324074074074076,2019,12,72,1610,-962,1575158400000
2022,9,231,50090,1089838.3,756810.61,143273.13,15.109015971251747,2.8603140347374727,2022,9,231,49240,850,1661990400000
2019,12,257,306,8398.97,6800.51,394.77,22.22388888888889,1.2900980392156862,2019,12,257,3220,-2914,1575158400000
2016,6,9,33,1221.75,1032.3,137.51,31.28181818181818,4.166969696969697,2016,6,9,630,-597,1464739200000
2024,6,60,195,6656.2699999999995,6127.07,48.980000000000004,31.420871794871793,0.2511794871794872,2024,6,60,299,-104,1717200000000
2018,2,13,74287,1431948.75,1141133.52,187030.04,15.361146903226675,2.5176685018913134,2018,2,13,74784,-497,1517443200000
2019,2,122,206,8093.11,7488.25,10.0,36.35072815533981,0.04854368932038835,2019,2,122,508,-302,1548979200000
2024,12,30,3,67.2,63.19,0.01,21.063333333333333,0.0033333333333333335,2024,12,30,33,-30,1733011200000
2022,10,184,3,193.18,158.48000000000002,26.25,52.826666666666675,8.75,2022,10,184,19,-16,1664582400000
2022,12,55,133,7465.07,6667.860000000001,172.41,50.13428571428572,1.296315789473684,2022,12,55,442,-309,1669852800000
2023,8,221,5,359.51,300.44,15.0,60.088,3.0,2023,8,221,72,-67,1690848000000
2021,2,28,260,10078.97,7822.25,829.45,30.085576923076925,3.1901923076923078,2021,2,28,597,-337,1612137600000
2022,8,178,19,514.59,451.66,14.58,23.771578947368422,0.7673684210526316,2022,8,178,301,-282,1659312000000
2021,4,75,29735,483224.57,361059.52,40386.85,12.142576761392299,1.3582259963006558,2021,4,75,41895,-12160,1617235200000
2016,9,8,126,3689.8,2846.5,488.18,22.591269841269842,3.8744444444444444,2016,9,8,219,-93,1472688000000
2018,7,177,333,7746.79,6988.35,254.94,20.986036036036037,0.7655855855855855,2018,7,177,1797,-1464,1530403200000
2023,11,80,593,19887.66,15846.34,1975.65,26.72232715008432,3.331618887015177,2023,11,80,4008,-3415,1698796800000
2024,8,240,30,1045.62,907.41,40.03,30.247,1.3343333333333334,2024,8,240,106,-76,1722470400000
2016,4,240,40,1454.28,1231.5,171.70000000000002,30.7875,4.2925,2016,4,240,423,-383,1459468800000
2022,1,262,38597,618795.61,397575.42,80751.28,10.300681918283804,2.092164676011089,2022,1,262,44175,-5578,1640995200000
2017,10,2,11,418.48,357.0,25.740000000000002,32.45454545454545,2.3400000000000003,2017,10,2,7,4,1506816000000
2018,10,70,1188,43862.6,37456.14,3420.45,31.528737373737375,2.8791666666666664,2018,10,70,3802,-2614,1538352000000
2016,2,85,388,7966.17,6723.3,753.39,17.328092783505156,1.9417268041237112,2016,2,85,1912,-1524,1454284800000
2017,5,7,18880,263606.3,219377.1,21234.36,11.619549788135593,1.1247012711864408,2017,5,7,48277,-29397,1493596800000
2020,7,92,274,10030.27,8828.49,498.63,32.22076642335767,1.819817518248175,2020,7,92,623,-349,1593561600000
2016,9,165,177,3579.56,2964.3,353.42,16.747457627118646,1.996723163841808,2016,9,165,2091,-1914,1472688000000
2022,5,139,104,4383.12,4043.1200000000003,61.8,38.87615384615385,0.5942307692307692,2022,5,139,600,-496,1651363200000
2022,9,79,81974,1542158.31,1026347.32,205687.19999999998,12.520400614829091,2.5091760802205574,2022,9,79,65671,16303,1661990400000
2018,10,183,89,3547.65,3165.65,65.04,35.56910112359551,0.7307865168539327,2018,10,183,485,-396,1538352000000
2022,9,235,218,9883.8,8754.5,172.8,40.158256880733944,0.7926605504587156,2022,9,235,639,-421,1661990400000
2020,7,197,487,20723.11,18044.19,949.88,37.05172484599589,1.9504722792607803,2020,7,197,758,-271,1593561600000
2019,4,188,1482,39473.72,35212.17,721.78,23.7598987854251,0.4870310391363023,2019,4,188,5654,-4172,1554076800000
2016,10,257,436,8391.87,6741.49,891.71,15.462133027522935,2.0452064220183486,2016,10,257,5876,-5440,1475280000000
2018,12,122,186,7712.25,6989.15,105.96,37.5760752688172,0.5696774193548386,2018,12,122,459,-273,1543622400000
2018,4,192,117,3091.91,2673.05,203.2,22.846581196581198,1.7367521367521366,2018,4,192,760,-643,1522540800000
2020,10,115,40,2099.93,1597.46,119.86,39.9365,2.9965,2020,10,115,80,-40,1601510400000
2024,5,211,30340,746057.29,517704.4,84841.73,17.063427818061964,2.7963655240606458,2024,5,211,31854,-1514,1714521600000
2023,1,192,32,951.22,857.83,14.69,26.8071875,0.4590625,2023,1,192,288,-256,1672531200000
2023,6,96,6,249.12,185.4,49.72,30.900000000000002,8.286666666666667,2023,6,96,83,-77,1685577600000
2020,3,50,28594,495301.81,331746.72,56941.07,11.601969643981255,1.9913642722249423,2020,3,50,37358,-8764,1583020800000
2021,8,11,63,2663.99,2273.16,35.93,36.08190476190476,0.5703174603174603,2021,8,11,290,-227,1627776000000
2018,8,133,421,9545.62,8215.26,475.58,19.513681710213778,1.129643705463183,2018,8,133,2477,-2056,1533081600000
2023,6,219,339,23058.9,19508.32,1607.13,57.54666666666667,4.740796460176991,2023,6,219,1274,-935,1685577600000
2017,12,14,482,12075.71,9962.05,1072.68,20.668153526970954,2.225477178423237,2017,12,14,7435,-6953,1512086400000
2018,4,242,188,4568.61,4117.5,100.64999999999999,21.90159574468085,0.5353723404255318,2018,4,242,996,-808,1522540800000
2017,6,224,26923,382964.21,307073.23,43501.54,11.405609701742005,1.6157761022174348,2017,6,224,40467,-13544,1496275200000
2018,5,219,865,53005.560000000005,44775.12,4164.9800000000005,51.76314450867052,4.815005780346821,2018,5,219,1972,-1107,1525132800000
2020,1,158,58980,1030869.74,676099.25,131720.41000000003,11.46319515089861,2.2333063750423876,2020,1,158,58892,88,1577836800000
2023,5,265,2344,228862.45,199655.74,21643.72,85.17736348122867,9.233668941979523,2023,5,265,13957,-11613,1682899200000
2016,7,127,1262,24728.81,20859.68,2008.16,16.52906497622821,1.5912519809825674,2016,7,127,8761,-7499,1467331200000
2017,8,43,110254,1493225.37,1214909.07,145374.83,11.019183612385946,1.3185447240009431,2017,8,43,91381,18873,1501545600000
2016,2,206,41,836.05,721.48,65.65,17.597073170731708,1.601219512195122,2016,2,206,228,-187,1454284800000
2020,1,188,1375,36651.92999999999,31815.16,614.52,23.138298181818183,0.44692363636363636,2020,1,188,4914,-3539,1577836800000
2018,11,140,144716,2084549.39,1676287.92,234270.76,11.583293623372674,1.618831089858758,2018,11,140,150273,-5557,1541030400000
2018,12,142,266508,3629468.68,2878952.02,421663.85,10.802497561048824,1.5821808350968825,2018,12,142,230911,35597,1543622400000
2020,9,244,2787,62140.31,51601.47,4806.07,18.515059203444565,1.724459992823825,2020,9,244,7451,-4664,1598918400000
2016,12,229,204293,2748143.06,2196112.06,301562.55,10.749815510076214,1.4761276695726235,2016,12,229,176991,27302,1480550400000
2016,3,71,248,10338.71,8753.15,1259.26,35.29495967741936,5.07766129032258,2016,3,71,2143,-1895,1456790400000
2021,9,73,36,1445.79,1271.06,33.129999999999995,35.30722222222222,0.9202777777777776,2021,9,73,230,-194,1630454400000
2023,4,169,115,3475.94,3127.3,40.69,27.19391304347826,0.35382608695652173,2023,4,169,532,-417,1680307200000
2016,5,187,1,35.3,34.0,0.0,34.0,0.0,2016,5,187,40,-39,1462060800000
2020,6,203,153,7437.55,6690.3,185.09,43.727450980392156,1.2097385620915033,2020,6,203,210,-57,1590969600000
2023,6,111,1,5.2,3.7,0.0,3.7,0.0,2023,6,111,29,-28,1685577600000
2018,7,97,6449,100675.84000000001,83636.69,9166.97,12.96893937044503,1.4214560396960767,2018,7,97,12805,-6356,1530403200000
2021,4,127,526,15611.81,13327.34,665.57,25.337148288973385,1.265342205323194,2021,4,127,2059,-1533,1617235200000
2016,12,32,38,879.96,788.3,36.370000000000005,20.74473684210526,0.9571052631578949,2016,12,32,801,-763,1480550400000
2023,1,231,39136,1020408.95,699815.07,129922.11,17.88161973630417,3.3197595564186426,2023,1,231,43880,-4744,1672531200000
2024,7,214,13,632.16,472.73,26.89,36.363846153846154,2.0684615384615386,2024,7,214,60,-47,1719792000000
2016,1,212,167,3148.28,2789.84,112.86,16.70562874251497,0.675808383233533,2016,1,212,1230,-1063,1451606400000
2025,7,253,76,4931.0,4368.41,167.23,57.47907894736842,2.2003947368421053,2025,7,253,148,-72,1751328000000
2022,6,57,23,727.19,569.33,99.06,24.753478260869567,4.306956521739131,2022,6,57,214,-191,1654041600000
2023,2,97,1079,30002.09,23511.53,3148.26,21.790111214087116,2.91775718257646,2023,2,97,3845,-2766,1675209600000
2022,4,234,93316,1609301.63,1041273.33,214566.73,11.158572270564534,2.2993562733079003,2022,4,234,81606,11710,1648771200000
2023,10,15,47,2031.3899999999999,1765.3,82.8,37.5595744680851,1.7617021276595743,2023,10,15,421,-374,1696118400000
2025,7,255,9874,261549.4,213392.18,6285.13,21.611523192221995,0.6365333198298562,2025,7,255,12416,-2542,1751328000000
2018,10,245,7,281.23,219.5,14.81,31.357142857142858,2.1157142857142857,2018,10,245,88,-81,1538352000000
2021,12,51,268,12183.1,10644.49,58.01,39.71824626865671,0.21645522388059701,2021,12,51,648,-380,1638316800000
2018,7,198,296,6101.3,5382.62,297.64,18.184527027027027,1.0055405405405404,2018,7,198,4212,-3916,1530403200000
2025,6,236,156673,3266021.34,2095788.53,386318.33,13.376832830162185,2.4657620011105936,2025,6,236,162366,-5693,1748736000000
2020,1,218,611,24245.79,21613.68,59.27,35.374271685761045,0.0970049099836334,2020,1,218,1707,-1096,1577836800000
2024,12,82,1100,40356.4,32977.23,3582.5,29.979300000000002,3.256818181818182,2024,12,82,2434,-1334,1733011200000
2016,2,235,206,3387.1800000000003,2868.0,236.6,13.922330097087379,1.1485436893203884,2016,2,235,2229,-2023,1454284800000
2016,9,83,1659,27313.190000000002,23587.12,1414.88,14.217673297166968,0.8528511151295962,2016,9,83,4871,-3212,1472688000000
2018,11,72,669,21561.39,19656.37,524.64,29.381718983557548,0.7842152466367713,2018,11,72,1703,-1034,1541030400000
2020,9,130,590,22791.49,19597.53,1647.66,33.21615254237288,2.7926440677966102,2020,9,130,1091,-501,1598918400000
2016,2,112,7934,121187.71,96758.84,13621.54,12.195467607764053,1.7168565666750695,2016,2,112,34969,-27035,1454284800000
2020,1,162,235618,4061660.0100000002,2628052.08,515300.07999999996,11.153868040642056,2.187014913970919,2020,1,162,194158,41460,1577836800000
2023,7,228,215,8224.19,6727.83,641.01,31.292232558139535,2.9814418604651163,2023,7,228,1508,-1293,1688169600000
2024,12,158,34530,879063.58,603508.12,108175.17,17.477790906458154,3.132788010425717,2024,12,158,37492,-2962,1733011200000
2025,11,164,87566,1998561.6099999999,1258633.62,229370.4,14.37354247082201,2.619400223831167,2025,11,164,84267,3299,1761955200000
2023,5,60,57,2015.8,1790.91,50.79,31.419473684210526,0.8910526315789473,2023,5,60,249,-192,1682899200000
2019,4,96,32,1274.59,1151.49,1.46,35.9840625,0.045625,2019,4,96,232,-200,1554076800000
2018,4,55,136,4588.4,4095.5,227.79,30.113970588235293,1.6749264705882352,2018,4,55,953,-817,1522540800000
2020,4,76,356,10944.46,9616.94,483.05,27.013876404494383,1.3568820224719103,2020,4,76,499,-143,1585699200000
2019,11,168,1331,26051.43,22169.04,746.73,16.655927873779113,0.5610293012772352,2019,11,168,5033,-3702,1572566400000
2021,10,86,176,9985.56,8900.68,26.97,50.57204545454545,0.15323863636363635,2021,10,86,625,-449,1633046400000
2020,5,123,102,3161.02,2805.18,149.5,27.50176470588235,1.4656862745098038,2020,5,123,150,-48,1588291200000
2017,8,11,45,1954.35,1671.04,114.97,37.13422222222222,2.5548888888888888,2017,8,11,619,-574,1501545600000
2022,9,42,3305,66700.66,54297.7,5176.65,16.42895612708018,1.5663086232980332,2022,9,42,13624,-10319,1661990400000
2017,4,234,326428,4573341.09,3599478.05,549424.07,11.026866720992071,1.6831401411643607,2017,4,234,278651,47777,1491004800000
2023,12,13,18850,611448.23,439022.2,77194.0,23.290302387267904,4.095172413793104,2023,12,13,25301,-6451,1701388800000
2019,6,255,5736,108552.53,83717.34,12194.97,14.595073221757321,2.126040794979079,2019,6,255,18576,-12840,1559347200000
2022,12,114,40207,831725.25,556847.0,109516.06,13.849503817743178,2.723805804959335,2022,12,114,31175,9032,1669852800000
2016,2,69,459,6460.7,5578.64,308.1,12.153899782135078,0.6712418300653595,2016,2,69,4433,-3974,1454284800000
2022,3,42,3947,66123.92,53799.9,4923.09,13.630580187484165,1.2472992145933621,2022,3,42,15767,-11820,1646092800000
2020,2,60,149,4355.94,3785.27,11.47,25.404496644295303,0.07697986577181208,2020,2,60,495,-346,1580515200000
2018,11,39,926,33527.64,30348.65,930.44,32.77392008639309,1.004794816414687,2018,11,39,2246,-1320,1541030400000
2021,11,53,58,2511.8199999999997,2104.9700000000003,69.5,36.29258620689656,1.1982758620689655,2021,11,53,375,-317,1635724800000
2023,12,164,81275,2079423.51,1401310.37,257390.37,17.241591756382654,3.1669070439864657,2023,12,164,74211,7064,1701388800000
2017,12,177,213,4712.78,3529.07,309.96999999999997,16.568403755868545,1.4552582159624412,2017,12,177,1824,-1611,1512086400000
2019,8,182,281,8881.63,7587.68,68.08,27.002419928825624,0.24227758007117436,2019,8,182,1148,-867,1564617600000
2024,9,241,247,9195.08,8436.04,49.519999999999996,34.154008097166,0.20048582995951417,2024,9,241,585,-338,1725148800000
2016,1,125,62962,940944.09,743996.38,116378.97,11.816593818493695,1.8484001461198818,2016,1,125,54317,8645,1451606400000
2016,6,90,215143,2967678.85,2341992.12,345110.15,10.885746317565527,1.6040965776251146,2016,6,90,165398,49745,1464739200000
2025,7,157,1838,55748.9,46882.57,2459.71,25.507383025027202,1.338253536452666,2025,7,157,2888,-1050,1751328000000
2025,11,210,989,34116.54,31857.82,54.86,32.21215369059656,0.05547017189079879,2025,11,210,1525,-536,1761955200000
2019,12,74,26698,388764.29,303698.18,27250.09,11.375315753989062,1.0206790770844258,2019,12,74,54282,-27584,1575158400000
2023,3,159,231,6231.3,5486.05,118.55,23.7491341991342,0.5132034632034632,2023,3,159,814,-583,1677628800000
2017,3,70,1433,48621.9,39837.05,5066.39,27.799755757152827,3.535512909979065,2017,3,70,3869,-2436,1488326400000
2023,2,245,1,96.55,66.7,0.0,66.7,0.0,2023,2,245,34,-33,1675209600000
2025,5,188,5025,122853.67,108242.68,773.74,21.54083184079602,0.15397810945273632,2025,5,188,6711,-1686,1746057600000
2020,6,75,15280,234468.41,179092.51,18772.83,11.720714005235603,1.2285883507853403,2020,6,75,18719,-3439,1590969600000
2025,3,171,356,9643.13,8615.79,21.69,24.20165730337079,0.060926966292134836,2025,3,171,1033,-677,1740787200000
2016,10,245,8,657.22,497.5,119.19999999999999,62.1875,14.899999999999999,2016,10,245,126,-118,1475280000000
2018,6,115,12,826.38,656.5,25.86,54.708333333333336,2.155,2018,6,115,116,-104,1527811200000
2020,3,122,88,2706.87,2534.7400000000002,2.5,28.80386363636364,0.028409090909090908,2020,3,122,264,-176,1583020800000
2017,8,224,23831,331982.21,266696.14,37145.0,11.191143468591331,1.5586840669715916,2017,8,224,35564,-11733,1501545600000
2018,7,122,64,2274.63,2076.23,73.64,32.44109375,1.150625,2018,7,122,467,-403,1530403200000
2023,1,158,24212,602746.27,402791.73,80866.95999999999,16.636037089046752,3.3399537419461423,2023,1,158,29014,-4802,1672531200000
2019,9,17,1196,24932.69,21683.39,907.03,18.12992474916388,0.758386287625418,2019,9,17,7993,-6797,1567296000000
2017,7,189,2337,36008.0,29057.4,4030.01,12.433632862644416,1.7244373127941808,2017,7,189,9176,-6839,1498867200000
2018,11,221,34,1594.4,1368.63,19.3,40.25382352941177,0.5676470588235294,2018,11,221,197,-163,1541030400000
2019,9,234,197921,3356124.87,2190821.76,415272.01,11.069172851794402,2.098170532687284,2019,9,234,171154,26767,1567296000000
2023,10,125,18555,479595.34,325318.32,62571.04,17.53264995957963,3.3721929399083805,2023,10,125,17770,785,1696118400000
2024,12,137,36764,836456.14,565481.78,95324.94,15.381399738874988,2.592888151452508,2024,12,137,44069,-7305,1733011200000
2016,1,216,734,31044.44,25476.67,3326.41,34.70935967302452,4.531893732970027,2016,1,216,3854,-3120,1451606400000
2018,10,198,361,10373.02,8925.35,602.41,24.723961218836568,1.668725761772853,2018,10,198,4746,-4385,1538352000000
2016,1,171,91,1602.49,1320.5,152.45,14.510989010989011,1.675274725274725,2016,1,171,1538,-1447,1451606400000
2025,6,219,1144,59297.5,50641.18,3927.15,44.26676573426573,3.4328234265734268,2025,6,219,2438,-1294,1748736000000
2017,12,216,807,43429.51,34782.64,4800.82,43.10116480793061,5.948971499380421,2017,12,216,3481,-2674,1512086400000
2023,12,154,46,2184.0,1858.48,156.28,40.401739130434784,3.3973913043478263,2023,12,154,223,-177,1701388800000
2023,3,56,233,11073.6,8998.49,939.15,38.6201287553648,4.03068669527897,2023,3,56,956,-723,1677628800000
2023,5,67,80,3388.83,2911.69,39.69,36.396125,0.496125,2023,5,67,449,-369,1682899200000
2020,8,120,20,711.25,628.96,27.810000000000002,31.448,1.3905,2020,8,120,166,-146,1596240000000
2025,9,148,55953,1395616.23,976040.42,112878.38,17.44393365860633,2.0173785141100566,2025,9,148,54859,1094,1756684800000
2021,6,36,288,9875.71,7889.12,811.8,27.392777777777777,2.8187499999999996,2021,6,36,1729,-1441,1622505600000
2021,10,240,31,1438.02,1193.98,116.94,38.51548387096774,3.7722580645161288,2021,10,240,134,-103,1633046400000
2020,8,228,491,21265.29,19137.51,1052.48,38.97659877800407,2.143543788187373,2020,8,228,1077,-586,1596240000000
2017,8,72,79,1639.0,1400.8,79.24,17.73164556962025,1.0030379746835443,2017,8,72,1616,-1537,1501545600000
2020,3,142,87506,1374022.61,883215.61,168967.83000000002,10.09320058053162,1.930928507759468,2020,3,142,79704,7802,1583020800000
2024,1,39,673,25369.1,23578.76,190.91,35.03530460624071,0.28367013372956906,2024,1,39,1371,-698,1704067200000
2021,6,87,15114,352515.63,249751.14,44609.369999999995,16.52448987693529,2.951526399364827,2021,6,87,17158,-2044,1622505600000
2019,12,260,3434,80111.06,64784.97,6099.23,18.865745486313337,1.7761298776936516,2019,12,260,7502,-4068,1575158400000
2021,7,56,235,9356.03,7625.82,387.74,32.45029787234042,1.6499574468085108,2021,7,56,1074,-839,1625097600000
2025,10,213,1426,45943.159999999996,41571.33,176.91,29.152405329593268,0.12406030855539972,2025,10,213,1971,-545,1759276800000
2023,2,134,256,14161.02,11599.09,1438.16,45.3089453125,5.6178125,2023,2,134,1015,-759,1675209600000
2023,7,152,1714,39358.88,30685.52,3460.46,17.902870478413067,2.0189381563593933,2023,7,152,3634,-1920,1688169600000
2022,1,254,125,5265.65,4791.2,51.4,38.3296,0.4112,2022,1,254,454,-329,1640995200000
2019,8,59,17,593.6,503.22,15.94,29.601176470588236,0.9376470588235294,2019,8,59,111,-94,1564617600000
2023,6,3,68,2464.22,2202.53,29.29,32.39014705882353,0.43073529411764705,2023,6,3,251,-183,1685577600000
2022,9,141,77433,1305373.47,848484.03,169692.27,10.957654100964705,2.1914722405176086,2022,9,141,80604,-3171,1661990400000
2025,1,179,1366,34024.22,27887.43,878.42,20.415395314787702,0.6430600292825769,2025,1,179,2776,-1410,1735689600000
2021,11,82,483,13722.02,11269.64,841.0699999999999,23.332587991718427,1.7413457556935816,2021,11,82,2260,-1777,1635724800000
2016,10,9,33,659.06,536.0,83.16,16.242424242424242,2.52,2016,10,9,609,-576,1475280000000
2017,3,249,217948,3069130.48,2424772.33,371609.23,11.125462633288675,1.7050362012957219,2017,3,249,174979,42969,1488326400000
2020,10,70,2163,85691.8,68724.69,6796.9,31.772857142857145,3.142348589921405,2020,10,70,1172,991,1601510400000
2017,2,244,9501,169098.45,140786.93,16284.63,14.818117040311545,1.7139911588253867,2017,2,244,34671,-25170,1485907200000
2017,7,236,253411,3189882.89,2541697.83,352370.46,10.029942780700127,1.390509725307899,2017,7,236,261723,-8312,1498867200000
2018,9,92,501,14465.65,12508.54,750.73,24.967145708582837,1.4984630738522955,2018,9,92,3914,-3413,1535760000000
2024,6,254,331,12547.59,11550.17,89.72,34.89477341389728,0.27105740181268884,2024,6,254,548,-217,1717200000000
2019,2,36,773,17032.57,14058.14,1208.29,18.18646830530401,1.563117723156533,2019,2,36,5675,-4902,1548979200000
2023,12,254,232,11116.84,10416.94,14.86,44.90060344827587,0.06405172413793103,2023,12,254,490,-258,1701388800000
2016,8,124,101,5438.11,4431.0,528.95,43.87128712871287,5.237128712871288,2016,8,124,1171,-1070,1470009600000
2020,6,65,732,18454.01,15463.45,1332.92,21.124931693989073,1.820928961748634,2020,6,65,936,-204,1590969600000
2023,9,134,307,18849.93,15466.17,2094.24,50.37840390879479,6.821628664495114,2023,9,134,1002,-695,1693526400000
2021,2,64,122,5813.78,5122.59,118.65,41.98844262295082,0.9725409836065574,2021,2,64,192,-70,1612137600000
2019,1,70,930,34245.87,29623.64,2132.04,31.85337634408602,2.292516129032258,2019,1,70,3082,-2152,1546300800000
2021,9,5,5,180.75,171.8,0.0,34.36,0.0,2021,9,5,30,-25,1630454400000
2025,4,1,473,45047.11,38771.81,4846.18,81.97,10.245623678646934,2025,4,1,7939,-7466,1743465600000
2023,4,182,123,4060.7599999999998,3651.08,6.029999999999999,29.683577235772358,0.049024390243902434,2023,4,182,358,-235,1680307200000
2021,9,68,73671,1361585.1800000002,908280.71,170184.94,12.328877170121213,2.310066919140503,2021,9,68,69545,4126,1630454400000
2016,7,23,13,1159.19,966.5,97.91,74.34615384615384,7.531538461538461,2016,7,23,249,-236,1467331200000
2018,10,7,12303,164138.26,137683.38,10969.12,11.191041209461108,0.8915809152239292,2018,10,7,33338,-21035,1538352000000
2022,12,189,458,15736.83,12528.26,2123.62,27.354279475982533,4.6367248908296945,2022,12,189,3028,-2570,1669852800000
2019,8,93,3164,183436.7,139475.71,21621.09,44.08208280657396,6.833467130214918,2019,8,93,7360,-4196,1564617600000
2018,7,25,7577,126413.18000000001,104621.14,12704.37,13.807726012933879,1.6767018608948134,2018,7,25,14438,-6861,1530403200000
2018,4,7,14579,193740.33000000002,161662.4,14099.7,11.08871664723232,0.9671239454009192,2018,4,7,39563,-24984,1522540800000
2021,11,90,59850,1028227.58,668533.63,133990.4,11.170152548036759,2.2387702589807854,2021,11,90,46930,12920,1635724800000
2019,9,230,218487,4427512.88,3025235.2,500450.46,13.846293829838848,2.2905273997995304,2019,9,230,196678,21809,1567296000000
2024,9,75,24586,531633.28,397247.63,44792.6,16.157472952086554,1.8218742373708614,2024,9,75,41815,-17229,1725148800000
2017,12,137,117835,1603342.7,1269980.55,182281.41,10.777617431153732,1.5469207790554589,2017,12,137,130965,-13130,1512086400000
2022,3,21,79,2846.27,2547.13,23.990000000000002,32.24215189873418,0.3036708860759494,2022,3,21,419,-340,1646092800000
2017,1,119,280,4300.57,3654.21,246.04,13.05075,0.8787142857142857,2017,1,119,1819,-1539,1483228800000
2016,10,11,62,1937.3400000000001,1632.81,143.85,26.335645161290323,2.3201612903225803,2016,10,11,736,-674,1475280000000
2017,5,140,168933,2416659.67,1942767.75,268419.47,11.500226421125536,1.588910810794812,2017,5,140,177013,-8080,1493596800000
2018,2,180,74,2080.79,1711.5,199.35,23.12837837837838,2.6939189189189188,2018,2,180,523,-449,1517443200000
2019,5,148,87303,1629551.98,1111324.52,190056.14,12.729511242454441,2.1769714671889857,2019,5,148,74073,13230,1556668800000
2021,2,192,105,3618.5,3096.84,110.18,29.493714285714287,1.0493333333333335,2021,2,192,207,-102,1612137600000
2021,3,37,741,23200.22,19757.09,475.27,26.662739541160594,0.6413900134952766,2021,3,37,2237,-1496,1614556800000
2022,9,193,2926,19094.78,15610.43,1109.1,5.335075187969925,0.3790498974709501,2022,9,193,3958,-1032,1661990400000
2016,2,210,107,2654.99,2170.0,336.57,20.2803738317757,3.1455140186915886,2016,2,210,1285,-1178,1454284800000
2016,5,219,633,38903.97,31948.02,3782.56,50.47080568720379,5.975608214849921,2016,5,219,2220,-1587,1462060800000
2016,5,80,10576,166912.52,134153.48,18912.43,12.684708774583966,1.7882403555219364,2016,5,80,28118,-17542,1462060800000
2022,5,126,52,1703.32,1532.68,65.24,29.474615384615387,1.2546153846153845,2022,5,126,359,-307,1651363200000
2023,6,74,7082,151862.01,115508.01,12419.09,16.31008330979949,1.7536133860491387,2023,6,74,22377,-15295,1685577600000
2024,9,34,366,11292.27,9745.56,415.25,26.627213114754095,1.1345628415300546,2024,9,34,564,-198,1725148800000
2023,8,11,69,3014.68,2660.09,153.47,38.55202898550725,2.2242028985507245,2023,8,11,307,-238,1690848000000
2020,6,97,818,18739.02,16108.78,1199.16,19.692885085574574,1.4659657701711493,2020,6,97,1052,-234,1590969600000
2016,1,85,418,7471.58,6275.11,701.21,15.012224880382774,1.6775358851674642,2016,1,85,1976,-1558,1451606400000
2016,10,164,256175,3816645.13,3037172.26,412084.93,11.8558495559676,1.6086071240363033,2016,10,164,221806,34369,1475280000000
2019,2,52,3573,67817.49,51973.98,8461.37,14.546314021830396,2.3681416176882175,2019,2,52,5532,-1959,1548979200000
2019,8,168,1446,29754.07,25576.63,753.04,17.687849239280776,0.520774550484094,2019,8,168,5484,-4038,1564617600000
2024,3,162,123805,2924399.94,1919629.34,375965.87,15.505265053915432,3.036758370017366,2024,3,162,101342,22463,1709251200000
2025,4,260,2549,69336.16,56811.1,3677.3,22.287602981561395,1.4426441741859553,2025,4,260,3258,-709,1743465600000
2023,12,29,137,6471.26,6116.23,22.509999999999998,44.644014598540146,0.16430656934306567,2023,12,29,435,-298,1701388800000
2016,10,168,1852,35161.4,30018.66,2402.95,16.20877969762419,1.2974892008639307,2016,10,168,7664,-5812,1475280000000
2024,2,17,664,19936.75,17909.13,587.9399999999999,26.971581325301205,0.8854518072289156,2024,2,17,3091,-2427,1706745600000
2019,6,142,200471,3297774.86,2163715.0,386825.86,10.79315711499419,1.929585127025854,2019,6,142,181671,18800,1559347200000
2020,11,76,1627,54399.66,47083.43,4095.73,28.93880147510756,2.5173509526736324,2020,11,76,2223,-596,1604188800000
2018,6,105,13,277.74,205.0,43.120000000000005,15.76923076923077,3.3169230769230773,2018,6,105,7,6,1527811200000
2018,7,232,12735,223089.5,184367.25,22289.879999999997,14.477208480565372,1.7502850412249704,2018,7,232,36111,-23376,1530403200000
2017,6,198,281,4938.02,4198.71,331.12,14.94202846975089,1.1783629893238434,2017,6,198,5863,-5582,1496275200000
2019,3,102,226,7455.64,6664.86,107.78,29.490530973451325,0.47690265486725664,2019,3,102,1247,-1021,1551398400000
2022,11,181,1086,29303.69,22957.15,3989.19,21.139180478821363,3.6732872928176796,2022,11,181,8602,-7516,1667260800000
2025,10,211,35957,854878.79,565383.73,90961.51,15.723884918096616,2.52973023333426,2025,10,211,38539,-2582,1759276800000
2025,3,64,153,4851.17,4210.45,82.25,27.519281045751633,0.5375816993464052,2025,3,64,544,-391,1740787200000
2020,7,141,27794,413522.96,267210.09,46922.450000000004,9.613948693962726,1.6882222781895375,2020,7,141,24102,3692,1593561600000
2018,5,244,11082,202838.0,169466.9,18264.81,15.292086266016964,1.6481510557661072,2018,5,244,35403,-24321,1525132800000
2017,9,88,36364,784186.07,643503.13,87923.03,17.696159113408864,2.417859146408536,2017,9,88,38428,-2064,1504224000000
2021,8,118,9,403.15,344.35,0.0,38.26111111111111,0.0,2021,8,118,68,-59,1627776000000
2018,12,211,64489,972363.7999999999,781794.21,111499.31000000001,12.12290793778784,1.7289663353440123,2018,12,211,67891,-3402,1543622400000
2019,12,116,8244,138107.23,110207.88,11149.0,13.36825327510917,1.3523774866569627,2019,12,116,18981,-10737,1575158400000
2017,10,171,56,1394.68,1177.5,118.37,21.026785714285715,2.11375,2017,10,171,1309,-1253,1506816000000
2024,2,98,69,2764.91,2522.31,65.2,36.555217391304346,0.9449275362318841,2024,2,98,415,-346,1706745600000
2021,5,165,390,12624.88,10845.59,195.39,27.80920512820513,0.501,2021,5,165,980,-590,1619827200000
2017,9,90,170608,2290209.54,1804670.74,270107.25,10.577878763012285,1.5832038943074183,2017,9,90,137821,32787,1504224000000
2016,2,120,83,1964.97,1630.5,152.67,19.64457831325301,1.8393975903614457,2016,2,120,579,-496,1454284800000
2022,12,37,497,17404.45,13735.31,2209.14,27.636438631790742,4.444949698189134,2022,12,37,4471,-3974,1669852800000
2017,5,148,142667,2296327.6,1856111.83,260572.72,13.01009925210455,1.826440031682169,2017,5,148,103580,39087,1493596800000
2021,6,157,169,6067.97,4878.26,378.32,28.86544378698225,2.2385798816568045,2021,6,157,878,-709,1622505600000
2018,12,81,353,11296.38,9946.71,246.7,28.177648725212464,0.6988668555240792,2018,12,81,775,-422,1543622400000
2023,8,263,49179,1040994.51,673989.1,130327.1,13.704815063340043,2.6500559181764576,2023,8,263,54086,-4907,1690848000000
2018,7,236,246759,3061701.28,2427227.81,346442.87,9.836430727957238,1.4039725805340433,2018,7,236,254843,-8084,1530403200000
2020,10,184,8,475.03000000000003,403.51,47.879999999999995,50.43875,5.984999999999999,2020,10,184,72,-64,1601510400000
2024,9,43,53614,1235945.9200000002,833438.9199999999,154946.73,15.545173275636959,2.8900423396873953,2024,9,43,39178,14436,1725148800000
2024,8,122,111,4858.86,4536.85,13.25,40.87252252252252,0.11936936936936937,2024,8,122,385,-274,1722470400000
2021,5,98,89,3630.8,3127.03,107.32000000000001,35.135168539325846,1.2058426966292135,2021,5,98,422,-333,1619827200000
2017,8,68,202963,2882562.77,2291017.5,321167.43,11.287857885427393,1.582393983139784,2017,8,68,189534,13429,1501545600000
2022,3,182,122,3678.16,3214.92,58.44,26.351803278688525,0.4790163934426229,2022,3,182,470,-348,1646092800000
2023,9,259,89,4119.14,3701.48,51.42,41.589662921348314,0.577752808988764,2023,9,259,357,-268,1693526400000
2016,4,198,550,9278.460000000001,7639.74,899.72,13.890436363636363,1.6358545454545455,2016,4,198,8180,-7630,1459468800000
2018,1,158,79588,1147518.02,903431.62,142631.88999999998,11.351354726843242,1.7921280846358745,2018,1,158,82809,-3221,1514764800000
2018,9,77,231,7463.76,6766.97,124.97,29.294242424242427,0.540995670995671,2018,9,77,780,-549,1535760000000
2020,3,193,2504,1028409.83,23522.8,1411.8,9.39408945686901,0.5638178913738019,2020,3,193,2951,-447,1583020800000
2024,3,228,428,15440.9,13302.98,656.33,31.081728971962615,1.533481308411215,2024,3,228,1614,-1186,1709251200000
2024,9,70,13546,872960.51,577718.74,115131.16,42.64865938284364,8.49927358629854,2024,9,70,1906,11640,1725148800000
2022,7,62,165,4752.62,4208.63,308.49,25.506848484848486,1.8696363636363638,2022,7,62,1543,-1378,1656633600000
2019,8,19,122,4141.24,3772.61,95.76,30.923032786885248,0.7849180327868853,2019,8,19,716,-594,1564617600000
2019,5,210,396,17297.77,15925.7,96.99,40.21641414141414,0.2449242424242424,2019,5,210,1271,-875,1556668800000
2019,12,177,475,14492.34,12675.88,169.34,26.686063157894736,0.35650526315789477,2019,12,177,1563,-1088,1575158400000
2020,9,164,23236,368849.16000000003,240115.82,42336.55,10.333784644517129,1.8220240144603204,2020,9,164,20196,3040,1598918400000
2021,12,230,100670,2097909.92,1420839.39,255680.85,14.113831230753947,2.5397918943081357,2021,12,230,97733,2937,1638316800000
2023,6,46,7,487.17,418.26,31.26,59.75142857142857,4.465714285714286,2023,6,46,95,-88,1685577600000
2024,9,175,104,4256.89,3789.5,209.09,36.4375,2.010480769230769,2024,9,175,456,-352,1725148800000
2019,3,32,439,16165.83,14510.57,15.08,33.05369020501139,0.034350797266514806,2019,3,32,1039,-600,1551398400000
2017,1,98,51,1077.54,881.8,110.24,17.29019607843137,2.1615686274509804,2017,1,98,853,-802,1483228800000
2020,12,37,663,20269.45,17413.23,1586.37,26.264298642533937,2.3927149321266965,2020,12,37,1788,-1125,1606780800000
2021,11,63,93,3858.29,3378.66,64.84,36.32967741935484,0.6972043010752689,2021,11,63,532,-439,1635724800000
2016,12,114,147809,2172955.64,1736953.09,247674.6,11.751335101380837,1.675639507743101,2016,12,114,114078,33731,1480550400000
2018,9,44,3,185.89999999999998,80.0,103.0,26.666666666666668,34.333333333333336,2018,9,44,37,-34,1535760000000
2020,10,10,528,22804.17,19316.84,1770.25,36.58492424242424,3.352746212121212,2020,10,10,1095,-567,1601510400000
2025,3,227,701,18268.81,16250.48,94.11,23.181854493580598,0.13425106990014266,2025,3,227,1404,-703,1740787200000
2017,10,175,37,848.66,717.27,87.77,19.385675675675675,2.3721621621621622,2017,10,175,716,-679,1506816000000
2019,9,170,199889,3612441.76,2392972.78,433451.14999999997,11.971508086988278,2.168459244880909,2019,9,170,205626,-5737,1567296000000
2019,8,181,4232,79373.49,64355.25,6961.25,15.206817107750473,1.644907844990548,2019,8,181,17715,-13483,1564617600000
2018,1,42,13910,170677.91,142382.06,11575.56,10.235949676491732,0.832175413371675,2018,1,42,37133,-23223,1514764800000
2019,1,181,5983,107358.13,85682.72,9830.02,14.321029583820826,1.642991810128698,2019,1,181,21900,-15917,1546300800000
2019,7,83,703,13482.7,11508.8,545.0,16.37098150782361,0.7752489331436699,2019,7,83,2750,-2047,1561939200000
2024,1,47,173,5901.64,5308.99,88.01,30.68780346820809,0.508728323699422,2024,1,47,329,-156,1704067200000
2025,6,195,2044,80727.9,66337.45,3442.71,32.45472113502935,1.6843003913894325,2025,6,195,2723,-679,1748736000000
2016,2,216,604,28932.66,23798.8,3225.94,39.401986754966885,5.340960264900662,2016,2,216,3809,-3205,1454284800000
2021,12,100,55433,1032571.7400000001,692926.37,120433.21,12.5002502119676,2.172590514675374,2021,12,100,49132,6301,1638316800000
2023,10,56,237,11197.56,8983.36,1188.49,37.90447257383966,5.014725738396624,2023,10,56,895,-658,1696118400000
2016,8,235,176,3309.17,2926.15,105.79,16.625852272727272,0.6010795454545454,2016,8,235,2071,-1895,1470009600000
2016,6,125,64778,1026132.16,815399.42,125029.37,12.58759794992127,1.9301208743709284,2016,6,125,59530,5248,1464739200000
2019,8,235,417,12101.26,10586.9,210.07999999999998,25.388249400479616,0.5037889688249401,2019,8,235,1617,-1200,1564617600000
2020,1,220,364,11484.61,9907.14,319.08,27.217417582417582,0.8765934065934066,2020,1,220,2949,-2585,1577836800000
2021,1,182,421,14124.44,11746.91,634.67,27.902399049881236,1.5075296912114013,2021,1,182,740,-319,1609459200000
2022,9,223,821,34589.13,25756.5,4532.72,31.3721071863581,5.520974421437272,2022,9,223,5129,-4308,1661990400000
2016,6,153,108,1676.92,1388.5,164.63,12.856481481481481,1.5243518518518517,2016,6,153,520,-412,1464739200000
2016,6,159,556,9444.06,8002.11,580.13,14.39228417266187,1.0433992805755397,2016,6,159,3446,-2890,1464739200000
2019,8,3,176,5724.76,4993.96,30.97,28.374772727272727,0.1759659090909091,2019,8,3,654,-478,1564617600000
2022,3,126,66,1891.8999999999999,1604.84,124.96000000000001,24.315757575757573,1.8933333333333335,2022,3,126,373,-307,1646092800000
2020,5,61,991,28230.12,25175.17,887.04,25.403804238143287,0.895095862764884,2020,5,61,1566,-575,1588291200000
2018,12,82,2583,51477.3,43314.57,3028.68,16.76909407665505,1.1725435540069686,2018,12,82,7131,-4548,1543622400000
2016,1,128,47,994.83,842.5,97.69,17.925531914893618,2.0785106382978724,2016,1,128,582,-535,1451606400000
2021,6,51,392,17568.36,15068.99,31.97,38.44130102040816,0.08155612244897958,2021,6,51,909,-517,1622505600000
2019,8,242,356,9320.64,8153.7,105.59,22.903651685393257,0.2966011235955056,2019,8,242,1016,-660,1564617600000
2023,6,73,22,821.1999999999999,733.1,17.35,33.32272727272727,0.7886363636363637,2023,6,73,275,-253,1685577600000
2021,3,26,500,15701.13,13320.42,184.03,26.64084,0.36806,2021,3,26,1111,-611,1614556800000
2023,6,260,675,22574.02,17754.82,2301.85,26.303437037037035,3.410148148148148,2023,6,260,2594,-1919,1685577600000
2023,10,61,916,30383.99,27089.93,1371.33,29.57415938864629,1.497085152838428,2023,10,61,5205,-4289,1696118400000
2025,2,152,4177,85848.23,68091.05,3184.07,16.301424467321045,0.7622863299018434,2025,2,152,6481,-2304,1738368000000
2020,8,192,105,3809.3,3486.39,148.46,33.203714285714284,1.413904761904762,2020,8,192,141,-36,1596240000000
2025,8,208,655,19870.39,17181.16,226.88,26.230778625954198,0.34638167938931297,2025,8,208,1371,-716,1754006400000
2023,3,84,3,169.89999999999998,138.2,0.0,46.06666666666666,0.0,2023,3,84,31,-28,1677628800000
2021,1,78,478,14564.5,12087.45,648.88,25.287552301255232,1.357489539748954,2021,1,78,746,-268,1609459200000
2022,4,66,1444,36310.48,28141.11,4518.57,19.488303324099725,3.129203601108033,2022,4,66,4863,-3419,1648771200000
2019,9,95,1129,32089.09,26305.0,1630.34,23.29937998228521,1.4440566873339238,2019,9,95,7931,-6802,1567296000000
2018,10,4,16688,255360.11,208988.56,25131.6,12.523283796740172,1.5059683604985619,2018,10,4,38685,-21997,1538352000000
2016,11,93,1218,53459.1,42228.25,6385.48,34.670155993431855,5.242594417077175,2016,11,93,1339,-121,1477958400000
2020,8,72,728,27740.08,25092.94,1151.39,34.46832417582417,1.5815796703296705,2020,8,72,976,-248,1596240000000
2016,6,185,81,1458.93,1244.7,110.7,15.366666666666667,1.3666666666666667,2016,6,185,1480,-1399,1464739200000
2017,2,251,10,592.74,486.04,82.58,48.604,8.258,2017,2,251,131,-121,1485907200000
2019,11,1,848,80640.03,67513.83,9353.64,79.61536556603774,11.030235849056604,2019,11,1,15451,-14603,1572566400000
2019,3,235,738,21781.420000000002,19631.27,298.14,26.600636856368563,0.4039837398373984,2019,3,235,2037,-1299,1551398400000
2021,3,247,734,17800.85,15056.82,351.02,20.513378746594004,0.47822888283378745,2021,3,247,1611,-877,1614556800000
2021,8,208,156,6645.85,5633.89,171.25,36.11467948717949,1.0977564102564104,2021,8,208,687,-531,1627776000000
2018,9,240,51,2112.89,1924.08,79.91,37.72705882352941,1.5668627450980392,2018,9,240,251,-200,1535760000000
2023,3,264,30905,868595.88,614016.06,108387.06,19.8678550396376,3.5071043520465945,2023,3,264,35893,-4988,1677628800000
2020,12,119,346,10280.76,8689.210000000001,805.14,25.11332369942197,2.326994219653179,2020,12,119,860,-514,1606780800000
2024,4,121,233,8136.66,7205.53,189.81,30.925021459227466,0.8146351931330472,2024,4,121,760,-527,1711929600000
2023,7,258,101,3586.35,3128.84,180.79,30.97861386138614,1.7899999999999998,2023,7,258,846,-745,1688169600000
2022,8,154,49,1431.71,1257.43,102.08,25.66183673469388,2.083265306122449,2022,8,154,214,-165,1659312000000
2025,8,193,3419,67198.27,55265.53,1328.97,16.164238081310323,0.38870137467095645,2025,8,193,3930,-511,1754006400000
2022,12,157,309,15400.699999999999,11982.96,1973.21,38.77980582524272,6.3857928802589,2022,12,157,1201,-892,1669852800000
2017,8,262,89936,1226821.53,975957.02,139560.12,10.851683641700765,1.5517714819427149,2017,8,262,92345,-2409,1501545600000
2018,7,194,441,22185.41,16865.0,2687.41,38.24263038548753,6.093900226757369,2018,7,194,1075,-634,1530403200000
2016,5,79,366617,5523963.82,4409590.14,642312.91,12.027784145306954,1.7519997981544775,2016,5,79,295877,70740,1462060800000
2017,11,190,331,5681.49,4740.0,580.47,14.3202416918429,1.7536858006042297,2017,11,190,1486,-1155,1509494400000
2022,1,219,233,13806.03,11915.74,812.29,51.14051502145923,3.486223175965665,2022,1,219,941,-708,1640995200000
2024,2,215,575,32993.11,27389.99,2634.06,47.634765217391305,4.580973913043478,2024,2,215,844,-269,1706745600000
2023,10,171,90,2858.68,2550.48,52.1,28.33866666666667,0.5788888888888889,2023,10,171,619,-529,1696118400000
2018,5,79,239932,3435517.14,2727641.6,406284.42000000004,11.368394378407215,1.693331527266059,2018,5,79,202546,37386,1525132800000
2020,3,259,149,4485.15,4077.57,63.63,27.366241610738257,0.42704697986577184,2020,3,259,476,-327,1583020800000
2022,7,224,4646,89147.55,60069.65,11423.35,12.929326302195438,2.458749461902712,2022,7,224,12146,-7500,1656633600000
2023,4,23,72,4311.53,3554.51,17.62,49.36819444444445,0.24472222222222223,2023,4,23,164,-92,1680307200000
2025,4,228,1392,40765.03,34308.16,858.46,24.64666666666667,0.6167097701149425,2025,4,228,2878,-1486,1743465600000
2020,9,184,18,747.66,641.11,30.259999999999998,35.617222222222225,1.681111111111111,2020,9,184,52,-34,1598918400000
2023,11,127,204,7046.8,6134.04,246.24,30.068823529411766,1.2070588235294117,2023,11,127,2030,-1826,1698796800000
2023,2,223,558,24851.42,18811.44,2812.62,33.71225806451613,5.040537634408602,2023,2,223,4263,-3705,1675209600000
2018,3,238,178326,2298984.6399999997,1819393.77,265230.2,10.202627603378083,1.4873333109025044,2018,3,238,191719,-13393,1519862400000
2019,6,238,137899,2163179.1,1438019.51,253431.6,10.428063365216572,1.8378059304273417,2019,6,238,143600,-5701,1559347200000
2019,3,64,120,5083.6,4609.9800000000005,73.72,38.416500000000006,0.6143333333333333,2019,3,64,739,-619,1551398400000
2021,5,182,348,12257.51,10125.5,38.56,29.096264367816094,0.11080459770114943,2021,5,182,734,-386,1619827200000
2024,4,133,269,8358.3,7415.13,181.63,27.56553903345725,0.6752044609665427,2024,4,133,937,-668,1711929600000
2017,3,167,355,4857.22,4272.02,168.44,12.033859154929578,0.4744788732394366,2017,3,167,1897,-1542,1488326400000
2024,10,229,64416,1436335.49,951275.56,179671.48,14.767690635866867,2.789236835568803,2024,10,229,77431,-13015,1727740800000
2024,6,112,1834,56928.83,48022.63,2589.31,26.184640130861503,1.4118375136314067,2024,6,112,7637,-5803,1717200000000
2025,8,182,1001,30300.42,26637.18,504.0,26.61056943056943,0.5034965034965035,2025,8,182,1309,-308,1754006400000
2016,7,253,35,1576.58,1320.0,151.39,37.714285714285715,4.325428571428571,2016,7,253,86,-51,1467331200000
2017,6,190,595,10122.75,8364.5,1008.13,14.05798319327731,1.6943361344537815,2017,6,190,1907,-1312,1496275200000
2018,1,263,170028,2074596.02,1627886.5,243680.78,9.574226009833675,1.4331802997153409,2018,1,263,173601,-3573,1514764800000
2025,8,35,2956,75903.17,70016.17,112.63,23.686119756427605,0.0381021650879567,2025,8,35,3655,-699,1754006400000
2019,1,239,208059,2529571.3900000006,1972943.75,309438.31,9.482616709683311,1.4872623150164137,2019,1,239,204453,3606,1546300800000
2019,1,198,388,10634.62,9252.61,446.46,23.846932989690725,1.1506701030927835,2019,1,198,3717,-3329,1546300800000
2021,5,51,562,22584.010000000002,19404.42,128.1,34.527437722419926,0.22793594306049822,2021,5,51,1153,-591,1619827200000
2022,10,162,118535,2222421.9,1459441.31,296019.23,12.312323870586747,2.497314970261948,2022,10,162,96953,21582,1664582400000
2023,11,212,120,3889.08,3523.35,10.0,29.36125,0.08333333333333333,2023,11,212,295,-175,1698796800000
2016,2,92,488,9770.32,8271.84,677.18,16.950491803278688,1.3876639344262294,2016,2,92,4523,-4035,1454284800000
2018,6,147,138,3513.19,3067.5,109.31,22.22826086956522,0.7921014492753623,2018,6,147,977,-839,1527811200000
2020,3,86,100,5044.07,4748.18,4.06,47.4818,0.0406,2020,3,86,439,-339,1583020800000
2016,5,163,308225,4747055.35,3821896.46,503603.17,12.39969652039906,1.6338816449022628,2016,5,163,281491,26734,1462060800000
2016,6,69,465,8304.630000000001,6769.05,722.6,14.557096774193548,1.553978494623656,2016,6,69,4658,-4193,1464739200000
2016,9,10,2223,140843.07,113975.93,13533.44,51.271223571749886,6.087917228969861,2016,9,10,3533,-1310,1472688000000
2017,7,91,174,4585.21,3788.06,349.32,21.770459770114943,2.0075862068965518,2017,7,91,1549,-1375,1498867200000
2021,8,57,29,1100.25,896.34,39.76,30.908275862068965,1.3710344827586207,2021,8,57,90,-61,1627776000000
2016,9,154,30,2838.2799999999997,2391.75,202.87,79.725,6.762333333333333,2016,9,154,115,-85,1472688000000
2022,5,16,34,1447.43,1351.05,59.38,39.73676470588235,1.7464705882352942,2022,5,16,708,-674,1651363200000
2018,4,118,12,439.08,365.0,15.62,30.416666666666668,1.3016666666666665,2018,4,118,144,-132,1522540800000
2025,11,249,88120,1872257.37,1169425.83,214513.65,13.27083329550613,2.4343355651384475,2025,11,249,71072,17048,1761955200000
2016,1,234,365252,4888173.88,3827312.56,591534.09,10.478553327565626,1.619523205896203,2016,1,234,308845,56407,1451606400000
2018,3,74,41562,518532.47,430964.91,34871.81,10.369205283672585,0.8390310860882536,2018,3,74,77119,-35557,1519862400000
2024,7,91,805,25133.36,23815.44,74.32,29.58439751552795,0.09232298136645962,2024,7,91,1383,-578,1719792000000
2024,12,62,891,26895.14,24905.56,486.78,27.95236812570146,0.5463299663299663,2024,12,62,1760,-869,1733011200000
2022,5,91,127,4863.8099999999995,4397.5,112.96000000000001,34.625984251968504,0.8894488188976378,2022,5,91,864,-737,1651363200000
2025,10,65,6250,154589.32,121858.61,8228.29,19.4973776,1.3165264,2025,10,65,8194,-1944,1759276800000
2019,11,62,539,14054.36,12344.15,229.78,22.90194805194805,0.42630797773654916,2019,11,62,2719,-2180,1572566400000
2022,1,224,3894,66526.71,43805.24,8562.57,11.249419619928094,2.1989137134052386,2022,1,224,10853,-6959,1640995200000
2017,10,185,44,958.17,792.06,99.63,18.001363636363635,2.2643181818181817,2017,10,185,894,-850,1506816000000
2021,6,207,329,4072.5,3390.09,148.84,10.304224924012159,0.45240121580547116,2021,6,207,326,3,1622505600000
2016,4,207,455,5770.18,4698.51,392.03000000000003,10.326395604395605,0.8616043956043957,2016,4,207,495,-40,1459468800000
2016,2,73,27,704.71,604.0,61.53,22.37037037037037,2.278888888888889,2016,2,73,627,-600,1454284800000
2019,1,158,69442,1004340.12,788095.83,128191.29,11.34897943607615,1.8460195558883672,2019,1,158,72800,-3358,1546300800000
2022,8,127,188,6139.34,5136.46,536.43,27.321595744680852,2.8533510638297868,2022,8,127,2355,-2167,1659312000000
2025,6,240,141,4198.24,3689.64,81.14,26.167659574468082,0.5754609929078014,2025,6,240,307,-166,1748736000000
2025,10,204,2,159.97,139.84,0.0,69.92,0.0,2025,10,204,16,-14,1759276800000
2024,6,35,1035,31111.46,29441.31,34.83,28.44571014492754,0.033652173913043475,2024,6,35,1266,-231,1717200000000
2021,10,260,857,22796.41,18596.25,1721.07,21.69924154025671,2.008249708284714,2021,10,260,3209,-2352,1633046400000
2018,4,131,127,3171.95,2820.1,156.02,22.205511811023623,1.228503937007874,2018,4,131,1247,-1120,1522540800000
2018,11,205,581,24511.07,22101.79,679.79,38.04094664371773,1.1700344234079174,2018,11,205,1520,-939,1541030400000
2025,2,212,600,17690.23,15392.34,12.05,25.6539,0.020083333333333335,2025,2,212,467,133,1738368000000
2025,6,91,2720,72126.46,66512.95,62.36,24.45329044117647,0.022926470588235295,2025,6,91,3016,-296,1748736000000
2022,9,251,1,219.66,171.0,36.61,171.0,36.61,2022,9,251,48,-47,1661990400000
2019,8,40,2184,42591.36,32036.28,4937.48,14.668626373626372,2.2607509157509154,2019,8,40,5913,-3729,1564617600000
2020,5,200,45,1816.85,1514.56,82.13,33.656888888888886,1.825111111111111,2020,5,200,170,-125,1588291200000
2021,7,225,649,22618.42,19044.43,1090.15,29.344268104776578,1.679738058551618,2021,7,225,2850,-2201,1625097600000
2023,8,207,286,2876.49,2199.06,129.97,7.689020979020979,0.45444055944055944,2023,8,207,279,7,1690848000000
2020,11,71,499,16049.47,13786.57,1314.13,27.628396793587175,2.6335270541082165,2020,11,71,891,-392,1604188800000
2024,8,135,219,8187.42,7259.19,244.78,33.146986301369864,1.117716894977169,2024,8,135,993,-774,1722470400000
2016,6,165,229,12417.36,10408.3,1716.71,45.45109170305677,7.496550218340611,2016,6,165,2297,-2068,1464739200000
2018,3,24,28393,391400.4,314223.41,42280.25,11.066932342478779,1.489108230901983,2018,3,24,31061,-2668,1519862400000
2020,8,37,689,23682.06,21073.72,1150.65,30.585950653120467,1.6700290275761975,2020,8,37,1737,-1048,1596240000000
2021,11,153,43,1630.41,1385.84,23.57,32.22883720930233,0.5481395348837209,2021,11,153,169,-126,1635724800000
2025,8,127,1679,44303.98,37396.28,606.12,22.272948183442523,0.36100059559261466,2025,8,127,5254,-3575,1754006400000
2025,11,3,433,13877.62,12593.92,10.0,29.08526558891455,0.023094688221709007,2025,11,3,821,-388,1761955200000
2017,2,94,57,1069.56,964.5,31.03,16.92105263157895,0.5443859649122808,2017,2,94,715,-658,1485907200000
2019,10,238,143304,2258624.6300000004,1488468.72,270866.13,10.38679115726009,1.8901505191760175,2019,10,238,153490,-10186,1569888000000
2024,5,77,441,13727.87,12872.55,53.33,29.189455782312923,0.1209297052154195,2024,5,77,680,-239,1714521600000
2025,9,12,1315,40606.59,29375.54,3921.29,22.338813688212927,2.9819695817490492,2025,9,12,2121,-806,1756684800000
2022,12,32,82,2699.94,2392.96,18.33,29.182439024390245,0.22353658536585364,2022,12,32,243,-161,1669852800000
2019,6,212,249,7167.77,6345.03,53.239999999999995,25.48204819277108,0.2138152610441767,2019,6,212,1051,-802,1559347200000
2021,11,175,44,2316.63,2130.63,6.5,48.4234090909091,0.14772727272727273,2021,11,175,326,-282,1635724800000
2017,7,100,187587,2694158.91,2190320.5,256229.06,11.676291534061528,1.3659211992302238,2017,7,100,142323,45264,1498867200000
2023,1,150,31,879.77,774.4,11.32,24.980645161290322,0.36516129032258066,2023,1,150,237,-206,1672531200000
2019,6,158,74871,1379465.79,926508.41,167916.96999999997,12.374730002270573,2.2427504641316394,2019,6,158,73060,1811,1559347200000
2018,7,142,216215,2838367.53,2249529.25,323713.13999999996,10.404131304488589,1.4971816941470293,2018,7,142,196315,19900,1530403200000
2021,9,203,109,5221.11,4647.94,21.82,42.64165137614678,0.2001834862385321,2021,9,203,546,-437,1630454400000
2020,9,226,2169,49085.25,39330.77,4517.4,18.13313508529276,2.082710926694329,2020,9,226,3384,-1215,1598918400000
2021,8,25,1635,44636.700000000004,36190.65,4534.4,22.134954128440366,2.773333333333333,2021,8,25,4547,-2912,1627776000000
2024,11,173,255,6922.97,6016.33,92.15,23.593450980392156,0.36137254901960786,2024,11,173,723,-468,1730419200000
2025,9,241,694,22583.47,20740.83,25.93,29.885922190201732,0.03736311239193083,2025,9,241,1376,-682,1756684800000
2019,12,167,365,10116.2,8641.87,93.7,23.676356164383563,0.2567123287671233,2019,12,167,1217,-852,1575158400000
2016,7,114,150099,2189527.2600000002,1754802.62,243796.53,11.690968094391035,1.624238202786161,2016,7,114,117283,32816,1467331200000
2022,6,73,28,1050.03,925.75,68.67999999999999,33.0625,2.4528571428571424,2022,6,73,262,-234,1654041600000
2024,9,180,225,9180.11,8015.02,383.55,35.62231111111112,1.7046666666666668,2024,9,180,617,-392,1725148800000
2020,6,168,809,21578.61,18716.7,733.94,23.135599505562425,0.9072187886279358,2020,6,168,2118,-1309,1590969600000
2023,12,206,2,45.75,33.0,9.25,16.5,4.625,2023,12,206,77,-75,1701388800000
2019,4,199,1,9.36,7.0,1.56,7.0,1.56,2019,4,199,2,-1,1554076800000
2019,2,129,3511,67507.36,57108.67,3181.16,16.265642267160352,0.9060552549131301,2019,2,129,11634,-8123,1548979200000
2023,9,250,114,3760.85,3349.32,88.23,29.380000000000003,0.7739473684210527,2023,9,250,300,-186,1693526400000
2024,5,187,3,103.53999999999999,66.28,0.0,22.093333333333334,0.0,2024,5,187,34,-31,1714521600000
2024,7,13,21069,653729.24,470347.16,77039.19,22.324133086525226,3.6565185818026484,2024,7,13,23820,-2751,1719792000000
2024,1,92,250,10013.06,8858.32,304.15999999999997,35.433279999999996,1.21664,2024,1,92,1824,-1574,1704067200000
2019,11,75,50537,772724.8,567204.56,72105.09,11.223550270099137,1.4267782021093456,2019,11,75,81569,-31032,1572566400000
2022,9,156,4,388.78999999999996,323.5,27.98,80.875,6.995,2022,9,156,43,-39,1661990400000
2016,1,244,9611,180766.58000000002,150306.46,17436.87,15.639003225470814,1.814261783373218,2016,1,244,39148,-29537,1451606400000
2023,10,91,305,10000.61,9320.05,70.54,30.557540983606554,0.2312786885245902,2023,10,91,883,-578,1696118400000
2021,8,8,28,1234.69,947.16,140.91,33.82714285714285,5.0325,2021,8,8,79,-51,1627776000000
2024,6,248,254,8545.49,7763.79,49.239999999999995,30.566102362204724,0.19385826771653542,2024,6,248,388,-134,1717200000000
2023,12,94,99,3532.31,3258.21,0.0,32.911212121212124,0.0,2023,12,94,213,-114,1701388800000
2019,6,5,40,3875.48,3332.69,8.77,83.31725,0.21925,2019,6,5,64,-24,1559347200000
2016,3,146,12562,187209.67,156587.38,16173.87,12.46516319057475,1.2875234835217322,2016,3,146,14668,-2106,1456790400000
2019,10,99,2,116.1,112.0,0.0,56.0,0.0,2019,10,99,9,-7,1569888000000
2021,10,115,8,736.2,595.91,63.14,74.48875,7.8925,2021,10,115,54,-46,1633046400000
2021,4,52,582,13454.06,10379.75,1591.05,17.834621993127147,2.733762886597938,2021,4,52,1246,-664,1617235200000
2017,9,68,221855,3226369.5799999996,2571876.25,363227.76,11.592599896328682,1.6372304433075657,2017,9,68,204997,16858,1504224000000
2018,6,146,8789,131247.39,109828.18,11221.07,12.496095118898623,1.276717487768802,2018,6,146,11403,-2614,1527811200000
2024,2,40,430,12261.76,9438.77,1136.69,21.950627906976745,2.64346511627907,2024,2,40,2723,-2293,1706745600000
2016,3,249,266191,3698843.48,2923859.25,440518.55,10.984065013467774,1.6548964841035196,2016,3,249,209872,56319,1456790400000
2020,1,257,293,8613.07,7006.93,499.06,23.91443686006826,1.7032764505119453,2020,1,257,2745,-2452,1577836800000
2024,2,73,36,1321.54,1246.72,0.0,34.63111111111111,0.0,2024,2,73,167,-131,1706745600000
2017,12,229,181546,2452600.93,1953610.62,278771.57,10.760967578464962,1.5355423418858032,2017,12,229,170884,10662,1512086400000
2022,4,78,129,4469.04,3978.17,113.62,30.838527131782946,0.8807751937984496,2022,4,78,399,-270,1648771200000
2021,2,136,325,12217.1,10489.39,104.18,32.275046153846155,0.3205538461538462,2021,2,136,600,-275,1612137600000
2024,10,86,367,19303.25,17931.58,62.72,48.859891008174394,0.1708991825613079,2024,10,86,809,-442,1727740800000
2020,1,71,683,21971.14,19170.13,35.09,28.067540263543194,0.051376281112737926,2020,1,71,1511,-828,1577836800000
2022,3,175,35,1317.17,1202.4,15.52,34.354285714285716,0.4434285714285714,2022,3,175,323,-288,1646092800000
2016,6,24,33120,475063.03,383600.14,49990.01,11.582129830917875,1.5093602053140098,2016,6,24,35766,-2646,1464739200000
2017,9,169,127,2430.26,2080.6,161.16,16.38267716535433,1.2689763779527559,2017,9,169,1510,-1383,1504224000000
2019,11,175,112,4109.73,3656.2000000000003,50.34,32.64464285714286,0.44946428571428576,2019,11,175,571,-459,1572566400000
2016,5,201,13,1057.3600000000001,931.46,97.25999999999999,71.65076923076923,7.481538461538461,2016,5,201,454,-441,1462060800000
2019,11,116,7316,122575.38,98182.08,9991.34,13.42018589393111,1.365683433570257,2019,11,116,18503,-11187,1572566400000
2023,9,170,82130,2059839.5999999999,1376863.3699999999,260835.90000000002,16.764438938268597,3.1758906611469624,2023,9,170,83041,-911,1693526400000
2020,11,191,254,10671.61,9589.45,599.89,37.753740157480316,2.361771653543307,2020,11,191,476,-222,1604188800000
2025,11,92,1379,34319.87,28924.96,376.86,20.975315445975344,0.27328498912255256,2025,11,92,3929,-2550,1761955200000
2020,7,86,241,16224.0,15128.27,288.16,62.772904564315354,1.1956846473029046,2020,7,86,426,-185,1593561600000
2021,11,228,254,9509.76,7599.63,938.51,29.9198031496063,3.69492125984252,2021,11,228,1711,-1457,1635724800000
2022,11,185,49,1837.83,1611.8600000000001,70.57,32.895102040816326,1.440204081632653,2022,11,185,384,-335,1667260800000
2023,5,158,30484,788262.44,529723.04,104759.17,17.377084372129644,3.4365296549009314,2023,5,158,33963,-3479,1682899200000
2018,12,153,220,5377.45,4800.22,148.09,21.819181818181818,0.6731363636363636,2018,12,153,389,-169,1543622400000
2022,8,160,70,3017.61,2586.52,268.79,36.95028571428571,3.8398571428571433,2022,8,160,1150,-1080,1659312000000
2023,3,176,3,238.0,82.5,149.0,27.5,49.666666666666664,2023,3,176,32,-29,1677628800000
2020,8,90,19191,301309.18,197244.26,34884.32,10.277956333698087,1.8177437340419988,2020,8,90,14240,4951,1596240000000
2021,12,223,849,31660.41,24223.77,3419.2400000000002,28.532120141342755,4.027373380447585,2021,12,223,5175,-4326,1638316800000
2019,6,203,263,11766.54,10932.16,160.67,41.567148288973385,0.6109125475285171,2019,6,203,1368,-1105,1559347200000
2022,2,70,9543,407291.16,287601.02,53528.9,30.137380278738345,5.609231897726082,2022,2,70,1137,8406,1643673600000
2022,10,14,232,8879.11,7429.01,518.93,32.021594827586206,2.2367672413793103,2022,10,14,2474,-2242,1664582400000
2017,4,201,20,650.88,536.61,81.03,26.8305,4.0515,2017,4,201,422,-402,1491004800000
2021,5,21,191,7097.81,6156.82,15.68,32.234659685863875,0.08209424083769633,2021,5,21,430,-239,1619827200000
2025,7,20,548,14322.24,12675.24,187.69,23.13,0.34249999999999997,2025,7,20,1102,-554,1751328000000
2025,8,123,657,17520.38,16527.94,79.27,25.156681887366815,0.1206544901065449,2025,8,123,1127,-470,1754006400000
2018,8,181,6616,110074.64,89584.36,11502.65,13.540562273276905,1.7386109431680774,2018,8,181,24450,-17834,1533081600000
2024,11,14,772,27920.07,24971.56,444.79,32.34658031088083,0.5761528497409326,2024,11,14,2570,-1798,1730419200000
2025,6,242,811,23169.91,20311.48,88.91,25.044981504315658,0.10963008631319358,2025,6,242,1530,-719,1748736000000
2022,4,154,5,371.46999999999997,321.7,11.87,64.34,2.3739999999999997,2022,4,154,44,-39,1648771200000
2021,8,151,28135,471615.86,333580.51,57170.91,11.856424737870979,2.0320209703216636,2021,8,151,27984,151,1627776000000
2021,10,213,307,11952.78,9900.95,32.92,32.25065146579805,0.1072312703583062,2021,10,213,742,-435,1633046400000
2021,12,148,27191,545174.76,373328.29,70286.8,13.729847743738736,2.584928836747453,2021,12,148,29524,-2333,1638316800000
2017,6,216,718,37777.19,30513.57,4020.78,42.49800835654596,5.599972144846797,2017,6,216,3841,-3123,1496275200000
2017,9,178,129,1854.5,1641.5,70.19,12.724806201550388,0.5441085271317829,2017,9,178,662,-533,1504224000000
2017,3,182,140,2781.15,2367.5,168.23,16.910714285714285,1.201642857142857,2017,3,182,1303,-1163,1488326400000
2017,10,222,30,1127.83,995.5,56.08,33.18333333333333,1.8693333333333333,2017,10,222,256,-226,1506816000000
2018,9,94,95,2400.64,2142.51,61.129999999999995,22.552736842105265,0.6434736842105263,2018,9,94,686,-591,1535760000000
2016,3,238,216701,2863707.56,2285178.75,313313.54,10.545307820453067,1.4458333833254113,2016,3,238,223964,-7263,1456790400000
2016,4,123,148,2584.31,2225.0,180.39,15.033783783783784,1.2188513513513513,2016,4,123,1602,-1454,1459468800000
2021,1,249,22388,343577.79,217518.08,46180.07,9.715833482222619,2.0627152939074502,2021,1,249,18914,3474,1609459200000
2024,3,51,546,22794.7,20952.44,30.900000000000002,38.374432234432234,0.0565934065934066,2024,3,51,679,-133,1709251200000
2017,11,152,8055,112491.16,93153.72,9344.54,11.564707635009311,1.1600918684047177,2017,11,152,15095,-7040,1509494400000
2025,2,39,2352,65113.63,60532.37,107.36,25.7365518707483,0.04564625850340136,2025,2,39,2781,-429,1738368000000
2021,12,2,1,62.16,50.5,10.36,50.5,10.36,2021,12,2,3,-2,1638316800000
2024,1,24,7849,169481.66,119361.75,21082.56,15.20725570136323,2.686018601095681,2024,1,24,10429,-2580,1704067200000
2019,9,138,163102,7252249.75,5275217.91,915891.5900000001,32.343060845360576,5.6154528454586705,2019,9,138,78884,84218,1567296000000
2016,7,27,8,372.43,316.3,38.83,39.5375,4.85375,2016,7,27,128,-120,1467331200000
2016,12,83,1484,21410.0,18249.2,1138.06,12.297304582210243,0.7668867924528302,2016,12,83,5061,-3577,1480550400000
2025,2,253,19,423.31,386.36,0.0,20.334736842105265,0.0,2025,2,253,49,-30,1738368000000
2017,4,215,658,42944.52,34509.52,4211.61,52.446079027355616,6.40062310030395,2017,4,215,971,-313,1491004800000
2018,8,202,319,7352.89,6319.03,566.6,19.80887147335423,1.7761755485893418,2018,8,202,3664,-3345,1533081600000
2023,8,109,10,214.74,173.8,18.0,17.380000000000003,1.8,2023,8,109,53,-43,1690848000000
2016,7,206,366,10283.24,9216.5,624.3,25.18169398907104,1.7057377049180327,2016,7,206,561,-195,1467331200000
2017,1,140,170215,2325446.93,1871120.39,255171.55,10.992688012219839,1.4991131803895072,2017,1,140,175291,-5076,1483228800000
2022,2,259,56,2473.5099999999998,2166.87,85.94,38.69410714285714,1.5346428571428572,2022,2,259,349,-293,1643673600000
2025,1,257,285,7920.98,6288.03,207.24,22.063263157894735,0.7271578947368421,2025,1,257,1323,-1038,1735689600000
2025,10,23,17,873.71,691.98,19.32,40.70470588235294,1.1364705882352941,2025,10,23,124,-107,1759276800000
2021,7,82,525,15478.08,12467.89,897.97,23.748361904761904,1.7104190476190477,2021,7,82,2261,-1736,1625097600000
2018,5,149,150,4318.15,3844.0,191.43,25.626666666666665,1.2762,2018,5,149,1117,-967,1525132800000
2016,2,249,249988,3424097.12,2702299.32,413350.88,10.809716146375026,1.6534828871785845,2016,2,249,200134,49854,1454284800000
2020,8,121,269,10483.22,9288.07,534.3100000000001,34.52814126394052,1.9862825278810412,2020,8,121,416,-147,1596240000000
2020,7,134,154,5837.45,5018.16,327.95,32.585454545454546,2.1295454545454544,2020,7,134,323,-169,1593561600000
2023,12,30,6,261.91999999999996,202.93,19.509999999999998,33.821666666666665,3.2516666666666665,2023,12,30,31,-25,1701388800000
2025,6,232,13193,342764.24,257573.5,13588.23,19.52349730917911,1.0299575532479346,2025,6,232,24356,-11163,1748736000000
2016,5,18,120,1752.31,1478.62,130.67,12.321833333333332,1.0889166666666665,2016,5,18,1920,-1800,1462060800000
2017,6,245,1,120.35,100.0,20.05,100.0,20.05,2017,6,245,108,-107,1496275200000
2023,4,101,63,2527.12,2208.66,87.81,35.058095238095234,1.3938095238095238,2023,4,101,336,-273,1680307200000
2024,2,164,67823,1588984.91,1040431.2000000001,200176.31,15.340388953599811,2.9514517199180217,2024,2,164,62922,4901,1706745600000
2022,2,214,5,472.25,326.65,130.0,65.33,26.0,2022,2,214,35,-30,1643673600000
2025,1,88,9721,284855.43,203154.99,27391.21,20.898569077255427,2.8177358296471557,2025,1,88,12150,-2429,1735689600000
2025,6,248,816,24822.76,21611.66,17.009999999999998,26.48487745098039,0.020845588235294116,2025,6,248,913,-97,1748736000000
2025,6,257,864,26488.45,20942.93,321.28000000000003,24.239502314814814,0.3718518518518519,2025,6,257,2361,-1497,1748736000000
2023,9,142,88623,2020668.74,1328275.04,261530.15,14.98792683614863,2.9510414903580333,2023,9,142,76058,12565,1693526400000
2023,9,181,1117,37267.96,30401.22,3540.44,27.216848701880036,3.1695971351835275,2023,9,181,7261,-6144,1693526400000
2016,11,68,246045,3634610.0100000002,2909536.15,404149.24,11.825219573655225,1.642582617000955,2016,11,68,227914,18131,1477958400000
2019,6,107,156268,2649579.3200000003,1739202.8,318814.83999999997,11.129615788261193,2.040179947270074,2019,6,107,139063,17205,1559347200000
2017,11,171,75,1620.73,1374.0,128.01,18.32,1.7067999999999999,2017,11,171,1211,-1136,1509494400000
2018,4,53,70,2287.92,2023.6,106.42,28.908571428571427,1.5202857142857142,2018,4,53,917,-847,1522540800000
2023,7,119,177,6013.83,5077.65,366.68,28.687288135593217,2.071638418079096,2023,7,119,775,-598,1688169600000
2024,10,17,1395,40434.75,36700.64,678.31,26.30870250896057,0.48624372759856627,2024,10,17,3978,-2583,1727740800000
2021,9,43,50996,871365.78,574192.35,112905.68,11.259556631892696,2.2140105106282846,2021,9,43,39667,11329,1630454400000
2016,10,131,63,1376.06,1212.02,58.36,19.2384126984127,0.9263492063492064,2016,10,131,1324,-1261,1475280000000
2025,3,147,653,17549.43,15651.59,10.0,23.96874425727412,0.015313935681470138,2025,3,147,631,22,1740787200000
2018,5,120,62,1878.73,1384.21,184.62,22.325967741935486,2.9777419354838712,2018,5,120,441,-379,1525132800000
2024,2,62,402,12323.81,11338.28,184.93,28.204676616915425,0.46002487562189054,2024,2,62,1234,-832,1706745600000
2017,7,124,106,5963.8099999999995,4734.26,705.28,44.662830188679244,6.653584905660377,2017,7,124,995,-889,1498867200000
2017,12,114,130459,1867477.21,1483865.01,219986.34,11.374186602687434,1.6862488597950314,2017,12,114,100069,30390,1512086400000
2018,6,178,135,2991.47,2668.67,164.5,19.767925925925926,1.2185185185185186,2018,6,178,638,-503,1527811200000
2021,1,63,293,10716.17,9139.62,459.01,31.193242320819117,1.5665870307167236,2021,1,63,631,-338,1609459200000
2023,8,147,65,1943.28,1704.84,20.54,26.22830769230769,0.316,2023,8,147,299,-234,1690848000000
2017,1,40,5847,99095.5,78840.65,11836.52,13.483949033692491,2.0243748931075767,2017,1,40,11476,-5629,1483228800000
2024,2,174,148,6231.98,5588.5,81.12,37.76013513513514,0.5481081081081082,2024,2,174,400,-252,1706745600000
2021,7,148,28678,561223.8300000001,383192.5,71213.70999999999,13.361897621870423,2.4832174489155445,2021,7,148,30459,-1781,1625097600000
2024,11,90,56777,1278753.21,846395.4,160342.34,14.907363897352802,2.824072071437378,2024,11,90,53347,3430,1730419200000
2019,4,238,146624,2288097.31,1509635.14,269621.13,10.295962052597119,1.8388608276953295,2019,4,238,155696,-9072,1554076800000
2025,4,24,10867,234426.2,168322.42,22064.52,15.489318119076103,2.030415017944235,2025,4,24,12436,-1569,1743465600000
2025,8,10,2179,110352.6,92545.25,9115.3,42.47143184947223,4.183249196879302,2025,8,10,4889,-2710,1754006400000
2022,8,209,6680,158065.57,112497.35,19442.12,16.840920658682634,2.9104970059880237,2022,8,209,9524,-2844,1659312000000
2019,3,38,249,12132.67,11160.94,145.02,44.82305220883534,0.5824096385542169,2019,3,38,811,-562,1551398400000
2016,9,69,439,11925.890000000001,10265.54,1075.78,23.383917995444193,2.450523917995444,2016,9,69,4282,-3843,1472688000000
2017,5,79,288023,4237989.46,3375812.0,496947.65,11.720633421636467,1.725374883255851,2017,5,79,235981,52042,1493596800000
2021,8,226,2629,63409.79,50850.38,5129.44,19.34209965766451,1.9510992772917457,2021,8,226,6386,-3757,1627776000000
2023,6,44,41,2882.78,2421.83,20.63,59.069024390243904,0.5031707317073171,2023,6,44,56,-15,1685577600000
2022,6,88,10777,286726.59,209333.74,34699.7,19.42411988494015,3.2197921499489652,2022,6,88,13763,-2986,1654041600000
2024,11,186,119755,3000262.23,2052155.04,387119.95,17.13627856874452,3.2325994739259323,2024,11,186,80610,39145,1730419200000
2022,9,217,120,3550.48,2947.9900000000002,272.25,24.566583333333334,2.26875,2022,9,217,1279,-1159,1661990400000
2022,3,134,258,13675.02,11001.9,1570.4,42.64302325581395,6.086821705426357,2022,3,134,1078,-820,1646092800000
2025,2,5,1,47.04,45.54,0.0,45.54,0.0,2025,2,5,6,-5,1738368000000
2017,9,128,52,920.78,797.56,60.58,15.337692307692306,1.165,2017,9,128,538,-486,1504224000000
2019,4,12,3180,76051.66,56948.03,7111.14,17.908185534591194,2.2362075471698115,2019,4,12,4745,-1565,1554076800000
2021,9,228,389,15297.68,12716.14,1167.39,32.6893059125964,3.0010025706940877,2021,9,228,1665,-1276,1630454400000
2016,3,172,6,409.88,347.42,59.16,57.903333333333336,9.86,2016,3,172,148,-142,1456790400000
2019,4,72,724,24716.1,22735.51,99.26,31.40263812154696,0.13709944751381217,2019,4,72,1829,-1105,1554076800000
2018,4,204,1,113.5,90.0,22.7,90.0,22.7,2018,4,204,48,-47,1522540800000
2019,6,30,18,858.92,760.88,10.0,42.27111111111111,0.5555555555555556,2019,6,30,30,-12,1559347200000
2018,7,14,594,17096.16,15032.45,776.83,25.307154882154883,1.307794612794613,2018,7,14,5871,-5277,1530403200000
2020,9,243,619,15656.12,13328.19,1148.87,21.531809369951535,1.8560096930533116,2020,9,243,3695,-3076,1598918400000
2017,7,200,69,2302.82,1995.86,159.0,28.92550724637681,2.3043478260869565,2017,7,200,2439,-2370,1498867200000
2022,7,251,6,238.9,192.7,30.0,32.11666666666667,5.0,2022,7,251,82,-76,1656633600000
2024,10,162,132053,3255233.87,2154878.34,426922.94,16.31828387087003,3.23296661189068,2024,10,162,111755,20298,1727740800000
2025,3,163,106995,2593437.78,1648128.78,327756.27,15.403792513668863,3.0632858544791812,2025,3,163,96999,9996,1740787200000
2025,9,259,550,20799.13,19221.63,88.59,34.948418181818184,0.16107272727272728,2025,9,259,1012,-462,1756684800000
2016,3,181,18351,303669.92,245478.98,34997.54,13.376872105062395,1.9071189580949268,2016,3,181,47372,-29021,1456790400000
2017,7,67,53,1185.3,980.56,84.72,18.5011320754717,1.5984905660377358,2017,7,67,1201,-1148,1498867200000
2021,11,136,169,7712.98,6740.91,69.5,39.887041420118344,0.41124260355029585,2021,11,136,536,-367,1635724800000
2016,1,264,169845,2846849.07,2298031.94,319674.06,13.530171273808472,1.8821517265742294,2016,1,264,159921,9924,1451606400000
2022,5,180,59,2480.54,2071.38,237.16,35.10813559322034,4.0196610169491525,2022,5,180,493,-434,1651363200000
2023,8,201,34,2084.82,1839.6,76.71000000000001,54.10588235294117,2.2561764705882354,2023,8,201,358,-324,1690848000000
2020,5,249,2999,47277.32000000001,31123.72,5400.62,10.378032677559187,1.800806935645215,2020,5,249,2571,428,1588291200000
2016,10,70,1457,43021.68,35816.85,3860.06,24.582601235415236,2.6493205216197664,2016,10,70,4065,-2608,1475280000000
2025,7,99,2,0.0,0.0,0.0,0.0,0.0,2025,7,99,3,-1,1751328000000
2017,2,235,192,3422.65,3127.56,87.16,16.289375,0.4539583333333333,2017,2,235,1767,-1575,1485907200000
2025,11,175,200,5816.17,5060.88,61.03,25.3044,0.30515000000000003,2025,11,175,563,-363,1761955200000
2019,5,59,12,322.95,276.28999999999996,7.95,23.024166666666662,0.6625,2019,5,59,63,-51,1556668800000
2016,12,216,556,26832.12,21862.41,2804.04,39.32088129496403,5.043237410071942,2016,12,216,3864,-3308,1480550400000
2021,11,107,82509,1434421.03,933633.15,187258.8,11.315531032978221,2.26955604843108,2021,11,107,68677,13832,1635724800000
2025,7,87,30682,874454.72,626418.94,72264.73,20.41649631705886,2.35528094648328,2025,7,87,39553,-8871,1751328000000
2017,11,210,90,1926.07,1745.33,98.59,19.392555555555553,1.0954444444444444,2017,11,210,891,-801,1509494400000
2019,5,100,148351,2641362.84,1788890.0,275951.47,12.058496403799099,1.8601254457334293,2019,5,100,115497,32854,1556668800000
2016,6,215,920,57652.4,46442.79,5807.25,50.48129347826087,6.312228260869565,2016,6,215,1236,-316,1464739200000
2017,10,143,106283,1400416.46,1113261.47,162608.59,10.474501754749113,1.5299586010933075,2017,10,143,120181,-13898,1506816000000
2022,12,187,5,190.2,173.10000000000002,0.0,34.620000000000005,0.0,2022,12,187,23,-18,1669852800000
2022,8,174,91,3070.61,2744.39,51.31,30.158131868131868,0.5638461538461539,2022,8,174,431,-340,1659312000000
2023,6,236,136308,2911242.47,1880978.33,382096.9,13.799471270945213,2.8031876338879598,2023,6,236,143176,-6868,1685577600000
2018,2,108,51,1175.26,981.5,95.9,19.245098039215687,1.8803921568627453,2018,2,108,400,-349,1517443200000
2020,9,171,174,8304.35,6805.3,409.66,39.11091954022989,2.3543678160919543,2020,9,171,305,-131,1598918400000
2021,12,214,7,418.37,345.85,48.82,49.40714285714286,6.974285714285714,2021,12,214,42,-35,1638316800000
2019,1,175,199,6866.62,6263.26,18.75,31.473668341708542,0.0942211055276382,2019,1,175,732,-533,1546300800000
2019,11,34,176,3275.14,2561.11,342.09,14.551761363636365,1.9436931818181817,2019,11,34,747,-571,1572566400000
2024,12,141,84223,1759582.87,1144751.24,221513.48,13.591907673675836,2.6300829939565205,2024,12,141,95309,-11086,1733011200000
2025,1,216,2291,105166.75,90760.97,8554.08,39.61631165429943,3.7337756438236576,2025,1,216,4084,-1793,1735689600000
2021,10,11,71,2400.36,1999.54,43.55,28.162535211267606,0.6133802816901408,2021,10,11,266,-195,1633046400000
2016,12,232,21175,356134.4,292858.46,36858.6,13.83038772136954,1.7406658795749703,2016,12,232,49334,-28159,1480550400000
2020,6,57,34,1403.53,1211.95,16.5,35.64558823529412,0.4852941176470588,2020,6,57,34,0,1590969600000
2018,10,62,750,18783.94,16835.38,700.97,22.447173333333335,0.9346266666666667,2018,10,62,3781,-3031,1538352000000
2023,3,47,120,3515.0,3169.07,18.880000000000003,26.408916666666666,0.15733333333333335,2023,3,47,345,-225,1677628800000
2016,2,39,221,6302.13,5512.37,535.16,24.94285067873303,2.421538461538461,2016,2,39,1887,-1666,1454284800000
2018,1,223,4486,95517.83,75368.16,9301.89,16.80074899687918,2.073537672759697,2018,1,223,16622,-12136,1514764800000
2025,6,106,1722,47192.21,38878.66,695.57,22.57761904761905,0.40393147502903604,2025,6,106,2448,-726,1748736000000
2022,11,167,122,3198.8199999999997,2847.63,82.34,23.341229508196722,0.6749180327868852,2022,11,167,446,-324,1667260800000
2020,2,153,86,1729.33,1530.15,22.54,17.792441860465118,0.26209302325581396,2020,2,153,324,-238,1580515200000
2025,11,33,5276,115470.63,86975.75,5996.22,16.485168688400304,1.1365087187263079,2025,11,33,10922,-5646,1761955200000
2016,12,101,32,1042.4,866.8299999999999,142.43,27.088437499999998,4.4509375,2016,12,101,479,-447,1480550400000
2020,2,2,8,365.34000000000003,287.5,41.58,35.9375,5.1975,2020,2,2,8,0,1580515200000
2017,6,13,96993,1961515.09,1581336.14,243365.21,16.30361098223583,2.509100759848649,2017,6,13,100389,-3396,1496275200000
2020,7,35,996,42085.77,38572.07,1247.11,38.726977911646586,1.2521184738955822,2020,7,35,1102,-106,1593561600000
2020,12,97,1403,31758.52,26734.39,2772.36,19.055160370634354,1.9760228082679971,2020,12,97,2176,-773,1606780800000
2016,2,18,156,2438.87,2067.81,157.74,13.255192307692308,1.0111538461538463,2016,2,18,1740,-1584,1454284800000
2024,12,244,2708,76510.96,64463.75,4003.84,23.804929837518465,1.478522895125554,2024,12,244,9897,-7189,1733011200000
2021,10,61,900,30549.62,26095.6,1834.99,28.99511111111111,2.0388777777777776,2021,10,61,5338,-4438,1633046400000
2021,7,40,579,14387.37,10627.23,1891.93,18.354455958549224,3.267582037996546,2021,7,40,2363,-1784,1625097600000
2021,12,218,194,8561.71,7674.76,51.75,39.56061855670103,0.2667525773195876,2021,12,218,801,-607,1638316800000
2016,11,22,124,4321.79,2959.8,1190.88,23.86935483870968,9.603870967741937,2016,11,22,1704,-1580,1477958400000
2020,1,7,8527,125131.59,101348.08,8393.42,11.885549431218482,0.984334466987217,2020,1,7,22981,-14454,1577836800000
2018,1,239,228277,2804035.67,2201686.35,333142.76,9.644801491170815,1.4593794381387526,2018,1,239,222966,5311,1514764800000
2020,11,70,2810,109328.94,88202.89,8549.62,31.388928825622777,3.042569395017794,2020,11,70,1654,1156,1604188800000
2017,9,45,22030,374855.81,311839.3,35823.98,14.155211075805719,1.6261452564684522,2017,9,45,27662,-5632,1504224000000
2024,5,72,1022,30119.95,28372.46,91.78,27.76170254403131,0.08980430528375734,2024,5,72,1277,-255,1714521600000
2023,9,196,192,8798.48,7368.19,703.07,38.37598958333333,3.661822916666667,2023,9,196,1070,-878,1693526400000
2024,9,7,2938,77983.8,66332.26,2964.6,22.5773519400953,1.0090537780803268,2024,9,7,8564,-5626,1725148800000
2016,5,42,18630,250534.83000000002,207379.46,19478.98,11.13147933440687,1.0455705850778314,2016,5,42,51728,-33098,1462060800000
2021,4,191,316,13982.56,12371.01,113.58,39.14876582278481,0.35943037974683545,2021,4,191,693,-377,1617235200000
2018,12,203,357,16603.92,15247.46,117.93,42.709971988795516,0.3303361344537815,2018,12,203,978,-621,1543622400000
2017,11,142,289032,3953959.2,3149216.14,453698.93,10.895735212710012,1.5697186816684658,2017,11,142,255920,33112,1509494400000
2017,2,261,48563,937292.53,767017.03,103848.04,15.79426785824599,2.138418960937339,2017,2,261,41565,6998,1485907200000
2018,4,167,280,5420.96,4790.54,172.49,17.10907142857143,0.6160357142857144,2018,4,167,1472,-1192,1522540800000
2024,5,256,2056,63316.05,53675.3,3193.05,26.106663424124516,1.5530398832684826,2024,5,256,7304,-5248,1714521600000
2025,5,70,13205,816603.38,535260.61,108399.71,40.53469216205983,8.208989776599774,2025,5,70,2854,10351,1746057600000
2017,5,14,716,14849.69,12112.7,1435.42,16.91717877094972,2.0047765363128494,2017,5,14,8269,-7553,1493596800000
2024,12,139,172,7619.22,7023.93,40.98,40.836802325581395,0.23825581395348835,2024,12,139,671,-499,1733011200000
2016,1,127,1114,21239.11,17650.1,1891.49,15.843895870736086,1.6979263913824059,2016,1,127,8712,-7598,1451606400000
2016,7,73,38,639.73,522.32,55.4,13.745263157894739,1.4578947368421051,2016,7,73,734,-696,1467331200000
2016,11,220,226,4544.38,3848.91,328.5,17.030575221238937,1.4535398230088497,2016,11,220,3846,-3620,1477958400000
2017,1,170,306274,4182349.08,3284669.11,490655.08,10.72460969589322,1.6020134911876294,2017,1,170,309054,-2780,1483228800000
2022,12,178,32,898.15,786.36,22.540000000000003,24.57375,0.7043750000000001,2022,12,178,275,-243,1669852800000
2022,8,233,43111,790598.8600000001,516542.43,99905.16,11.98168518475563,2.3173937046229502,2022,8,233,51263,-8152,1659312000000
2019,3,98,209,7708.8,7003.33,137.95,33.508755980861245,0.6600478468899521,2019,3,98,992,-783,1551398400000
2024,4,12,1384,44999.78,33683.75,5177.53,24.33796965317919,3.7409898843930636,2024,4,12,1967,-583,1711929600000
2020,9,152,2097,34176.16,27871.99,2522.23,13.29136385312351,1.2027801621363854,2020,9,152,3801,-1704,1598918400000
2019,11,69,572,15076.960000000001,13115.73,136.39,22.9295979020979,0.23844405594405593,2019,11,69,2924,-2352,1572566400000
2017,11,229,173558,2319790.9499999997,1848916.18,263926.71,10.653016167505964,1.5206830569607857,2017,11,229,165351,8207,1509494400000
2021,8,78,264,10044.57,8521.3,120.38,32.27765151515151,0.4559848484848485,2021,8,78,623,-359,1627776000000
2025,8,54,418,9770.74,7073.98,244.97,16.9233971291866,0.5860526315789474,2025,8,54,947,-529,1754006400000
2020,8,225,900,30519.52,27102.9,1658.78,30.114333333333335,1.8430888888888888,2020,8,225,1729,-829,1596240000000
2023,3,161,160945,3926519.2,2556581.28,518080.91,15.884813321320946,3.2189935070986984,2023,3,161,131904,29041,1677628800000
2024,4,86,317,16687.82,15657.54,0.0,49.392870662460574,0.0,2024,4,86,670,-353,1711929600000
2020,5,13,807,18322.78,13135.15,2089.79,16.276517967781906,2.5895786864931845,2020,5,13,1051,-244,1588291200000
2017,1,73,35,551.04,478.59,38.95,13.674,1.112857142857143,2017,1,73,600,-565,1483228800000
2017,11,220,185,3643.76,3058.82,317.1,16.53416216216216,1.714054054054054,2017,11,220,3196,-3011,1509494400000
2017,8,219,600,36662.29,30234.84,3260.27,50.3914,5.433783333333333,2017,8,219,2212,-1612,1501545600000
2016,10,262,136278,1931229.54,1551407.6,214733.03,11.384138305522535,1.575698425277741,2016,10,262,137779,-1501,1475280000000
2018,8,216,1087,57522.64,48918.76,4046.9,45.003459061637535,3.7229990800367987,2018,8,216,3748,-2661,1533081600000
2021,2,154,11,592.87,512.11,20.21,46.555454545454545,1.8372727272727274,2021,2,154,33,-22,1612137600000
2020,10,95,658,18088.01,15221.69,1407.77,23.13326747720365,2.1394680851063828,2020,10,95,2218,-1560,1601510400000
2017,4,261,60984,1222956.48,1011727.97,127392.48,16.590055916305914,2.088949232585596,2017,4,261,52160,8824,1491004800000
2023,4,154,27,820.5699999999999,638.8,122.22,23.659259259259258,4.526666666666666,2023,4,154,152,-125,1680307200000
2024,9,94,115,4271.05,3958.89,0.0,34.42513043478261,0.0,2024,9,94,250,-135,1725148800000
2017,7,8,130,3887.9300000000003,3120.0,375.48,24.0,2.8883076923076922,2017,7,8,211,-81,1498867200000
2025,7,244,9360,252959.33,208536.51,5376.02,22.279541666666667,0.5743611111111112,2025,7,244,19498,-10138,1751328000000
2016,6,140,187778,2738200.91,2214431.73,297551.79,11.792817742227523,1.5845934561024186,2016,6,140,194349,-6571,1464739200000
2019,6,174,317,10577.7,9380.33,134.01,29.59094637223975,0.4227444794952681,2019,6,174,1047,-730,1559347200000
2022,1,73,20,514.4399999999999,478.27,9.120000000000001,23.9135,0.45600000000000007,2022,1,73,198,-178,1640995200000
2023,5,47,140,4155.14,3715.87,105.47,26.54192857142857,0.7533571428571428,2023,5,47,304,-164,1682899200000
2019,9,233,82374,1571827.9,1054510.98,184083.07,12.801502658605871,2.2347229708403136,2019,9,233,93489,-11115,1567296000000
2024,12,42,4660,114169.22,98507.53,4076.56,21.138954935622316,0.8747982832618025,2024,12,42,13214,-8554,1733011200000
2025,10,118,26,756.59,509.28999999999996,21.61,19.588076923076922,0.8311538461538461,2025,10,118,89,-63,1759276800000
2019,8,140,104557,1778906.71,1194369.94,196442.24,11.423146609026654,1.8788052449859884,2019,8,140,106411,-1854,1564617600000
2021,4,137,38332,662098.29,444108.35,70964.98,11.585838203067933,1.851324741730147,2021,4,137,35575,2757,1617235200000
2022,12,11,58,2446.32,2175.53,107.24,37.50913793103449,1.8489655172413793,2022,12,11,213,-155,1669852800000
2016,3,207,416,3729.52,2985.52,216.88,7.176730769230769,0.5213461538461538,2016,3,207,500,-84,1456790400000
2024,3,251,4,149.5,130.12,0.0,32.53,0.0,2024,3,251,38,-34,1709251200000
2018,6,44,1,152.8,101.0,25.0,101.0,25.0,2018,6,44,54,-53,1527811200000
2020,2,207,288,3584.36,2729.0,368.55,9.475694444444445,1.2796875,2020,2,207,413,-125,1580515200000
2017,12,25,9775,157301.53999999998,127913.72,17546.27,13.085802557544756,1.7950148337595908,2017,12,25,17354,-7579,1512086400000
2022,12,162,114018,2390509.53,-131804063.97000001,133701481.80000001,-1155.9934744514026,1172.6348629163817,2022,12,162,96675,17343,1669852800000
2025,9,38,414,17973.22,16605.66,107.32,40.110289855072466,0.2592270531400966,2025,9,38,1321,-907,1756684800000
2022,4,23,118,7348.349999999999,6222.8,39.199999999999996,52.735593220338984,0.33220338983050846,2022,4,23,180,-62,1648771200000
2021,2,76,1376,46707.37,40054.05,296.48,29.109047965116282,0.21546511627906978,2021,2,76,2085,-709,1612137600000
2023,11,153,34,1013.11,926.25,5.4399999999999995,27.24264705882353,0.15999999999999998,2023,11,153,134,-100,1698796800000
2023,12,240,17,645.06,584.27,2.0300000000000002,34.36882352941176,0.11941176470588237,2023,12,240,73,-56,1701388800000
2018,2,213,116,2407.56,2061.0,124.89999999999999,17.767241379310345,1.0767241379310344,2018,2,213,1137,-1021,1517443200000
2025,8,234,90092,1908967.29,1188477.78,215243.19,13.191823691337744,2.389148759046308,2025,8,234,82234,7858,1754006400000
2021,5,152,2977,51478.58,40924.79,4307.27,13.746990258649648,1.4468491770238496,2021,5,152,5062,-2085,1619827200000
2025,3,246,74821,1748102.72,1131750.28,192638.1,15.12610470322503,2.5746528381069487,2025,3,246,81507,-6686,1740787200000
2024,5,233,43994,1139975.96,773424.43,135275.04,17.580225257989728,3.0748520252761744,2024,5,233,55622,-11628,1714521600000
2019,3,261,43219,1009610.96,725331.95,113796.84,16.782710150628194,2.633028066359703,2019,3,261,35229,7990,1551398400000
2017,6,57,39,916.75,760.75,96.83,19.506410256410255,2.482820512820513,2017,6,57,580,-541,1496275200000
2021,9,53,77,3543.43,3070.79,57.39,39.88038961038961,0.7453246753246753,2021,9,53,367,-290,1630454400000
2018,3,122,51,1221.15,1060.5,67.71000000000001,20.794117647058822,1.3276470588235296,2018,3,122,409,-358,1519862400000
2016,3,56,414,13428.64,11004.8,1164.74,26.58164251207729,2.8133816425120775,2016,3,56,3276,-2862,1456790400000
2017,5,219,522,33437.12,27321.6,3509.65,52.34022988505747,6.723467432950192,2017,5,219,2082,-1560,1493596800000
2020,12,61,1408,42464.55,36514.2,3402.86,25.93338068181818,2.4168039772727274,2020,12,61,3058,-1650,1606780800000
2021,6,180,71,2812.66,2303.36,150.57999999999998,32.441690140845076,2.120845070422535,2021,6,180,386,-315,1622505600000
2022,6,159,232,5373.51,4676.84,188.66,20.158793103448275,0.8131896551724138,2022,6,159,913,-681,1654041600000
2017,1,59,3,49.35,41.5,2.0,13.833333333333334,0.6666666666666666,2017,1,59,54,-51,1483228800000
2019,10,39,843,29289.83,26003.69,384.78,30.846607354685645,0.45644128113879,2019,10,39,2309,-1466,1569888000000
2022,10,157,344,16831.57,12735.25,2240.96,37.02107558139535,6.514418604651163,2022,10,157,1311,-967,1664582400000
2016,1,78,149,2702.0,2321.31,171.89,15.579261744966443,1.1536241610738254,2016,1,78,1081,-932,1451606400000
2024,12,55,545,22546.03,21241.04,133.37,38.97438532110092,0.24471559633027523,2024,12,55,842,-297,1733011200000
2019,1,192,149,4121.09,3726.58,89.85,25.010604026845638,0.6030201342281879,2019,1,192,616,-467,1546300800000
2022,1,34,28,684.4300000000001,539.94,77.04,19.28357142857143,2.751428571428572,2022,1,34,257,-229,1640995200000
2020,7,31,48,1997.19,1779.42,58.31,37.07125,1.2147916666666667,2020,7,31,116,-68,1593561600000
2022,3,124,34,1675.02,1428.42,110.25,42.012352941176474,3.2426470588235294,2022,3,124,548,-514,1646092800000
2021,10,40,616,15471.85,11439.41,1930.39,18.57047077922078,3.13375,2021,10,40,3025,-2409,1633046400000
2023,3,169,154,4769.24,4249.77,75.22,27.595909090909092,0.48844155844155845,2023,3,169,559,-405,1677628800000
2018,8,90,148810,2380254.77,1958777.47,230606.53000000003,13.162942476984073,1.5496709226530476,2018,8,90,116282,32528,1533081600000
2022,8,81,72,3343.02,2994.7000000000003,49.37,41.59305555555556,0.6856944444444444,2022,8,81,236,-164,1659312000000
2022,1,136,134,5130.24,4595.62,121.32000000000001,34.295671641791046,0.9053731343283583,2022,1,136,410,-276,1640995200000
2023,9,179,521,13526.45,11012.6,989.45,21.13742802303263,1.8991362763915547,2023,9,179,2711,-2190,1693526400000
2018,12,210,532,21868.54,19961.11,308.14,37.520883458646615,0.5792105263157894,2018,12,210,1565,-1033,1543622400000
2019,10,38,192,7970.26,7056.35,181.64000000000001,36.75182291666667,0.9460416666666668,2019,10,38,859,-667,1569888000000
2025,7,89,4556,126293.01,111732.98,664.42,24.52435908691835,0.1458340649692713,2025,7,89,6572,-2016,1751328000000
2017,3,210,56,1177.56,1001.5,102.39,17.883928571428573,1.8283928571428572,2017,3,210,1132,-1076,1488326400000
2018,6,36,1080,20517.13,16958.94,1987.64,15.70272222222222,1.8404074074074075,2018,6,36,7350,-6270,1527811200000
2018,2,214,9,261.09999999999997,229.07999999999998,9.82,25.453333333333333,1.0911111111111111,2018,2,214,120,-111,1517443200000
2019,4,139,363,16916.18,15767.98,50.55,43.43796143250689,0.13925619834710742,2019,4,139,936,-573,1554076800000
2022,4,92,145,5996.0199999999995,5174.66,349.8,35.68731034482759,2.412413793103448,2022,4,92,1860,-1715,1648771200000
2022,4,180,37,1808.1,1504.67,160.57999999999998,40.66675675675676,4.34,2022,4,180,392,-355,1648771200000
2021,12,165,149,5507.32,4949.09,83.58,33.21536912751678,0.5609395973154362,2021,12,165,903,-754,1638316800000
2025,11,157,1803,50319.45,39811.34,3123.85,22.080610094287298,1.7325845812534664,2025,11,157,2827,-1024,1761955200000
2019,9,247,943,19632.9,16855.28,720.13,17.87410392364793,0.7636585365853659,2019,9,247,3077,-2134,1567296000000
2020,11,21,183,6604.94,5749.48,444.49,31.417923497267758,2.4289071038251366,2020,11,21,324,-141,1604188800000
2018,11,263,157936,2028774.09,1597963.44,238228.31999999998,10.117791003950968,1.5083851686759193,2018,11,263,160922,-2986,1541030400000
2022,5,66,1460,39294.55,30462.03,4958.62,20.86440410958904,3.3963150684931507,2022,5,66,4876,-3416,1651363200000
2018,6,15,100,4309.53,3937.0,112.59,39.37,1.1259000000000001,2018,6,15,787,-687,1527811200000
2025,6,167,1101,30657.03,27391.66,44.120000000000005,24.8788919164396,0.04007266121707539,2025,6,167,1405,-304,1748736000000
2021,2,3,201,6654.5,5548.71,85.14,27.6055223880597,0.4235820895522388,2021,2,3,325,-124,1612137600000
2019,7,91,682,20450.21,18412.53,61.7,26.997844574780057,0.0904692082111437,2019,7,91,1982,-1300,1561939200000
2021,11,19,72,2958.91,2630.62,24.49,36.53638888888889,0.3401388888888889,2021,11,19,285,-213,1635724800000
2024,10,222,531,19032.8,18030.32,60.0,33.95540489642185,0.11299435028248588,2024,10,222,601,-70,1727740800000
2018,9,1,669,60707.6,50730.84,6889.09,75.83085201793722,10.297593423019432,2018,9,1,15290,-14621,1535760000000
2019,3,188,1684,42587.99,38519.63,693.79,22.873889548693587,0.4119893111638955,2019,3,188,6146,-4462,1551398400000
2022,10,70,12832,582454.27,409802.72,77708.44,31.93599750623441,6.05583229426434,2022,10,70,1726,11106,1664582400000
2024,4,175,80,3071.34,2795.65,61.47,34.945625,0.768375,2024,4,175,400,-320,1711929600000
2017,12,168,2017,26571.03,22563.3,1303.18,11.186564204263759,0.6460981655924641,2017,12,168,7509,-5492,1512086400000
2019,3,23,53,3380.0299999999997,3173.95,92.36,59.88584905660377,1.7426415094339622,2019,3,23,195,-142,1551398400000
2022,6,236,148748,2512079.4,1629910.35,332996.56,10.95752783230699,2.238662435797456,2022,6,236,150203,-1455,1654041600000
2023,5,178,26,1108.62,1005.2,5.02,38.66153846153846,0.19307692307692306,2023,5,178,288,-262,1682899200000
2023,10,122,92,3322.2,3049.72,5.0,33.149130434782606,0.05434782608695652,2023,10,122,280,-188,1696118400000
2018,6,55,227,8922.0,8122.81,303.53000000000003,35.783303964757714,1.3371365638766521,2018,6,55,1198,-971,1527811200000
2021,12,30,1,53.36,49.81,0.0,49.81,0.0,2021,12,30,17,-16,1638316800000
2023,11,185,109,3916.89,3547.6,37.61,32.54678899082569,0.345045871559633,2023,11,185,365,-256,1698796800000
2016,6,70,1895,60850.97,49581.29,6425.44,26.1642691292876,3.390733509234828,2016,6,70,4699,-2804,1464739200000
2017,5,44,4,97.08,83.5,7.38,20.875,1.845,2017,5,44,47,-43,1493596800000
2017,12,204,3,292.66999999999996,271.11,20.16,90.37,6.72,2017,12,204,60,-57,1512086400000
2020,5,115,31,1696.7,1306.25,46.75,42.13709677419355,1.5080645161290323,2020,5,115,85,-54,1588291200000
2023,5,202,161,5602.38,4539.64,583.54,28.196521739130436,3.624472049689441,2023,5,202,2151,-1990,1682899200000
2020,2,61,1657,44019.13,38156.2,1193.91,23.027278213639104,0.7205250452625227,2020,2,61,8848,-7191,1580515200000
2016,12,26,290,5534.61,4646.61,445.53,16.022793103448276,1.536310344827586,2016,12,26,2151,-1861,1480550400000
2016,2,113,203795,2696694.32,2129992.69,318766.18,10.451643514315856,1.5641511322652666,2016,2,113,172043,31752,1454284800000
2019,6,82,2308,57742.58000000001,47058.58,3865.2599999999998,20.389332755632584,1.6747227036395147,2019,6,82,5869,-3561,1559347200000
2025,2,106,773,19044.6,15680.21,292.01,20.28487710219922,0.3777619663648124,2025,2,106,1255,-482,1738368000000
2024,4,3,157,5754.5199999999995,5241.5,31.700000000000003,33.38535031847134,0.20191082802547772,2024,4,3,307,-150,1711929600000
2021,3,246,32080,559324.47,368316.61,74235.65,11.48119108478803,2.314078865336658,2021,3,246,34280,-2200,1614556800000
2024,12,52,863,25345.95,20575.17,2155.5,23.841448435689454,2.4976825028968714,2024,12,52,2478,-1615,1733011200000
2024,12,24,9255,205449.3,147331.41,24302.89,15.91911507293355,2.6259200432198813,2024,12,24,11606,-2351,1733011200000
2018,12,132,190146,10759094.299999999,8816674.84,1129839.74,46.367921702270884,5.941959020962839,2018,12,132,69016,121130,1543622400000
2023,6,262,43239,993333.0,656806.49,128178.69,15.190140613797729,2.9644230902657323,2023,6,262,48951,-5712,1685577600000
2019,1,116,8558,135265.81,113248.63,10602.83,13.233071979434447,1.2389378359429772,2019,1,116,19776,-11218,1546300800000
2022,7,60,66,1626.6599999999999,1455.31,48.05,22.050151515151516,0.728030303030303,2022,7,60,252,-186,1656633600000
2020,2,194,298,17530.04,13018.01,2135.31,43.68459731543624,7.165469798657718,2020,2,194,481,-183,1580515200000
2022,4,75,24047,406614.33,290982.42,45589.78,12.100570549340873,1.8958614380172163,2022,4,75,44629,-20582,1648771200000
2024,12,200,140,5866.04,5181.38,170.02,37.00985714285714,1.2144285714285714,2024,12,200,1116,-976,1733011200000
2021,2,111,1,10.3,8.5,0.0,8.5,0.0,2021,2,111,17,-16,1612137600000
2021,10,171,114,4256.3099999999995,3650.5,41.410000000000004,32.021929824561404,0.36324561403508776,2021,10,171,529,-415,1633046400000
2017,10,115,7,598.77,485.02,76.87,69.28857142857143,10.981428571428571,2017,10,115,130,-123,1506816000000
2023,7,21,59,2305.17,2092.71,24.009999999999998,35.46966101694915,0.40694915254237285,2023,7,21,361,-302,1688169600000
2017,9,111,15,171.55,147.5,10.65,9.833333333333334,0.7100000000000001,2017,9,111,119,-104,1504224000000
2016,3,248,91,1557.21,1367.3,57.370000000000005,15.025274725274725,0.6304395604395605,2016,3,248,1391,-1300,1456790400000
2020,12,60,169,4950.73,4172.11,361.74,24.68704142011834,2.140473372781065,2020,12,60,417,-248,1606780800000
2025,1,96,29,630.95,513.65,31.22,17.71206896551724,1.076551724137931,2025,1,96,122,-93,1735689600000
2020,4,163,2487,37527.090000000004,24081.96,4575.24,9.68313630880579,1.8396622436670687,2020,4,163,2535,-48,1585699200000
2023,7,237,119946,2384508.55,1513197.7799999998,305290.77,12.615658546345854,2.5452351057976093,2023,7,237,105551,14395,1688169600000
2016,12,81,23,570.25,486.3,35.45,21.143478260869564,1.541304347826087,2016,12,81,424,-401,1480550400000
2022,11,33,1859,50651.8,38917.82,6863.89,20.93481441635288,3.6922485207100593,2022,11,33,7990,-6131,1667260800000
2024,10,63,408,13294.38,12234.66,131.83,29.986911764705884,0.3231127450980392,2024,10,63,906,-498,1727740800000
2021,12,29,84,4223.98,3740.34,55.14,44.527857142857144,0.6564285714285715,2021,12,29,421,-337,1638316800000
2019,8,132,240804,12976801.389999999,10519195.76,1278144.9,43.68364213219049,5.307822544476005,2019,8,132,62076,178728,1564617600000
2023,3,43,51006,1151717.93,762706.6900000001,149239.93999999997,14.953273928557426,2.925929106379641,2023,3,43,38236,12770,1677628800000
2025,4,114,57898,1287908.51,826941.9,142551.83,14.28273688210301,2.4621201077757435,2025,4,114,41514,16384,1743465600000
2022,10,88,9939,264031.83,191518.26,32617.02,19.26936915182614,3.28172049501962,2022,10,88,13139,-3200,1664582400000
2025,7,242,761,21905.48,19260.59,227.67000000000002,25.30957950065703,0.29917214191852826,2025,7,242,1607,-846,1751328000000
2021,1,237,73028,1010332.0700000001,624386.14,127443.45,8.549955359588104,1.7451313194938927,2021,1,237,62567,10461,1609459200000
2016,1,165,253,6089.400000000001,5369.8,392.27,21.224505928853755,1.5504743083003951,2016,1,165,2430,-2177,1451606400000
2017,9,210,40,1043.37,854.5,63.9,21.3625,1.5975,2017,9,210,1027,-987,1504224000000
2019,3,146,7193,117097.74,92516.44,9316.33,12.862010287779786,1.2951939385513693,2019,3,146,9771,-2578,1551398400000
2018,3,253,26,1346.79,1112.5,153.41,42.78846153846154,5.900384615384615,2018,3,253,65,-39,1519862400000
2023,11,73,19,879.38,762.09,48.09,40.11,2.5310526315789477,2023,11,73,208,-189,1698796800000
2023,6,264,32231,936221.29,666352.29,116801.63,20.6742666997611,3.6238909745276287,2023,6,264,37555,-5324,1685577600000
2019,5,256,4596,88837.07,68946.74,9194.62,15.001466492602264,2.0005700609225414,2019,5,256,17187,-12591,1556668800000
2017,9,29,58,2711.78,2512.57,79.17,43.32017241379311,1.365,2017,9,29,881,-823,1504224000000
2016,8,170,342365,4879547.95,3850705.75,551791.39,11.247369766185212,1.6117050224175953,2016,8,170,338603,3762,1470009600000
2016,11,264,149411,2623126.2800000003,2127897.48,292085.35,14.241906419206082,1.9549119542737816,2016,11,264,135819,13592,1477958400000
2020,5,156,32,2114.16,1613.18,11.0,50.411875,0.34375,2020,5,156,62,-30,1588291200000
2020,8,45,1097,26892.06,21636.19,1882.36,19.723053783044666,1.7159161349134,2020,8,45,2228,-1131,1596240000000
2018,3,176,3,149.89,121.0,26.490000000000002,40.333333333333336,8.83,2018,3,176,76,-73,1519862400000
2016,4,44,4,896.98,748.0,109.2,187.0,27.3,2016,4,44,44,-40,1459468800000
2021,1,76,1652,52556.25,45118.61,2568.4,27.31150726392252,1.5547215496368039,2021,1,76,2446,-794,1609459200000
2023,7,242,225,6869.5599999999995,6196.9,71.61,27.541777777777778,0.31826666666666664,2023,7,242,556,-331,1688169600000
2016,1,169,252,4093.2400000000002,3520.1,261.54,13.968650793650793,1.037857142857143,2016,1,169,2086,-1834,1451606400000
2019,4,241,282,9959.47,8802.13,125.75,31.213226950354606,0.44592198581560283,2019,4,241,1250,-968,1554076800000
2016,11,55,71,1345.44,1047.81,158.5,14.757887323943661,2.232394366197183,2016,11,55,807,-736,1477958400000
2018,9,28,794,35450.21,29403.83,2615.45,37.0325314861461,3.2940176322418133,2018,9,28,2112,-1318,1535760000000
2018,6,48,280676,4103451.7399999998,3282128.87,444075.01000000007,11.693656992404053,1.5821623865239638,2018,6,48,237878,42798,1527811200000
2020,12,10,543,23128.98,19724.55,1866.95,36.32513812154696,3.4382136279926336,2020,12,10,1157,-614,1606780800000
2017,7,209,18828,348961.25,286514.26,38371.4,15.21745591671978,2.0379966008073085,2017,7,209,23928,-5100,1498867200000
2019,4,240,75,2847.3,2513.35,79.45,33.51133333333333,1.0593333333333335,2019,4,240,334,-259,1554076800000
2024,11,96,32,1144.67,1014.98,50.43,31.718125,1.5759375,2024,11,96,132,-100,1730419200000
2023,1,63,175,5471.18,4523.67,536.15,25.849542857142858,3.0637142857142856,2023,1,63,841,-666,1672531200000
2017,6,196,790,19415.5,15904.03,1649.78,20.131683544303797,2.0883291139240505,2017,6,196,3595,-2805,1496275200000
2017,1,160,164,3979.58,3301.53,307.63,20.13128048780488,1.8757926829268292,2017,1,160,2903,-2739,1483228800000
2017,11,7,14722,195615.5,163266.62,14446.64,11.089975546800707,0.9812960195625594,2017,11,7,41872,-27150,1509494400000
2021,7,204,3,284.35,249.60000000000002,0.0,83.2,0.0,2021,7,204,14,-11,1625097600000
2025,5,82,3995,92072.87,78037.47,1758.42,19.53378473091364,0.44015519399249065,2025,5,82,5527,-1532,1746057600000
2021,9,186,96520,1735365.09,1158817.48,213855.29,12.00598300870286,2.2156577911313717,2021,9,186,65728,30792,1630454400000
2024,2,49,667,21365.95,18683.8,968.85,28.011694152923535,1.4525487256371814,2024,2,49,3770,-3103,1706745600000
2021,1,36,310,9922.01,8262.01,691.0,26.651645161290322,2.229032258064516,2021,1,36,946,-636,1609459200000
2025,8,100,52336,1197533.58,778467.75,127992.99,14.87442200397432,2.445601306939774,2025,8,100,47828,4508,1754006400000
2017,8,84,3,3.3,2.5,0.0,0.8333333333333334,0.0,2017,8,84,66,-63,1501545600000
2020,1,240,35,1226.09,1054.68,13.370000000000001,30.133714285714287,0.382,2020,1,240,241,-206,1577836800000
2024,12,160,232,8589.01,7522.07,452.62,32.42271551724138,1.950948275862069,2024,12,160,1155,-923,1733011200000
2019,12,53,189,7570.28,6829.4800000000005,65.88,36.13481481481482,0.34857142857142853,2019,12,53,681,-492,1575158400000
2016,6,120,106,2826.7,2350.51,252.83,22.174622641509437,2.385188679245283,2016,6,120,632,-526,1464739200000
2021,5,39,886,32901.16,28657.86,177.48,32.345214446952596,0.2003160270880361,2021,5,39,1783,-897,1619827200000
2023,2,143,32172,681137.53,444087.72,86474.35,13.803547183886609,2.6878761034439886,2023,2,143,44878,-12706,1675209600000
2019,9,108,147,4780.4400000000005,4178.49,162.78,28.425102040816324,1.1073469387755102,2019,9,108,539,-392,1567296000000
2016,5,89,2091,37365.08,30874.34,3743.87,14.765346724055476,1.790468675274988,2016,5,89,12772,-10681,1462060800000
2017,10,9,24,494.92,447.5,17.06,18.645833333333332,0.7108333333333333,2017,10,9,501,-477,1506816000000
2017,11,192,71,1286.58,1085.3,105.75,15.285915492957745,1.4894366197183098,2017,11,192,650,-579,1509494400000
2018,10,129,4260,73866.27,63471.19,3697.62,14.899340375586855,0.8679859154929577,2018,10,129,13870,-9610,1538352000000
2016,7,167,244,4801.67,4049.82,464.35,16.597622950819673,1.9030737704918033,2016,7,167,1774,-1530,1467331200000
2018,5,94,71,1447.83,1287.5,51.230000000000004,18.133802816901408,0.721549295774648,2018,5,94,744,-673,1525132800000
2018,12,137,101255,1412889.6400000001,1125384.05,154757.95,11.114355340477013,1.5283981037973435,2018,12,137,112894,-11639,1543622400000
2019,2,86,181,11073.97,10308.05,18.68,56.95055248618784,0.10320441988950275,2019,2,86,756,-575,1548979200000
2021,6,165,260,8838.32,7594.52,83.61,29.209692307692308,0.3215769230769231,2021,6,165,939,-679,1622505600000
2023,3,141,82903,1699238.47,1087582.8599999999,217807.24,13.118739490730128,2.6272540197580305,2023,3,141,91159,-8256,1677628800000
2017,12,133,510,9344.05,7772.3,825.28,15.239803921568628,1.6181960784313725,2017,12,133,2937,-2427,1512086400000
2021,3,218,514,21267.84,18504.7,323.56,36.00136186770428,0.6294941634241246,2021,3,218,783,-269,1614556800000
2016,1,66,3988,70463.01,58002.9,8084.01,14.544358074222668,2.027083751253761,2016,1,66,15635,-11647,1451606400000
2016,6,141,255812,3342593.5,2673121.09,363824.2,10.44955314840586,1.4222327334136007,2016,6,141,251041,4771,1464739200000
2019,8,66,3260,70695.15,54869.27,7590.39,16.831064417177913,2.328340490797546,2019,8,66,9416,-6156,1564617600000
2021,5,228,604,23122.04,19489.63,1394.15,32.267599337748344,2.3081953642384105,2021,5,228,1619,-1015,1619827200000
2022,8,6,3,122.75999999999999,71.0,19.01,23.666666666666668,6.336666666666667,2022,8,6,56,-53,1659312000000
2016,9,12,4478,93306.38,79825.8,7959.45,17.826217061188032,1.7774564537740063,2016,9,12,7649,-3171,1472688000000
2023,3,41,8363,176332.35,131708.11,17343.89,15.748907090756903,2.0738837737653952,2023,3,41,20832,-12469,1677628800000
2023,11,191,304,11143.67,10138.61,99.58,33.35069078947369,0.3275657894736842,2023,11,191,835,-531,1698796800000
2024,2,10,987,67764.2,54869.82,6569.6,55.59252279635258,6.656129685916921,2024,2,10,2347,-1360,1706745600000
2020,1,108,131,4473.17,4029.72,25.5,30.7612213740458,0.1946564885496183,2020,1,108,510,-379,1577836800000
2018,9,42,13735,194462.78,164660.63,11606.94,11.98839679650528,0.8450629777939571,2018,9,42,35557,-21822,1535760000000
2020,6,155,177,6586.75,5972.63,307.37,33.743672316384185,1.7365536723163841,2020,6,155,227,-50,1590969600000
2020,7,48,25807,412292.81,278004.46,40777.16,10.772443910566901,1.580081373270818,2020,7,48,21668,4139,1593561600000
2020,11,175,59,2140.91,1887.47,133.6,31.99101694915254,2.2644067796610168,2020,11,175,122,-63,1604188800000
2021,4,114,20234,338925.59,219735.15,44408.9,10.859699021449046,2.194766235049916,2021,4,114,18603,1631,1617235200000
2024,5,79,81617,1868277.48,1271680.47,211160.17,15.581073428329882,2.5872081796684516,2024,5,79,73707,7910,1714521600000
2022,5,132,175943,10709477.589999998,8200847.49,1268301.16,46.61081992463468,7.208591191465417,2022,5,132,57279,118664,1651363200000
2024,5,219,562,35354.09,29867.59,3000.77,53.14517793594306,5.339448398576512,2024,5,219,1545,-983,1714521600000
2017,2,11,51,1724.14,1538.8,82.85,30.172549019607843,1.6245098039215684,2017,2,11,662,-611,1485907200000
2017,9,132,232286,12987448.8,10727866.38,1305665.56,46.18386979843814,5.620939531439691,2017,9,132,85035,147251,1504224000000
2017,12,76,307,7944.22,6889.32,550.72,22.440781758957655,1.7938762214983714,2017,12,76,1906,-1599,1512086400000
2024,7,196,358,12675.6,10985.03,600.98,30.684441340782126,1.6787150837988827,2024,7,196,1216,-858,1719792000000
2024,12,140,69966,1604859.3,1075641.36,198635.54,15.373772403738961,2.839029528628191,2024,12,140,72170,-2204,1733011200000
2024,12,245,2,93.04,27.57,0.0,13.785,0.0,2024,12,245,36,-34,1733011200000
2025,11,15,162,5179.05,4302.39,47.05,26.557962962962964,0.2904320987654321,2025,11,15,536,-374,1761955200000
2019,10,263,130334,2038531.01,1317416.52,239716.93,10.108003437322571,1.8392509245477004,2019,10,263,133421,-3087,1569888000000
2025,2,255,4681,118836.45,96501.34,3695.41,20.615539414654986,0.7894488357188635,2025,2,255,8291,-3610,1738368000000
2021,8,186,101774,1764772.61,1168821.35,215554.95,11.48447884528465,2.117976595201132,2021,8,186,67838,33936,1627776000000
2022,11,56,241,10778.05,8430.16,1178.26,34.979917012448134,4.889045643153527,2022,11,56,972,-731,1667260800000
2021,11,131,164,6309.34,5463.49,46.4,33.313963414634145,0.28292682926829266,2021,11,131,693,-529,1635724800000
2021,8,211,19418,355749.9,238373.79,45253.12,12.27591873519415,2.3304727572355546,2021,8,211,23612,-4194,1627776000000
2020,10,56,278,9373.61,7710.7699999999995,741.34,27.73658273381295,2.6666906474820147,2020,10,56,745,-467,1601510400000
2023,4,174,124,4853.28,4322.33,69.92,34.8575,0.5638709677419355,2023,4,174,418,-294,1680307200000
2020,3,15,61,1800.29,1640.42,7.9,26.892131147540987,0.12950819672131147,2020,3,15,322,-261,1583020800000
2021,2,140,40630,706805.6,476526.08,80747.44,11.728429239478219,1.9873846911149398,2021,2,140,37310,3320,1612137600000
2023,12,20,127,4513.0199999999995,4110.42,64.88,32.36551181102362,0.5108661417322834,2023,12,20,303,-176,1701388800000
2022,5,42,4232,79820.92,64189.61,6600.65,15.167677221172022,1.5596999054820415,2022,5,42,15749,-11517,1651363200000
2023,6,141,76616,1607527.23,1037880.9299999999,203600.19,13.546529837109741,2.6574108541296857,2023,6,141,84834,-8218,1685577600000
2025,5,18,1105,27657.04,24345.81,58.7,22.032407239819005,0.05312217194570136,2025,5,18,1580,-475,1746057600000
2021,8,107,69060,1160181.72,749322.5,147569.09,10.850311323486823,2.136824355632783,2021,8,107,56387,12673,1627776000000
2021,8,89,580,23128.01,19504.5,782.19,33.62844827586207,1.3486034482758622,2021,8,89,2921,-2341,1627776000000
2019,11,131,271,8811.19,7675.43,80.57,28.322619926199263,0.2973062730627306,2019,11,131,1065,-794,1572566400000
2021,12,249,64668,1144315.7,746802.91,155994.56,11.54826049978351,2.4122372734582793,2021,12,249,50719,13949,1638316800000
2016,4,176,1,10.8,7.5,2.0,7.5,2.0,2016,4,176,66,-65,1459468800000
2022,1,150,30,845.3299999999999,745.19,33.09,24.83966666666667,1.1030000000000002,2022,1,150,193,-163,1640995200000
2023,3,263,67266,1429288.29,921713.74,182600.62,13.702520441233313,2.7146050010406446,2023,3,263,71104,-3838,1677628800000
2018,8,168,1704,32165.82,27813.31,1333.47,16.32236502347418,0.7825528169014084,2018,8,168,6673,-4969,1533081600000
2025,8,220,668,18476.56,15816.82,259.19,23.677874251497006,0.38800898203592815,2025,8,220,2079,-1411,1754006400000
2017,10,12,4446,91408.47,78291.38,7667.77,17.60939721097616,1.7246446243814666,2017,10,12,6955,-2509,1506816000000
2018,5,209,18347,370085.24,303998.6,40867.659999999996,16.569390091023056,2.227484602387311,2018,5,209,24111,-5764,1525132800000
2019,12,124,237,10109.45,8521.76,475.26,35.95679324894515,2.0053164556962026,2019,12,124,1011,-774,1575158400000
2020,4,186,6637,105367.11,72025.25,9280.83,10.8520792526744,1.3983471447943348,2020,4,186,3514,3123,1585699200000
2020,5,251,18,947.61,801.6800000000001,8.25,44.537777777777784,0.4583333333333333,2020,5,251,31,-13,1588291200000
2022,8,177,152,5125.49,4447.34,347.4,29.258815789473687,2.2855263157894736,2022,8,177,988,-836,1659312000000
2023,2,26,95,3376.23,2992.56,88.22,31.500631578947367,0.9286315789473684,2023,2,26,959,-864,1675209600000
2018,11,109,6,294.92,245.32,21.279999999999998,40.88666666666666,3.5466666666666664,2018,11,109,88,-82,1541030400000
2017,2,90,178638,2342640.1,1839422.36,280961.43,10.296926521792676,1.572797669028986,2017,2,90,145680,32958,1485907200000
2021,7,230,69236,1285208.4800000002,856711.8,150513.68000000002,12.373791091339767,2.173922236986539,2021,7,230,63128,6108,1625097600000
2017,3,206,9,315.74,214.92000000000002,40.099999999999994,23.880000000000003,4.455555555555555,2017,3,206,208,-199,1488326400000
2017,12,87,68498,1432805.37,1159690.32,177111.97,16.930280008175423,2.5856516978597917,2017,12,87,73620,-5122,1512086400000
2019,10,94,126,4146.13,3663.73,37.480000000000004,29.077222222222222,0.2974603174603175,2019,10,94,509,-383,1569888000000
2022,2,260,603,14119.49,11283.37,1355.98,18.712056384742954,2.248723051409619,2022,2,260,2472,-1869,1643673600000
2017,4,204,7,539.21,500.96,23.15,71.56571428571428,3.307142857142857,2017,4,204,68,-61,1491004800000
2022,8,163,88912,1600531.0699999998,1052507.92,202850.02,11.837636314558214,2.281469542918841,2022,8,163,76765,12147,1659312000000
2016,8,147,83,1901.98,1622.1,155.92,19.543373493975903,1.8785542168674698,2016,8,147,1026,-943,1470009600000
2023,10,247,313,8447.12,7429.28,138.43,23.735718849840254,0.4422683706070288,2023,10,247,853,-540,1696118400000
2024,6,34,280,8340.52,7252.78,335.8,25.902785714285713,1.1992857142857143,2024,6,34,534,-254,1717200000000
2016,9,144,123230,1946426.9100000001,1584605.16,207830.91,12.858923638724336,1.6865285238984014,2016,9,144,104942,18288,1472688000000
2022,12,73,27,855.74,771.5,22.09,28.574074074074073,0.8181481481481482,2022,12,73,218,-191,1669852800000
2024,6,92,336,13457.4,11892.210000000001,447.99,35.393482142857145,1.3333035714285715,2024,6,92,2498,-2162,1717200000000
2023,1,3,39,1372.29,1195.61,42.93,30.656666666666663,1.1007692307692307,2023,1,3,198,-159,1672531200000
2025,1,124,363,11687.92,10288.54,306.19,28.343085399449038,0.8434986225895317,2025,1,124,903,-540,1735689600000
2022,10,96,11,567.94,493.13,46.46,44.83,4.223636363636364,2022,10,96,78,-67,1664582400000
2020,8,211,3918,66858.47,44816.63,7899.29,11.438649821337416,2.0161536498213373,2020,8,211,5541,-1623,1596240000000
2018,11,245,8,273.91,210.57999999999998,44.910000000000004,26.322499999999998,5.6137500000000005,2018,11,245,90,-82,1541030400000
2021,12,16,80,3406.69,3104.85,42.14,38.810625,0.52675,2021,12,16,577,-497,1638316800000
2025,1,177,1145,32616.32,29670.13,198.72,25.91277729257642,0.17355458515283842,2025,1,177,1398,-253,1735689600000
2021,4,128,61,2020.6,1722.52,56.03,28.238032786885245,0.9185245901639344,2021,4,128,194,-133,1617235200000
2020,1,174,273,9251.15,8028.7300000000005,73.31,29.4092673992674,0.26853479853479856,2020,1,174,940,-667,1577836800000
2016,8,196,895,19381.85,16125.59,1440.27,18.017418994413408,1.6092402234636871,2016,8,196,4360,-3465,1470009600000
2018,10,9,105,2827.86,2541.68,140.25,24.206476190476188,1.3357142857142856,2018,10,9,750,-645,1538352000000
2017,12,13,82962,1632134.17,1324885.83,195187.63,15.969791350256745,2.352735348713869,2017,12,13,89697,-6735,1512086400000
2016,3,175,42,797.5699999999999,595.5,155.73,14.178571428571429,3.7078571428571427,2016,3,175,900,-858,1456790400000
2016,1,9,41,919.9200000000001,718.7,111.51,17.52926829268293,2.7197560975609756,2016,1,9,616,-575,1451606400000
2016,5,238,218303,2927286.69,2338262.16,321371.25,10.711085784437229,1.4721339147881614,2016,5,238,225142,-6839,1462060800000
2018,12,41,32415,433529.91,354966.11,36806.75,10.950674379145457,1.135485114915934,2018,12,41,54251,-21836,1543622400000
2020,1,86,186,10065.55,9282.55,7.0,49.90618279569892,0.03763440860215054,2020,1,86,843,-657,1577836800000
2022,5,51,172,7109.25,6311.21,130.72,36.693081395348834,0.76,2022,5,51,560,-388,1651363200000
2016,2,167,246,3493.44,2947.43,210.87,11.981422764227641,0.8571951219512195,2016,2,167,1754,-1508,1454284800000
2022,12,242,199,6706.97,6049.400000000001,163.92,30.398994974874373,0.8237185929648241,2022,12,242,510,-311,1669852800000
2023,2,239,81414,1746070.8,1120896.46,235216.75,13.767858844916107,2.8891437590586384,2023,2,239,81872,-458,1675209600000
2023,10,208,109,3912.15,3356.66,218.62,30.795045871559633,2.0056880733944955,2023,10,208,523,-414,1696118400000
2016,5,146,11819,185657.69,155593.51,16173.71,13.164693290464507,1.36844995346476,2016,5,146,14714,-2895,1462060800000
2017,8,149,65,1644.87,1320.56,85.09,20.316307692307692,1.309076923076923,2017,8,149,1031,-966,1501545600000
2017,11,89,683,12542.59,10697.77,879.64,15.662913616398244,1.2879062957540264,2017,11,89,7330,-6647,1509494400000
2021,3,1,61,6042.31,5218.56,627.9,85.55016393442624,10.293442622950819,2021,3,1,1323,-1262,1614556800000
2024,2,77,207,6919.36,6359.7,5.0,30.7231884057971,0.024154589371980676,2024,2,77,408,-201,1706745600000
2024,3,132,157704,12269079.94,9469836.43,1447208.0,60.048168911378276,9.176736163952722,2024,3,132,38108,119596,1709251200000
2016,3,259,99,1903.51,1641.5,138.89,16.58080808080808,1.4029292929292927,2016,3,259,1708,-1609,1456790400000
2023,8,186,104290,2557274.1599999997,1738161.19,314947.04,16.66661415284303,3.019916003451913,2023,8,186,67331,36959,1690848000000
2024,10,160,291,11002.74,9550.49,545.28,32.819553264604814,1.8738144329896906,2024,10,160,1118,-827,1727740800000
2025,2,197,2745,79920.13,70849.63,2206.76,25.810429872495448,0.80391985428051,2025,2,197,2534,211,1738368000000
2023,6,204,1,81.8,67.2,0.0,67.2,0.0,2023,6,204,15,-14,1685577600000
2016,2,95,2036,41278.26,33899.58,3514.76,16.6500884086444,1.7263064833005894,2016,2,95,14239,-12203,1454284800000
2022,7,16,54,1724.12,1600.22,63.05,29.633703703703706,1.1675925925925925,2022,7,16,632,-578,1656633600000
2025,4,200,363,12140.29,10255.77,117.02,28.252809917355375,0.32236914600550964,2025,4,200,1370,-1007,1743465600000
2025,6,41,20793,461027.19,364175.4,16657.78,17.514326936949935,0.8011244168710623,2025,6,41,28866,-8073,1748736000000
2016,8,210,77,6288.0199999999995,5085.1,1098.21,66.04025974025974,14.262467532467532,2016,8,210,1226,-1149,1470009600000
2025,8,157,1609,47955.25,39740.77,2405.56,24.699049098819142,1.4950652579241765,2025,8,157,3059,-1450,1754006400000
2016,6,219,630,38791.99,31838.55,3870.9,50.53738095238095,6.144285714285714,2016,6,219,2256,-1626,1464739200000
2024,5,208,247,9528.13,8520.46,174.77,34.495789473684205,0.7075708502024292,2024,5,208,599,-352,1714521600000
2016,9,107,254294,3621315.2800000003,2865031.73,423569.53,11.266611599172611,1.6656685961918096,2016,9,107,211521,42773,1472688000000
2022,2,163,82043,1383921.36,889559.89,183712.12,10.842605584876223,2.239217483514742,2022,2,163,69513,12530,1643673600000
2020,9,197,542,21149.88,18091.1,1242.93,33.37841328413284,2.293228782287823,2020,9,197,956,-414,1598918400000
2022,8,1,891,91574.4,76788.52,11022.97,86.18240179573513,12.371459034792368,2022,8,1,9520,-8629,1659312000000
2023,4,264,33985,956235.29,677259.92,119150.66,19.92820126526409,3.5059779314403414,2023,4,264,38528,-4543,1680307200000
2023,5,93,368,26853.89,20872.69,3227.18,56.71926630434782,8.769510869565217,2023,5,93,796,-428,1682899200000
2017,9,94,51,1019.4,936.0,16.09,18.352941176470587,0.3154901960784314,2017,9,94,645,-594,1504224000000
2017,8,147,76,1213.21,1078.51,41.19,14.190921052631579,0.5419736842105263,2017,8,147,934,-858,1501545600000
2019,7,177,498,14394.58,13071.97,100.97,26.248935742971888,0.20275100401606425,2019,7,177,1746,-1248,1561939200000
2024,10,4,6781,157952.25,115584.85,12690.68,17.04539890871553,1.8715056776286685,2024,10,4,14888,-8107,1727740800000
2022,6,106,235,7630.1,6015.4800000000005,984.92,25.597787234042556,4.191148936170213,2022,6,106,1450,-1215,1654041600000
2025,1,245,6,253.51,216.24,18.58,36.04,3.0966666666666662,2025,1,245,32,-26,1735689600000
2020,6,39,573,27796.64,25334.21,718.97,44.21328097731239,1.2547469458987783,2020,6,39,905,-332,1590969600000
2024,7,193,1611,26019.2,22800.04,721.03,14.152725015518312,0.4475667287399131,2024,7,193,2368,-757,1719792000000
2019,4,200,232,9167.13,8045.43,117.95,34.6785775862069,0.5084051724137931,2019,4,200,2471,-2239,1554076800000
2020,9,245,1,83.5,70.46,0.0,70.46,0.0,2020,9,245,21,-20,1598918400000
2016,3,28,781,34822.16,28140.86,3527.5,36.03183098591549,4.516645326504482,2016,3,28,2811,-2030,1456790400000
2022,10,126,67,1586.98,1415.75,45.68,21.130597014925375,0.6817910447761194,2022,10,126,281,-214,1664582400000
2023,7,179,536,13197.93,10674.26,968.07,19.914664179104477,1.806100746268657,2023,7,179,3389,-2853,1688169600000
2016,5,9,24,554.24,485.5,43.04,20.229166666666668,1.7933333333333332,2016,5,9,633,-609,1462060800000
2016,7,186,380850,5564829.79,4510204.18,577337.58,11.84246863594591,1.5159185506104764,2016,7,186,308488,72362,1467331200000
2024,4,81,180,7371.09,6709.93,6.98,37.27738888888889,0.03877777777777778,2024,4,81,326,-146,1711929600000
2025,3,112,5234,135096.85,109816.32,2780.39,20.98133740924723,0.5312170424149789,2025,3,112,10281,-5047,1740787200000
2023,10,80,1029,35822.61,28663.37,3461.26,27.85555879494655,3.363712342079689,2023,10,80,4473,-3444,1696118400000
2025,8,188,4940,122914.12,108998.53,713.39,22.06447975708502,0.14441093117408907,2025,8,188,7081,-2141,1754006400000
2020,12,152,2017,32105.83,26090.62,2432.0,12.93535944471988,1.2057511155180962,2020,12,152,3804,-1787,1606780800000
2017,7,172,4,198.49,171.52,14.05,42.88,3.5125,2017,7,172,86,-82,1498867200000
2025,11,223,2952,84806.84,62445.92,6000.06,21.153766937669378,2.0325406504065042,2025,11,223,6304,-3352,1761955200000
2018,1,18,105,1942.6100000000001,1698.26,107.36000000000001,16.173904761904762,1.0224761904761905,2018,1,18,1163,-1058,1514764800000
2019,4,44,30,899.5,863.0,0.0,28.766666666666666,0.0,2019,4,44,80,-50,1554076800000
2020,6,223,376,11449.56,9270.79,788.25,24.656356382978725,2.096409574468085,2020,6,223,1312,-936,1590969600000
2016,2,240,19,497.07,453.0,16.83,23.842105263157894,0.8857894736842105,2016,2,240,321,-302,1454284800000
2019,8,112,1739,31890.09,25233.18,2969.98,14.510166762507188,1.7078665899942496,2019,8,112,12594,-10855,1564617600000
2018,6,194,576,26876.28,20394.5,3291.26,35.40711805555556,5.713993055555556,2018,6,194,1652,-1076,1527811200000
2023,9,137,29157,678561.04,456808.8,78391.0,15.667208560551497,2.6885825016291114,2023,9,137,33932,-4775,1693526400000
2020,1,154,21,1731.17,1390.8899999999999,142.51999999999998,66.23285714285714,6.786666666666666,2020,1,154,127,-106,1577836800000
2019,2,227,346,10800.68,9623.02,185.42,27.81219653179191,0.5358959537572254,2019,2,227,1635,-1289,1548979200000
2021,5,180,81,2580.84,2208.44,47.849999999999994,27.26469135802469,0.5907407407407407,2021,5,180,325,-244,1619827200000
2018,5,172,3,156.44,131.5,0.0,43.833333333333336,0.0,2018,5,172,98,-95,1525132800000
2016,12,181,13264,214412.33000000002,173115.48,24343.64,13.051528950542824,1.835316646562123,2016,12,181,37659,-24395,1480550400000
2019,12,190,181,3859.84,3198.68,281.05,17.672265193370166,1.5527624309392265,2019,12,190,952,-771,1575158400000
2022,2,149,42,1216.05,1106.22,25.43,26.33857142857143,0.6054761904761905,2022,2,149,368,-326,1643673600000
2020,12,24,6596,100471.5,72837.41,11638.74,11.042663735597332,1.7645148574893874,2020,12,24,7177,-581,1606780800000
2022,3,17,439,11324.1,9592.98,948.62,21.851890660592254,2.160865603644647,2022,3,17,4206,-3767,1646092800000
2019,10,138,175538,7619776.7,5477854.61,980970.43,31.206089906459002,5.588365083343778,2019,10,138,85894,89644,1569888000000
2020,9,43,25673,393590.07,255678.77,49991.77,9.959053090795777,1.947250808242122,2020,9,43,19229,6444,1598918400000
2016,6,175,48,1597.83,1259.75,233.44,26.244791666666668,4.863333333333333,2016,6,175,822,-774,1464739200000
2016,4,141,279441,3586823.22,2864898.01,395381.91,10.252246484946733,1.4149030027805511,2016,4,141,274007,5434,1459468800000
2017,9,80,4629,75734.8,61383.76,7997.36,13.260695614603586,1.7276647224022466,2017,9,80,16714,-12085,1504224000000
2020,11,139,254,10047.85,8840.43,685.35,34.80484251968504,2.698228346456693,2020,11,139,406,-152,1604188800000
2018,2,225,651,10290.75,8800.51,663.9,13.518448540706606,1.019815668202765,2018,2,225,7504,-6853,1517443200000
2021,2,16,146,6991.0599999999995,6147.01,138.07999999999998,42.10280821917809,0.9457534246575341,2021,2,16,343,-197,1612137600000
2018,5,107,215179,3012967.08,2373640.71,360885.22000000003,11.031005395507925,1.6771395907593214,2018,5,107,187404,27775,1525132800000
2023,4,177,252,8707.15,7815.56,258.24,31.014126984126985,1.0247619047619048,2023,4,177,895,-643,1680307200000
2024,2,102,85,2827.46,2523.42,93.14,29.68729411764706,1.095764705882353,2024,2,102,510,-425,1706745600000
2017,8,117,26,3301.7400000000002,2974.88,266.46999999999997,114.41846153846154,10.248846153846152,2017,8,117,417,-391,1501545600000
2023,12,141,80120,1697810.41,1106556.73,214487.04,13.811242261607589,2.6770723914128807,2023,12,141,89319,-9199,1701388800000
2020,4,196,62,1407.57,1185.92,57.69,19.127741935483872,0.9304838709677419,2020,4,196,156,-94,1585699200000
2020,10,230,27014,435061.88,284668.99,49357.76,10.53783186495891,1.8271177907751537,2020,10,230,21581,5433,1601510400000
2021,4,246,29780,532333.22,352573.29,70528.3,11.839264271323035,2.368310946944258,2021,4,246,35174,-5394,1617235200000
2022,7,28,229,10561.2,8395.91,1052.07,36.66336244541485,4.594192139737991,2022,7,28,1164,-935,1656633600000
2019,10,242,372,10510.79,9143.28,110.69,24.578709677419358,0.2975537634408602,2019,10,242,872,-500,1569888000000
2023,2,174,127,4782.64,4213.37,144.97,33.17614173228346,1.141496062992126,2023,2,174,351,-224,1675209600000
2024,8,35,1030,30592.21,28995.09,53.449999999999996,28.15057281553398,0.051893203883495144,2024,8,35,1429,-399,1722470400000
2018,12,221,32,1650.29,1404.58,39.85,43.893125,1.2453125,2018,12,221,209,-177,1543622400000
2017,9,175,33,757.72,623.5,73.43,18.893939393939394,2.2251515151515155,2017,9,175,674,-641,1504224000000
2025,7,5,1,99.0,93.0,5.0,93.0,5.0,2025,7,5,13,-12,1751328000000
2019,10,246,120346,2185051.4399999995,1465891.99,262594.89,12.180645721503,2.18199931863128,2019,10,246,140751,-20405,1569888000000
2021,12,119,143,4827.2,4020.73,93.72,28.116993006993006,0.6553846153846153,2021,12,119,710,-567,1638316800000
2017,8,128,54,972.85,795.5,90.41,14.731481481481481,1.6742592592592591,2017,8,128,511,-457,1501545600000
2017,5,22,109,2902.1,2551.07,146.32,23.404311926605505,1.3423853211009174,2017,5,22,1702,-1593,1493596800000
2020,4,183,66,3000.86,2549.08,118.44,38.622424242424245,1.7945454545454544,2020,4,183,86,-20,1585699200000
2021,2,75,23798,367928.37,274823.7,31227.24,11.54818472140516,1.312179174720565,2021,2,75,31393,-7595,1612137600000
2018,6,226,15072,273019.0,230537.46,19424.27,15.295744426751591,1.2887652600849258,2018,6,226,22233,-7161,1527811200000
2021,6,206,18,999.61,865.03,30.759999999999998,48.05722222222222,1.7088888888888887,2021,6,206,93,-75,1622505600000
2023,12,263,65295,1391615.57,905448.77,174578.59,13.867046021900606,2.673690022206907,2023,12,263,71145,-5850,1701388800000
2024,6,215,708,35028.24,29939.7,2300.52,42.28771186440678,3.249322033898305,2024,6,215,1100,-392,1717200000000
2024,8,243,715,23442.04,20245.79,1181.44,28.31579020979021,1.6523636363636365,2024,8,243,5792,-5077,1722470400000
2025,6,53,446,13739.43,11862.54,356.03000000000003,26.59762331838565,0.7982735426008969,2025,6,53,1314,-868,1748736000000
2023,12,58,6,258.74,221.14,21.16,36.85666666666666,3.526666666666667,2023,12,58,83,-77,1701388800000
2025,10,2,6,313.32,235.4,40.54,39.233333333333334,6.756666666666667,2025,10,2,13,-7,1759276800000
2025,11,120,78,1984.99,1553.62,141.71,19.918205128205127,1.8167948717948719,2025,11,120,353,-275,1761955200000
2021,10,38,132,6672.6,5956.97,98.18,45.12856060606061,0.7437878787878789,2021,10,38,728,-596,1633046400000
2024,11,113,52447,1175022.25,781011.69,148357.11,14.891446412568879,2.828705359696455,2024,11,113,47182,5265,1730419200000
2020,4,14,79,2255.5099999999998,2000.04,163.5,25.316962025316457,2.069620253164557,2020,4,14,248,-169,1585699200000
2024,7,242,209,9213.72,8421.92,54.08,40.29626794258373,0.258755980861244,2024,7,242,535,-326,1719792000000
2023,8,132,172658,13124200.1,10329231.18,1378101.31,59.82480499021186,7.981682343129192,2023,8,132,36109,136549,1690848000000
2022,12,43,58893,1167229.18,781308.43,150805.4,13.26657548435298,2.5606676515035742,2022,12,43,44175,14718,1669852800000
2024,3,260,1077,32379.35,26560.95,2211.9,24.661977715877438,2.0537604456824514,2024,3,260,2550,-1473,1709251200000
2024,10,12,1452,47155.99,35103.15,5527.35,24.17572314049587,3.806714876033058,2024,10,12,2395,-943,1727740800000
2023,10,209,6940,215481.17,154784.39,26471.76,22.303226224783863,3.814374639769452,2023,10,209,10215,-3275,1696118400000
2024,1,31,7,373.71,358.7,0.01,51.24285714285714,0.0014285714285714286,2024,1,31,112,-105,1704067200000
2025,10,124,504,16882.07,14666.94,455.53000000000003,29.10107142857143,0.9038293650793652,2025,10,124,1409,-905,1759276800000
2019,11,193,4882,52791.520000000004,43862.58,2364.01,8.984551413355183,0.4842298238426875,2019,11,193,6324,-1442,1572566400000
2018,5,77,194,5712.88,5153.0,150.12,26.561855670103093,0.7738144329896908,2018,5,77,710,-516,1525132800000
2018,12,101,248,10542.210000000001,9675.81,102.21000000000001,39.01536290322581,0.4121370967741936,2018,12,101,672,-424,1543622400000
2021,12,21,87,3604.71,3191.71,68.08,36.68632183908046,0.7825287356321838,2021,12,21,375,-288,1638316800000
2025,5,222,805,23634.69,22095.31,13.67,27.447590062111804,0.01698136645962733,2025,5,222,1024,-219,1746057600000
2020,6,82,726,18460.35,15887.47,594.71,21.883567493112945,0.8191597796143251,2020,6,82,970,-244,1590969600000
2022,3,46,6,278.0,240.5,3.0,40.083333333333336,0.5,2022,3,46,92,-86,1646092800000
2023,10,231,49017,1360207.54,948984.1499999999,170708.78999999998,19.360306628312625,3.482644592692331,2023,10,231,56232,-7215,1696118400000
2017,2,13,82250,1570271.34,1260896.28,199479.29,15.330045957446808,2.4252801215805473,2017,2,13,86510,-4260,1485907200000
2023,10,205,319,11590.59,10727.88,42.870000000000005,33.62971786833855,0.13438871473354233,2023,10,205,1170,-851,1696118400000
2016,2,63,109,2613.12,2219.8,261.1,20.3651376146789,2.3954128440366973,2016,2,63,1312,-1203,1454284800000
2018,1,132,203414,11531315.31,9424424.29,1277627.56,46.33124706264072,6.280922453715084,2018,1,132,64540,138874,1514764800000
2018,10,102,163,5136.83,4608.82,133.15,28.27496932515337,0.8168711656441718,2018,10,102,1214,-1051,1538352000000
2021,5,137,39871,686684.76,457949.1,75709.53,11.4857691053648,1.8988620802086729,2021,5,137,38776,1095,1619827200000
2017,11,265,4170,350474.4,299661.09,36960.15,71.86117266187051,8.863345323741008,2017,11,265,20765,-16595,1509494400000
2021,2,138,13552,508679.71,383610.33,58294.48,28.306547373081465,4.301540731995278,2021,2,138,2940,10612,1612137600000
2018,7,70,1526,50905.23,43133.05,4290.63,28.265432503276543,2.811684141546527,2018,7,70,3999,-2473,1530403200000
2018,1,77,87,1457.41,1289.0,58.370000000000005,14.816091954022989,0.6709195402298851,2018,1,77,539,-452,1514764800000
2018,8,71,400,11898.35,10964.43,162.54,27.411075,0.40635,2018,8,71,1819,-1419,1533081600000
2022,2,16,45,1891.23,1721.77,45.16,38.26155555555555,1.0035555555555555,2022,2,16,493,-448,1643673600000
2025,4,75,28497,606334.29,448453.55,44282.14,15.736868793206302,1.5539228690739375,2025,4,75,45298,-16801,1743465600000
2021,4,243,921,24512.47,20481.07,1493.77,22.23786102062975,1.621900108577633,2021,4,243,4920,-3999,1617235200000
2018,10,237,393745,4783991.52,3770360.08,548458.8300000001,9.575639258911224,1.392929002273045,2018,10,237,343604,50141,1538352000000
2019,10,15,152,5332.03,4687.84,15.38,30.841052631578947,0.1011842105263158,2019,10,15,737,-585,1569888000000
2020,11,101,77,3121.87,2772.45,183.99,36.00584415584415,2.3894805194805198,2020,11,101,151,-74,1604188800000
2022,10,50,28691,556995.73,377854.02,69437.05,13.169775190826392,2.4201683454741905,2022,10,50,43520,-14829,1664582400000
2021,5,86,216,11686.34,10429.88,24.78,48.28648148148148,0.11472222222222223,2021,5,86,796,-580,1619827200000
2025,1,202,232,7315.33,6189.01,327.21999999999997,26.676767241379313,1.4104310344827584,2025,1,202,1502,-1270,1735689600000
2016,12,116,12781,202608.01,167815.48,17861.14,13.130074329082232,1.3974759408496986,2016,12,116,29958,-17177,1480550400000
2024,2,32,142,5888.48,5263.38,47.81,37.06605633802817,0.33669014084507043,2024,2,32,255,-113,1706745600000
2024,6,87,22938,718205.58,529648.4,77273.14,23.090435085883687,3.368782805824396,2024,6,87,31284,-8346,1717200000000
2025,7,245,9,304.05,222.03,0.0,24.67,0.0,2025,7,245,61,-52,1751328000000
2018,12,157,549,24344.61,19618.53,2294.35,35.73502732240437,4.179143897996357,2018,12,157,2657,-2108,1543622400000
2019,6,60,187,5492.59,4858.73,26.23,25.982513368983955,0.14026737967914438,2019,6,60,626,-439,1559347200000
2024,8,44,1,192.0,159.0,32.0,159.0,32.0,2024,8,44,20,-19,1722470400000
2025,4,159,1344,35471.19,31765.11,113.39,23.634754464285713,0.08436755952380952,2025,4,159,1636,-292,1743465600000
2018,8,201,35,1635.83,1338.28,172.26,38.23657142857143,4.921714285714286,2018,8,201,404,-369,1533081600000
2025,8,91,2463,60255.88,55551.52,89.61,22.554413317092976,0.03638246041412911,2025,8,91,3132,-669,1754006400000
2018,2,111,9,213.15,193.0,12.45,21.444444444444443,1.3833333333333333,2018,2,111,91,-82,1517443200000
2020,12,58,18,747.28,569.07,79.75,31.615000000000002,4.430555555555555,2020,12,58,55,-37,1606780800000
2024,10,255,3088,86040.22,69963.68,5149.28,22.656632124352328,1.6675129533678756,2024,10,255,9660,-6572,1727740800000
2025,2,240,68,2305.61,2006.46,14.169999999999998,29.506764705882354,0.20838235294117644,2025,2,240,115,-47,1738368000000
2017,3,82,2976,49455.53,41378.24,3267.62,13.903978494623654,1.0979905913978494,2017,3,82,9750,-6774,1488326400000
2020,9,265,11128,361807.85,346883.13,3791.5099999999998,31.17210010783609,0.3407180086268871,2020,9,265,2714,8414,1598918400000
2021,2,141,46222,685144.74,435844.89,84615.94,9.429381896066808,1.8306421184717234,2021,2,141,44435,1787,1612137600000
2017,11,193,4258,46213.55,38747.88,2406.05,9.100018788163457,0.5650657585720996,2017,11,193,6000,-1742,1509494400000
2023,12,134,381,21846.93,18456.77,2094.72,48.442965879265095,5.497952755905511,2023,12,134,981,-600,1701388800000
2019,12,9,128,3884.67,3439.12,25.259999999999998,26.868125,0.19734374999999998,2019,12,9,658,-530,1575158400000
2016,10,62,695,11715.710000000001,9771.22,1029.84,14.059309352517985,1.4817841726618703,2016,10,62,5538,-4843,1475280000000
2018,8,50,75108,1079779.34,871091.39,112059.36,11.59785096128242,1.4919763540501678,2018,8,50,96156,-21048,1533081600000
2020,5,35,539,17186.9,15264.47,546.51,28.319981447124302,1.0139332096474953,2020,5,35,642,-103,1588291200000
2021,4,126,269,8677.7,7394.75,80.34,27.489776951672862,0.29866171003717473,2021,4,126,655,-386,1617235200000
2022,9,76,364,12763.81,11534.93,319.68,31.689368131868132,0.8782417582417582,2022,9,76,1374,-1010,1661990400000
2021,3,250,344,12225.210000000001,10241.17,83.32,29.770843023255814,0.24220930232558138,2021,3,250,567,-223,1614556800000
2023,8,174,155,5563.78,4965.3,60.61,32.0341935483871,0.39103225806451614,2023,8,174,453,-298,1690848000000
2022,1,250,59,1751.52,1526.47,67.6,25.872372881355933,1.1457627118644067,2022,1,250,282,-223,1640995200000
2022,12,93,868,61396.19,46979.94,7855.85,54.12435483870968,9.050518433179723,2022,12,93,2009,-1141,1669852800000
2025,11,38,416,18421.07,16989.6,273.71999999999997,40.840384615384615,0.6579807692307692,2025,11,38,1262,-846,1761955200000
2025,8,259,640,20908.42,18969.91,89.75999999999999,29.640484375,0.14024999999999999,2025,8,259,1171,-531,1754006400000
2025,4,138,109234,7174665.42,4563742.01,994197.82,41.77950097954849,9.101541827636083,2025,4,138,40193,69041,1743465600000
2016,11,50,96554,1448476.4000000001,1171960.01,153814.49,12.137871139465998,1.5930410961741615,2016,11,50,111202,-14648,1477958400000
2016,12,74,36352,470944.95,389893.33,32963.54,10.725498734595071,0.9067875220070423,2016,12,74,79898,-43546,1480550400000
2024,8,143,30116,635545.89,425844.67,72122.75,14.140147097888166,2.394831650949661,2024,8,143,39484,-9368,1722470400000
2021,3,94,210,6316.06,5377.07,127.63,25.605095238095238,0.6077619047619047,2021,3,94,391,-181,1614556800000
2020,6,46,11,428.51,352.54,26.439999999999998,32.049090909090914,2.4036363636363633,2020,6,46,19,-8,1590969600000
2020,5,171,111,5103.74,4126.48,165.95,37.17549549549549,1.495045045045045,2020,5,171,167,-56,1588291200000
2023,7,94,65,2222.72,1978.97,28.7,30.44569230769231,0.44153846153846155,2023,7,94,211,-146,1688169600000
2018,8,17,1390,21942.86,18872.59,1137.14,13.577402877697843,0.8180863309352518,2018,8,17,10510,-9120,1533081600000
2018,8,4,15075,223076.55000000002,182198.91,21788.54,12.086163184079602,1.4453426202321726,2018,8,4,36094,-21019,1533081600000
2020,10,24,7362,114389.86,83074.24,13154.89,11.284194512360772,1.7868636240152131,2020,10,24,8063,-701,1601510400000
2018,11,49,2204,39562.590000000004,33463.85,3099.08,15.18323502722323,1.4061161524500907,2018,11,49,12541,-10337,1541030400000
2021,8,82,558,15591.710000000001,12602.69,920.1,22.58546594982079,1.6489247311827957,2021,8,82,2484,-1926,1627776000000
2024,8,45,5393,145820.99,108237.96,13355.1,20.07008344149824,2.4763767847209346,2024,8,45,9215,-3822,1722470400000
2019,1,138,184368,7579842.67,5622898.77,1048214.0499999999,30.498235973704762,5.685444599930573,2019,1,138,66457,117911,1546300800000
2020,3,141,76992,1142371.05,727230.21,136797.53,9.44552953553616,1.77677589879468,2020,3,141,79642,-2650,1583020800000
2022,8,64,65,2465.62,2244.84,69.83,34.536,1.0743076923076922,2022,8,64,442,-377,1659312000000
2025,2,213,896,27899.01,24620.64,110.24,27.478392857142858,0.12303571428571428,2025,2,213,973,-77,1738368000000
2025,3,61,7167,185046.41,166463.6,1437.44,23.226398772150134,0.20056369471187388,2025,3,61,10002,-2835,1740787200000
2025,8,95,2732,70964.14,59109.48,1792.93,21.63597364568082,0.6562701317715959,2025,8,95,7052,-4320,1754006400000
2024,2,29,197,8427.84,7855.28,29.28,39.87451776649746,0.14862944162436548,2024,2,29,409,-212,1706745600000
2019,2,247,1255,27347.41,23999.45,589.33,19.123067729083665,0.46958565737051794,2019,2,247,2763,-1508,1548979200000
2021,3,216,658,27647.3,23557.57,771.59,35.80177811550152,1.172629179331307,2021,3,216,1495,-837,1614556800000
2019,6,9,137,4003.6,3633.24,105.84,26.52,0.7725547445255475,2019,6,9,669,-532,1559347200000
2017,5,253,30,2167.23,1945.0,145.45,64.83333333333333,4.848333333333333,2017,5,253,68,-38,1493596800000
2021,5,148,18534,361046.64,247700.7,44739.22,13.36466494011007,2.4138998597172763,2021,5,148,20471,-1937,1619827200000
2022,1,52,468,10149.14,7742.86,1335.43,16.54457264957265,2.853482905982906,2022,1,52,1415,-947,1640995200000
2017,6,151,84311,1151506.5,922384.08,124905.1,10.940257854846935,1.4814804711129035,2017,6,151,77300,7011,1496275200000
2022,5,219,411,24678.79,20112.420000000002,2415.22,48.93532846715329,5.876447688564476,2022,5,219,1174,-763,1651363200000
2022,12,97,1239,31095.41,24628.09,3514.62,19.877393058918482,2.8366585956416466,2022,12,97,4295,-3056,1669852800000
2017,2,24,27361,372672.38,300417.47,39428.28,10.97976937977413,1.4410394356931397,2017,2,24,28704,-1343,1485907200000
2021,2,99,1,100.92,93.5,0.0,93.5,0.0,2021,2,99,2,-1,1612137600000
2024,6,181,1999,63265.14,54690.76,3257.55,27.359059529764885,1.6295897948974487,2024,6,181,8804,-6805,1717200000000
2025,10,35,2451,71794.79,66403.69,59.85,27.09248878008976,0.02441860465116279,2025,10,35,3030,-579,1759276800000
2019,10,171,216,7671.05,6688.12,19.11,30.96351851851852,0.08847222222222222,2019,10,171,1133,-917,1569888000000
2020,10,202,166,4251.53,3571.48,367.33,21.514939759036146,2.2128313253012046,2020,10,202,1041,-875,1601510400000
2020,11,197,608,23252.23,19985.34,1447.7,32.870625,2.3810855263157897,2020,11,197,1076,-468,1604188800000
2018,7,13,75604,1482380.1800000002,1197654.5,180302.69999999998,15.841152584519337,2.3848301677159935,2018,7,13,80100,-4496,1530403200000
2025,11,141,90710,1777786.58,1109703.8,211183.97,12.233533237790763,2.3281222577444605,2025,11,141,102149,-11439,1761955200000
2021,7,245,3,124.6,103.85,0.0,34.61666666666667,0.0,2021,7,245,28,-25,1625097600000
2016,3,182,125,2344.18,2009.64,139.28,16.07712,1.1142400000000001,2016,3,182,1670,-1545,1456790400000
2023,10,186,115300,2993968.99,2052210.26,383965.98,17.79887476149176,3.3301472679965305,2023,10,186,74363,40937,1696118400000
2023,8,189,334,10601.32,8609.99,1059.72,25.778413173652694,3.172814371257485,2023,8,189,2634,-2300,1690848000000
2022,9,2,2,91.69999999999999,67.0,13.05,33.5,6.525,2022,9,2,3,-1,1661990400000
2016,4,48,367028,5340751.66,4294378.5,562854.37,11.700411140294474,1.5335461327201194,2016,4,48,314457,52571,1459468800000
2019,11,164,160190,2909407.04,1935201.9,341259.74,12.08066608402522,2.130343591984518,2019,11,164,143018,17172,1572566400000
2018,9,207,494,6026.8099999999995,4784.75,566.5,9.68572874493927,1.1467611336032388,2018,9,207,501,-7,1535760000000
2017,10,154,23,1159.08,876.0,138.44,38.08695652173913,6.019130434782609,2017,10,154,70,-47,1506816000000
2021,5,204,3,316.23,272.3,23.73,90.76666666666667,7.91,2021,5,204,11,-8,1619827200000
2017,5,54,612,10413.48,8357.51,1246.36,13.656062091503268,2.036535947712418,2017,5,54,2908,-2296,1493596800000
2020,3,111,2,73.73,63.86,2.15,31.93,1.075,2020,3,111,53,-51,1583020800000
2025,6,51,1250,44768.85,40293.24,109.41,32.234592,0.087528,2025,6,51,1719,-469,1748736000000
2016,1,132,247243,13749630.9,11399830.31,1446443.16,46.10779803674927,5.850289634084685,2016,1,132,84940,162303,1451606400000
2019,5,177,543,17708.94,16185.42,204.76,29.807403314917128,0.37709023941068137,2019,5,177,1826,-1283,1556668800000
2016,11,87,75798,1608097.7,1305578.25,196891.57,17.224441937782,2.597582653895881,2016,11,87,80675,-4877,1477958400000
2017,12,35,132,2665.4900000000002,2384.86,111.12,18.06712121212121,0.8418181818181818,2017,12,35,1036,-904,1512086400000
2024,5,97,2208,64536.95,55299.3,3513.3,25.04497282608696,1.5911684782608697,2024,5,97,4554,-2346,1714521600000
2022,7,148,34438,699697.77,480789.46,90521.59,13.96101573842848,2.628537952262036,2022,7,148,35406,-968,1656633600000
2024,12,188,1809,53559.89,49598.55,712.07,27.41766169154229,0.39362631288004424,2024,12,188,3485,-1676,1733011200000
2018,5,179,5205,75357.81,62959.51,6055.04,12.095967339097022,1.163312199807877,2018,5,179,12119,-6914,1525132800000
2017,12,206,6,209.1,103.3,101.0,17.216666666666665,16.833333333333332,2017,12,206,143,-137,1512086400000
2022,11,134,354,19907.16,16379.44,2482.77,46.26960451977401,7.013474576271187,2022,11,134,1101,-747,1667260800000
2016,10,13,102821,2059510.6500000001,1674034.93,246810.6,16.281060581009715,2.400390970716099,2016,10,13,112394,-9573,1475280000000
2025,8,255,11088,255756.17,200221.71,7630.53,18.05751352813853,0.6881791125541126,2025,8,255,12930,-1842,1754006400000
2022,9,92,191,6622.7,5783.06,337.49,30.27780104712042,1.7669633507853404,2022,9,92,2216,-2025,1661990400000
2023,5,195,425,23007.3,18826.6,1788.57,44.29788235294117,4.2084,2023,5,195,1434,-1009,1682899200000
2022,11,35,144,5202.38,4724.33,218.91,32.80784722222222,1.5202083333333334,2022,11,35,581,-437,1667260800000
2024,12,225,1406,43307.34,39559.84,768.26,28.136443812233285,0.5464153627311522,2024,12,225,3640,-2234,1733011200000
2024,11,125,18377,452198.9,309237.88,55868.2,16.82744082276759,3.040115361593296,2024,11,125,19162,-785,1730419200000
2016,5,64,44,1340.06,1039.51,233.69,23.625227272727273,5.311136363636364,2016,5,64,861,-817,1462060800000
2017,9,255,11773,195180.8,157609.91,22215.4,13.387404230017838,1.8869786800305786,2017,9,255,28265,-16492,1504224000000
2021,7,191,198,9053.97,8037.68,82.92,40.594343434343436,0.4187878787878788,2021,7,191,795,-597,1625097600000
2023,2,260,603,19026.92,15037.03,1789.99,24.937031509121063,2.9684742951907133,2023,2,260,2221,-1618,1675209600000
2024,5,78,331,11637.8,10577.63,90.12,31.95658610271903,0.27226586102719036,2024,5,78,493,-162,1714521600000
2024,11,164,82866,2005394.08,1343783.16,245008.6,16.216339149952937,2.9566842854729325,2024,11,164,79702,3164,1730419200000
2016,12,151,93208,1239662.6300000001,993286.69,131628.87,10.656667775298256,1.4122057119560552,2016,12,151,84153,9055,1480550400000
2021,10,188,557,20108.93,17303.6,733.54,31.065709156193893,1.316947935368043,2021,10,188,2695,-2138,1633046400000
2022,3,171,43,1628.11,1460.48,62.73,33.964651162790695,1.4588372093023254,2022,3,171,558,-515,1646092800000
2023,12,213,316,10916.119999999999,9866.05,72.59,31.22167721518987,0.22971518987341774,2023,12,213,583,-267,1701388800000
2024,9,186,120395,3042554.38,2087906.4100000001,384718.73,17.34213555380207,3.1954709913202373,2024,9,186,80538,39857,1725148800000
2025,8,39,3617,96497.94,89553.91,172.04,24.75916781863423,0.04756427978988111,2025,8,39,4848,-1231,1754006400000
2021,11,44,116,13826.0,12525.53,10.0,107.97870689655173,0.08620689655172414,2021,11,44,129,-13,1635724800000
2018,10,28,784,37386.73,30429.69,3278.2400000000002,38.81338010204082,4.1814285714285715,2018,10,28,2062,-1278,1538352000000
2017,2,241,100,2170.53,1880.0,144.03,18.8,1.4403,2017,2,241,1563,-1463,1485907200000
2019,6,119,474,13024.05,11397.45,438.34,24.045253164556964,0.9247679324894514,2019,6,119,1774,-1300,1559347200000
2017,3,160,180,4309.57,3382.54,488.4,18.791888888888888,2.7133333333333334,2017,3,160,3214,-3034,1488326400000
2017,7,41,28929,381626.06,311135.02,33565.73,10.75512530678558,1.1602796501780221,2017,7,41,53538,-24609,1498867200000
2019,10,88,27484,699011.11,506716.11,81816.64,18.436767210013098,2.9768825498471836,2019,10,88,28710,-1226,1569888000000
2024,4,212,225,7499.51,6675.49,5.0,29.668844444444442,0.022222222222222223,2024,4,212,331,-106,1711929600000
2018,7,190,425,7977.9400000000005,6664.9,819.7,15.682117647058822,1.9287058823529413,2018,7,190,1538,-1113,1530403200000
2023,2,263,59579,1252595.25,804451.16,161761.1,13.502260192349654,2.7150690679601874,2023,2,263,63254,-3675,1675209600000
2022,9,227,54,1875.8799999999999,1624.78,136.05,30.08851851851852,2.519444444444445,2022,9,227,727,-673,1661990400000
2023,4,15,46,2250.9,2014.1,42.6,43.78478260869565,0.9260869565217391,2023,4,15,458,-412,1680307200000
2019,10,184,15,842.4300000000001,740.4,18.580000000000002,49.36,1.2386666666666668,2019,10,184,60,-45,1569888000000
2018,4,31,50,1304.77,1109.8,100.28,22.195999999999998,2.0056,2018,4,31,548,-498,1522540800000
2020,7,27,8,384.52,305.66,32.230000000000004,38.2075,4.0287500000000005,2020,7,27,31,-23,1593561600000
2018,11,139,233,10671.67,9668.73,287.42,41.49669527896995,1.2335622317596566,2018,11,139,807,-574,1541030400000
2022,5,150,31,1088.6,986.53,49.77,31.823548387096775,1.6054838709677421,2022,5,150,264,-233,1651363200000
2022,1,16,31,1261.49,1148.78,31.310000000000002,37.05741935483871,1.01,2022,1,16,412,-381,1640995200000
2021,12,31,34,1512.83,1111.0,249.62,32.6764705882353,7.341764705882353,2021,12,31,328,-294,1638316800000
2016,11,150,36,1313.22,930.0,304.87,25.833333333333332,8.46861111111111,2016,11,150,476,-440,1477958400000
2016,9,34,505,8756.14,7091.0,994.54,14.04158415841584,1.9693861386138614,2016,9,34,1550,-1045,1472688000000
2017,3,24,30841,429593.01,345640.04,45707.62,11.207160597905386,1.482040789857657,2017,3,24,33404,-2563,1488326400000
2023,12,220,153,5974.85,5341.92,168.55,34.91450980392157,1.1016339869281047,2023,12,220,1206,-1053,1701388800000
2020,11,24,6780,104469.41,75560.62,12103.53,11.144634218289085,1.7851814159292037,2020,11,24,7428,-648,1604188800000
2025,11,144,45691,1010811.55,655663.4,104311.94,14.349946378936771,2.2829865837911187,2025,11,144,41396,4295,1761955200000
2020,12,50,10657,170640.59,113561.35,19436.670000000002,10.656033592943606,1.8238406681054709,2020,12,50,16375,-5718,1606780800000
2018,5,129,5467,88631.46,75205.76,5497.75,13.75631241997439,1.0056246570331078,2018,5,129,16215,-10748,1525132800000
2023,7,159,199,5623.79,4906.04,131.75,24.653467336683416,0.6620603015075377,2023,7,159,780,-581,1688169600000
2020,6,139,128,6089.87,5574.58,181.56,43.55140625,1.4184375,2020,6,139,182,-54,1590969600000
2016,11,43,130829,1850436.25,1506718.93,189148.36,11.516704476836175,1.4457678343486535,2016,11,43,119992,10837,1477958400000
2017,11,29,50,1353.25,1210.5,63.47,24.21,1.2694,2017,11,29,738,-688,1509494400000
2017,1,96,25,714.73,607.5,64.65,24.3,2.5860000000000003,2017,1,96,151,-126,1483228800000
2019,6,253,31,1951.51,1387.76,409.25,44.766451612903225,13.201612903225806,2019,6,253,117,-86,1559347200000
2022,7,134,313,13580.619999999999,11369.28,1259.44,36.323578274760386,4.023769968051118,2022,7,134,1102,-789,1656633600000
2025,1,164,76067,1698627.32,1068288.99,199034.22,14.044053137365744,2.6165646075170574,2025,1,164,72594,3473,1735689600000
2021,3,201,123,6171.78,5145.4,313.48,41.83252032520325,2.548617886178862,2021,3,201,325,-202,1614556800000
2022,1,77,64,2052.56,1899.8500000000001,12.36,29.685156250000002,0.193125,2022,1,77,324,-260,1640995200000
2022,5,97,1825,45238.39,35643.09,5520.05,19.5304602739726,3.0246849315068496,2022,5,97,4985,-3160,1651363200000
2016,8,16,52,1213.1299999999999,994.35,136.72,19.122115384615384,2.629230769230769,2016,8,16,1642,-1590,1470009600000
2022,3,211,25596,474587.67,317050.56,62794.47,12.386722925457102,2.4532923112986404,2022,3,211,29939,-4343,1646092800000
2016,3,73,33,421.82,364.51,26.91,11.045757575757575,0.8154545454545454,2016,3,73,723,-690,1456790400000
2018,12,36,841,18281.18,15490.39,1173.64,18.419013079667064,1.3955291319857315,2018,12,36,6013,-5172,1543622400000
2022,5,178,16,391.13,340.32,22.06,21.27,1.37875,2022,5,178,319,-303,1651363200000
2023,10,243,513,18347.37,14941.46,1645.6399999999999,29.125653021442492,3.207875243664717,2023,10,243,5970,-5457,1696118400000
2025,7,198,2525,59720.24,50961.32,416.72,20.18270099009901,0.16503762376237624,2025,7,198,5253,-2728,1751328000000
2018,10,105,13,286.18,217.5,42.76,16.73076923076923,3.289230769230769,2018,10,105,8,5,1538352000000
2019,6,122,185,7517.62,6913.71,9.13,37.371405405405405,0.04935135135135135,2019,6,122,530,-345,1559347200000
2020,1,120,30,1441.42,1149.96,154.79,38.332,5.159666666666666,2020,1,120,251,-221,1577836800000
2016,2,250,140,2987.66,2551.3,214.88,18.22357142857143,1.534857142857143,2016,2,250,1116,-976,1454284800000
2018,5,116,12330,191625.22,159512.1,16392.13,12.936909975669101,1.3294509326845094,2018,5,116,28143,-15813,1525132800000
2017,8,254,63,1377.18,1177.76,57.04,18.694603174603174,0.9053968253968254,2017,8,254,906,-843,1501545600000
2024,10,136,220,7770.01,7142.21,44.36,32.46459090909091,0.20163636363636364,2024,10,136,405,-185,1727740800000
2017,11,6,50,1674.96,875.02,63.419999999999995,17.5004,1.2684,2017,11,6,179,-129,1509494400000
2024,5,133,315,11470.5,10502.97,131.37,33.3427619047619,0.41704761904761906,2024,5,133,1002,-687,1714521600000
2020,2,174,241,8161.85,7124.15,50.59,29.560788381742736,0.2099170124481328,2020,2,174,825,-584,1580515200000
2023,8,254,234,8659.86,7844.46,38.21,33.52333333333333,0.1632905982905983,2023,8,254,632,-398,1690848000000
2025,2,1,314,30798.02,26900.24,2918.49,85.66955414012739,9.294554140127389,2025,2,1,5966,-5652,1738368000000
2016,3,240,38,669.97,538.52,87.50999999999999,14.17157894736842,2.302894736842105,2016,3,240,410,-372,1456790400000
2020,6,265,475,28543.97,24410.83,2183.64,51.391221052631586,4.597136842105263,2020,6,265,1893,-1418,1590969600000
2017,3,98,46,864.33,730.06,78.08,15.87086956521739,1.6973913043478261,2017,3,98,1018,-972,1488326400000
2019,4,125,43632,790132.47,524804.83,98921.29,12.027980152181884,2.267172946461313,2019,4,125,39434,4198,1554076800000
2019,10,112,2067,39846.28,30823.87,4364.92,14.912370585389453,2.1117174649250123,2019,10,112,14953,-12886,1569888000000
2023,9,38,96,4361.53,4039.1,52.7,42.07395833333333,0.5489583333333333,2023,9,38,595,-499,1693526400000
2023,12,183,49,1969.28,1683.75,123.5,34.36224489795919,2.520408163265306,2023,12,183,160,-111,1701388800000
2022,12,122,75,2324.84,2089.39,32.55,27.85853333333333,0.43399999999999994,2022,12,122,245,-170,1669852800000
2025,10,233,46530,1113737.67,718686.94,121888.94,15.445668171072425,2.619577476896626,2025,10,233,60693,-14163,1759276800000
2016,11,97,9673,155291.86000000002,127687.97,15997.95,13.200451772976326,1.6538767703918122,2016,11,97,18036,-8363,1477958400000
2019,7,225,984,25442.15,22855.98,463.09000000000003,23.22762195121951,0.470619918699187,2019,7,225,6110,-5126,1561939200000
2022,10,93,597,38688.85,29250.88,5224.16,48.996448911222785,8.75068676716918,2022,10,93,1056,-459,1664582400000
2020,8,128,63,2298.77,2038.96,67.76,32.364444444444445,1.0755555555555556,2020,8,128,113,-50,1596240000000
2020,11,218,478,18495.48,16015.68,1332.54,33.50560669456067,2.7877405857740585,2020,11,218,607,-129,1604188800000
2016,4,134,527,14411.47,11658.1,1605.17,22.121631878557874,3.045863377609108,2016,4,134,2799,-2272,1459468800000
2019,9,10,2673,175553.0,135352.01,18497.99,50.636741488963715,6.920310512532735,2019,9,10,5993,-3320,1567296000000
2022,6,137,41931,739482.1900000001,486653.21,90984.55,11.606048269776538,2.1698635854141326,2022,6,137,44959,-3028,1654041600000
2018,5,26,455,10786.01,9783.2,189.14,21.501538461538463,0.41569230769230764,2018,5,26,2147,-1692,1525132800000
2019,1,152,6962,99353.89000000001,82188.08,7784.92,11.805239873599541,1.118201666187877,2019,1,152,12159,-5197,1546300800000
2019,5,241,311,11299.91,10115.89,269.26,32.52697749196141,0.8657877813504823,2019,5,241,1328,-1017,1556668800000
2019,9,128,54,1535.83,1306.29,66.93,24.190555555555555,1.2394444444444446,2019,9,128,408,-354,1567296000000
2020,5,188,2527,57516.79,52406.7,664.11,20.7387020182034,0.262805698456668,2020,5,188,2219,308,1588291200000
2022,9,8,29,2046.92,1473.79,343.09999999999997,50.820344827586204,11.83103448275862,2022,9,8,81,-52,1661990400000
2016,6,22,165,5770.34,5090.9,435.29,30.853939393939392,2.638121212121212,2016,6,22,2236,-2071,1464739200000
2023,8,213,249,8714.25,7751.62,135.94,31.131004016064256,0.5459437751004016,2023,8,213,683,-434,1690848000000
2019,7,33,5862,127408.36,100679.66,13101.43,17.174967587853974,2.2349761173660867,2019,7,33,17039,-11177,1561939200000
2021,8,187,3,230.41,192.1,20.06,64.03333333333333,6.6866666666666665,2021,8,187,37,-34,1627776000000
2023,5,196,203,9446.22,7901.0,715.37,38.92118226600985,3.5239901477832514,2023,5,196,1258,-1055,1682899200000
2024,9,201,127,5907.2699999999995,5337.22,73.06,42.025354330708666,0.5752755905511812,2024,9,201,443,-316,1725148800000
2024,12,198,503,15204.92,13243.28,615.71,26.328588469184893,1.224075546719682,2024,12,198,2314,-1811,1733011200000
2022,7,169,114,3207.93,2874.69,70.43,25.216578947368422,0.6178070175438597,2022,7,169,632,-518,1656633600000
2023,6,238,61325,1362489.17,901157.61,176858.25,14.694783693436609,2.8839502649816553,2023,6,238,71905,-10580,1685577600000
2019,3,240,79,2173.71,1944.24,26.67,24.610632911392404,0.33759493670886076,2019,3,240,370,-291,1551398400000
2016,10,237,432244,5405227.89,4335574.65,569364.25,10.030387119312241,1.3172288105792098,2016,10,237,380132,52112,1475280000000
2016,8,127,1128,22346.05,18676.7,1931.57,16.557358156028368,1.7123847517730495,2016,8,127,8099,-6971,1470009600000
2019,2,249,140312,2299260.75,1506441.79,287947.79000000004,10.736371728718856,2.0521964621700213,2019,2,249,113938,26374,1548979200000
2020,10,50,11887,195461.54,131450.41,21811.56,11.058333473542525,1.8349087238159334,2020,10,50,18760,-6873,1601510400000
2022,4,168,511,11993.07,10274.74,522.73,20.107123287671232,1.0229549902152641,2022,4,168,2392,-1881,1648771200000
2018,1,131,102,2198.91,1961.0,125.29,19.225490196078432,1.2283333333333335,2018,1,131,1126,-1024,1514764800000
2023,3,111,5,124.7,95.6,13.05,19.119999999999997,2.6100000000000003,2023,3,111,27,-22,1677628800000
2023,4,221,8,493.69,439.90000000000003,16.2,54.987500000000004,2.025,2023,4,221,63,-55,1680307200000
2024,10,87,23045,723649.0700000001,530004.85,80966.7,22.998691690171402,3.513417227164244,2024,10,87,32498,-9453,1727740800000
2022,9,215,470,28501.14,22375.83,2890.87,47.60814893617022,6.150787234042553,2022,9,215,903,-433,1661990400000
2025,3,108,446,13896.55,12691.46,93.58,28.456188340807174,0.2098206278026906,2025,3,108,659,-213,1740787200000
2025,11,256,6697,127797.75,93643.39,5321.03,13.982886367030014,0.79453934597581,2025,11,256,11130,-4433,1761955200000
2018,12,94,188,5256.31,4612.52,153.04,24.534680851063833,0.8140425531914893,2018,12,94,786,-598,1543622400000
2018,11,47,342,8997.45,8115.54,107.14,23.729649122807018,0.3132748538011696,2018,11,47,881,-539,1541030400000
2019,6,47,325,9278.67,8283.02,62.26,25.486215384615384,0.19156923076923077,2019,6,47,963,-638,1559347200000
2024,1,220,153,7990.02,7277.46,203.46,47.565098039215684,1.3298039215686275,2024,1,220,1141,-988,1704067200000
2024,3,191,421,17381.88,15799.07,177.59,37.52748218527316,0.4218289786223278,2024,3,191,896,-475,1709251200000
2019,8,60,160,4726.9,4230.83,22.78,26.442687499999998,0.142375,2019,8,60,665,-505,1564617600000
2024,12,46,13,641.2,599.94,0.0,46.149230769230776,0.0,2024,12,46,93,-80,1733011200000
2023,9,45,4342,126649.08,92310.88,13693.11,21.25999078765546,3.1536411791801013,2023,9,45,8046,-3704,1693526400000
2019,4,157,582,29003.26,22778.76,2735.42,39.13876288659794,4.700034364261168,2019,4,157,2373,-1791,1554076800000
2025,1,237,163704,3153010.43,1921631.12,410369.87,11.738449396471681,2.5067797365977618,2025,1,237,149970,13734,1735689600000
2022,7,190,74,1930.62,1551.68,234.94,20.96864864864865,3.174864864864865,2022,7,190,503,-429,1656633600000
2023,6,132,180399,14327575.799999999,11229832.719999999,1592229.25,62.24997211736206,8.826153415484566,2023,6,132,45437,134962,1685577600000
2023,8,125,13961,341593.01,228467.92,43808.82,16.36472458992909,3.1379428407707186,2023,8,125,13833,128,1690848000000
2016,6,63,125,3624.03,3020.51,405.01,24.164080000000002,3.24008,2016,6,63,1352,-1227,1464739200000
2019,9,154,43,2406.24,1944.25,216.13,45.21511627906977,5.026279069767441,2019,9,154,99,-56,1567296000000
2017,5,263,176644,2328066.0100000002,1839270.69,266006.8,10.412302087815041,1.5058920767192772,2017,5,263,177832,-1188,1493596800000
2022,12,33,1941,59027.56,45745.24,7931.12,23.56787223080886,4.086099948480165,2022,12,33,7966,-6025,1669852800000
2018,5,190,601,11647.06,9835.5,1123.58,16.36522462562396,1.8695174708818634,2018,5,190,2127,-1526,1525132800000
2023,6,12,1545,50647.71,38082.85,5425.56,24.649093851132687,3.5116893203883497,2023,6,12,1959,-414,1685577600000
2020,6,84,11,1090.34,950.46,24.75,86.40545454545455,2.25,2020,6,84,23,-12,1590969600000
2024,1,177,354,11518.66,10642.32,107.84,30.063050847457625,0.30463276836158193,2024,1,177,818,-464,1704067200000
2024,9,53,171,6249.03,5245.21,333.02,30.67374269005848,1.947485380116959,2024,9,53,636,-465,1725148800000
2025,3,129,4696,140218.22,117933.61,5965.49,25.113630749574106,1.2703343270868823,2025,3,129,6405,-1709,1740787200000
2020,12,177,545,17482.27,15107.18,1409.87,27.71959633027523,2.5869174311926604,2020,12,177,882,-337,1606780800000
2024,9,13,23961,766498.9,556100.58,88933.56,23.208571428571428,3.711596344059096,2024,9,13,28497,-4536,1725148800000
2019,7,86,246,13686.51,12469.95,17.6,50.69085365853659,0.07154471544715447,2019,7,86,1034,-788,1561939200000
2017,10,142,298445,4105049.0800000005,3268788.79,468194.14,10.952734306153562,1.5687786359295683,2017,10,142,263879,34566,1506816000000
2017,7,35,93,1801.39,1394.6,162.15,14.995698924731181,1.7435483870967743,2017,7,35,1247,-1154,1498867200000
2020,5,182,303,8523.68,7475.06,149.5,24.670165016501652,0.4933993399339934,2020,5,182,534,-231,1588291200000
2020,12,198,254,8031.54,6806.72,656.03,26.798110236220474,2.582795275590551,2020,12,198,790,-536,1606780800000
2021,8,162,88497,1458823.49,933973.58,186901.85,10.553731538922223,2.11195690249387,2021,8,162,72199,16298,1627776000000
2021,9,236,129247,2118988.4,1370357.83,275378.89,10.602627759251666,2.130640479082687,2021,9,236,130087,-840,1630454400000
2022,1,260,597,14632.98,11703.01,1235.61,19.603031825795647,2.069698492462311,2022,1,260,2490,-1893,1640995200000
2019,1,5,5,440.64,376.0,19.32,75.2,3.864,2019,1,5,50,-45,1546300800000
2021,4,247,763,19084.96,16156.54,422.29,21.175019659239844,0.5534600262123198,2021,4,247,1676,-913,1617235200000
2017,3,185,75,1412.06,1103.0,164.05,14.706666666666667,2.1873333333333336,2017,3,185,1208,-1133,1488326400000
2018,12,255,6954,115164.86,92607.47,13139.369999999999,13.317151279838942,1.889469370146678,2018,12,255,19407,-12453,1543622400000
2016,2,52,6847,125668.01,101824.4,15912.56,14.871388929458156,2.3240192785161384,2016,2,52,9814,-2967,1454284800000
2017,1,165,133,2658.09,2312.3,144.81,17.385714285714286,1.088796992481203,2017,1,165,1871,-1738,1483228800000
2018,1,226,15412,261946.98,219910.19,21542.67,14.2687639501687,1.3977854918245523,2018,1,226,21826,-6414,1514764800000
2019,4,195,739,23105.47,19107.41,1264.22,25.85576454668471,1.7107171853856564,2019,4,195,3444,-2705,1554076800000
2020,11,28,216,8493.66,7058.57,682.57,32.67856481481481,3.1600462962962967,2020,11,28,569,-353,1604188800000
2016,4,143,124046,1658966.1300000001,1327841.87,185447.2,10.704431178756268,1.494987343404866,2016,4,143,134454,-10408,1459468800000
2021,3,223,624,20339.03,16004.36,1364.27,25.64801282051282,2.186330128205128,2021,3,223,2833,-2209,1614556800000
2021,12,27,6,350.84000000000003,299.69,15.0,49.94833333333333,2.5,2021,12,27,56,-50,1638316800000
2024,11,179,1053,29111.48,24911.59,888.18,23.657730294396963,0.8434757834757834,2024,11,179,2913,-1860,1730419200000
2021,3,106,250,6879.88,5913.08,212.03,23.65232,0.84812,2021,3,106,653,-403,1614556800000
2024,6,148,41262,1039255.03,734259.78,111638.75,17.79506034608114,2.7056068537637534,2024,6,148,40886,376,1717200000000
2016,7,241,112,1894.3,1603.34,145.9,14.315535714285714,1.3026785714285716,2016,7,241,1923,-1811,1467331200000
2019,11,23,55,4039.64,3675.35,66.47,66.82454545454546,1.2085454545454546,2019,11,23,208,-153,1572566400000
2019,6,229,130910,2482600.76,1749133.93,249022.33,13.361346955923917,1.9022406997173629,2019,6,229,125922,4988,1559347200000
2019,6,123,393,9951.4,8901.52,163.82,22.65017811704835,0.4168447837150127,2019,6,123,1201,-808,1559347200000
2024,6,127,381,13130.3,11603.2,415.36,30.45459317585302,1.0901837270341208,2024,6,127,2805,-2424,1717200000000
2025,3,54,402,11505.15,8867.08,426.51,22.057412935323384,1.0609701492537313,2025,3,54,971,-569,1740787200000
2023,1,184,2,61.5,55.0,0.0,27.5,0.0,2023,1,184,22,-20,1672531200000
2025,3,144,48061,1096262.3,726426.74,107907.33,15.114682174736272,2.245216079565552,2025,3,144,43711,4350,1740787200000
2025,11,108,515,18846.11,17881.8,28.74,34.721941747572814,0.055805825242718446,2025,11,108,693,-178,1761955200000
2017,6,39,212,5693.84,4309.55,885.94,20.32806603773585,4.178962264150944,2017,6,39,1746,-1534,1496275200000
2017,1,164,227779,3200852.44,2520830.95,359070.73,11.067003323396802,1.5763996241971383,2017,1,164,197259,30520,1483228800000
2025,9,235,1014,31465.28,29015.17,82.34,28.614566074950687,0.08120315581854044,2025,9,235,1648,-634,1756684800000
2022,2,21,61,2560.52,2310.84,44.730000000000004,37.88262295081967,0.7332786885245902,2022,2,21,323,-262,1643673600000
2019,7,209,14986,347239.88,253534.9,36255.8,16.918116909115174,2.4193113572667824,2019,7,209,19306,-4320,1561939200000
2021,1,254,549,19560.58,16587.93,859.02,30.2148087431694,1.5646994535519125,2021,1,254,920,-371,1609459200000
2017,6,121,63,1175.09,994.0,79.86,15.777777777777779,1.2676190476190476,2017,6,121,1306,-1243,1496275200000
2019,2,210,537,20098.32,18573.3,50.1,34.58715083798882,0.09329608938547486,2019,2,210,1441,-904,1548979200000
2023,1,69,173,5625.62,4931.57,226.0,28.506184971098264,1.30635838150289,2023,1,69,1079,-906,1672531200000
2020,2,149,187,5636.75,4916.19,89.63,26.289786096256684,0.47930481283422455,2020,2,149,867,-680,1580515200000
2025,1,246,65128,1457311.06,928523.44,169170.49,14.25690087212873,2.597507830733325,2025,1,246,68290,-3162,1735689600000
2018,9,222,262,9695.72,8782.93,134.04,33.52263358778626,0.5116030534351145,2018,9,222,551,-289,1535760000000
2024,8,4,4810,112200.21,82607.66,8730.21,17.17414968814969,1.8150124740124738,2024,8,4,12117,-7307,1722470400000
2017,9,151,75648,1013956.37,814739.45,108463.5,10.770138668570219,1.4337920368020305,2017,9,151,70156,5492,1504224000000
2021,3,171,172,7016.55,5838.96,123.31,33.94744186046512,0.7169186046511627,2021,3,171,447,-275,1614556800000
2017,5,244,10959,200213.49,166274.86,19114.27,15.172448216078108,1.7441618760835844,2017,5,244,37593,-26634,1493596800000
2022,2,232,3817,82719.08,58936.38,10218.35,15.440497773120251,2.6770631385905164,2022,2,232,14389,-10572,1643673600000
2024,11,217,345,10108.23,9114.28,240.65,26.418202898550728,0.697536231884058,2024,11,217,1470,-1125,1730419200000
2020,2,244,6519,126736.2,102587.61,10262.76,15.736709618039576,1.574284399447768,2020,2,244,21047,-14528,1580515200000
2023,2,57,6,171.05,145.5,10.0,24.25,1.6666666666666667,2023,2,57,36,-30,1675209600000
2025,3,211,36163,840443.99,555627.18,87053.5,15.364521195697261,2.4072532699167657,2025,3,211,36457,-294,1740787200000
2020,6,236,23100,337975.44,217603.52,38915.53,9.4200658008658,1.6846549783549782,2020,6,236,22258,842,1590969600000
2017,9,27,2,80.92,71.0,3.0,35.5,1.5,2017,9,27,84,-82,1504224000000
2020,10,84,3,117.75,104.71,0.0,34.90333333333333,0.0,2020,10,84,20,-17,1601510400000
2020,10,77,443,14658.38,12552.69,1087.22,28.33564334085779,2.4542212189616253,2020,10,77,668,-225,1601510400000
2019,1,179,3887,56076.48,47519.91,3599.61,12.225343452534089,0.9260638024183175,2019,1,179,9004,-5117,1546300800000
2017,3,219,490,28799.71,23783.81,2773.44,48.53838775510204,5.660081632653061,2017,3,219,1812,-1322,1488326400000
2020,7,166,6646,106289.09,81548.39,10096.16,12.270296418898585,1.5191333132711404,2020,7,166,7520,-874,1593561600000
2025,8,238,54606,1117246.45,733711.99,119732.76,13.436471999413984,2.1926667399186903,2025,8,238,60095,-5489,1754006400000
2017,5,245,6,475.96,454.38,0.0,75.73,0.0,2017,5,245,123,-117,1493596800000
2025,10,70,11804,742249.33,489418.51,100248.39,41.46208996950187,8.492747373771603,2025,10,70,2526,9278,1759276800000
2024,7,12,2311,73286.84,54856.69,7961.54,23.737209000432713,3.445062743401125,2024,7,12,3013,-702,1719792000000
2016,5,41,41229,566148.3200000001,460765.83,52797.14,11.175770210288874,1.2805825996264766,2016,5,41,75591,-34362,1462060800000
2022,7,260,741,23162.01,16373.210000000001,2222.32,22.096099865047236,2.9990823211875846,2022,7,260,2801,-2060,1656633600000
2023,9,232,3784,110289.98,80981.03,11840.6,21.40090644820296,3.1291226215644823,2023,9,232,13518,-9734,1693526400000
2023,7,188,436,13741.86,12002.56,634.15,27.52880733944954,1.4544724770642201,2023,7,188,2612,-2176,1688169600000
2025,9,219,1040,58058.39,49320.44,4537.82,47.423500000000004,4.3632884615384615,2025,9,219,1992,-952,1756684800000
2019,1,165,659,19636.82,17626.74,202.39000000000001,26.747708649468894,0.3071168437025797,2019,1,165,2246,-1587,1546300800000
2023,7,74,6247,129885.93,99171.62,10047.55,15.875079238034255,1.608380022410757,2023,7,74,19776,-13529,1688169600000
2018,6,144,89356,1358552.55,1096517.87,151323.36,12.271340145037827,1.693488517838757,2018,6,144,79117,10239,1527811200000
2020,12,76,1677,54246.59,46676.25,4427.34,27.833184257602863,2.640035778175313,2020,12,76,2351,-674,1606780800000
2022,5,113,45514,827016.91,544429.34,112188.0,11.961799446324207,2.4649118952410247,2022,5,113,41893,3621,1651363200000
2017,9,164,219905,3322499.02,2637393.18,363985.06,11.993329756031015,1.6551922875787273,2017,9,164,195382,24523,1504224000000
2017,11,259,41,975.88,839.3,85.91,20.47073170731707,2.0953658536585364,2017,11,259,827,-786,1509494400000
2018,6,91,430,13723.81,12489.44,242.4,29.04520930232558,0.5637209302325582,2018,6,91,1761,-1331,1527811200000
2019,6,19,149,5104.34,4608.46,113.5,30.929261744966443,0.761744966442953,2019,6,19,592,-443,1559347200000
2021,10,145,3330,56115.17,42541.73,5440.4,12.775294294294294,1.6337537537537536,2021,10,145,10959,-7629,1633046400000
2016,2,91,176,5252.17,4560.46,460.09000000000003,25.911704545454544,2.6141477272727274,2016,2,91,1965,-1789,1454284800000
2019,10,78,333,10354.06,8890.23,80.45,26.697387387387387,0.2415915915915916,2019,10,78,793,-460,1569888000000
2023,7,116,1977,53519.84,42529.75,4514.22,21.512266059686393,2.2833687405159333,2023,7,116,6541,-4564,1688169600000
2023,9,113,39028,922986.51,615781.78,118856.62,15.777948652249668,3.045419186225274,2023,9,113,36398,2630,1693526400000
2025,9,111,20,616.97,516.9,13.120000000000001,25.845,0.656,2025,9,111,46,-26,1756684800000
2024,7,24,6785,149487.38999999998,108142.89,16790.99,15.938524686809139,2.4747221812822406,2024,7,24,9019,-2234,1719792000000
2021,12,224,4966,95448.75,64383.06,11991.82,12.964772452678211,2.414784534836891,2021,12,224,12035,-7069,1638316800000
2022,11,215,469,27478.489999999998,21350.010000000002,2813.7,45.52240938166312,5.999360341151386,2022,11,215,960,-491,1667260800000
2023,4,138,112090,7214106.46,4684084.3100000005,954492.9299999999,41.788601213310734,8.515415558925863,2023,4,138,41093,70997,1680307200000
2024,11,132,162324,12396488.82,9560049.03,1502622.3599999999,58.894858616101125,9.256932801064536,2024,11,132,40257,122067,1730419200000
2018,7,71,318,8089.35,7372.24,121.39,23.18314465408805,0.38172955974842765,2018,7,71,1756,-1438,1530403200000
2021,6,249,57574,1000211.82,650067.77,135501.5,11.290995414596868,2.3535189495258275,2021,6,249,49504,8070,1622505600000
2022,2,227,44,1804.6499999999999,1494.1100000000001,174.54,33.95704545454546,3.966818181818182,2022,2,227,489,-445,1643673600000
2018,6,8,112,3561.51,2684.0,454.0,23.964285714285715,4.053571428571429,2018,6,8,189,-77,1527811200000
2022,2,205,140,5805.73,5409.33,27.95,38.63807142857143,0.19964285714285715,2022,2,205,754,-614,1643673600000
2019,1,94,203,5917.6,5234.39,11.54,25.785172413793106,0.05684729064039409,2019,1,94,693,-490,1546300800000
2021,4,53,111,4592.8,3976.48,61.47,35.82414414414414,0.5537837837837838,2021,4,53,372,-261,1617235200000
2022,10,248,67,2223.18,1993.03,18.6,29.74671641791045,0.2776119402985075,2022,10,248,288,-221,1664582400000
2023,9,112,757,25733.77,20599.25,2491.75,27.211690885072656,3.2916116248348746,2023,9,112,6175,-5418,1693526400000
2025,6,215,1867,66574.97,58210.62,2785.14,31.178693090519552,1.4917728976968399,2025,6,215,2279,-412,1748736000000
2025,9,218,938,34834.53,31838.41,264.08,33.942867803837956,0.28153518123667376,2025,9,218,1894,-956,1756684800000
2022,5,21,70,2234.96,1968.8700000000001,109.99,28.126714285714286,1.5712857142857142,2022,5,21,449,-379,1651363200000
2016,9,215,923,54830.89,44600.94,5008.29,48.32171180931745,5.426099674972915,2016,9,215,1075,-152,1472688000000
2022,9,230,96903,2172395.9899999998,1479088.43,273353.5,15.263597927824732,2.8208982178054343,2022,9,230,94791,2112,1661990400000
2023,6,85,141,5117.96,4466.12,192.39,31.674609929078013,1.3644680851063828,2023,6,85,774,-633,1685577600000
2025,4,48,95645,2196287.61,1409832.42,253517.06,14.740262637879658,2.6506044226044225,2025,4,48,92359,3286,1743465600000
2021,8,79,80173,1431696.94,941888.48,187422.63999999998,11.74820051638332,2.337727663926758,2021,8,79,64358,15815,1627776000000
2018,9,95,1391,36905.31,30828.61,2465.4900000000002,22.162911574406902,1.7724586628324948,2018,9,95,9787,-8396,1535760000000
2022,10,11,27,1374.2,1247.29,61.50999999999999,46.19592592592593,2.278148148148148,2022,10,11,231,-204,1664582400000
2022,1,56,90,3873.1099999999997,3110.84,332.17,34.56488888888889,3.690777777777778,2022,1,56,779,-689,1640995200000
2017,11,73,27,502.06,430.8,32.14,15.955555555555556,1.1903703703703703,2017,11,73,453,-426,1509494400000
2016,6,242,104,1779.23,1503.55,99.48,14.457211538461538,0.9565384615384616,2016,6,242,1237,-1133,1464739200000
2017,5,87,79713,1717952.02,1391840.2,212536.06,17.46064255516666,2.6662659792003813,2017,5,87,83293,-3580,1493596800000
2020,4,60,66,1331.41,1105.21,94.08,16.74560606060606,1.4254545454545455,2020,4,60,159,-93,1585699200000
2018,10,21,351,12425.75,10952.91,340.65,31.204871794871796,0.9705128205128204,2018,10,21,1234,-883,1538352000000
2016,2,205,45,1004.18,782.0,157.6,17.377777777777776,3.502222222222222,2016,2,205,1108,-1063,1454284800000
2021,6,195,169,6165.55,4915.22,341.08,29.08414201183432,2.0182248520710058,2021,6,195,903,-734,1622505600000
2020,3,73,33,711.39,643.04,12.319999999999999,19.486060606060605,0.3733333333333333,2020,3,73,178,-145,1583020800000
2022,6,22,65,2407.64,2185.34,49.85,33.620615384615384,0.7669230769230769,2022,6,22,585,-520,1654041600000
2020,3,198,165,3567.21,3107.35,117.23,18.832424242424242,0.7104848484848485,2020,3,198,1590,-1425,1583020800000
2023,5,240,11,526.39,447.38,28.81,40.67090909090909,2.619090909090909,2023,5,240,127,-116,1682899200000
2016,11,15,17,723.76,632.08,51.5,37.18117647058824,3.0294117647058822,2016,11,15,826,-809,1477958400000
2022,7,87,20954,513438.55,366104.87,65043.37,17.471836880786483,3.104102796602081,2022,7,87,25738,-4784,1656633600000
2020,12,64,108,5276.84,4553.33,272.58,42.16046296296296,2.5238888888888886,2020,12,64,163,-55,1606780800000
2023,9,255,1408,45085.93,35370.02,4724.23,25.120752840909088,3.3552769886363634,2023,9,255,7458,-6050,1693526400000
2024,6,156,4,66.6,49.72,0.0,12.43,0.0,2024,6,156,37,-33,1717200000000
2016,2,3,45,887.25,744.8,87.37,16.55111111111111,1.9415555555555557,2016,2,3,664,-619,1454284800000
2024,10,209,8631,258954.19,189335.41999999998,28604.82,21.93667245973815,3.3141953423705246,2024,10,209,11460,-2829,1727740800000
2025,10,7,7939,173035.53,133430.65,4360.84,16.806984506864843,0.5492933618843683,2025,10,7,12480,-4541,1759276800000
2017,10,53,67,1603.48,1412.0,87.39,21.074626865671643,1.3043283582089553,2017,10,53,992,-925,1506816000000
2020,7,230,11272,179316.71,119574.17,18157.23,10.608070440028389,1.6108259403832506,2020,7,230,9135,2137,1593561600000
2019,7,222,406,14361.32,13047.1,139.45999999999998,32.135714285714286,0.34349753694581275,2019,7,222,754,-348,1561939200000
2024,7,215,680,35982.36,30042.35,2773.39,44.179926470588235,4.078514705882353,2024,7,215,1187,-507,1719792000000
2020,11,155,407,14368.62,12542.18,1038.46,30.816167076167076,2.5514987714987716,2020,11,155,635,-228,1604188800000
2017,8,210,35,1677.57,1461.7,102.25999999999999,41.76285714285714,2.9217142857142853,2017,8,210,993,-958,1501545600000
2021,2,90,25963,393755.4,250147.62,49213.86,9.634773331279128,1.8955382659939144,2021,2,90,19545,6418,1612137600000
2020,2,22,243,8122.72,7224.89,53.31,29.732057613168724,0.21938271604938273,2020,2,22,1190,-947,1580515200000
2021,3,167,564,16706.72,13739.35,502.77,24.360549645390073,0.8914361702127659,2021,3,167,1250,-686,1614556800000
2016,3,149,90,1458.76,1189.0,142.1,13.21111111111111,1.5788888888888888,2016,3,149,1469,-1379,1456790400000
2023,8,258,110,3827.7599999999998,3408.68,137.32999999999998,30.988,1.2484545454545453,2023,8,258,918,-808,1690848000000
2024,9,118,17,853.9300000000001,674.51,29.0,39.677058823529414,1.7058823529411764,2024,9,118,86,-69,1725148800000
2019,1,47,380,10759.99,9789.75,70.47,25.7625,0.18544736842105264,2019,1,47,1089,-709,1546300800000
2017,7,24,22903,324237.69,261661.01,33902.43,11.42474828625071,1.4802615377898092,2017,7,24,25219,-2316,1498867200000
2018,8,178,178,4073.79,3400.37,218.64,19.10320224719101,1.228314606741573,2018,8,178,702,-524,1533081600000
2020,6,43,7920,121090.58,80170.41,14735.6,10.122526515151515,1.8605555555555555,2020,6,43,6267,1653,1590969600000
2017,3,229,195358,2634480.98,2093419.11,298554.9,10.715809488221625,1.528245068028952,2017,3,229,178920,16438,1488326400000
2024,4,164,78804,1916779.39,1280875.44,229615.16,16.253939393939394,2.913750063448556,2024,4,164,75070,3734,1711929600000
2017,1,30,2,323.95,240.0,74.72999999999999,120.0,37.364999999999995,2017,1,30,30,-28,1483228800000
2018,8,227,209,5962.82,5277.82,222.82,25.25272727272727,1.0661244019138756,2018,8,227,1926,-1717,1533081600000
2022,10,168,508,11887.47,10082.03,591.89,19.846515748031496,1.1651377952755906,2022,10,168,2325,-1817,1664582400000
2017,3,224,30068,421229.23,337111.98,48659.28,11.211652920047891,1.6183078355727019,2017,3,224,46054,-15986,1488326400000
2016,11,32,36,795.1,675.0,50.16,18.75,1.3933333333333333,2016,11,32,708,-672,1477958400000
2022,5,125,18296,363763.30999999994,244284.76,49197.88,13.351812418014868,2.688996501967643,2022,5,125,16440,1856,1651363200000
2018,10,158,78792,1217349.66,964436.81,148233.06,12.240288481064068,1.8813212001218398,2018,10,158,85567,-6775,1538352000000
2019,3,172,8,442.25,394.8,15.2,49.35,1.9,2019,3,172,101,-93,1551398400000
2020,9,249,24753,399228.58,257720.09,51431.200000000004,10.411670908576738,2.07777643113966,2020,9,249,20515,4238,1598918400000
2019,1,148,87801,1322851.54,1054416.75,157452.02000000002,12.009165613147914,1.7932827644332072,2019,1,148,71281,16520,1546300800000
2016,11,223,6312,117449.92,92696.93,11193.12,14.685825411913815,1.7733079847908746,2016,11,223,21448,-15136,1477958400000
2022,6,125,17805,357709.0,240555.13,48841.87,13.51053805110924,2.7431547318169054,2022,6,125,16045,1760,1654041600000
2024,5,170,105752,2577757.08,1726887.41,318029.88,16.329595752326195,3.0073178757848553,2024,5,170,108172,-2420,1714521600000
2023,4,79,80062,1845041.0999999999,1217386.22,240189.94,15.205543453823287,3.0000492118608078,2023,4,79,66758,13304,1680307200000
2017,5,46,9,546.75,458.0,68.53,50.888888888888886,7.614444444444445,2017,5,46,150,-141,1493596800000
2025,3,237,170961,3446554.86,2136349.62,437170.31,12.496122624458211,2.5571347266335596,2025,3,237,154776,16185,1740787200000
2017,11,60,75,1276.75,1102.0,68.02,14.693333333333333,0.9069333333333333,2017,11,60,501,-426,1509494400000
2017,11,155,74,2070.21,1782.95,172.49,24.09391891891892,2.3309459459459463,2017,11,155,932,-858,1509494400000
2025,6,14,2241,66424.82,57069.54,447.82,25.46610441767068,0.19983043284248103,2025,6,14,4863,-2622,1748736000000
2023,10,37,567,18621.37,15807.64,1248.46,27.879435626102293,2.2018694885361554,2023,10,37,3633,-3066,1696118400000
2020,10,229,38563,569608.0099999999,362865.07,69249.24,9.409669112880222,1.7957430697819154,2020,10,229,37448,1115,1601510400000
2021,8,93,403,23305.61,18070.52,2682.96,44.84,6.657468982630273,2021,8,93,1125,-722,1627776000000
2016,8,48,319463,4677623.12,3802153.23,453571.97,11.901701386389034,1.4197949997339283,2016,8,48,278305,41158,1470009600000
2021,12,188,452,18138.55,15767.66,847.5699999999999,34.884203539823005,1.875154867256637,2021,12,188,2424,-1972,1638316800000
2016,8,211,90496,1354982.51,1097299.0,145442.39,12.125386757425742,1.6071692671499294,2016,8,211,91224,-728,1470009600000
2023,6,26,111,4274.7699999999995,3768.79,113.53,33.95306306306306,1.022792792792793,2023,6,26,912,-801,1685577600000
2016,12,33,11212,211280.13,172932.05,25663.41,15.423836068498037,2.2889234748483767,2016,12,33,28645,-17433,1480550400000
2020,7,204,8,623.1,585.71,13.75,73.21375,1.71875,2020,7,204,11,-3,1593561600000
2018,11,238,167354,2205103.85,1744207.74,260465.43000000002,10.42226501906139,1.5563740932394805,2018,11,238,181185,-13831,1541030400000
2020,10,241,244,8640.92,7417.66,607.29,30.400245901639344,2.4888934426229508,2020,10,241,657,-413,1601510400000
2023,7,175,40,1271.61,1128.45,35.76,28.21125,0.8939999999999999,2023,7,175,387,-347,1688169600000
2023,10,229,63977,1432615.3,942522.33,182992.03,14.732205792706754,2.860278381293277,2023,10,229,72050,-8073,1696118400000
2023,12,126,131,4733.12,4332.25,52.95,33.0706106870229,0.4041984732824428,2023,12,126,332,-201,1701388800000
2020,6,185,342,10578.42,9119.26,394.04,26.66450292397661,1.1521637426900586,2020,6,185,444,-102,1590969600000
2017,5,68,230334,3385659.36,2691822.2,387041.76,11.686603801436176,1.6803501002891454,2017,5,68,215805,14529,1493596800000
2017,6,17,3041,42451.73,34999.42,3558.39,11.509181190397895,1.1701381124630055,2017,6,17,16243,-13202,1496275200000
2018,3,52,5775,100125.94,80809.6,13001.45,13.99300432900433,2.2513333333333336,2018,3,52,7948,-2173,1519862400000
2017,5,43,145884,2032505.97,1646856.59,211539.87,11.288808848125909,1.4500553179238298,2017,5,43,123161,22723,1493596800000
2025,10,54,498,12172.73,8549.1,624.12,17.16686746987952,1.2532530120481928,2025,10,54,1072,-574,1759276800000
2023,11,119,172,5886.08,5299.78,120.09,30.81267441860465,0.6981976744186047,2023,11,119,498,-326,1698796800000
2016,1,94,74,1194.76,1033.8,49.66,13.97027027027027,0.671081081081081,2016,1,94,767,-693,1451606400000
2017,12,153,90,1280.48,1110.0,68.63,12.333333333333334,0.7625555555555555,2017,12,153,395,-305,1512086400000
2021,6,33,2122,53219.49,41268.11,6337.94,19.447742695570216,2.9867766258246933,2021,6,33,7226,-5104,1622505600000
2021,11,225,406,14321.3,12246.78,740.52,30.164482758620693,1.8239408866995073,2021,11,225,2949,-2543,1635724800000
2022,9,66,1366,35884.66,27800.2,4528.17,20.351537335285506,3.3149121522694,2022,9,66,4577,-3211,1661990400000
2019,4,24,21772,339675.84,245056.72,37471.79,11.25559066691163,1.7211000367444425,2019,4,24,25574,-3802,1554076800000
2019,10,145,10242,235540.85,179726.56,23828.67,17.547994532317908,2.3265641476274164,2019,10,145,23754,-13512,1569888000000
2021,9,182,233,9126.28,7637.84,100.73,32.780429184549355,0.43231759656652363,2021,9,182,566,-333,1630454400000
2016,3,247,2168,35361.14,29590.26,2606.13,13.648643911439114,1.202089483394834,2016,3,247,4969,-2801,1456790400000
2019,2,58,21,706.56,619.57,12.559999999999999,29.503333333333337,0.598095238095238,2019,2,58,165,-144,1548979200000
2022,6,195,172,6351.94,4838.98,829.76,28.133604651162788,4.8241860465116275,2022,6,195,1015,-843,1654041600000
2023,9,242,180,5186.58,4687.74,40.79,26.043,0.2266111111111111,2023,9,242,572,-392,1693526400000
2016,6,82,3532,61142.35,50537.05,4570.56,14.30833805209513,1.2940430351075878,2016,6,82,11098,-7566,1464739200000
2023,10,207,288,3546.0,2676.5,314.85,9.293402777777779,1.0932291666666667,2023,10,207,271,17,1696118400000
2019,6,261,40967,986372.0599999999,714909.14,109224.53,17.450854102082165,2.6661588595698977,2019,6,261,33144,7823,1559347200000
2024,10,233,43429,1095798.34,740544.81,131071.72,17.051850376476548,3.0180690322134978,2024,10,233,55071,-11642,1727740800000
2016,1,64,32,1480.47,1271.01,148.12,39.7190625,4.62875,2016,1,64,761,-729,1451606400000
2019,8,136,324,10262.54,9257.47,119.35000000000001,28.572438271604938,0.36836419753086425,2019,8,136,1132,-808,1564617600000
2022,4,220,133,3664.06,3057.53,256.38,22.988947368421055,1.9276691729323308,2022,4,220,1567,-1434,1648771200000
2016,8,143,95094,1254893.26,1002534.2,138581.01,10.542559993269817,1.457305508233958,2016,8,143,102494,-7400,1470009600000
2021,3,127,465,14175.86,11989.42,579.1,25.783698924731183,1.2453763440860215,2021,3,127,1881,-1416,1614556800000
2018,9,161,270989,4204177.129999999,3331064.16,490302.44,12.292248615257446,1.80930753646827,2018,9,161,273607,-2618,1535760000000
2016,12,235,276,4387.42,3891.0,139.34,14.097826086956522,0.5048550724637682,2016,12,235,1945,-1669,1480550400000
2016,11,211,86405,1314057.34,1064297.22,144417.61,12.317542040391182,1.6714033910074646,2016,11,211,88547,-2142,1477958400000
2020,7,133,199,6725.54,6031.15,245.42,30.3072864321608,1.2332663316582915,2020,7,133,406,-207,1593561600000
2022,10,124,76,4358.97,3595.4500000000003,446.42,47.30855263157895,5.873947368421053,2022,10,124,639,-563,1664582400000
2022,12,99,4,345.81,252.8,0.0,63.2,0.0,2022,12,99,8,-4,1669852800000
2024,5,189,740,23364.23,20527.21,1075.67,27.739472972972973,1.4536081081081083,2024,5,189,3143,-2403,1714521600000
2018,7,48,259273,3769016.33,3044421.44,382153.24,11.742146077686455,1.4739415210993816,2018,7,48,230085,29188,1530403200000
2020,10,135,278,10920.99,9245.87,618.11,33.258525179856115,2.2234172661870506,2020,10,135,640,-362,1601510400000
2023,8,257,72,2963.59,2390.3,291.8,33.19861111111111,4.052777777777778,2023,8,257,1264,-1192,1690848000000
2017,6,105,14,354.15999999999997,281.5,41.5,20.107142857142858,2.9642857142857144,2017,6,105,8,6,1496275200000
2023,4,226,2420,78075.98,62385.88,7607.2,25.779289256198346,3.143471074380165,2023,4,226,6204,-3784,1680307200000
2024,11,165,536,15269.23,14172.29,124.77000000000001,26.440839552238806,0.23277985074626867,2024,11,165,1184,-648,1730419200000
2025,7,246,71061,1663240.33,1095639.41,167700.64,15.418294282377111,2.3599532795767018,2025,7,246,75759,-4698,1751328000000
2021,8,42,5328,102238.47,83295.05,6412.66,15.633455330330332,1.2035773273273274,2021,8,42,15268,-9940,1627776000000
2020,2,220,286,8580.91,7335.81,268.43,25.649685314685318,0.9385664335664335,2020,2,220,2736,-2450,1580515200000
2025,3,262,52536,1120877.35,736533.73,120943.41,14.019600464443428,2.3021054134307906,2025,3,262,56810,-4274,1740787200000
2019,8,210,339,13034.29,11751.86,89.22,34.66625368731564,0.2631858407079646,2019,8,210,1228,-889,1564617600000
2025,9,130,4122,121106.77,105949.18,2777.24,25.703343037360504,0.6737603105288694,2025,9,130,5160,-1038,1756684800000
2020,3,243,697,15327.99,12768.31,1138.74,18.318952654232422,1.6337733142037303,2020,3,243,6268,-5571,1583020800000
2021,2,113,18342,289309.37,186502.22,36949.3,10.168041653036747,2.0144640715298223,2021,2,113,16434,1908,1612137600000
2022,3,118,20,819.42,654.3000000000001,37.17,32.715,1.8585,2022,3,118,58,-38,1646092800000
2020,10,16,153,6272.66,5516.93,409.01,36.0583660130719,2.673267973856209,2020,10,16,335,-182,1601510400000
2016,11,106,2025,32630.15,26115.65,3662.98,12.896617283950619,1.808879012345679,2016,11,106,5675,-3650,1477958400000
2021,3,29,319,12962.24,11320.63,225.35999999999999,35.487868338557995,0.7064576802507837,2021,3,29,551,-232,1614556800000
2025,3,127,1276,33825.7,29427.25,468.97,23.06210815047022,0.36753134796238246,2025,3,127,5592,-4316,1740787200000
2020,7,41,8175,119506.43000000001,95929.96,8823.85,11.734551681957187,1.0793700305810399,2020,7,41,11593,-3418,1593561600000
2018,9,85,347,9593.66,8569.23,286.46,24.695187319884724,0.8255331412103746,2018,9,85,1404,-1057,1535760000000
2024,5,114,50804,1163103.82,786063.4299999999,135655.97,15.472471262105344,2.670182859617353,2024,5,114,36780,14024,1714521600000
2019,11,141,163593,2497805.55,1610286.14,294591.72000000003,9.84324598240756,1.8007599347160332,2019,11,141,171695,-8102,1572566400000
2018,2,252,61,3001.39,2564.01,273.77,42.03295081967214,4.488032786885245,2018,2,252,1125,-1064,1517443200000
2017,5,163,266272,4097817.4,3271147.25,454918.24,12.284983963766374,1.708471938468934,2017,5,163,246092,20180,1493596800000
2017,6,221,6,436.54,354.32,75.92,59.053333333333335,12.653333333333334,2017,6,221,193,-187,1496275200000
2020,4,155,67,1969.13,1712.61,129.64,25.561343283582087,1.934925373134328,2020,4,155,97,-30,1585699200000
2024,11,30,7,185.88,165.38,0.0,23.625714285714285,0.0,2024,11,30,38,-31,1730419200000
2017,4,148,151212,2406758.08,1942623.36,273959.52,12.847018490595985,1.811757797000238,2017,4,148,104168,47044,1491004800000
2025,4,196,1092,35552.05,30272.46,1555.78,27.722032967032966,1.4247069597069597,2025,4,196,1872,-780,1743465600000
2019,1,149,384,11611.52,10500.15,58.58,27.344140624999998,0.15255208333333334,2019,1,149,1240,-856,1546300800000
2020,10,246,15322,254177.80000000002,167116.32,31524.45,10.90695209502676,2.057463124918418,2020,10,246,22204,-6882,1601510400000
2020,5,151,7099,97046.44,71893.82,8964.26,10.12731652345401,1.2627496830539513,2020,5,151,5519,1580,1588291200000
2021,1,94,185,5725.46,4872.02,244.32,26.335243243243244,1.3206486486486486,2021,1,94,367,-182,1609459200000
2018,4,225,987,19395.95,16703.02,1322.27,16.923019250253294,1.3396859169199595,2018,4,225,9069,-8082,1522540800000
2021,8,137,41677,711394.53,467793.88,81659.79,11.224269501163711,1.9593490414377233,2021,8,137,42102,-425,1627776000000
2017,11,132,211805,12067053.71,9878368.73,1287280.13,46.6389779750242,6.077666391256107,2017,11,132,80327,131478,1509494400000
2022,6,96,8,291.92,231.0,35.97,28.875,4.49625,2022,6,96,93,-85,1654041600000
2022,7,253,14,744.28,620.29,57.44,44.30642857142857,4.102857142857142,2022,7,253,53,-39,1656633600000
2020,5,107,7889,126689.91,85776.55,12860.33,10.87293066294841,1.6301597160603372,2020,5,107,5707,2182,1588291200000
2017,3,193,5809,67435.56,58354.88,3359.81,10.045598209674642,0.578380099845068,2017,3,193,7600,-1791,1488326400000
2020,1,167,373,10675.15,9123.68,63.35,24.460268096514746,0.1698391420911528,2020,1,167,1151,-778,1577836800000
2018,9,151,71233,964723.68,773928.52,105989.7,10.864746957168729,1.4879297516600452,2018,9,151,68981,2252,1535760000000
2022,4,115,2,193.07,171.37,5.0,85.685,2.5,2022,4,115,40,-38,1648771200000
2021,6,88,7282,176170.69,127472.23,20586.03,17.505112606426806,2.826974732216424,2021,6,88,8565,-1283,1622505600000
2025,1,70,9899,589620.17,380120.47,79109.57,38.39988584705525,7.9916728962521475,2025,1,70,1533,8366,1735689600000
2019,5,132,246409,14019127.73,11200618.88,1480285.8699999999,45.45539684021282,6.007434265793862,2019,5,132,77123,169286,1556668800000
2019,11,223,3318,109018.52,83637.2,11245.31,25.207112718505122,3.38918324291742,2019,11,223,12446,-9128,1572566400000
2021,8,196,256,8890.36,7417.69,410.87,28.9753515625,1.6049609375,2021,8,196,1419,-1163,1627776000000
2017,9,38,27,1193.46,1062.5,49.86,39.351851851851855,1.8466666666666667,2017,9,38,697,-670,1504224000000
2021,9,259,121,6329.19,5379.96,77.58,44.462479338842975,0.6411570247933884,2021,9,259,499,-378,1630454400000
2022,2,131,72,2693.5099999999998,2406.11,63.6,33.418194444444445,0.8833333333333333,2022,2,131,535,-463,1643673600000
2016,10,236,396235,5169700.91,4147424.68,562112.81,10.467083119865737,1.418634926243265,2016,10,236,401427,-5192,1475280000000
2016,11,247,1459,24692.18,20860.88,1783.09,14.298067169294038,1.2221315969842357,2016,11,247,3558,-2099,1477958400000
2017,4,66,4431,81051.19,66999.1,9060.58,15.12053712480253,2.044816068607538,2017,4,66,15305,-10874,1491004800000
2023,3,218,246,9050.42,8330.62,106.95,33.86430894308943,0.4347560975609756,2023,3,218,973,-727,1677628800000
2024,10,175,94,3502.1,3257.12,14.0,34.65021276595745,0.14893617021276595,2024,10,175,388,-294,1727740800000
2025,7,8,71,2252.54,1332.23,690.3,18.763802816901407,9.722535211267605,2025,7,8,148,-77,1751328000000
2025,5,2,3,170.54000000000002,157.10000000000002,0.0,52.366666666666674,0.0,2025,5,2,10,-7,1746057600000
2016,9,108,49,1156.64,932.6,78.49,19.03265306122449,1.6018367346938776,2016,9,108,662,-613,1472688000000
2016,3,67,83,2770.92,1468.3,1176.58,17.690361445783132,14.175662650602408,2016,3,67,2089,-2006,1456790400000
2018,5,255,9854,163029.47,131552.21,18249.52,13.350132940937689,1.8519910696163995,2018,5,255,25382,-15528,1525132800000
2019,4,57,40,1822.0600000000002,1507.43,110.45,37.68575,2.76125,2019,4,57,240,-200,1554076800000
2019,9,23,61,4419.36,4021.67,73.8,65.92901639344262,1.2098360655737705,2019,9,23,206,-145,1567296000000
2020,2,196,762,32048.7,24985.66,2922.1,32.78958005249344,3.834776902887139,2020,2,196,2488,-1726,1580515200000
2020,5,179,276,5659.4,4766.82,303.51,17.27108695652174,1.0996739130434783,2020,5,179,680,-404,1588291200000
2020,9,74,11536,179685.43,143762.85,12249.66,12.462105582524272,1.061863730929265,2020,9,74,20408,-8872,1598918400000
2022,11,162,109134,2031687.1400000001,1334682.7,270985.29000000004,12.22976066120549,2.483051019847161,2022,11,162,88161,20973,1667260800000
2020,5,255,84,2141.7400000000002,1705.31,220.2,20.301309523809522,2.6214285714285714,2020,5,255,384,-300,1588291200000
2020,5,31,13,468.71,396.53,14.06,30.50230769230769,1.0815384615384616,2020,5,31,62,-49,1588291200000
2022,10,242,185,5242.12,4760.62,75.7,25.73308108108108,0.40918918918918923,2022,10,242,496,-311,1664582400000
2023,6,64,31,1205.33,1056.43,54.8,34.07838709677419,1.7677419354838708,2023,6,64,394,-363,1685577600000
2017,9,120,47,1367.51,1066.25,170.18,22.68617021276596,3.6208510638297873,2017,9,120,361,-314,1504224000000
2024,7,70,12490,768732.98,505284.55,97985.97,40.455128102481986,7.845153722978383,2024,7,70,2133,10357,1719792000000
2025,6,21,701,16916.16,15279.99,66.53,21.797417974322396,0.09490727532097004,2025,6,21,1376,-675,1748736000000
2016,10,89,1210,25116.13,21012.89,2200.62,17.36602479338843,1.818694214876033,2016,10,89,10288,-9078,1475280000000
2021,2,255,236,5729.47,4559.78,529.99,19.321101694915253,2.245720338983051,2021,2,255,2000,-1764,1612137600000
2025,8,34,448,9168.1,7245.86,203.01,16.173794642857143,0.4531473214285714,2025,8,34,572,-124,1754006400000
2024,10,117,349,17599.85,16238.03,44.34,46.52730659025788,0.1270487106017192,2024,10,117,508,-159,1727740800000
2025,9,53,326,10737.25,9177.2,278.74,28.150920245398776,0.8550306748466258,2025,9,53,1184,-858,1756684800000
2020,4,79,3723,55723.22,37043.1,5334.51,9.949798549556808,1.4328525382755843,2020,4,79,3153,570,1585699200000
2021,2,249,24383,386344.04,245702.6,52036.57,10.076799409424599,2.134133207562646,2021,2,249,20143,4240,1612137600000
2016,5,22,149,3487.61,2979.64,288.43,19.99758389261745,1.935771812080537,2016,5,22,2391,-2242,1462060800000
2019,9,238,128246,2030183.56,1345759.59,239258.07,10.493579448871701,1.8656181869220094,2019,9,238,136835,-8589,1567296000000
2017,3,25,11709,186204.22,151893.71,20159.09,12.972389614826202,1.7216747800836962,2017,3,25,20024,-8315,1488326400000
2019,5,78,381,12648.44,11088.06,88.97,29.10251968503937,0.23351706036745407,2019,5,78,947,-566,1556668800000
2017,2,48,283596,3866879.84,3089387.15,415672.8,10.893620326097688,1.4657216603901324,2017,2,48,243350,40246,1485907200000
2016,2,46,11,318.6,307.8,0.0,27.981818181818184,0.0,2016,2,46,150,-139,1454284800000
2017,8,77,50,1138.35,905.0,105.78,18.1,2.1156,2017,8,77,696,-646,1501545600000
2016,4,172,2,42.6,41.0,0.0,20.5,0.0,2016,4,172,142,-140,1459468800000
2023,8,177,246,8825.39,7971.58,116.09,32.40479674796748,0.47191056910569107,2023,8,177,1013,-767,1690848000000
2024,12,177,868,25781.86,23974.43,63.870000000000005,27.620311059907834,0.07358294930875577,2024,12,177,1245,-377,1733011200000
2017,5,192,95,2450.91,2142.3,176.61,22.550526315789476,1.8590526315789475,2017,5,192,853,-758,1493596800000
2023,10,244,2085,64316.73,52210.81,5164.57,25.041155875299758,2.4770119904076737,2023,10,244,9738,-7653,1696118400000
2024,3,133,246,7351.37,6426.37,169.99,26.123455284552843,0.6910162601626016,2024,3,133,913,-667,1709251200000
2018,7,56,398,15275.24,12367.3,1455.9,31.07361809045226,3.6580402010050252,2018,7,56,2454,-2056,1530403200000
2023,7,189,363,12321.4,9948.22,1306.18,27.40556473829201,3.598292011019284,2023,7,189,2660,-2297,1688169600000
2018,10,1,800,75322.29,62719.02,9306.23,78.398775,11.6327875,2018,10,1,17763,-16963,1538352000000
2016,6,17,5347,77197.36,62654.53,7677.02,11.717697774452963,1.435762109594165,2016,6,17,23371,-18024,1464739200000
2018,12,198,410,10334.27,9092.08,353.25,22.17580487804878,0.8615853658536585,2018,12,198,4343,-3933,1543622400000
2019,3,167,451,12763.12,11389.3,90.62,25.25343680709534,0.20093126385809312,2019,3,167,1606,-1155,1551398400000
2019,6,89,1469,40355.01,35858.5,591.8,24.410142954390743,0.40285908781484,2019,6,89,6017,-4548,1559347200000
2022,4,14,192,8497.71,7533.13,438.73,39.235052083333336,2.2850520833333334,2022,4,14,2312,-2120,1648771200000
2022,1,207,191,1776.03,1400.8,123.23,7.334031413612565,0.6451832460732985,2022,1,207,221,-30,1640995200000
2020,5,47,182,4464.29,3910.08,134.09,21.483956043956045,0.7367582417582418,2020,5,47,401,-219,1588291200000
2018,12,265,4342,311610.8,263787.68,34088.53,60.752574850299396,7.850882081989866,2018,12,265,19181,-14839,1543622400000
2024,4,33,2588,80892.29,66753.86,5813.72,25.793608964451312,2.246414219474498,2024,4,33,8558,-5970,1711929600000
2018,8,230,273796,4415843.7,3535289.55,453251.84,12.912130016508641,1.6554363102455845,2018,8,230,258772,15024,1533081600000
2016,10,65,16415,303126.96,251829.05,32156.92,15.341398111483398,1.9589960402071276,2016,10,65,23016,-6601,1475280000000
2016,11,208,55,2285.32,1946.8,172.11,35.39636363636364,3.1292727272727276,2016,11,208,1202,-1147,1477958400000
2017,1,246,136146,1925893.55,1518611.08,233854.71,11.154283489783028,1.7176759508175046,2017,1,246,179854,-43708,1483228800000
2023,1,209,4434,133209.62,95158.46,16525.19,21.46108705457826,3.7269260261614794,2023,1,209,7744,-3310,1672531200000
2024,2,123,145,5187.27,4832.27,20.25,33.326,0.1396551724137931,2024,2,123,543,-398,1706745600000
2025,3,214,45,1396.26,1036.1399999999999,15.33,23.02533333333333,0.3406666666666667,2025,3,214,111,-66,1740787200000
2025,10,132,192928,14235682.62,10963366.139999999,1732701.75,56.82620532011941,8.98107972922541,2025,10,132,41390,151538,1759276800000
2024,1,90,46497,1008476.45,650832.96,131430.27000000002,13.99731079424479,2.8266397832118204,2024,1,90,43429,3068,1704067200000
2021,10,202,157,4313.08,3504.94,296.84,22.324458598726114,1.890700636942675,2021,10,202,1722,-1565,1633046400000
2022,8,10,1357,86155.93,66295.54,9448.789999999999,48.85448784082534,6.962999263080324,2022,8,10,3724,-2367,1659312000000
2019,4,67,160,5816.6,5098.12,67.62,31.86325,0.42262500000000003,2019,4,67,1233,-1073,1554076800000
2022,10,228,234,8809.09,6902.59,1017.99,29.498247863247865,4.350384615384615,2022,10,228,2086,-1852,1664582400000
2017,9,60,52,844.34,728.0,56.68,14.0,1.09,2017,9,60,534,-482,1504224000000
2017,3,35,160,3216.7,2676.21,305.99,16.7263125,1.9124375,2017,3,35,1402,-1242,1488326400000
2018,1,76,362,8974.7,7831.86,679.7,21.634972375690605,1.8776243093922653,2018,1,76,1878,-1516,1514764800000
2023,5,23,89,6220.22,5150.08,15.44,57.866067415730335,0.17348314606741572,2023,5,23,175,-86,1682899200000
2025,8,46,101,3748.54,3331.83,4.24,32.98841584158416,0.04198019801980198,2025,8,46,232,-131,1754006400000
2017,2,219,362,22551.94,18506.18,2358.54,51.122044198895026,6.515303867403315,2017,2,219,1387,-1025,1485907200000
2018,2,88,31930,682307.9799999999,551093.54,82892.58999999998,17.259428124021298,2.5960723457563413,2018,2,88,32537,-607,1517443200000
2021,11,118,13,869.12,734.75,30.119999999999997,56.51923076923077,2.316923076923077,2021,11,118,68,-55,1635724800000
2024,4,27,13,644.28,555.44,24.06,42.72615384615385,1.8507692307692307,2024,4,27,78,-65,1711929600000
2025,10,44,2,61.36,36.8,11.37,18.4,5.685,2025,10,44,21,-19,1759276800000
2022,1,170,75487,1212847.4800000002,771474.79,156242.05,10.219968868811849,2.0697875130817227,2022,1,170,73749,1738,1640995200000
2019,10,107,155389,2658841.5900000003,1746152.47,323185.48,11.23729781387357,2.079847865679038,2019,10,107,144176,11213,1569888000000
2016,9,191,64,2169.66,1949.34,137.01,30.4584375,2.14078125,2016,9,191,1102,-1038,1472688000000
2017,8,51,50,1733.7,1527.0,96.52000000000001,30.54,1.9304000000000001,2017,8,51,854,-804,1501545600000
2023,6,34,68,2087.92,1649.9,201.47,24.26323529411765,2.962794117647059,2023,6,34,379,-311,1685577600000
2022,6,186,113378,2141854.15,1437309.53,273227.24,12.677146624565612,2.409878812468027,2022,6,186,81107,32271,1654041600000
2021,1,64,138,6305.8,5570.48,151.34,40.365797101449274,1.0966666666666667,2021,1,64,213,-75,1609459200000
2016,1,258,228,6699.89,5998.0,367.91,26.30701754385965,1.613640350877193,2016,1,258,2286,-2058,1451606400000
2018,7,249,151961,2085129.74,1644007.31,250845.7,10.818613394226151,1.6507241989721047,2018,7,249,122699,29262,1530403200000
2019,6,87,52627,1269093.72,908985.21,155155.03,17.272221673285575,2.948202063579531,2019,6,87,57276,-4649,1559347200000
2018,5,188,1253,24463.87,21678.45,1136.97,17.3012370311253,0.9073982442138867,2018,5,188,6859,-5606,1525132800000
2022,10,129,932,30786.66,25271.68,3457.35,27.115536480686696,3.7096030042918455,2022,10,129,5434,-4502,1664582400000
2024,6,65,2864,89354.3,73409.99,6871.23,25.631979748603353,2.3991724860335193,2024,6,65,5232,-2368,1717200000000
2018,3,249,187108,2551333.8500000006,2002544.37,316318.06000000006,10.702612234645231,1.690564059259893,2018,3,249,154784,32324,1519862400000
2019,2,102,217,6776.32,5979.6900000000005,53.22,27.556175115207374,0.24525345622119815,2019,2,102,1132,-915,1548979200000
2025,7,9,212,6155.48,5227.58,205.85,24.658396226415093,0.9709905660377358,2025,7,9,683,-471,1751328000000
2016,11,118,8,466.83000000000004,424.0,14.85,53.0,1.85625,2016,11,118,171,-163,1477958400000
2017,12,164,228765,3440166.98,2740332.34,372309.04,11.978809433261207,1.6274737831399033,2017,12,164,203530,25235,1512086400000
2021,8,143,33697,564462.63,369539.64,70908.96,10.96654420274802,2.104310769504704,2021,8,143,40874,-7177,1627776000000
2024,3,60,178,5652.62,5065.69,3.01,28.45893258426966,0.01691011235955056,2024,3,60,271,-93,1709251200000
2025,9,154,58,2295.99,2004.28,62.79,34.55655172413793,1.0825862068965517,2025,9,154,573,-515,1756684800000
2022,7,177,171,5517.7699999999995,5000.36,148.66,29.24187134502924,0.8693567251461988,2022,7,177,891,-720,1656633600000
2024,8,157,497,21469.49,17842.24,1796.3500000000001,35.89987927565393,3.614386317907445,2024,8,157,1344,-847,1722470400000
2019,2,235,650,19497.68,17639.85,125.38,27.138230769230766,0.1928923076923077,2019,2,235,1889,-1239,1548979200000
2016,9,24,29754,428595.7,346977.35,44661.01,11.661536264031726,1.501008603885192,2016,9,24,31629,-1875,1472688000000
2023,8,250,91,2905.99,2425.73,165.53,26.656373626373625,1.8190109890109891,2023,8,250,364,-273,1690848000000
2021,2,139,212,8672.72,7695.0599999999995,48.38,36.297452830188675,0.22820754716981134,2021,2,139,378,-166,1612137600000
2016,2,84,5,225.78,202.8,19.48,40.56,3.896,2016,2,84,98,-93,1454284800000
2019,11,170,200872,3579589.0800000005,2366567.88,433318.75,11.781472181289576,2.157188408538771,2019,11,170,206044,-5172,1572566400000
2022,5,240,12,442.84000000000003,340.1,83.59,28.34166666666667,6.965833333333333,2022,5,240,152,-140,1651363200000
2019,8,191,318,13707.95,12398.43,39.68,38.98877358490566,0.12477987421383648,2019,8,191,1405,-1087,1564617600000
2025,7,24,10476,229224.15,167061.87,17946.95,15.947104810996564,1.7131491027109584,2025,7,24,11820,-1344,1751328000000
2024,8,163,80258,1967716.2100000002,1319222.1400000001,241580.12999999998,16.437266565326823,3.0100442323506686,2024,8,163,72875,7383,1722470400000
2020,1,261,34592,793179.98,566243.13,90376.05,16.369193166049953,2.6126286424606846,2020,1,261,28098,6494,1577836800000
2017,8,39,139,3209.59,2590.63,224.09,18.637625899280575,1.612158273381295,2017,8,39,1968,-1829,1501545600000
2020,8,141,33570,498087.7,321170.61,57491.76,9.567191242180519,1.7125933869526364,2020,8,141,30792,2778,1596240000000
2023,5,91,245,9125.039999999999,8249.68,133.96,33.672163265306125,0.5467755102040817,2023,5,91,913,-668,1682899200000
2016,8,172,5,262.63,212.0,26.07,42.4,5.214,2016,8,172,106,-101,1470009600000
2025,3,33,4859,137259.45,111734.94,5913.0,22.995459971187486,1.216917061123688,2025,3,33,10270,-5411,1740787200000
2025,10,36,3628,81156.08,64644.25,980.31,17.818150496141126,0.2702067254685777,2025,10,36,5899,-2271,1759276800000
2018,12,12,3149,64530.13,55319.87,5592.41,17.56744045728803,1.775932041918069,2018,12,12,5240,-2091,1543622400000
2022,12,48,98325,2142174.85,1450831.73,263575.69,14.755471446732773,2.6806579201627256,2022,12,48,89214,9111,1669852800000
2022,2,187,4,264.12,193.57,25.0,48.3925,6.25,2022,2,187,11,-7,1643673600000
2022,6,216,739,44248.49,36153.68,5434.4,48.92243572395129,7.353721244925574,2022,6,216,3105,-2366,1654041600000
2020,9,29,223,8512.7,7431.61,640.1,33.325605381165914,2.8704035874439464,2020,9,29,446,-223,1598918400000
2024,6,134,536,28550.86,24210.88,2596.09,45.16955223880597,4.843451492537314,2024,6,134,1158,-622,1717200000000
2023,2,218,168,6321.67,5736.88,70.39,34.14809523809524,0.4189880952380952,2023,2,218,827,-659,1675209600000
2025,1,263,67409,1310768.32,827920.87,154029.0,12.282052396564257,2.2849916183298964,2025,1,263,73890,-6481,1735689600000
2017,9,253,31,1458.83,1294.5,54.16,41.75806451612903,1.7470967741935484,2017,9,253,100,-69,1504224000000
2020,3,68,68963,1188624.75,784755.04,142768.71,11.379363426765078,2.0702218580978204,2020,3,68,65776,3187,1583020800000
2019,11,72,651,20167.18,18009.04,75.11,27.663655913978495,0.1153763440860215,2019,11,72,1499,-848,1572566400000
2023,10,132,180476,14272379.12,11065208.71,1633215.71,61.3112475342982,9.049489738247745,2023,10,132,45196,135280,1696118400000
2019,3,190,431,9722.25,8009.76,906.5600000000001,18.584129930394433,2.10338747099768,2019,3,190,1623,-1192,1551398400000
2023,10,249,81729,1963085.6199999999,1311168.5899999999,257372.61,16.042880617651015,3.149097749880703,2023,10,249,60964,20765,1696118400000
2016,3,257,524,10061.64,7914.55,1190.87,15.104103053435114,2.272652671755725,2016,3,257,6966,-6442,1456790400000
2024,7,224,4407,99712.69,71770.47,8548.06,16.285561606535058,1.9396550941683683,2024,7,224,12155,-7748,1719792000000
2019,5,166,44427,751961.18,554229.37,85307.94,12.475057284984356,1.9201823215612128,2019,5,166,62255,-17828,1556668800000
2017,12,92,373,8096.77,7101.24,378.24,19.03817694369973,1.0140482573726541,2017,12,92,3632,-3259,1512086400000
2020,4,87,764,18062.12,13240.8,2003.8700000000001,17.33089005235602,2.622866492146597,2020,4,87,1057,-293,1585699200000
2025,7,96,138,3546.72,3098.2400000000002,55.7,22.451014492753625,0.40362318840579714,2025,7,96,254,-116,1751328000000
2022,2,215,238,14061.93,11474.75,1045.08,48.213235294117645,4.391092436974789,2022,2,215,605,-367,1643673600000
2023,11,169,170,5625.75,5156.32,32.94,30.331294117647058,0.19376470588235292,2023,11,169,449,-279,1698796800000
2020,11,92,399,13398.31,11469.57,984.81,28.74578947368421,2.4681954887218045,2020,11,92,863,-464,1604188800000
2019,7,62,566,13026.07,11750.95,220.42,20.761395759717317,0.389434628975265,2019,7,62,2822,-2256,1561939200000
2016,12,160,202,4592.9800000000005,3940.89,279.35,19.509356435643564,1.382920792079208,2016,12,160,3321,-3119,1480550400000
2023,10,24,8471,194790.51,138559.69,24293.2,16.35694605123362,2.867807814897887,2023,10,24,11370,-2899,1696118400000
2018,9,225,1081,24908.57,22216.48,864.16,20.55178538390379,0.7994079555966698,2018,9,225,8282,-7201,1535760000000
2021,3,146,1494,27927.79,22208.42,1901.72,14.86507362784471,1.2729049531459171,2021,3,146,1729,-235,1614556800000
2021,5,191,279,12707.05,11350.98,53.87,40.684516129032254,0.19308243727598565,2021,5,191,725,-446,1619827200000
2021,6,256,1355,33039.86,25125.1,4182.11,18.54250922509225,3.0864280442804426,2021,6,256,5917,-4562,1622505600000
2021,6,94,154,4646.25,3946.3,64.49,25.625324675324677,0.41876623376623373,2021,6,94,322,-168,1622505600000
2021,7,206,13,852.83,711.67,18.919999999999998,54.74384615384615,1.4553846153846153,2021,7,206,99,-86,1625097600000
2024,9,194,269,14143.77,10443.24,1331.23,38.82245353159851,4.948810408921934,2024,9,194,708,-439,1725148800000
2025,3,155,1154,32667.64,30087.8,226.85,26.072616984402078,0.19657712305025996,2025,3,155,1818,-664,1740787200000
2017,3,168,2305,35485.74,30494.69,1409.1299999999999,13.229800433839479,0.6113362255965292,2017,3,168,8782,-6477,1488326400000
2021,4,7,2325,46166.020000000004,37868.2,2504.29,16.287397849462366,1.0771139784946235,2021,4,7,6652,-4327,1617235200000
2016,12,79,333292,4887236.68,3893583.69,568552.49,11.682199662758181,1.7058689977557218,2016,12,79,262930,70362,1480550400000
2021,6,17,767,25296.99,21175.56,1319.79,27.608292046936118,1.7207170795306388,2021,6,17,3639,-2872,1622505600000
2021,6,116,4301,85078.21,67691.5,7468.39,15.738549174610556,1.7364310625435946,2021,6,116,8919,-4618,1622505600000
2022,2,100,49114,841809.93,551604.49,102558.48,11.23110498025003,2.0881720079814308,2022,2,100,41125,7989,1643673600000
2022,12,34,65,1784.92,1414.15,222.57,21.756153846153847,3.424153846153846,2022,12,34,397,-332,1669852800000
2022,1,17,280,6648.4,5769.71,485.59,20.606107142857145,1.7342499999999998,2022,1,17,3061,-2781,1640995200000
2018,10,236,358901,4511644.48,3556178.53,532691.58,9.908522210860376,1.4842298572586867,2018,10,236,370992,-12091,1538352000000
2020,4,173,23,446.27,370.11,29.28,16.09173913043478,1.2730434782608697,2020,4,173,99,-76,1585699200000
2018,1,175,38,803.87,676.5,88.97,17.80263157894737,2.341315789473684,2018,1,175,644,-606,1514764800000
2021,11,256,1297,32993.61,25016.86,4388.85,19.288249807247496,3.3838473400154205,2021,11,256,7351,-6054,1635724800000
2023,2,121,118,3348.0,3065.46,46.589999999999996,25.978474576271186,0.39483050847457624,2023,2,121,579,-461,1675209600000
2016,2,20,117,2118.53,1732.61,220.0,14.808632478632477,1.8803418803418803,2016,2,20,1033,-916,1454284800000
2024,6,106,342,11463.91,9865.09,590.52,28.84529239766082,1.7266666666666666,2024,6,106,1227,-885,1717200000000
2024,9,189,886,27890.97,24330.59,1437.67,27.461162528216704,1.6226523702031603,2024,9,189,3514,-2628,1725148800000
2025,10,129,4371,132079.71,103580.01,8486.38,23.697096774193547,1.94151910318005,2025,10,129,6513,-2142,1759276800000
2021,1,206,10,751.4300000000001,605.5,26.259999999999998,60.55,2.626,2021,1,206,75,-65,1609459200000
2016,10,88,42547,927682.93,761809.57,104086.42,17.9051300914283,2.4463868192822056,2016,10,88,47470,-4923,1475280000000
2022,1,226,2312,55209.43,43739.01,5634.17,18.918256920415224,2.436924740484429,2022,1,226,5487,-3175,1640995200000
2018,12,120,46,1937.01,1637.14,164.71,35.59,3.5806521739130437,2018,12,120,355,-309,1543622400000
2017,12,228,819,17242.46,14387.95,1589.91,17.56770451770452,1.9412820512820514,2017,12,228,6108,-5289,1512086400000
2019,11,119,345,9279.64,8010.65,165.68,23.21927536231884,0.480231884057971,2019,11,119,1363,-1018,1572566400000
2018,10,61,2054,46941.99,41375.22,2290.43,20.143729308666018,1.1151071080817916,2018,10,61,13653,-11599,1538352000000
2020,10,227,285,9380.08,7974.71,680.41,27.981438596491227,2.38740350877193,2020,10,227,601,-316,1601510400000
2022,8,194,150,8264.53,6001.88,958.9,40.01253333333334,6.392666666666667,2022,8,194,369,-219,1659312000000
2024,1,35,546,18310.64,17100.82,86.73,31.32018315018315,0.15884615384615386,2024,1,35,825,-279,1704067200000
2020,9,58,10,308.86,249.12,23.25,24.912,2.325,2020,9,58,52,-42,1598918400000
2020,8,28,205,8213.84,7046.94,439.74,34.37531707317073,2.1450731707317074,2020,8,28,504,-299,1596240000000
2021,7,210,224,10750.89,9475.74,38.66,42.30241071428571,0.1725892857142857,2021,7,210,654,-430,1625097600000
2025,1,50,18378,387452.83999999997,252010.31,38713.56,13.712608009576668,2.106516487104146,2025,1,50,34072,-15694,1735689600000
2025,11,10,1902,104066.96,85582.3,9125.28,44.995951629863306,4.797728706624606,2025,11,10,4047,-2145,1761955200000
2018,2,131,115,2366.25,2016.35,227.93,17.533478260869565,1.982,2018,2,131,1074,-959,1517443200000
2020,6,148,2177,43452.23,31548.72,4024.99,14.491832797427653,1.8488700045934772,2020,6,148,2712,-535,1590969600000
2023,12,21,105,3992.32,3721.58,38.800000000000004,35.443619047619045,0.3695238095238096,2023,12,21,393,-288,1701388800000
2017,1,196,803,17347.88,14246.26,1531.02,17.74129514321295,1.9066251556662515,2017,1,196,3600,-2797,1483228800000
2024,4,73,41,1707.31,1549.92,45.75,37.802926829268294,1.1158536585365855,2024,4,73,234,-193,1711929600000
2025,7,192,378,9712.32,8529.41,107.37,22.56457671957672,0.28404761904761905,2025,7,192,868,-490,1751328000000
2019,5,134,710,29326.3,23886.83,2452.65,33.64342253521127,3.45443661971831,2019,5,134,4359,-3649,1556668800000
2021,7,34,64,1897.85,1466.52,283.58,22.914375,4.4309375,2021,7,34,376,-312,1625097600000
2023,4,133,97,3187.11,2677.38,212.38,27.601855670103095,2.189484536082474,2023,4,133,930,-833,1680307200000
2016,5,33,16314,314318.52,259387.91,36820.0,15.899712516856688,2.256957214662253,2016,5,33,36253,-19939,1462060800000
2019,8,109,9,394.12,347.05,0.0,38.56111111111111,0.0,2019,8,109,90,-81,1564617600000
2018,1,154,19,1650.04,1328.55,160.43,69.92368421052632,8.443684210526316,2018,1,154,43,-24,1514764800000
2018,3,86,35,1972.18,1807.0,75.07,51.628571428571426,2.1448571428571426,2018,3,86,470,-435,1519862400000
2016,8,173,416,6069.95,5162.81,303.74,12.410600961538462,0.7301442307692307,2016,8,173,3192,-2776,1470009600000
2020,6,95,393,9458.11,7875.83,588.75,20.04027989821883,1.498091603053435,2020,6,95,977,-584,1590969600000
2020,5,204,12,1304.55,1065.81,30.25,88.8175,2.5208333333333335,2020,5,204,5,7,1588291200000
2025,3,79,110373,2395428.64,1558832.96,235643.46,14.123317840413868,2.134973770759153,2025,3,79,95651,14722,1740787200000
2016,8,11,70,3724.82,3380.0,223.05,48.285714285714285,3.1864285714285714,2016,8,11,832,-762,1470009600000
2016,10,40,6802,122880.47,97384.39,14770.74,14.31702293443105,2.1715289620699796,2016,10,40,12793,-5991,1475280000000
2023,11,92,195,6628.36,5978.57,118.65,30.659333333333333,0.6084615384615385,2023,11,92,2070,-1875,1698796800000
2019,5,157,621,30384.510000000002,23822.13,3013.06,38.36091787439614,4.85194847020934,2019,5,157,2567,-1946,1556668800000
2023,9,225,421,14655.33,12826.59,766.69,30.466959619952494,1.8211163895486937,2023,9,225,2647,-2226,1693526400000
2020,11,102,164,5193.88,4286.98,493.0,26.14012195121951,3.0060975609756095,2020,11,102,421,-257,1604188800000
2024,1,258,185,6495.8,5931.02,41.629999999999995,32.05956756756757,0.225027027027027,2024,1,258,732,-547,1704067200000
2017,12,139,43,1258.72,1162.0,27.82,27.023255813953487,0.6469767441860466,2017,12,139,601,-558,1512086400000
2023,5,35,252,8641.65,7916.65,127.05,31.415277777777778,0.5041666666666667,2023,5,35,657,-405,1682899200000
2021,6,71,335,11885.78,9550.5,115.46000000000001,28.508955223880598,0.34465671641791046,2021,6,71,883,-548,1622505600000
2018,1,23,7,318.76,246.6,10.0,35.22857142857143,1.4285714285714286,2018,1,23,164,-157,1514764800000
2019,1,95,1692,46072.770000000004,39733.5,1406.54,23.483156028368793,0.8312884160756501,2019,1,95,9052,-7360,1546300800000
2022,2,114,38690,672291.27,436710.18,92493.0,11.287417420522099,2.3906177306797622,2022,2,114,30338,8352,1643673600000
2021,10,76,613,23972.02,20764.12,121.96000000000001,33.87295269168026,0.19895595432300164,2021,10,76,1767,-1154,1633046400000
2023,3,69,261,7559.349999999999,6724.43,124.42,25.76409961685824,0.4767049808429119,2023,3,69,1124,-863,1677628800000
2025,2,43,44139,957481.68,613474.73,123485.5,13.898700242416004,2.7976506037744397,2025,2,43,32683,11456,1738368000000
2025,4,41,16288,333625.34,261389.77,15334.87,16.047996684675834,0.9414826866404715,2025,4,41,25211,-8923,1743465600000
2016,10,162,350427,5441203.01,4315945.84,628126.42,12.316248006004104,1.7924601129479178,2016,10,162,334607,15820,1475280000000
2023,6,254,165,6393.45,5797.81,20.74,35.13824242424243,0.1256969696969697,2023,6,254,542,-377,1685577600000
2019,1,37,1552,35683.51,31323.51,1321.95,20.182673969072162,0.8517719072164949,2019,1,37,8183,-6631,1546300800000
2022,9,172,5,281.18,217.6,15.78,43.519999999999996,3.1559999999999997,2022,9,172,47,-42,1661990400000
2025,3,259,778,25379.93,23378.17,0.0,30.049061696658097,0.0,2025,3,259,773,5,1740787200000
2016,1,183,23,294.31,258.8,10.61,11.252173913043478,0.4613043478260869,2016,1,183,599,-576,1451606400000
2017,12,134,513,18400.18,14786.41,1905.6,28.823411306042885,3.7146198830409354,2017,12,134,2097,-1584,1512086400000
2018,5,111,21,249.9,207.0,17.94,9.857142857142858,0.8542857142857143,2018,5,111,118,-97,1525132800000
2022,5,118,13,946.94,733.0,10.2,56.38461538461539,0.7846153846153846,2022,5,118,68,-55,1651363200000
2024,8,257,134,4709.69,3998.2,381.39,29.83731343283582,2.846194029850746,2024,8,257,1339,-1205,1722470400000
2018,1,206,8,260.6,209.07999999999998,45.620000000000005,26.134999999999998,5.702500000000001,2018,1,206,154,-146,1514764800000
2021,11,101,92,4556.82,4122.8,48.82,44.81304347826087,0.5306521739130435,2021,11,101,363,-271,1635724800000
2019,9,41,23408,335076.06999999995,259121.24,28334.71,11.069772727272726,1.2104712064251537,2019,9,41,40555,-17147,1567296000000
2017,7,256,8495,135361.54,110136.62,14317.23,12.964875809299587,1.685371394938199,2017,7,256,22907,-14412,1498867200000
2019,9,15,125,4155.7699999999995,3569.27,53.67,28.55416,0.42936,2019,9,15,733,-608,1567296000000
2017,7,87,75026,1530618.96,1245194.32,182690.28,16.596837363047477,2.4350262575640444,2017,7,87,80654,-5628,1498867200000
2019,12,145,7718,190382.91999999998,144963.75,20185.25,18.782553770406842,2.615347240217673,2019,12,145,21039,-13321,1575158400000
2021,5,197,598,24867.43,21337.6,481.14,35.68160535117057,0.8045819397993311,2021,5,197,1394,-796,1619827200000
2016,2,98,74,1564.33,1321.7,123.69,17.86081081081081,1.6714864864864865,2016,2,98,1078,-1004,1454284800000
2023,10,259,94,4281.14,3898.36,56.56,41.471914893617026,0.6017021276595745,2023,10,259,351,-257,1696118400000
2022,3,48,113202,2007829.99,1315859.4,255498.49,11.62399427571951,2.257013922015512,2022,3,48,98597,14605,1646092800000
2018,8,107,189414,2563964.66,2010059.74,305629.38,10.611991405070375,1.613552218948969,2018,8,107,167605,21809,1533081600000
2023,2,144,25120,601260.84,403072.19,76710.88,16.045867436305734,3.0537770700636946,2023,2,144,26357,-1237,1675209600000
2023,6,142,106042,2371403.6199999996,1544469.39,309445.14999999997,14.564695026498933,2.9181376247147353,2023,6,142,90243,15799,1685577600000
2016,11,95,1475,30419.37,24718.82,2511.55,16.758522033898306,1.7027457627118645,2016,11,95,11331,-9856,1477958400000
2023,7,106,148,4984.61,4067.98,437.18,27.486351351351352,2.953918918918919,2023,7,106,954,-806,1688169600000
2019,12,99,2,210.84,161.0,36.0,80.5,18.0,2019,12,99,17,-15,1575158400000
2023,8,195,613,33261.7,27259.39,2653.97,44.46882544861337,4.329477977161501,2023,8,195,1455,-842,1690848000000
2024,12,221,15,599.72,509.19,2.01,33.946,0.13399999999999998,2024,12,221,77,-62,1733011200000
2017,8,196,681,16101.03,13171.61,1413.09,19.341571218795888,2.075022026431718,2017,8,196,3594,-2913,1501545600000
2023,3,42,3088,68229.13,55247.88,4190.3,17.891152849740934,1.3569624352331606,2023,3,42,12982,-9894,1677628800000
2016,8,36,2403,39087.29,31665.41,4098.94,13.177449022055763,1.705759467332501,2016,8,36,13268,-10865,1470009600000
2019,4,215,1164,68031.72,54249.38,5671.22,46.60599656357388,4.872182130584193,2019,4,215,1725,-561,1554076800000
2020,3,200,116,3850.19,3383.09,92.57,29.164568965517244,0.7980172413793103,2020,3,200,1047,-931,1583020800000
2024,1,183,47,1942.45,1772.29,0.0,37.708297872340424,0.0,2024,1,183,122,-75,1704067200000
2025,5,174,922,25127.04,22287.98,27.599999999999998,24.17351409978308,0.029934924078091105,2025,5,174,1698,-776,1746057600000
2025,6,134,1479,58573.77,50216.4,4169.01,33.95294117647059,2.8188032454361056,2025,6,134,2255,-776,1748736000000
2020,1,112,1515,28460.27,22333.06,2689.25,14.741293729372938,1.775082508250825,2020,1,112,12496,-10981,1577836800000
2022,4,4,4674,95986.33,65890.36,12967.77,14.097210098416774,2.7744480102695763,2022,4,4,14467,-9793,1648771200000
2019,5,143,90717,1475332.72,968915.28,172265.74,10.680636264426735,1.8989355909035792,2019,5,143,103947,-13230,1556668800000
2018,8,31,42,1274.88,1120.05,73.78,26.66785714285714,1.7566666666666666,2018,8,31,465,-423,1533081600000
2023,8,133,141,5458.66,4707.66,263.23,33.38765957446808,1.8668794326241136,2023,8,133,911,-770,1690848000000
2018,11,62,655,16482.61,14503.32,995.4,22.142473282442747,1.5196946564885496,2018,11,62,3270,-2615,1541030400000
2023,1,171,51,1935.18,1702.65,33.63,33.385294117647064,0.6594117647058824,2023,1,171,496,-445,1672531200000
2023,1,29,76,4765.08,4100.75,196.98,53.95723684210526,2.591842105263158,2023,1,29,397,-321,1672531200000
2024,1,94,91,3147.82,2886.79,4.99,31.722967032967034,0.05483516483516484,2024,1,94,203,-112,1704067200000
2024,8,248,150,5224.849999999999,4710.11,53.2,31.40073333333333,0.3546666666666667,2024,8,248,326,-176,1722470400000
2025,5,227,901,22464.3,19440.64,138.52,21.576736958934518,0.1537402885682575,2025,5,227,1837,-936,1746057600000
2022,2,206,2,125.6,121.5,2.0,60.75,1.0,2022,2,206,58,-56,1643673600000
2019,4,214,9,814.58,507.54,257.0,56.39333333333334,28.555555555555557,2019,4,214,130,-121,1554076800000
2025,6,27,76,2921.66,2429.7599999999998,51.36,31.97052631578947,0.6757894736842105,2025,6,27,169,-93,1748736000000
2019,5,141,173147,2665086.7,1721667.92,306387.95999999996,9.943388681293928,1.7695250856208884,2019,5,141,181498,-8351,1556668800000
2023,12,64,40,1862.93,1728.83,48.03,43.220749999999995,1.20075,2023,12,64,343,-303,1701388800000
2022,6,23,122,8204.18,6782.06,59.86,55.59065573770492,0.49065573770491805,2022,6,23,211,-89,1654041600000
2023,3,249,74149,1693742.97,1104454.38,229382.23,14.895067768951703,3.0935309983951234,2023,3,249,55764,18385,1677628800000
2023,1,113,40229,887553.38,577079.7,118424.57,14.344868129956001,2.943761217032489,2023,1,113,38184,2045,1672531200000
2020,4,119,149,3666.17,3124.55,184.55,20.97013422818792,1.2385906040268457,2020,4,119,380,-231,1585699200000
2017,7,25,8793,138892.93,113971.37,14657.39,12.961602411008757,1.666938473785966,2017,7,25,16406,-7613,1498867200000
2021,4,166,14958,249232.27,183961.07,28411.77,12.298507153362749,1.8994364219815483,2021,4,166,18465,-3507,1617235200000
2020,11,29,205,7794.14,6806.74,555.58,33.20360975609756,2.710146341463415,2020,11,29,384,-179,1604188800000
2018,7,99,1,117.58,100.0,0.0,100.0,0.0,2018,7,99,4,-3,1530403200000
2016,1,196,1054,22548.49,18546.33,1938.8600000000001,17.5961385199241,1.8395256166982923,2016,1,196,4317,-3263,1451606400000
2016,4,100,218815,3077357.25,2481418.44,305378.67,11.340257477778032,1.395602083952197,2016,4,100,168076,50739,1459468800000
2021,12,25,1524,37542.15,30103.38,4099.92,19.75287401574803,2.690236220472441,2021,12,25,4811,-3287,1638316800000
2020,5,78,236,6983.78,5926.5,246.22,25.11228813559322,1.0433050847457628,2020,5,78,374,-138,1588291200000
2025,7,142,100171,2123467.77,1352241.29,247343.51,13.499329047329068,2.4692127462039912,2025,7,142,90117,10054,1751328000000
2019,4,128,81,2850.57,2498.41,114.37,30.844567901234566,1.4119753086419753,2019,4,128,501,-420,1554076800000
2021,5,164,47970,794041.1000000001,513588.32,97440.18,10.70644819678966,2.031273295809881,2021,5,164,43538,4432,1619827200000
2022,5,95,381,13272.67,11065.03,1245.18,29.04207349081365,3.268188976377953,2022,5,95,4566,-4185,1651363200000
2018,5,237,407263,4967145.87,3916305.33,566331.4600000001,9.616157937254306,1.390579208030192,2018,5,237,353965,53298,1525132800000
2017,11,18,92,1583.12,1342.3,128.46,14.590217391304348,1.396304347826087,2017,11,18,1135,-1043,1509494400000
2020,3,208,194,5752.45,4924.62,127.37,25.384639175257732,0.6565463917525773,2020,3,208,546,-352,1583020800000
2020,3,155,227,6660.53,6117.52,72.07,26.94942731277533,0.31748898678414095,2020,3,155,596,-369,1583020800000
2023,1,10,1356,109428.54,84385.3,13241.26,62.23104719764012,9.764941002949852,2023,1,10,4210,-2854,1672531200000
2024,4,48,89265,2077059.35,1395563.22,244226.41,15.633935136951772,2.735970537164622,2024,4,48,84586,4679,1711929600000
2025,10,98,225,7164.04,6414.89,56.36,28.510622222222224,0.25048888888888887,2025,10,98,779,-554,1759276800000
2018,10,156,17,877.0899999999999,750.59,16.990000000000002,44.152352941176474,0.9994117647058824,2018,10,156,106,-89,1538352000000
2018,2,30,1,3.8,2.5,0.0,2.5,0.0,2018,2,30,17,-16,1517443200000
2020,10,169,480,14520.7,12648.31,1002.61,26.35064583333333,2.0887708333333332,2020,10,169,1024,-544,1601510400000
2020,10,96,9,382.7,317.28,22.0,35.25333333333333,2.4444444444444446,2020,10,96,91,-82,1601510400000
2016,8,231,187688,3037970.25,2457768.89,341579.87,13.094970855888496,1.8199345189889604,2016,8,231,179150,8538,1470009600000
2017,2,45,21241,341877.2,281825.3,34678.5,13.26798644131632,1.6326208747234123,2017,2,45,25096,-3855,1485907200000
2024,2,209,5074,149264.05,107171.53,17609.1,21.12170476941269,3.4704572329523056,2024,2,209,8053,-2979,1706745600000
2019,8,53,150,5225.09,4737.79,87.57,31.585266666666666,0.5838,2019,8,53,917,-767,1564617600000
2025,10,135,516,15122.57,12825.59,191.35,24.85579457364341,0.37083333333333335,2025,10,135,1455,-939,1759276800000
2016,6,117,27,1451.03,1160.02,233.88,42.9637037037037,8.662222222222223,2016,6,117,412,-385,1464739200000
2022,12,40,467,13032.69,9753.5,1730.74,20.885438972162742,3.7060813704496787,2022,12,40,2850,-2383,1669852800000
2024,1,19,82,3443.1,3119.1,88.02,38.03780487804878,1.0734146341463413,2024,1,19,358,-276,1704067200000
2023,5,124,92,4099.95,3506.72,221.82999999999998,38.116521739130434,2.411195652173913,2023,5,124,684,-592,1682899200000
2019,4,201,63,3767.06,3381.41,36.239999999999995,53.6731746031746,0.5752380952380951,2019,4,201,448,-385,1554076800000
2020,10,188,1078,31196.15,26689.14,2465.41,24.758014842300557,2.287022263450835,2020,10,188,2072,-994,1601510400000
2020,12,32,321,10710.5,9050.91,803.49,28.195981308411213,2.5030841121495326,2020,12,32,523,-202,1606780800000
2022,3,167,154,4554.889999999999,3925.04,180.6,25.487272727272728,1.1727272727272726,2022,3,167,552,-398,1646092800000
2019,11,181,5175,99365.4,79077.66,9923.45,15.280707246376812,1.9175748792270533,2019,11,181,20213,-15038,1572566400000
2024,11,204,1,131.0,120.0,10.0,120.0,10.0,2024,11,204,22,-21,1730419200000
2019,7,203,310,13308.960000000001,11933.11,95.94,38.493903225806456,0.30948387096774194,2019,7,203,1664,-1354,1561939200000
2018,9,50,77095,1152159.3,931820.05,121188.66,12.08664699396848,1.5719392956741682,2018,9,50,97360,-20265,1535760000000
2017,5,207,722,6037.09,4936.39,492.07,6.837105263157895,0.6815373961218837,2017,5,207,764,-42,1493596800000
2018,10,193,4871,52983.4,45257.57,2799.43,9.291227673988914,0.5747136111681379,2018,10,193,6983,-2112,1538352000000
2018,7,116,8694,134277.47,112274.46,10806.93,12.914016563147,1.243033126293996,2018,7,116,21835,-13141,1530403200000
2018,7,216,986,49685.69,41609.69,3973.97,42.20049695740365,4.030395537525354,2018,7,216,3468,-2482,1530403200000
2024,3,160,189,6787.21,5896.66,301.07,31.199259259259257,1.592962962962963,2024,3,160,1038,-849,1709251200000
2024,8,72,1020,30145.329999999998,28464.89,61.93,27.906754901960785,0.0607156862745098,2024,8,72,1476,-456,1722470400000
2019,3,222,575,21380.76,19866.670000000002,34.9,34.550730434782615,0.06069565217391304,2019,3,222,841,-266,1551398400000
2017,10,112,4519,73556.6,59497.89,7864.44,13.166162867891126,1.7403053772958619,2017,10,112,23425,-18906,1506816000000
2019,10,175,95,3415.75,3018.32,55.87,31.771789473684212,0.5881052631578947,2019,10,175,603,-508,1569888000000
2025,11,95,2227,56140.47,46289.38,1323.28,20.78553210597216,0.5941984732824427,2025,11,95,6269,-4042,1761955200000
2016,6,102,105,2861.6,2374.9,223.01,22.61809523809524,2.123904761904762,2016,6,102,1758,-1653,1464739200000
2019,9,13,60080,1424076.3399999999,1007044.25,178924.96000000002,16.76172187083888,2.978111850865513,2019,9,13,63892,-3812,1567296000000
2025,9,127,1979,57278.08,49139.54,370.9,24.830490146538658,0.18741788782213237,2025,9,127,5635,-3656,1756684800000
2016,10,48,340972,5031187.67,4066972.51,518015.11,11.927584992316085,1.519230640639114,2016,10,48,287688,53284,1475280000000
2018,10,186,293340,4566509.11,3679152.32,512736.97000000003,12.54227967546192,1.7479272175632372,2018,10,186,223584,69756,1538352000000
2016,5,75,76054,1054504.3900000001,860759.7,98854.91,11.317743971388749,1.2997989586346543,2016,5,75,135654,-59600,1462060800000
2016,9,29,65,2838.69,2518.74,219.81,38.74984615384615,3.3816923076923078,2016,9,29,1050,-985,1472688000000
2021,1,187,6,620.95,449.5,52.75,74.91666666666667,8.791666666666666,2021,1,187,21,-15,1609459200000
2019,9,132,241466,13221411.42,10627595.98,1372966.0499999998,44.01280503259258,5.68596013517431,2019,9,132,67193,174273,1567296000000
2023,1,245,2,33.5,9.5,20.0,4.75,10.0,2023,1,245,40,-38,1672531200000
2023,10,211,27093,697550.36,480234.45,86138.81999999999,17.72540693167977,3.1793754844424758,2023,10,211,29356,-2263,1696118400000
2016,7,134,534,15393.960000000001,12917.42,1283.18,24.189925093632958,2.4029588014981274,2016,7,134,2462,-1928,1467331200000
2020,5,258,198,8534.99,7404.1,137.63,37.394444444444446,0.6951010101010101,2020,5,258,274,-76,1588291200000
2025,3,66,4055,113404.31,91941.65,4338.24,22.673649815043156,1.069849568434032,2025,3,66,5814,-1759,1740787200000
2021,3,47,700,21217.11,17754.62,797.78,25.363742857142856,1.1396857142857142,2021,3,47,1205,-505,1614556800000
2019,3,175,248,9503.01,8731.47,138.02,35.20754032258064,0.5565322580645161,2019,3,175,789,-541,1551398400000
2017,3,27,2,95.52,93.92,0.0,46.96,0.0,2017,3,27,87,-85,1488326400000
2018,8,143,80607,1041367.02,827534.62,118234.87,10.266287295148064,1.4668064808267272,2018,8,143,93119,-12512,1533081600000
2022,9,13,20909,547145.94,389412.81,74123.83,18.62417188770386,3.545068152470228,2022,9,13,26243,-5334,1661990400000
2023,4,244,2034,63701.9,50853.38,5654.16,25.00166175024582,2.7798230088495575,2023,4,244,9402,-7368,1680307200000
2017,5,25,10839,180140.55,147328.74,19909.97,13.592466094658178,1.8368825537411202,2017,5,25,19198,-8359,1493596800000
2020,7,186,33096,547800.68,369451.14,58498.32,11.163014865844815,1.7675344452501813,2020,7,186,15812,17284,1593561600000
2020,3,79,73645,1227765.3599999999,805242.18,149531.04,10.934105234571255,2.030430307556521,2020,3,79,62481,11164,1583020800000
2022,1,26,97,2562.2599999999998,2321.71,70.45,23.93515463917526,0.7262886597938145,2022,1,26,846,-749,1640995200000
2017,8,228,908,16682.02,13866.16,1393.48,15.271101321585903,1.534669603524229,2017,8,228,5578,-4670,1501545600000
2023,4,260,610,20587.829999999998,16504.02,1811.11,27.05577049180328,2.9690327868852457,2023,4,260,2476,-1866,1680307200000
2019,10,178,96,2440.35,2150.51,13.87,22.401145833333334,0.14447916666666666,2019,10,178,530,-434,1569888000000
2023,6,168,429,12194.19,10185.9,581.34,23.74335664335664,1.3551048951048952,2023,6,168,1981,-1552,1685577600000
2019,7,23,53,4553.31,4222.73,206.99,79.67415094339621,3.9054716981132076,2019,7,23,211,-158,1561939200000
2020,10,100,28480,451528.55,301123.29,46685.369999999995,10.57314922752809,1.639233497191011,2020,10,100,21256,7224,1601510400000
2020,12,71,451,14146.31,12186.24,1115.6,27.020487804878048,2.4736141906873614,2020,12,71,835,-384,1606780800000
2023,5,247,449,14630.21,12256.28,882.28,27.296837416481072,1.9649888641425388,2023,5,247,1701,-1252,1682899200000
2023,7,70,13009,798468.71,535529.0,97980.42,41.16603889614882,7.531741102313783,2023,7,70,2065,10944,1688169600000
2018,12,83,941,15076.33,13085.09,611.1899999999999,13.905515409139214,0.6495111583421891,2018,12,83,3194,-2253,1543622400000
2022,1,128,14,378.87,336.52,4.85,24.037142857142857,0.3464285714285714,2022,1,128,127,-113,1640995200000
2016,11,154,24,1201.55,1068.0,70.65,44.5,2.94375,2016,11,154,79,-55,1477958400000
2019,1,164,172889,2394713.78,1863681.53,284633.2,10.779642024651656,1.6463349316613551,2019,1,164,154348,18541,1546300800000
2023,7,52,521,16083.66,12147.97,2154.89,23.316641074856044,4.136065259117082,2023,7,52,1808,-1287,1688169600000
2023,10,227,81,2931.99,2541.66,113.73,31.37851851851852,1.404074074074074,2023,10,227,690,-609,1696118400000
2016,6,86,19,1513.7,1414.0,63.3,74.42105263157895,3.331578947368421,2016,6,86,506,-487,1464739200000
2019,10,251,7,402.14000000000004,348.5,25.4,49.785714285714285,3.6285714285714286,2019,10,251,102,-95,1569888000000
2017,3,26,181,3109.96,2655.0,167.56,14.668508287292818,0.9257458563535912,2017,3,26,2303,-2122,1488326400000
2024,4,100,52062,1257457.68,851275.71,145309.98,16.35119107986631,2.791094848449925,2024,4,100,43919,8143,1711929600000
2024,4,265,1956,181939.88999999998,160367.95,15902.86,81.98770449897751,8.130296523517382,2024,4,265,13827,-11871,1711929600000
2021,11,237,176829,2754266.47,1751978.3,359004.99000000005,9.907754384179066,2.0302381962234706,2021,11,237,156179,20650,1635724800000
2024,6,121,258,8994.44,8030.33,249.15,31.12531007751938,0.9656976744186047,2024,6,121,723,-465,1717200000000
2025,2,243,2018,49621.34,41476.97,1046.38,20.55350346878097,0.5185232903865213,2025,2,243,9800,-7782,1738368000000
2025,11,195,1627,53950.31,42542.07,2874.09,26.147553779963122,1.7664966195451752,2025,11,195,2225,-598,1761955200000
2024,11,168,1253,37896.78,33495.14,417.07,26.73195530726257,0.33285714285714285,2024,11,168,1852,-599,1730419200000
2025,3,41,17536,342857.7,268632.71,16456.07,15.318927349452556,0.9384164005474452,2025,3,41,26825,-9289,1740787200000
2016,6,189,4307,69399.84,56224.76,7806.47,13.054274436963084,1.812507545855584,2016,6,189,13237,-8930,1464739200000
2020,5,236,12030,169920.47,109568.55,18072.38,9.107942643391521,1.5022759767248546,2020,5,236,11253,777,1588291200000
2025,10,78,1044,33080.93,30208.76,83.03999999999999,28.9355938697318,0.07954022988505746,2025,10,78,1555,-511,1759276800000
2017,2,252,56,2696.43,2084.5,425.15,37.223214285714285,7.591964285714285,2017,2,252,1122,-1066,1485907200000
2021,9,205,388,17786.64,15908.59,46.18,41.001520618556704,0.11902061855670103,2021,9,205,1332,-944,1630454400000
2025,6,2,5,362.92,283.0,40.85,56.6,8.17,2025,6,2,12,-7,1748736000000
2016,11,256,11823,184873.07,149856.4,19997.83,12.674989427387295,1.691434492091686,2016,11,256,29905,-18082,1477958400000
2018,11,159,682,15482.27,13692.01,393.0,20.07626099706745,0.5762463343108505,2018,11,159,2374,-1692,1541030400000
2020,4,148,891,15600.56,11202.83,1165.4,12.573322109988776,1.3079685746352414,2020,4,148,828,63,1585699200000
2018,9,264,106134,1890377.46,1526235.24,216969.37,14.38026683249477,2.0442965496447885,2018,9,264,92866,13268,1535760000000
2022,1,190,51,1235.27,969.71,161.71,19.013921568627453,3.1707843137254903,2022,1,190,400,-349,1640995200000
2016,10,58,2,72.16,66.8,3.26,33.4,1.63,2016,10,58,277,-275,1475280000000
2017,2,205,19,527.81,455.5,42.22,23.973684210526315,2.2221052631578946,2017,2,205,853,-834,1485907200000
2020,12,221,16,841.34,705.27,28.47,44.079375,1.779375,2020,12,221,46,-30,1606780800000
2021,7,65,2385,58701.850000000006,45856.33,6262.27,19.22697274633124,2.6256897274633126,2021,7,65,3942,-1557,1625097600000
2021,9,102,84,3111.88,2633.32,82.71,31.34904761904762,0.984642857142857,2021,9,102,666,-582,1630454400000
2022,11,172,3,211.85,147.4,14.84,49.13333333333333,4.946666666666666,2022,11,172,34,-31,1667260800000
2017,6,56,336,11066.960000000001,8840.17,1091.61,26.31002976190476,3.2488392857142854,2017,6,56,2547,-2211,1496275200000
2025,6,170,115489,2703198.26,1743505.19,300535.28,15.096720813237624,2.6022848929335263,2025,6,170,118374,-2885,1748736000000
2016,8,191,80,2706.1,2304.85,269.0,28.810624999999998,3.3625,2016,8,191,1446,-1366,1470009600000
2017,11,102,76,1921.63,1548.03,200.54000000000002,20.368815789473683,2.638684210526316,2017,11,102,1056,-980,1509494400000
2019,8,20,125,3671.86,3200.07,31.310000000000002,25.60056,0.25048000000000004,2019,8,20,707,-582,1564617600000
2019,1,35,1139,36011.54,33487.85,78.13,29.401097453906935,0.06859525899912203,2019,1,35,2054,-915,1546300800000
2021,2,244,4107,98312.43000000001,79145.38,8097.34,19.270849768687608,1.9715948380813246,2021,2,244,8659,-4552,1612137600000
2022,7,86,92,4118.0599999999995,3852.29,47.57,41.87271739130435,0.5170652173913044,2022,7,86,626,-534,1656633600000
2019,3,176,5,345.07,272.0,33.51,54.4,6.702,2019,3,176,53,-48,1551398400000
2019,12,223,3401,115194.06,88603.98,12153.55,26.052331667156718,3.5735224933842984,2019,12,223,13341,-9940,1575158400000
2024,11,176,5,311.42,236.22,30.0,47.244,6.0,2024,11,176,24,-19,1730419200000
2025,8,171,380,10614.55,9344.43,116.76,24.590605263157894,0.30726315789473685,2025,8,171,1179,-799,1754006400000
2016,5,203,48,2016.3,1529.6,384.74,31.866666666666664,8.015416666666667,2016,5,203,1057,-1009,1462060800000
2016,8,82,3239,54901.020000000004,46411.5,3211.64,14.328959555418338,0.9915529484408768,2016,8,82,10376,-7137,1470009600000
2019,7,176,3,62.4,58.0,1.0,19.333333333333332,0.3333333333333333,2019,7,176,58,-55,1561939200000
2018,8,155,261,9061.36,8232.05,255.38,31.540421455938695,0.9784674329501916,2018,8,155,1328,-1067,1533081600000
2016,2,192,137,2776.01,2329.5,260.19,17.003649635036496,1.8991970802919709,2016,2,192,879,-742,1454284800000
2020,10,207,174,2320.26,1798.49,164.17,10.336149425287356,0.9435057471264368,2020,10,207,184,-10,1601510400000
2024,1,44,1,354.23,264.1,58.75,264.1,58.75,2024,1,44,5,-4,1704067200000
2024,2,87,13910,430845.07,309850.63,51304.03,22.275386772106398,3.6882839683680806,2024,2,87,22451,-8541,1706745600000
2023,12,98,58,2186.48,1992.07,21.07,34.34603448275862,0.3632758620689655,2023,12,98,395,-337,1701388800000
2025,2,77,945,26486.51,24564.43,50.03,25.99410582010582,0.05294179894179894,2025,2,77,1068,-123,1738368000000
2025,9,165,1082,29663.26,27563.83,170.77,25.474889094269873,0.15782809611829945,2025,9,165,1863,-781,1756684800000
2016,10,79,350290,5208207.05,4161988.77,603733.64,11.88155177138942,1.7235251934111737,2016,10,79,277972,72318,1475280000000
2020,12,181,928,22900.34,19327.53,2192.39,20.827079741379308,2.362489224137931,2020,12,181,2890,-1962,1606780800000
2019,9,73,59,1797.65,1574.35,41.86,26.683898305084742,0.7094915254237288,2019,9,73,455,-396,1567296000000
2019,11,40,2684,49681.95,36863.37,6051.6,13.734489567809241,2.254694485842027,2019,11,40,6866,-4182,1572566400000
2017,10,72,78,1828.58,1632.0,93.05,20.923076923076923,1.192948717948718,2017,10,72,1226,-1148,1506816000000
2018,8,153,155,3883.59,3580.66,33.41,23.101032258064514,0.21554838709677418,2018,8,153,334,-179,1533081600000
2018,10,148,110197,1756602.28,1415387.75,200960.99,12.844158643157254,1.8236520957920814,2018,10,148,87492,22705,1538352000000
2021,12,46,6,149.32,139.02,0.0,23.17,0.0,2021,12,46,66,-60,1638316800000
2017,1,105,4,94.75,85.0,0.0,21.25,0.0,2017,1,105,2,2,1483228800000
2022,7,43,53489,912366.04,604767.98,115191.82,11.306399072706537,2.153560919067472,2022,7,43,39515,13974,1656633600000
2022,7,157,274,11485.97,8821.78,1386.94,32.19627737226278,5.061824817518248,2022,7,157,1097,-823,1656633600000
2022,12,107,81520,1609458.0,-43406936.34,44675033.00000001,-532.4697784592738,548.0254293424928,2022,12,107,66053,15467,1669852800000
2020,4,264,1942,29389.73,22688.96,2734.95,11.683295571575695,1.4083161688980432,2020,4,264,1704,238,1585699200000
2021,8,52,703,16864.72,12962.23,2257.04,18.43844950213371,3.210583214793741,2021,8,52,1698,-995,1627776000000
2023,1,102,48,1470.62,1277.05,98.47,26.605208333333334,2.051458333333333,2023,1,102,565,-517,1672531200000
2024,12,128,29,921.51,790.22,45.8,27.24896551724138,1.579310344827586,2024,12,128,254,-225,1733011200000
2023,9,140,53379,1257725.47,847766.81,155053.21,15.882028700425263,2.9047604863335765,2023,9,140,54611,-1232,1693526400000
2023,6,223,685,31470.35,24082.16,3519.97,35.15643795620438,5.1386423357664235,2023,6,223,4457,-3772,1685577600000
2016,5,249,254080,3644532.4,2895057.67,425641.62,11.394276094143576,1.6752267789672544,2016,5,249,198636,55444,1462060800000
2021,7,137,41659,710338.7300000001,466549.98,81871.03,11.199260183873832,1.965266329004537,2021,7,137,42017,-358,1625097600000
2017,1,194,411,23053.12,17683.6,2857.34,43.025790754257905,6.9521654501216545,2017,1,194,439,-28,1483228800000
2022,1,137,36997,596620.42,384923.98,73089.12,10.404194394140065,1.975541800686542,2022,1,137,39671,-2674,1640995200000
2024,2,130,738,31684.54,27122.54,1826.13,36.75140921409214,2.4744308943089433,2024,2,130,1612,-874,1706745600000
2020,2,216,1009,50548.11,41985.31,4004.72,41.61081268582755,3.9689990089197225,2020,2,216,3982,-2973,1580515200000
2019,6,186,242635,4461768.739999999,3043070.26,507130.04,12.54176132874482,2.0900943392338287,2019,6,186,180124,62511,1559347200000
2017,9,78,79,1606.55,1376.5,84.47,17.424050632911392,1.069240506329114,2017,9,78,732,-653,1504224000000
2016,2,153,120,1948.43,1706.5,103.39,14.220833333333333,0.8615833333333334,2016,2,153,588,-468,1454284800000
2023,2,227,59,2114.16,1885.4,61.66,31.955932203389832,1.0450847457627117,2023,2,227,477,-418,1675209600000
2024,5,200,166,6884.11,6025.15,191.54,36.2960843373494,1.153855421686747,2024,5,200,1142,-976,1714521600000
2017,2,245,6,373.09,316.0,35.67,52.666666666666664,5.945,2017,2,245,89,-83,1485907200000
2017,10,183,17,687.94,630.0,31.58,37.05882352941177,1.8576470588235292,2017,10,183,396,-379,1506816000000
2017,6,236,343355,4329380.1,3434759.68,487645.26,10.00352311747317,1.4202363734327446,2017,6,236,350744,-7389,1496275200000
2017,6,201,11,400.93,273.92,106.13,24.901818181818182,9.648181818181818,2017,6,201,402,-391,1496275200000
2023,9,43,42540,1034609.12,695502.25,127332.53,16.34937118006582,2.993242360131641,2023,9,43,32051,10489,1693526400000
2017,5,67,68,2059.97,1774.0,165.13,26.08823529411765,2.4283823529411763,2017,5,67,1559,-1491,1493596800000
2017,5,90,185574,2523956.04,1989836.23,297040.62,10.722602465862675,1.6006586051925378,2017,5,90,149478,36096,1493596800000
2021,3,249,35844,575516.15,365863.85,78504.09,10.20711555629952,2.190159859390693,2021,3,249,31103,4741,1614556800000
2022,3,250,63,2043.9399999999998,1787.71,28.93,28.376349206349207,0.45920634920634923,2022,3,250,266,-203,1646092800000
2020,11,116,2691,50129.25,40572.98,4205.68,15.077287253808993,1.5628688219992568,2020,11,116,6461,-3770,1604188800000
2016,9,122,9,247.21,222.5,9.16,24.72222222222222,1.017777777777778,2016,9,122,399,-390,1472688000000
2021,10,70,8289,367041.32,259984.47,47177.83,31.364998190372784,5.691619013149958,2021,10,70,1438,6851,1633046400000
2021,2,200,146,6784.73,5519.64,263.09,37.80575342465754,1.801986301369863,2021,2,200,576,-430,1612137600000
2024,2,65,1701,52468.89,42386.14,4390.57,24.918365667254555,2.581169900058789,2024,2,65,3900,-2199,1706745600000
2024,4,162,119331,2830924.17,1860577.75,364549.53,15.591738525613628,3.0549440631520732,2024,4,162,97115,22216,1711929600000
2018,3,51,211,7658.58,7001.8,212.28,33.18388625592417,1.0060663507109004,2018,3,51,989,-778,1519862400000
2025,2,50,21611,453768.84,298401.3,39081.15,13.807843227985748,1.8083915598537783,2025,2,50,37033,-15422,1738368000000
2016,5,93,1052,55794.44,44977.28,5875.97,42.75406844106464,5.585522813688213,2016,5,93,2294,-1242,1462060800000
2021,9,58,6,259.9,231.0,0.0,38.5,0.0,2021,9,58,76,-70,1630454400000
2019,1,248,302,9096.19,8008.58,157.18,26.518476821192053,0.5204635761589405,2019,1,248,1012,-710,1546300800000
2023,4,157,259,13277.89,10295.8,1465.74,39.75212355212355,5.659227799227799,2023,4,157,1044,-785,1680307200000
2017,4,57,44,1454.8700000000001,1230.18,148.69,27.958636363636366,3.379318181818182,2017,4,57,546,-502,1491004800000
2017,9,153,72,880.11,767.15,26.21,10.65486111111111,0.3640277777777778,2017,9,153,345,-273,1504224000000
2022,6,206,8,662.55,516.34,38.91,64.5425,4.86375,2022,6,206,89,-81,1654041600000
2024,2,47,165,5609.18,5049.51,48.95,30.60309090909091,0.2966666666666667,2024,2,47,337,-172,1706745600000
2022,5,105,1,24.36,17.0,4.06,17.0,4.06,2022,5,105,3,-2,1651363200000
2017,2,176,2,235.89999999999998,195.0,39.3,97.5,19.65,2017,2,176,45,-43,1485907200000
2023,11,84,1,5.5,3.0,0.0,3.0,0.0,2023,11,84,21,-20,1698796800000
2025,10,112,6774,146815.52,107071.85,3738.49,15.806296132270447,0.5518881015648066,2025,10,112,14007,-7233,1759276800000
2022,7,39,254,9945.49,9099.62,187.97,35.825275590551186,0.7400393700787401,2022,7,39,1260,-1006,1656633600000
2025,7,226,8773,280474.39,229454.39,16393.57,26.15460959762909,1.868639006041263,2025,7,226,8498,275,1751328000000
2025,2,206,9,431.88,285.24,0.0,31.693333333333335,0.0,2025,2,206,61,-52,1738368000000
2019,3,192,150,4347.22,3897.31,134.46,25.982066666666665,0.8964000000000001,2019,3,192,749,-599,1551398400000
2019,9,213,545,18725.75,15790.22,133.1,28.972880733944955,0.24422018348623853,2019,9,213,1334,-789,1567296000000
2020,2,79,164540,2747754.34,1791697.62,343134.25,10.889131031967912,2.0854154005105143,2020,2,79,141606,22934,1580515200000
2020,5,24,2144,30675.670000000002,23107.38,2801.07,10.777695895522388,1.3064692164179106,2020,5,24,2134,10,1588291200000
2018,5,29,151,5181.2,4742.01,114.66,31.40403973509934,0.7593377483443708,2018,5,29,906,-755,1525132800000
2023,3,28,329,17145.489999999998,13899.91,1551.08,42.24896656534954,4.714528875379939,2023,3,28,1282,-953,1677628800000
2025,1,10,1329,69670.85,57162.78,6274.84,43.011873589164786,4.721474793077502,2025,1,10,3365,-2036,1735689600000
2022,6,200,66,2895.56,2383.75,242.76,36.11742424242424,3.678181818181818,2022,6,200,1289,-1223,1654041600000
2025,5,63,1767,43328.28,38847.24,176.93,21.98485568760611,0.10013016411997737,2025,5,63,2254,-487,1746057600000
2025,11,114,60994,1297614.58,812473.73,147063.42,13.320551693609207,2.411112896350461,2025,11,114,43052,17942,1761955200000
2023,6,235,184,8268.8,7394.95,96.15,40.18994565217391,0.522554347826087,2023,6,235,526,-342,1685577600000
2016,3,205,43,1538.42,1355.5,95.82,31.523255813953487,2.2283720930232556,2016,3,205,1158,-1115,1456790400000
2019,6,208,254,10090.62,8439.960000000001,165.95,33.22818897637796,0.6533464566929134,2019,6,208,1069,-815,1559347200000
2018,3,14,520,15245.92,13064.87,1118.84,25.124750000000002,2.1516153846153845,2018,3,14,6717,-6197,1519862400000
2020,4,224,533,9099.18,6321.94,872.25,11.861050656660412,1.6364915572232646,2020,4,224,1071,-538,1585699200000
2021,12,213,229,9297.72,7833.31,155.95,34.20659388646288,0.681004366812227,2021,12,213,658,-429,1638316800000
2023,7,231,37630,1004144.14,697478.55,124028.84,18.53517273452033,3.296009566834972,2023,7,231,42592,-4962,1688169600000
2024,8,125,14720,349227.93,236292.72,42202.39,16.05249456521739,2.8670101902173912,2024,8,125,15686,-966,1722470400000
2024,10,204,4,498.76,495.26,0.0,123.815,0.0,2024,10,204,21,-17,1727740800000
2022,5,232,5055,122447.33,88421.86,15279.1,17.49196043521266,3.0225717111770525,2022,5,232,16693,-11638,1651363200000
2021,6,196,315,10646.08,8779.14,477.42,27.870285714285714,1.5156190476190476,2021,6,196,1259,-944,1622505600000
2021,6,82,539,16076.09,13112.57,865.38,24.327588126159554,1.6055287569573284,2021,6,82,2025,-1486,1622505600000
2022,6,151,32748,584290.62,413189.83,74381.02,12.617253878099426,2.2713148894588984,2022,6,151,34251,-1503,1654041600000
2022,9,23,102,6017.78,4888.860000000001,4.09,47.93000000000001,0.040098039215686276,2022,9,23,182,-80,1661990400000
2017,11,34,269,4127.92,3342.0,466.82,12.423791821561338,1.7353903345724906,2017,11,34,1222,-953,1509494400000
2018,2,152,9117,124334.47,103018.42,10447.42,11.299596358451245,1.1459273883953054,2018,2,152,15589,-6472,1517443200000
2017,7,60,61,862.28,766.4,15.9,12.563934426229508,0.260655737704918,2017,7,60,569,-508,1498867200000
2018,5,211,72096,1102869.32,886457.85,126533.92,12.295520555925432,1.755075454948957,2018,5,211,76232,-4136,1525132800000
2021,4,83,187,5119.95,4250.33,205.64000000000001,22.72903743315508,1.099679144385027,2021,4,83,736,-549,1617235200000
2021,6,175,59,2423.0299999999997,2102.9700000000003,25.0,35.6435593220339,0.423728813559322,2021,6,175,271,-212,1622505600000
2023,10,156,1,4.5,3.0,0.0,3.0,0.0,2023,10,156,41,-40,1696118400000
2023,8,91,267,8896.38,8076.87,99.53,30.250449438202246,0.37277153558052434,2023,8,91,982,-715,1690848000000
2023,1,37,316,10497.26,8336.88,1177.58,26.382531645569617,3.726518987341772,2023,1,37,3555,-3239,1672531200000
2020,4,201,14,466.51,418.18,11.0,29.87,0.7857142857142857,2020,4,201,30,-16,1585699200000
2022,11,178,17,455.01,397.33,11.48,23.37235294117647,0.6752941176470588,2022,11,178,288,-271,1667260800000
2022,12,49,590,18358.7,14956.05,2194.95,25.34923728813559,3.720254237288135,2022,12,49,4856,-4266,1669852800000
2023,2,78,124,4813.87,4176.18,14.63,33.678870967741936,0.11798387096774195,2023,2,78,319,-195,1675209600000
2024,9,214,17,663.46,536.74,10.0,31.57294117647059,0.5882352941176471,2024,9,214,68,-51,1725148800000
2016,6,229,211894,2897038.49,2316611.79,317328.4,10.932880544045608,1.4975808659046506,2016,6,229,184463,27431,1464739200000
2021,7,190,88,2416.03,2001.71,195.27,22.746704545454545,2.218977272727273,2021,7,190,410,-322,1625097600000
2019,8,72,563,16673.7,15000.7,101.35,26.644227353463588,0.1800177619893428,2019,8,72,1824,-1261,1564617600000
2020,9,79,26898,443591.10000000003,292560.59,53284.31,10.876667038441521,1.980976652539222,2020,9,79,23869,3029,1598918400000
2022,3,100,61907,1093541.45,718115.26,133782.34,11.599904049622822,2.1610212092332044,2022,3,100,53318,8589,1646092800000
2025,3,229,65566,1472750.7999999998,946514.78,169456.46000000002,14.436061068236587,2.5845172802977157,2025,3,229,81143,-15577,1740787200000
2025,5,172,18,873.41,704.81,29.0,39.15611111111111,1.6111111111111112,2025,5,172,97,-79,1746057600000
2024,8,111,5,230.48,211.0,1.6,42.2,0.32,2024,8,111,22,-17,1722470400000
2017,10,36,1064,18687.86,15264.15,1930.81,14.346005639097744,1.8146710526315788,2017,10,36,7884,-6820,1506816000000
2016,9,135,189,3412.29,2901.5,247.34,15.351851851851851,1.3086772486772487,2016,9,135,2178,-1989,1472688000000
2017,11,137,110356,1509350.55,1200474.58,171021.88,10.878199463554315,1.5497288774511582,2017,11,137,127396,-17040,1509494400000
2016,1,115,29,584.74,474.5,88.94,16.362068965517242,3.0668965517241378,2016,1,115,167,-138,1451606400000
2017,3,179,7181,107409.57,89351.82,9212.21,12.442810193566357,1.2828589332961982,2017,3,179,16016,-8835,1488326400000
2016,1,236,390744,4801202.69,3835598.33,517697.22,9.816141335503552,1.3249012652785455,2016,1,236,392139,-1395,1451606400000
2022,6,78,115,2979.58,2655.67,100.81,23.092782608695654,0.8766086956521739,2022,6,78,394,-279,1654041600000
2022,12,223,853,37918.6,29287.06,4622.0,34.33418522860492,5.41852286049238,2022,12,223,5521,-4668,1669852800000
2025,6,70,12911,787264.52,516786.26,104603.03,40.02681899155759,8.10185345829138,2025,6,70,2774,10137,1748736000000
2022,7,30,3,188.83999999999997,143.7,33.19,47.9,11.063333333333333,2022,7,30,21,-18,1656633600000
2022,5,187,1,74.1,59.2,0.0,59.2,0.0,2022,5,187,20,-19,1651363200000
2022,3,209,5453,128962.5,91951.01,16294.19,16.862462864478267,2.988114799193105,2022,3,209,9036,-3583,1646092800000
2024,6,165,391,11418.12,10705.52,103.05,27.37984654731458,0.2635549872122762,2024,6,165,962,-571,1717200000000
2020,8,167,411,13554.87,12030.63,494.21,29.271605839416058,1.2024574209245742,2020,8,167,967,-556,1596240000000
2018,2,163,235606,3337797.4800000004,2630060.83,391553.36000000004,11.162962021340713,1.6618989329643559,2018,2,163,206266,29340,1517443200000
2018,1,169,146,2419.84,2175.8,68.92,14.902739726027399,0.47205479452054794,2018,1,169,1453,-1307,1514764800000
2024,3,217,236,6759.63,5936.54,227.72,25.154830508474575,0.9649152542372881,2024,3,217,1267,-1031,1709251200000
2018,8,64,84,2864.71,2476.68,210.72,29.48428571428571,2.5085714285714285,2018,8,64,805,-721,1533081600000
2019,2,154,30,767.65,717.73,1.66,23.924333333333333,0.05533333333333333,2019,2,154,98,-68,1548979200000
2020,6,225,512,16221.64,14410.130000000001,666.05,28.144785156250002,1.30087890625,2020,6,225,1107,-595,1590969600000
2019,4,14,818,31124.25,27451.96,846.16,33.559853300733494,1.0344254278728606,2019,4,14,5644,-4826,1554076800000
2020,11,176,1,91.0,77.96,0.0,77.96,0.0,2020,11,176,11,-10,1604188800000
2025,2,98,197,5733.76,5211.48,56.81,26.45421319796954,0.2883756345177665,2025,2,98,576,-379,1738368000000
2021,2,156,7,436.11,356.45,44.06,50.92142857142857,6.2942857142857145,2021,2,156,30,-23,1612137600000
2021,4,145,2045,32145.35,24529.86,3352.89,11.995041564792176,1.6395550122249387,2021,4,145,5767,-3722,1617235200000
2024,1,154,58,1972.32,1511.54,240.86,26.061034482758622,4.152758620689656,2024,1,154,302,-244,1704067200000
2024,7,238,50713,1079123.8,721466.24,131269.54,14.226455543943368,2.588479088202236,2024,7,238,58312,-7599,1719792000000
2019,11,130,1462,79772.34,62136.08,7224.97,42.50073871409029,4.941839945280438,2019,11,130,4361,-2899,1572566400000
2017,6,254,55,1344.34,1219.5,31.0,22.172727272727272,0.5636363636363636,2017,6,254,879,-824,1496275200000
2019,2,242,680,18765.69,16633.45,116.62,24.46095588235294,0.1715,2019,2,242,1297,-617,1548979200000
2022,3,183,58,2266.63,1968.67,2.71,33.94258620689655,0.046724137931034485,2022,3,183,196,-138,1646092800000
2020,8,196,268,7411.01,6338.21,479.64,23.650037313432836,1.7897014925373134,2020,8,196,642,-374,1596240000000
2018,9,73,36,958.36,844.24,35.5,23.45111111111111,0.9861111111111112,2018,9,73,524,-488,1535760000000
2023,2,183,25,940.08,808.33,57.0,32.333200000000005,2.28,2023,2,183,115,-90,1675209600000
2017,7,101,61,1631.93,1354.5,182.95,22.204918032786885,2.9991803278688525,2017,7,101,577,-516,1498867200000
2016,8,25,10496,173223.52,142152.02,18454.84,13.543447027439024,1.7582736280487805,2016,8,25,18515,-8019,1470009600000
2017,3,45,22191,369948.26,305456.17,37465.65,13.7648672885404,1.6883263485196702,2017,3,45,26974,-4783,1488326400000
2020,11,44,106,11276.08,10236.88,275.0,96.5743396226415,2.5943396226415096,2020,11,44,128,-22,1604188800000
2016,10,209,21666,415359.28,341763.31,45919.58,15.774176590048924,2.119430444013662,2016,10,209,28571,-6905,1475280000000
2022,1,32,37,1386.74,1239.14,46.5,33.49027027027027,1.2567567567567568,2022,1,32,230,-193,1640995200000
2020,5,6,8,514.79,380.48,2.75,47.56,0.34375,2020,5,6,27,-19,1588291200000
2022,11,94,34,834.97,746.91,27.21,21.96794117647059,0.8002941176470588,2022,11,94,210,-176,1667260800000
2025,8,187,8,2340.48,2234.62,6.18,279.3275,0.7725,2025,8,187,44,-36,1754006400000
2025,8,219,1108,58254.89,50708.07,3609.28,45.765406137184115,3.257472924187726,2025,8,219,2451,-1343,1754006400000
2018,7,89,878,20675.26,18161.08,891.6800000000001,20.684601366742598,1.0155808656036447,2018,7,89,6515,-5637,1530403200000
2025,10,8,66,3499.8,2854.15,357.35,43.244696969696975,5.41439393939394,2025,10,8,83,-17,1759276800000
2016,12,3,27,780.55,658.0,93.6,24.37037037037037,3.4666666666666663,2016,12,3,553,-526,1480550400000
2020,2,1,621,58909.11,50083.31,6558.81,80.64945249597423,10.56169082125604,2020,2,1,11461,-10840,1580515200000
2022,11,250,70,3495.35,3225.5,55.9,46.07857142857143,0.7985714285714286,2022,11,250,265,-195,1667260800000
2018,6,45,20154,344183.93000000005,285742.49,33746.67,14.177954252257615,1.674440309615957,2018,6,45,24804,-4650,1527811200000
2020,9,178,65,1812.05,1581.81,134.4,24.335538461538462,2.0676923076923077,2020,9,178,216,-151,1598918400000
2020,5,259,218,7916.2699999999995,7044.14,173.2,32.31256880733945,0.7944954128440367,2020,5,259,322,-104,1588291200000
2020,4,160,15,414.47,313.87,39.1,20.924666666666667,2.606666666666667,2020,4,160,109,-94,1585699200000
2020,2,145,6941,167093.17,126411.57,17769.23,18.212299380492727,2.56003889929405,2020,2,145,19150,-12209,1580515200000
2022,6,36,406,12593.96,9805.18,1702.58,24.150689655172414,4.193546798029557,2022,6,36,2564,-2158,1654041600000
2024,4,32,213,7944.4,7196.7,3.48,33.787323943661974,0.016338028169014085,2024,4,32,303,-90,1711929600000
2025,2,80,2973,79668.68,66381.96,1885.5,22.328274470232092,0.6342078708375378,2025,2,80,4606,-1633,1738368000000
2019,4,186,256521,4580656.25,3092185.69,524642.71,12.054317931085563,2.045223237083903,2019,4,186,182175,74346,1554076800000
2018,2,78,122,2059.46,1797.01,68.23,14.729590163934427,0.5592622950819672,2018,2,78,785,-663,1517443200000
2022,12,140,68062,1339822.3399999999,892056.5499999999,169140.43999999997,13.106528606270752,2.485093591137492,2022,12,140,69195,-1133,1669852800000
2019,12,106,768,15719.93,12583.73,1214.16,16.385065104166667,1.5809375,2019,12,106,3196,-2428,1575158400000
2023,3,14,266,10791.06,9036.66,514.51,33.97240601503759,1.9342481203007518,2023,3,14,2239,-1973,1677628800000
2017,10,51,50,1704.41,1537.8,92.57,30.756,1.8514,2017,10,51,677,-627,1506816000000
2023,3,160,76,3508.73,2904.4,343.83,38.21578947368421,4.52407894736842,2023,3,160,1092,-1016,1677628800000
2017,7,263,143319,1851765.04,1463743.82,209451.06,10.213187504796991,1.4614326083771167,2017,7,263,145572,-2253,1498867200000
2025,7,102,841,20169.11,17700.89,300.33,21.04743162901308,0.3571105826397146,2025,7,102,1687,-846,1751328000000
2021,6,30,3,98.97,84.82,0.0,28.27333333333333,0.0,2021,6,30,25,-22,1622505600000
2022,5,124,82,4307.73,3586.9,402.38,43.74268292682927,4.9070731707317075,2022,5,124,592,-510,1651363200000
2022,6,54,89,2831.6,2199.08,409.32,24.70876404494382,4.5991011235955055,2022,6,54,739,-650,1654041600000
2018,3,97,9455,145870.23,120352.0,13875.09,12.728926493918562,1.4674870438921206,2018,3,97,15860,-6405,1519862400000
2017,9,63,104,2822.87,2261.0,345.86,21.740384615384617,3.325576923076923,2017,9,63,952,-848,1504224000000
2021,6,251,2,38.1,28.5,4.0,14.25,2.0,2021,6,251,38,-36,1622505600000
2020,12,41,10884,158418.81,124509.97,13699.05,11.439725284821757,1.258641124586549,2020,12,41,16618,-5734,1606780800000
2025,8,190,510,11505.73,9575.01,236.74,18.774529411764707,0.46419607843137256,2025,8,190,788,-278,1754006400000
2019,2,202,292,7088.66,5769.78,577.65,19.759520547945204,1.978253424657534,2019,2,202,2886,-2594,1548979200000
2016,4,69,533,8436.44,7212.27,496.95,13.531463414634148,0.9323639774859287,2016,4,69,4934,-4401,1459468800000
2016,1,247,1590,26121.96,22028.32,1922.6200000000001,13.854289308176101,1.209194968553459,2016,1,247,3714,-2124,1451606400000
2021,11,213,279,10853.33,8945.2,91.97,32.06164874551972,0.3296415770609319,2021,11,213,684,-405,1635724800000
2018,1,215,676,42138.27,33561.41,4520.61,49.647056213017756,6.687292899408283,2018,1,215,858,-182,1514764800000
2022,10,43,61286,1091926.47,727570.63,143164.83000000002,11.871726495447573,2.3360119766341416,2022,10,43,46179,15107,1664582400000
2021,9,233,38153,682801.5100000001,448112.11,84520.45999999999,11.745134327575812,2.2153031216418104,2021,9,233,43455,-5302,1630454400000
2016,7,187,2,223.18,178.5,20.0,89.25,10.0,2016,7,187,51,-49,1467331200000
2017,3,156,7,301.32,254.5,22.14,36.357142857142854,3.162857142857143,2017,3,156,126,-119,1488326400000
2018,5,200,141,4291.88,3686.35,147.82,26.144326241134753,1.0483687943262412,2018,5,200,3008,-2867,1525132800000
2017,10,179,5572,82654.1,69082.13,7017.4,12.398085068198135,1.2594041636755204,2017,10,179,13045,-7473,1506816000000
2022,3,159,189,4383.84,3845.9300000000003,137.46,20.34883597883598,0.7273015873015873,2022,3,159,930,-741,1646092800000
2021,7,240,48,2056.43,1782.45,12.18,37.134375,0.25375,2021,7,240,152,-104,1625097600000
2022,7,179,650,13238.69,10706.6,1151.15,16.471692307692308,1.7710000000000001,2022,7,179,3765,-3115,1656633600000
2025,2,30,17,648.2,594.91,10.2,34.99470588235294,0.6,2025,2,30,33,-16,1738368000000
2017,1,7,17462,240538.71,200395.36,18624.58,11.476082922918335,1.0665777116023365,2017,1,7,45873,-28411,1483228800000
2019,10,140,128093,2195077.5300000003,1470925.97,250432.66,11.483265830295176,1.9550846650480511,2019,10,140,130517,-2424,1569888000000
2025,9,48,97386,2301392.53,1522801.18,232462.75,15.636756617994372,2.387024315610047,2025,9,48,95172,2214,1756684800000
2019,5,94,153,4494.17,3978.94,24.439999999999998,26.006143790849674,0.15973856209150325,2019,5,94,575,-422,1556668800000
2022,2,79,84773,1473318.35,957670.57,200716.46,11.296881908154718,2.3676932513890034,2022,2,79,68867,15906,1643673600000
2023,8,69,315,9966.49,8791.5,222.37,27.909523809523808,0.705936507936508,2023,8,69,1134,-819,1690848000000
2016,7,102,107,2332.83,1905.5,200.32,17.80841121495327,1.8721495327102804,2016,7,102,1744,-1637,1467331200000
2017,4,256,12897,202294.63,164442.82,21466.78,12.750470652089634,1.664478560905637,2017,4,256,29643,-16746,1491004800000
2020,6,79,9267,158633.71,108250.55,16867.52,11.681293838351138,1.82017049746412,2020,6,79,8136,1131,1590969600000
2021,5,24,10587,176019.12,125416.4,21909.09,11.846264286388967,2.0694332672145084,2021,5,24,11234,-647,1619827200000
2022,5,114,41756,771499.5700000001,512461.94,103107.33,12.2727737331162,2.4692817798639717,2022,5,114,34535,7221,1651363200000
2019,10,181,5715,108780.69,86483.38,10717.79,15.132699912510937,1.8753788276465444,2019,10,181,21980,-16265,1569888000000
2023,10,82,480,18034.579999999998,14866.71,1318.73,30.972312499999997,2.7473541666666668,2023,10,82,1823,-1343,1696118400000
2017,11,143,105252,1391811.18,1107672.81,161208.61,10.524007239767416,1.5316441492798236,2017,11,143,119237,-13985,1509494400000
2024,10,114,56060,1290646.93,865746.25,158119.53999999998,15.443208169818051,2.8205412058508736,2024,10,114,40304,15756,1727740800000
2019,1,233,95271,1359376.71,1059803.34,163534.85,11.124091696318922,1.7165228663496763,2019,1,233,112453,-17182,1546300800000
2019,12,81,232,8909.74,7742.61,40.32,33.37331896551724,0.17379310344827587,2019,12,81,591,-359,1575158400000
2021,12,92,178,6428.25,5403.1,172.3,30.354494382022473,0.9679775280898877,2021,12,92,1733,-1555,1638316800000
2020,2,236,258669,3865835.0,2453826.47,475241.61,9.486356965852114,1.8372576922630852,2020,2,236,272817,-14148,1580515200000
2016,10,161,372269,5762437.49,4601864.49,633608.08,12.361664522160051,1.7020167674450464,2016,10,161,383919,-11650,1475280000000
2020,11,86,204,11376.46,10131.87,632.07,49.66602941176471,3.0983823529411767,2020,11,86,472,-268,1604188800000
2021,4,239,70726,1101082.32,698015.86,146979.18,9.869296439781692,2.0781491954868083,2021,4,239,66848,3878,1617235200000
2020,9,196,310,9199.36,7817.07,687.03,25.216354838709677,2.2162258064516127,2020,9,196,814,-504,1598918400000
2020,5,226,866,19484.8,16136.65,1066.01,18.633545034642033,1.2309584295612008,2020,5,226,1397,-531,1588291200000
2020,1,85,510,14972.24,12935.4,45.69,25.363529411764706,0.08958823529411765,2020,1,85,1142,-632,1577836800000
2016,4,250,133,2325.72,2083.5,50.76,15.665413533834586,0.38165413533834586,2016,4,250,1081,-948,1459468800000
2021,1,138,16907,638644.38,480249.81,74616.77,28.405382977464956,4.413365469923701,2021,1,138,3014,13893,1609459200000
2018,1,161,354988,5023153.379999999,3926743.88,606172.47,11.06162428025736,1.7075858057173763,2018,1,161,337465,17523,1514764800000
2024,4,243,1016,31725.61,27263.77,1281.48,26.834419291338584,1.2612992125984253,2024,4,243,7613,-6597,1711929600000
2022,4,246,55275,1021937.1300000001,678282.98,133219.88999999998,12.27106250565355,2.4101291723202167,2022,4,246,66526,-11251,1648771200000
2016,8,241,95,1702.95,1441.65,133.3,15.175263157894738,1.4031578947368422,2016,8,241,1806,-1711,1470009600000
2018,5,187,6,415.84,388.0,0.0,64.66666666666667,0.0,2018,5,187,55,-49,1525132800000
2018,6,237,356823,4319417.489999999,3407398.98,490214.54,9.549269469737096,1.3738311151467253,2018,6,237,308953,47870,1527811200000
2019,4,1,649,60804.49,50783.7,7377.45,78.24915254237288,11.367411402157165,2019,4,1,14544,-13895,1554076800000
2019,10,188,1344,33221.9,28767.88,764.17,21.40467261904762,0.568578869047619,2019,10,188,5675,-4331,1569888000000
2020,2,162,232546,4052917.3600000003,2624882.61,522081.81,11.287584434907501,2.2450689756005264,2020,2,162,188021,44525,1580515200000
2025,8,78,990,28723.13,25723.63,157.79,25.983464646464647,0.15938383838383838,2025,8,78,1525,-535,1754006400000
2020,1,54,160,3667.76,2744.95,419.32,17.1559375,2.62075,2020,1,54,1573,-1413,1577836800000
2018,3,53,60,1505.29,1275.81,73.23,21.2635,1.2205000000000001,2018,3,53,907,-847,1519862400000
2016,5,115,8,351.28,301.42,21.3,37.6775,2.6625,2016,5,115,131,-123,1462060800000
2024,11,153,99,3193.46,2962.77,9.05,29.926969696969696,0.09141414141414142,2024,11,153,164,-65,1730419200000
2022,6,126,65,1988.31,1738.07,71.69,26.739538461538462,1.102923076923077,2022,6,126,324,-259,1654041600000
2024,11,185,180,6131.21,5615.51,2.7,31.197277777777778,0.015000000000000001,2024,11,185,415,-235,1730419200000
2019,9,125,38286,699224.8099999999,466960.72,87626.8,12.196644204147729,2.2887426213237214,2019,9,125,33773,4513,1567296000000
2019,8,246,109661,1901310.9600000002,1265248.37,221313.79,11.537815358240396,2.018163157366794,2019,8,246,125025,-15364,1564617600000
2020,9,183,161,6143.24,5137.77,388.99,31.911614906832302,2.416086956521739,2020,9,183,274,-113,1598918400000
2018,9,157,469,19035.01,15559.48,1704.04,33.17586353944563,3.6333475479744135,2018,9,157,2532,-2063,1535760000000
2018,9,127,744,14990.54,12709.0,1139.66,17.081989247311828,1.5318010752688174,2018,9,127,5790,-5046,1535760000000
2022,6,252,40,2644.17,2365.98,176.79000000000002,59.1495,4.4197500000000005,2022,6,252,602,-562,1654041600000
2023,10,257,82,3370.48,2868.61,272.2,34.983048780487806,3.319512195121951,2023,10,257,1480,-1398,1696118400000
2024,11,191,461,17543.76,16075.64,96.13,34.87123644251627,0.20852494577006506,2024,11,191,949,-488,1730419200000
2025,1,115,15,529.0699999999999,369.02000000000004,8.93,24.601333333333336,0.5953333333333333,2025,1,115,51,-36,1735689600000
2020,2,129,2506,53523.08,44161.15,3987.93,17.622166799680766,1.5913527533918594,2020,2,129,12594,-10088,1580515200000
2022,11,21,59,2256.75,2068.38,29.919999999999998,35.057288135593225,0.5071186440677966,2022,11,21,342,-283,1667260800000
2025,11,192,270,5382.37,4437.17,83.85,16.433962962962962,0.31055555555555553,2025,11,192,604,-334,1761955200000
2021,5,136,366,15133.5,13111.69,95.82,35.82428961748634,0.2618032786885246,2021,5,136,712,-346,1619827200000
2018,10,226,12905,253280.11000000002,213337.68,20123.29,16.531397132894227,1.5593405656722201,2018,10,226,20774,-7869,1538352000000
2020,7,245,2,151.42000000000002,112.22,2.0,56.11,1.0,2020,7,245,8,-6,1593561600000
2022,10,80,1126,34958.82,26744.22,4716.75,23.751527531083482,4.188943161634103,2022,10,80,4958,-3832,1664582400000
2017,12,12,4614,93227.02,80459.51,7451.32,17.438125270914608,1.61493714781101,2017,12,12,6793,-2179,1512086400000
2022,9,214,2,217.3,169.2,47.0,84.6,23.5,2022,9,214,53,-51,1661990400000
2023,8,26,125,5060.93,4395.41,207.44,35.16328,1.6595199999999999,2023,8,26,916,-791,1690848000000
2024,8,102,158,4860.92,4335.82,74.69,27.44189873417721,0.47272151898734177,2024,8,102,773,-615,1722470400000
2025,9,248,661,20136.77,17850.64,15.75,27.00550680786687,0.023827534039334342,2025,9,248,858,-197,1756684800000
2018,4,260,4705,82637.43000000001,69698.57,5894.88,14.813723698193412,1.2528969181721572,2018,4,260,10062,-5357,1522540800000
2024,5,171,114,3838.5,3466.26,28.099999999999998,30.405789473684212,0.24649122807017543,2024,5,171,662,-548,1714521600000
2017,1,10,1458,94827.29000000001,75850.66,10617.64,52.02377229080933,7.28233196159122,2017,1,10,3254,-1796,1483228800000
2017,12,218,126,2356.34,2163.43,56.480000000000004,17.170079365079363,0.4482539682539683,2017,12,218,1122,-996,1512086400000
2021,9,81,165,8680.42,7600.66,15.2,46.06460606060606,0.09212121212121212,2021,9,81,421,-256,1630454400000
2020,5,63,255,9686.78,8566.13,222.12,33.592666666666666,0.8710588235294118,2020,5,63,239,16,1588291200000
2019,5,46,49,2508.96,2264.02,43.28,46.20448979591837,0.883265306122449,2019,5,46,138,-89,1556668800000
2024,6,176,1,27.19,23.19,0.0,23.19,0.0,2024,6,176,28,-27,1717200000000
2023,6,226,2358,75999.81,61069.19,7322.79,25.898723494486855,3.1055089058524175,2023,6,226,5692,-3334,1685577600000
2021,4,15,104,3788.79,3316.39,55.72,31.888365384615383,0.5357692307692308,2021,4,15,334,-230,1617235200000
2025,2,72,1875,47893.67,44379.71,77.85,23.669178666666667,0.041519999999999994,2025,2,72,1883,-8,1738368000000
2018,4,40,5018,86075.7,68056.41,10789.22,13.56245715424472,2.150103626943005,2018,4,40,10705,-5687,1522540800000
2016,11,143,109499,1485145.0,1189851.61,166198.57,10.866323984693926,1.5178090210869506,2016,11,143,119715,-10216,1477958400000
2017,5,24,31370,444994.16000000003,358394.51,47383.54,11.424753267452981,1.5104730634364043,2017,5,24,34016,-2646,1493596800000
2025,5,57,80,2064.28,1744.56,68.3,21.807,0.85375,2025,5,57,139,-59,1746057600000
2019,6,66,3802,83394.75,64462.67,9526.31,16.954936875328773,2.5056049447659126,2019,6,66,10566,-6764,1559347200000
2024,4,216,1169,62958.909999999996,53564.68,5718.94,45.82094097519247,4.892164242942686,2024,4,216,3470,-2301,1711929600000
2018,1,219,506,33133.53,27191.36,3428.19,53.73786561264822,6.7750790513834,2018,1,219,1636,-1130,1514764800000
2017,1,110,1,6.8,5.5,0.0,5.5,0.0,2017,1,110,1,0,1483228800000
2016,5,12,5099,106619.06,91222.5,9237.76,17.89027260247107,1.8116807217101394,2016,5,12,8372,-3273,1462060800000
2024,8,1,576,54935.4,47966.57,5203.32,83.2752951388889,9.033541666666666,2024,8,1,8531,-7955,1722470400000
2016,11,218,58,2002.47,1679.54,192.21,28.95758620689655,3.3139655172413796,2016,11,218,985,-927,1477958400000
2017,7,16,44,1048.65,818.91,155.87,18.611590909090907,3.5425,2017,7,16,1356,-1312,1498867200000
2025,2,136,346,10846.76,9970.74,27.04,28.817167630057803,0.07815028901734104,2025,2,136,495,-149,1738368000000
2016,9,124,129,6483.36,5330.2,604.61,41.31937984496124,4.686899224806202,2016,9,124,1025,-896,1472688000000
2024,1,33,1257,40401.74,32265.8,4185.37,25.668894192521876,3.3296499602227523,2024,1,33,7114,-5857,1704067200000
2016,8,232,19683,333039.79,274898.98,33068.56,13.966315094243763,1.6800569018950362,2016,8,232,45939,-26256,1470009600000
2020,2,213,520,17382.52,14455.88,133.28,27.79976923076923,0.2563076923076923,2020,2,213,1265,-745,1580515200000
2024,5,96,32,1284.06,1160.15,42.650000000000006,36.2546875,1.3328125000000002,2024,5,96,113,-81,1714521600000
2020,7,191,273,14008.24,12979.31,339.94,47.54326007326007,1.2452014652014651,2020,7,191,355,-82,1593561600000
2017,6,120,69,1967.24,1642.5,155.05,23.804347826086957,2.2471014492753625,2017,6,120,490,-421,1496275200000
2024,5,84,1,53.51,38.13,0.0,38.13,0.0,2024,5,84,23,-22,1714521600000
2017,6,213,136,3301.4900000000002,2700.3,296.93,19.85514705882353,2.183308823529412,2017,6,213,1437,-1301,1496275200000
2019,12,241,309,10444.63,9204.83,110.26,29.789093851132687,0.3568284789644013,2019,12,241,1248,-939,1575158400000
2023,8,55,240,13066.26,11868.88,85.42,49.45366666666666,0.35591666666666666,2023,8,55,662,-422,1690848000000
2023,12,35,470,14486.2,13435.21,76.92,28.58555319148936,0.1636595744680851,2023,12,35,740,-270,1701388800000
2025,8,239,80643,1668274.46,1065387.96,192841.36,13.211164763215654,2.39129695075828,2025,8,239,79157,1486,1754006400000
2019,5,161,301068,5538280.39,3689190.01,663215.41,12.253676943414776,2.2028757955013485,2019,5,161,294174,6894,1556668800000
2017,9,196,706,18092.18,14830.51,1450.74,21.006388101983003,2.054872521246459,2017,9,196,3511,-2805,1504224000000
2019,1,185,285,7658.29,6908.66,56.089999999999996,24.240912280701753,0.19680701754385962,2019,1,185,999,-714,1546300800000
2025,9,152,5653,135668.14,109985.76,3385.9,19.45617548204493,0.5989563063859897,2025,9,152,7931,-2278,1756684800000
2017,1,263,175624,2166061.83,1711714.86,243657.79,9.746474627613539,1.3873832164168907,2017,1,263,178171,-2547,1483228800000
2021,4,218,553,22144.21,19423.39,230.72,35.12367088607595,0.4172151898734177,2021,4,218,894,-341,1617235200000
2016,9,213,86,1585.58,1325.01,113.11,15.407093023255813,1.3152325581395348,2016,9,213,1386,-1300,1472688000000
2023,8,237,117341,2330105.92,1473664.89,297737.19,12.55882334392923,2.5373670754467748,2023,8,237,104887,12454,1690848000000
2025,1,238,68618,1384167.28,899001.34,167863.55,13.10153808038707,2.446348625725028,2025,1,238,78466,-9848,1735689600000
2016,11,40,5950,106118.35,83838.06,12934.13,14.09043025210084,2.1738033613445378,2016,11,40,11294,-5344,1477958400000
2019,2,50,63098,1055704.71,710241.25,118070.41,11.256161051063426,1.8712227011949667,2019,2,50,84882,-21784,1548979200000
2020,4,135,65,2950.92,2559.44,127.01,39.376,1.9540000000000002,2020,4,135,120,-55,1585699200000
2024,11,8,21,1081.37,794.95,133.26,37.85476190476191,6.345714285714285,2024,11,8,46,-25,1730419200000
2018,2,43,121526,1594218.7000000002,1274862.64,178321.03999999998,10.490451755179961,1.4673488800750456,2018,2,43,99633,21893,1517443200000
2024,6,49,1261,38925.25,34874.37,1109.1,27.656122125297387,0.8795400475812846,2024,6,49,4578,-3317,1717200000000
2024,2,93,470,31919.46,25199.16,3481.92,53.61523404255319,7.408340425531915,2024,2,93,884,-414,1706745600000
2017,6,125,57697,899294.8200000001,712559.46,110324.04,12.35002617120474,1.9121278402689914,2017,6,125,52762,4935,1496275200000
2017,9,142,250899,3453030.48,2752833.49,391150.56,10.971879082818187,1.5589960900601436,2017,9,142,224821,26078,1504224000000
2021,9,44,136,15143.1,13593.55,0.0,99.95257352941177,0.0,2021,9,44,152,-16,1630454400000
2022,12,148,32846,746280.49,517468.73,95778.78,15.754391097850576,2.9159952505632343,2022,12,148,32723,123,1669852800000
2023,8,49,521,15444.28,13098.9,971.63,25.141842610364684,1.8649328214971208,2023,8,49,4182,-3661,1690848000000
2024,9,202,226,8339.39,7067.88,514.44,31.273805309734513,2.276283185840708,2024,9,202,1725,-1499,1725148800000
2022,3,189,392,11132.02,8939.08,1356.15,22.80377551020408,3.4595663265306125,2022,3,189,3086,-2694,1646092800000
2017,7,229,161140,2110758.77,1677147.08,236497.45,10.40801216333623,1.4676520417028671,2017,7,229,149753,11387,1498867200000
2023,10,260,807,27796.27,22147.37,2726.82,27.444076827757122,3.3789591078066916,2023,10,260,2534,-1727,1696118400000
2016,2,141,264159,3286100.65,2615749.33,363278.42,9.902177590012077,1.3752263598817378,2016,2,141,262749,1410,1454284800000
2017,12,226,15048,260496.32,219599.89,20618.87,14.59329412546518,1.3702066719829877,2017,12,226,24092,-9044,1512086400000
2016,2,12,2895,56428.200000000004,47534.9,5265.7,16.41965457685665,1.818894645941278,2016,2,12,6176,-3281,1454284800000
2021,6,35,573,20696.03,17651.64,109.81,30.80565445026178,0.19164048865619546,2021,6,35,1152,-579,1622505600000
2025,3,260,3068,79281.56,66266.45,2770.99,21.59923402868318,0.9031910039113428,2025,3,260,3839,-771,1740787200000
2018,5,167,259,5156.22,4575.85,135.66,17.66737451737452,0.5237837837837838,2018,5,167,1504,-1245,1525132800000
2022,5,192,31,1129.97,1034.24,51.68,33.36258064516129,1.6670967741935483,2022,5,192,294,-263,1651363200000
2025,10,133,861,21952.49,17062.24,297.49,19.816771196283394,0.3455168408826946,2025,10,133,1603,-742,1759276800000
2018,7,180,111,3985.3,3481.01,230.29999999999998,31.360450450450454,2.0747747747747747,2018,7,180,652,-541,1530403200000
2023,12,205,263,10513.25,9732.97,23.599999999999998,37.007490494296576,0.08973384030418251,2023,12,205,1019,-756,1701388800000
2025,11,154,36,1387.08,1255.8899999999999,33.19,34.88583333333333,0.9219444444444443,2025,11,154,511,-475,1761955200000
2023,4,186,105906,2624957.36,1783535.11,330845.89,16.840737163144677,3.1239579438369875,2023,4,186,70168,35738,1680307200000
2020,6,55,224,10251.17,9362.08,383.69,41.795,1.7129017857142856,2020,6,55,478,-254,1590969600000
2017,12,213,123,3776.47,3226.0,372.28,26.227642276422763,3.0266666666666664,2017,12,213,1263,-1140,1512086400000
2025,6,64,185,5903.65,5172.11,103.74,27.95735135135135,0.5607567567567567,2025,6,64,665,-480,1748736000000
2022,8,138,88400,3904261.23,2717648.66,507570.53,30.74263190045249,5.741748076923077,2022,8,138,40022,48378,1659312000000
2022,2,1,355,33597.42,27835.01,3974.08,78.40847887323943,11.194591549295774,2022,2,1,4779,-4424,1643673600000
2022,3,30,2,113.35,105.2,0.0,52.6,0.0,2022,3,30,18,-16,1646092800000
2017,7,84,5,101.3,90.5,6.3,18.1,1.26,2017,7,84,71,-66,1498867200000
2022,2,176,1,40.55,33.2,0.0,33.2,0.0,2022,2,176,11,-10,1643673600000
2021,5,68,54084,940343.28,621178.95,115985.42,11.485447637009097,2.1445421936247318,2021,5,68,51565,2519,1619827200000
2020,12,51,638,24306.86,20805.44,1629.64,32.61040752351097,2.554294670846395,2020,12,51,1052,-414,1606780800000
2023,4,239,93209,2062724.8900000001,1338930.7,275542.8,14.364822066538638,2.956182342906801,2023,4,239,92693,516,1680307200000
2016,5,265,7171,523448.82,443944.94,56642.25,61.90837261190908,7.898793752614698,2016,5,265,30488,-23317,1462060800000
2016,4,153,147,2145.53,1829.5,137.81,12.445578231292517,0.9374829931972789,2016,4,153,661,-514,1459468800000
2023,3,77,86,2715.74,2512.89,7.35,29.219651162790697,0.08546511627906976,2023,3,77,354,-268,1677628800000
2023,11,134,351,19938.11,16404.08,2242.16,46.73527065527066,6.387920227920228,2023,11,134,1074,-723,1698796800000
2023,9,144,27237,694130.89,478891.70999999996,83575.95999999999,17.582395638286155,3.0684715644160514,2023,9,144,27714,-477,1693526400000
2019,3,180,220,8425.71,7552.5,223.5,34.32954545454545,1.0159090909090909,2019,3,180,709,-489,1551398400000
2025,7,27,82,2889.39,2428.08,49.56999999999999,29.610731707317072,0.6045121951219511,2025,7,27,183,-101,1751328000000
2024,9,122,119,4634.03,4200.27,5.5,35.296386554621854,0.046218487394957986,2024,9,122,341,-222,1725148800000
2020,1,25,4593,89049.64,72077.48,7425.68,15.692897888090572,1.6167385151317222,2020,1,25,11059,-6466,1577836800000
2022,12,249,67727,1371253.29,905661.01,187460.68,13.372229834482555,2.7678869579340586,2022,12,249,52085,15642,1669852800000
2021,11,1,552,52747.49,43573.87,6758.1,78.93817028985508,12.242934782608696,2021,11,1,9040,-8488,1635724800000
2019,8,185,179,4902.19,4312.35,94.38,24.091340782122906,0.5272625698324022,2019,8,185,975,-796,1564617600000
2022,5,182,83,2548.37,2239.49,53.73,26.98180722891566,0.6473493975903614,2022,5,182,491,-408,1651363200000
2025,7,100,58025,1356825.85,889214.87,142061.23,15.324685394226627,2.4482762602326584,2025,7,100,52260,5765,1751328000000
2023,12,88,10151,344656.63,254072.66,39605.08,25.02932321938725,3.901593931632352,2023,12,88,13017,-2866,1701388800000
2016,6,75,69405,965566.75,790648.78,88231.66,11.391812981773647,1.271257978531806,2016,6,75,126200,-56795,1464739200000
2018,9,208,157,6904.5,6032.21,208.5,38.42171974522293,1.3280254777070064,2018,9,208,1170,-1013,1535760000000
2019,11,135,417,16755.55,14567.460000000001,271.31,34.933956834532374,0.6506235011990408,2019,11,135,1654,-1237,1572566400000
2021,11,114,41768,754560.77,497004.26,102019.17,11.899163474430186,2.4425198716720935,2021,11,114,33363,8405,1635724800000
2025,6,112,7863,215191.06,171878.21,4094.64,21.85911356988427,0.520747806180847,2025,6,112,13206,-5343,1748736000000
2018,3,48,303719,4222566.03,3367345.4,459530.4,11.087042298967138,1.5130116983132436,2018,3,48,261989,41730,1519862400000
2016,11,178,201,2481.1,1929.2,265.18,9.598009950248757,1.3193034825870646,2016,11,178,875,-674,1477958400000
2017,11,175,42,957.91,819.51,76.26,19.512142857142855,1.8157142857142858,2017,11,175,689,-647,1509494400000
2018,5,135,312,9985.15,8472.21,660.38,27.15451923076923,2.116602564102564,2018,5,135,1988,-1676,1525132800000
2019,9,127,655,15216.83,12811.91,1010.62,19.560167938931297,1.5429312977099237,2019,9,127,4751,-4096,1567296000000
2020,4,211,342,5561.36,3746.33,587.16,10.954181286549707,1.7168421052631577,2020,4,211,556,-214,1585699200000
2019,3,82,2465,61568.24,50521.72,3805.39,20.49562677484787,1.5437687626774848,2019,3,82,6366,-3901,1551398400000
2024,3,65,2645,83554.14,68670.02,6181.86,25.962200378071834,2.337187145557656,2024,3,65,4881,-2236,1709251200000
2019,3,123,447,11951.11,10832.77,113.88,24.234384787472038,0.25476510067114094,2019,3,123,1560,-1113,1551398400000
2020,6,94,121,4358.88,3763.67,161.42,31.104710743801654,1.3340495867768594,2020,6,94,260,-139,1590969600000
2024,1,57,10,354.09000000000003,321.46999999999997,7.18,32.147,0.718,2024,1,57,52,-42,1704067200000
2025,9,1,551,54264.96,47288.05,5535.35,85.82223230490018,10.046007259528132,2025,9,1,8052,-7501,1756684800000
2024,4,51,519,23276.95,21258.05,108.66,40.959633911368016,0.209364161849711,2024,4,51,676,-157,1711929600000
2017,6,180,89,3409.41,2711.0,377.48,30.46067415730337,4.241348314606742,2017,6,180,764,-675,1496275200000
2018,7,132,222152,12458429.44,10252777.63,1278782.63,46.15208339335231,5.7563408387050305,2018,7,132,69317,152835,1530403200000
2023,6,45,4675,135948.13,97643.68,15454.86,20.886348663101604,3.3058524064171126,2023,6,45,8763,-4088,1685577600000
2024,2,222,320,12347.64,11468.12,24.68,35.837875000000004,0.077125,2024,2,222,386,-66,1706745600000
2020,6,120,21,702.87,570.32,34.94,27.15809523809524,1.6638095238095236,2020,6,120,109,-88,1590969600000
2019,8,198,285,7512.59,6278.16,462.05,22.02863157894737,1.6212280701754387,2019,8,198,3475,-3190,1564617600000
2024,4,140,69540,1565440.31,1053431.33,185245.02,15.14856672418752,2.663862812769629,2024,4,140,70054,-514,1711929600000
2025,2,156,10,457.27,366.8,0.0,36.68,0.0,2025,2,156,37,-27,1738368000000
2025,2,219,802,41058.98,35692.01,2745.88,44.50375311720698,3.4237905236907733,2025,2,219,1472,-670,1738368000000
2017,2,193,4580,50343.62,43245.51,2773.45,9.442251091703056,0.6055567685589519,2017,2,193,6348,-1768,1485907200000
2019,7,253,29,1551.21,1246.35,145.14,42.97758620689655,5.004827586206896,2019,7,253,99,-70,1561939200000
2023,9,80,942,33513.06,26409.92,3325.0099999999998,28.036008492569,3.5297346072186833,2023,9,80,3890,-2948,1693526400000
2020,5,192,48,1654.6,1360.23,50.35,28.338125,1.0489583333333334,2020,5,192,63,-15,1588291200000
2024,5,113,51391,1170234.5,783769.99,142792.61000000002,15.251113813702789,2.7785528594500986,2024,5,113,47558,3833,1714521600000
2024,6,249,83721,1893829.09,1278915.5,220994.18,15.275922408953548,2.6396505058468005,2024,6,249,62694,21027,1717200000000
2018,4,123,206,4574.85,4027.3,227.35,19.55,1.103640776699029,2018,4,123,1276,-1070,1522540800000
2022,11,18,75,2687.82,2424.25,30.47,32.32333333333333,0.40626666666666666,2022,11,18,429,-354,1667260800000
2017,3,247,2181,33877.47,28647.18,2246.35,13.134883081155433,1.0299633195781752,2017,3,247,4568,-2387,1488326400000
2019,8,133,349,8417.87,7134.34,280.37,20.44223495702006,0.803352435530086,2019,8,133,2004,-1655,1564617600000
2020,6,74,8201,123374.16,99322.77,7276.28,12.111055968784296,0.8872430191440068,2020,6,74,12542,-4341,1590969600000
2025,5,231,65881,1710588.21,1165409.7,176189.17,17.689617643933758,2.674354821572229,2025,5,231,77188,-11307,1746057600000
2016,8,177,357,6773.72,5778.4,479.57,16.185994397759103,1.3433333333333333,2016,8,177,2513,-2156,1470009600000
2018,10,220,405,11395.29,10011.31,324.79,24.71928395061728,0.8019506172839507,2018,10,220,3370,-2965,1538352000000
2024,4,113,50235,1134828.3,757727.54,139018.72,15.083657609236589,2.767367771474072,2024,4,113,47184,3051,1711929600000
2023,6,84,1,11.16,7.2,1.46,7.2,1.46,2023,6,84,26,-25,1685577600000
2025,7,168,3318,86721.19,75672.35,520.21,22.80661543098252,0.15678420735382761,2025,7,168,4016,-698,1751328000000
2019,6,218,522,19535.81,17645.63,126.2,33.80388888888889,0.2417624521072797,2019,6,218,2090,-1568,1559347200000
2022,2,158,21880,402381.64,264194.41,56179.9,12.074698811700182,2.5676371115173677,2022,2,158,28656,-6776,1643673600000
2024,3,109,1,229.66,175.0,38.28,175.0,38.28,2024,3,109,25,-24,1709251200000
2025,1,193,1911,25080.92,20839.18,870.2,10.904856096284668,0.4553636839351125,2025,1,193,2267,-356,1735689600000
2022,7,53,58,2537.77,2144.13,135.14,36.96775862068966,2.3299999999999996,2022,7,53,463,-405,1656633600000
2022,1,120,12,624.98,540.7,40.08,45.05833333333334,3.34,2022,1,120,127,-115,1640995200000
2017,8,12,6028,119852.47,103681.6,8892.44,17.2,1.4751891174518912,2017,8,12,8053,-2025,1501545600000
2017,4,188,1345,20984.44,17710.79,1651.79,13.167873605947957,1.2280966542750928,2017,4,188,7894,-6549,1491004800000
2020,3,128,33,810.37,685.4,52.04,20.76969696969697,1.576969696969697,2020,3,128,235,-202,1583020800000
2019,5,77,319,11832.88,10695.98,19.58,33.52971786833856,0.06137931034482758,2019,5,77,872,-553,1556668800000
2021,4,5,8,729.73,651.5,0.0,81.4375,0.0,2021,4,5,27,-19,1617235200000
2021,6,184,22,1063.35,969.6800000000001,12.72,44.07636363636364,0.5781818181818182,2021,6,184,89,-67,1622505600000
2017,7,142,234082,3115612.75,2483877.62,345625.64,10.611143189138849,1.476515238249844,2017,7,142,210001,24081,1498867200000
2016,5,229,222874,3059142.04,2448003.36,333702.68,10.983799635668584,1.4972705654315892,2016,5,229,193389,29485,1462060800000
2021,7,21,137,5502.0199999999995,4813.72,19.3,35.136642335766425,0.14087591240875913,2021,7,21,493,-356,1625097600000
2023,4,70,16103,921143.95,633115.45,119323.2,39.31661491647519,7.4099981369931065,2023,4,70,2197,13906,1680307200000
2025,5,149,715,15425.67,13793.71,40.0,19.291902097902096,0.055944055944055944,2025,5,149,1192,-477,1746057600000
2019,8,202,300,8519.11,7089.97,617.11,23.633233333333333,2.0570333333333335,2019,8,202,2879,-2579,1564617600000
2018,2,262,101336,1313036.31,1038397.61,153632.33000000002,10.247075175653272,1.5160686231941267,2018,2,262,109593,-8257,1517443200000
2025,7,172,17,530.12,398.96999999999997,20.23,23.468823529411765,1.19,2025,7,172,66,-49,1751328000000
2020,2,206,16,836.45,677.54,16.66,42.34625,1.04125,2020,2,206,101,-85,1580515200000
2022,12,218,218,8148.17,7430.2,151.22,34.08348623853211,0.6936697247706421,2022,12,218,1125,-907,1669852800000
2024,5,195,817,41760.25,34658.96,3154.98,42.4222276621787,3.8616646266829866,2024,5,195,1631,-814,1714521600000
2016,11,71,185,4185.7,3381.8,506.49,18.28,2.737783783783784,2016,11,71,1529,-1344,1477958400000
2023,5,243,585,21909.11,17712.37,2074.34,30.277555555555555,3.545880341880342,2023,5,243,6435,-5850,1682899200000
2018,4,5,6,178.47,160.81,12.86,26.801666666666666,2.143333333333333,2018,4,5,57,-51,1522540800000
2018,12,40,3999,69313.89,54862.47,8356.31,13.719047261815454,2.0895998999749934,2018,12,40,8646,-4647,1543622400000
2019,11,54,221,5285.87,4051.98,553.5,18.33475113122172,2.504524886877828,2019,11,54,1713,-1492,1572566400000
2022,9,181,1137,30847.12,24291.53,4046.69,21.364582233948987,3.559094107299912,2022,9,181,8543,-7406,1661990400000
2025,7,252,329,9895.09,8647.85,143.06,26.285258358662617,0.4348328267477204,2025,7,252,1211,-882,1751328000000
2025,9,139,486,19479.13,17977.56,59.68,36.99086419753087,0.12279835390946502,2025,9,139,1217,-731,1756684800000
2020,8,3,164,6400.6900000000005,5501.35,325.1,33.544817073170734,1.9823170731707318,2020,8,3,265,-101,1596240000000
2019,1,146,6718,98383.45,82945.36,7392.2,12.346734147067579,1.1003572491813038,2019,1,146,8660,-1942,1546300800000
2021,10,222,165,6599.67,5765.11,26.86,34.940060606060605,0.1627878787878788,2021,10,222,397,-232,1633046400000
2021,3,256,605,15533.7,12560.9,1192.47,20.76181818181818,1.9710247933884297,2021,3,256,3319,-2714,1614556800000
2025,9,123,715,19437.76,18301.15,71.45,25.59601398601399,0.09993006993006993,2025,9,123,1286,-571,1756684800000
2025,10,116,8403,178576.0,139464.59,4559.36,16.596999880994883,0.5425871712483636,2025,10,116,13201,-4798,1759276800000
2016,10,108,36,865.39,663.0,70.22,18.416666666666668,1.9505555555555556,2016,10,108,595,-559,1475280000000
2022,9,244,2610,64504.58,51645.42,6498.34,19.78751724137931,2.489785440613027,2022,9,244,10714,-8104,1661990400000
2018,2,59,4,125.17999999999999,107.51,0.0,26.8775,0.0,2018,2,59,32,-28,1517443200000
2025,9,254,1156,41495.96,38006.16,28.01,32.877301038062285,0.024230103806228375,2025,9,254,1652,-496,1756684800000
2019,2,193,5131,54274.21000000001,44878.18,2331.01,8.746478269343209,0.45429935685051653,2019,2,193,6316,-1185,1548979200000
2023,9,119,173,6060.0,5336.06,189.93,30.8442774566474,1.0978612716763005,2023,9,119,549,-376,1693526400000
2017,1,18,131,2317.04,2061.39,100.57,15.735801526717557,0.767709923664122,2017,1,18,1453,-1322,1483228800000
2019,2,181,5889,105003.81,84791.01,9351.67,14.398201732042791,1.5879894718967567,2019,2,181,21065,-15176,1548979200000
2021,2,21,158,6196.5,5272.27,145.3,33.36879746835443,0.9196202531645571,2021,2,21,371,-213,1612137600000
2022,6,259,77,3078.92,2813.3700000000003,21.75,36.53727272727273,0.2824675324675325,2022,6,259,371,-294,1654041600000
2025,4,72,2517,65031.46,60259.41,111.55,23.94096543504172,0.04431863329360349,2025,4,72,2476,41,1743465600000
2016,2,48,349492,4817506.96,3853446.12,515901.35,11.025849289826377,1.4761463781717463,2016,2,48,300412,49080,1454284800000
2022,1,246,29990,505418.13,326605.09,66562.87,10.890466488829611,2.2195021673891295,2022,1,246,37950,-7960,1640995200000
2025,8,192,307,7427.81,6258.52,247.74,20.386058631921827,0.806970684039088,2025,8,192,738,-431,1754006400000
2019,3,28,1101,49555.51,40824.96,3322.81,37.079891008174386,3.0179927338782924,2019,3,28,2706,-1605,1551398400000
2019,6,171,212,7938.51,7057.63,34.88,33.29070754716981,0.16452830188679246,2019,6,171,1142,-930,1559347200000
2016,1,137,144302,1912422.1600000001,1518000.68,212999.8,10.519609430222728,1.4760696317445356,2016,1,137,161219,-16917,1451606400000
2016,7,94,55,885.47,793.3,25.43,14.423636363636362,0.46236363636363637,2016,7,94,846,-791,1467331200000
2018,10,125,50090,790541.67,625216.17,98979.26,12.481856059093632,1.9760283489718506,2018,10,125,45637,4453,1538352000000
2019,12,185,247,7784.05,6772.75,68.75,27.420040485829958,0.2783400809716599,2019,12,185,921,-674,1575158400000
2020,12,200,156,8534.35,7016.61,605.66,44.97826923076923,3.8824358974358972,2020,12,200,522,-366,1606780800000
2025,10,142,133270,2909547.09,1841653.56,366164.13,13.818965708711639,2.7475360546259475,2025,10,142,117430,15840,1759276800000
2021,3,217,209,5351.78,4597.7,98.43,21.998564593301435,0.4709569377990431,2021,3,217,1386,-1177,1614556800000
2016,3,229,230975,3071908.33,2446122.78,339998.56,10.590422253490637,1.4720145470288992,2016,3,229,204451,26524,1456790400000
2020,10,121,285,9816.38,8496.39,702.74,29.811894736842103,2.4657543859649125,2020,10,121,539,-254,1601510400000
2021,7,92,334,14213.07,12124.86,270.67,36.30197604790419,0.8103892215568863,2021,7,92,1721,-1387,1625097600000
2021,4,86,286,15353.94,13625.94,158.19,47.64314685314685,0.553111888111888,2021,4,86,870,-584,1617235200000
2025,5,136,669,17339.7,15611.84,70.06,23.336083707025413,0.10472346786248132,2025,5,136,1119,-450,1746057600000
2016,11,25,10506,172990.52,141147.05,19484.48,13.434899105273177,1.8546049876261184,2016,11,25,18500,-7994,1477958400000
2017,4,259,59,1285.53,1073.5,133.27,18.194915254237287,2.258813559322034,2017,4,259,1095,-1036,1491004800000
2021,3,95,798,25092.43,20790.31,780.34,26.053020050125316,0.9778696741854637,2021,3,95,2576,-1778,1614556800000
2023,8,13,18696,601111.91,425884.51,76569.52,22.77944533590073,4.095502781343603,2023,8,13,23215,-4519,1690848000000
2024,1,179,642,16871.92,14069.97,901.29,21.915841121495326,1.4038785046728972,2024,1,179,2806,-2164,1704067200000
2017,8,93,1857,92309.19,73366.53,10264.359999999999,39.50809369951535,5.5273882606354325,2017,8,93,3255,-1398,1501545600000
2016,10,212,104,2491.63,1992.3,318.89,19.15673076923077,3.0662499999999997,2016,10,212,1324,-1220,1475280000000
2020,10,208,301,11151.039999999999,9241.32,737.07,30.70205980066445,2.4487375415282395,2020,10,208,595,-294,1601510400000
2024,3,151,28307,592340.8,419159.62,67212.08,14.807631327940085,2.3743978521213833,2024,3,151,32169,-3862,1709251200000
2023,5,3,61,2675.2599999999998,2359.3,30.3,38.67704918032787,0.4967213114754098,2023,5,3,286,-225,1682899200000
2025,11,57,61,1261.16,1066.98,11.67,17.491475409836067,0.19131147540983606,2025,11,57,118,-57,1761955200000
2020,9,169,413,12560.79,10956.58,852.74,26.529249394673123,2.0647457627118646,2020,9,169,942,-529,1598918400000
2017,4,34,295,4626.4800000000005,3788.5,487.47,12.842372881355931,1.6524406779661018,2017,4,34,1356,-1061,1491004800000
2020,5,241,217,6679.06,5771.5,325.1,26.596774193548388,1.49815668202765,2020,5,241,425,-208,1588291200000
2022,4,187,3,159.7,117.7,0.0,39.233333333333334,0.0,2022,4,187,19,-16,1648771200000
2023,2,184,3,77.0,70.0,0.0,23.333333333333332,0.0,2023,2,184,20,-17,1675209600000
2024,7,182,247,9471.34,8775.02,41.87,35.526396761133604,0.16951417004048583,2024,7,182,462,-215,1719792000000
2024,10,203,220,9776.64,9033.84,138.06,41.062909090909095,0.6275454545454545,2024,10,203,722,-502,1727740800000
2024,7,177,704,20698.76,19441.34,155.37,27.615539772727274,0.22069602272727273,2024,7,177,1177,-473,1719792000000
2016,6,232,22040,373312.91000000003,305101.22,40378.61,13.843068058076224,1.8320603448275863,2016,6,232,49962,-27922,1464739200000
2023,10,72,288,9161.91,8469.45,45.42,29.407812500000002,0.15770833333333334,2023,10,72,835,-547,1696118400000
2019,9,157,702,35560.02,27590.76,3673.22,39.30307692307692,5.232507122507122,2019,9,157,2459,-1757,1567296000000
2024,4,83,311,10231.13,8580.77,689.1800000000001,27.59090032154341,2.216012861736335,2024,4,83,816,-505,1711929600000
2017,4,1,688,59520.29,49422.75,7536.39,71.83539244186046,10.95405523255814,2017,4,1,19955,-19267,1491004800000
2020,3,261,15288,353536.07999999996,251876.46,41602.79,16.475435635792778,2.721270931449503,2020,3,261,12394,2894,1583020800000
2022,3,231,49663,1004787.14,685021.52,133293.07,13.793397901858526,2.683951231298955,2022,3,231,52955,-3292,1646092800000
2024,4,259,208,8905.09,8170.19,46.2,39.27975961538461,0.22211538461538463,2024,4,259,419,-211,1711929600000
2018,9,68,191974,2890524.99,2308278.34,328292.13,12.023911258816296,1.710086417952431,2018,9,68,183263,8711,1535760000000
2025,3,49,3190,80979.72,69419.74,1237.75,21.761673981191223,0.38800940438871473,2025,3,49,6390,-3200,1740787200000
2025,8,228,2273,64520.62,54303.91,618.48,23.89085349758029,0.2720985481742191,2025,8,228,3959,-1686,1754006400000
2024,9,113,51730,1177373.74,794055.4,140189.89,15.349998066885753,2.7100307365165284,2024,9,113,48141,3589,1725148800000
2021,1,48,34832,531164.13,348125.15,57985.27,9.994406005971522,1.6647126205787781,2021,1,48,31897,2935,1609459200000
2024,5,130,1092,44228.12,38511.16,2053.1,35.26663003663004,1.880128205128205,2024,5,130,2335,-1243,1714521600000
2022,5,211,25633,507405.83,345723.31,65976.2,13.487430655795263,2.573877423633597,2022,5,211,30020,-4387,1651363200000
2024,2,233,34654,836189.09,553328.99,103692.2,15.967247359612166,2.992214462976857,2024,2,233,45617,-10963,1706745600000
2025,11,231,55233,1328929.57,877940.81,142966.9,15.895222240327342,2.588432639907302,2025,11,231,66477,-11244,1761955200000
2016,9,230,313579,5472335.12,4409288.19,555210.93,14.061171794029576,1.7705615809732158,2016,9,230,302180,11399,1472688000000
2019,2,100,144158,2406446.5200000005,1616627.91,256115.17,11.21427815313753,1.7766282134879785,2019,2,100,106510,37648,1548979200000
2018,11,15,120,4837.53,4241.64,193.74,35.347,1.6145,2018,11,15,777,-657,1541030400000
2022,7,227,44,1761.08,1501.3100000000002,124.97,34.12068181818182,2.840227272727273,2022,7,227,635,-591,1656633600000
2018,6,5,3,292.82,234.0,22.36,78.0,7.453333333333333,2018,6,5,58,-55,1527811200000
2021,5,9,173,5468.35,4815.34,8.66,27.83433526011561,0.050057803468208095,2021,5,9,369,-196,1619827200000
2020,1,79,158131,2612507.08,1700972.77,322713.85,10.756731886853306,2.040800665271199,2020,1,79,136742,21389,1577836800000
2024,3,25,1933,57567.56,48492.88,3668.25,25.086849456802895,1.8976978789446457,2024,3,25,5590,-3657,1709251200000
2023,10,172,1,126.0,125.0,0.0,125.0,0.0,2023,10,172,29,-28,1696118400000
2023,11,45,4279,125308.8,91106.22,14141.6,21.29147464360832,3.304884318766067,2023,11,45,8391,-4112,1698796800000
2025,4,181,4050,104615.26,86705.43,3270.52,21.408748148148145,0.8075358024691358,2025,4,181,11075,-7025,1743465600000
2018,3,72,269,6146.67,5623.3,131.79,20.90446096654275,0.4899256505576208,2018,3,72,1467,-1198,1519862400000
2016,4,74,38988,528347.08,436869.82,39127.99,11.205238021955473,1.0035905919770185,2016,4,74,88187,-49199,1459468800000
2020,3,143,39160,606952.71,392814.83,72727.06,10.031022216547498,1.8571772216547497,2020,3,143,44104,-4944,1583020800000
2025,10,180,442,14920.99,12641.95,743.1899999999999,28.601696832579186,1.6814253393665157,2025,10,180,966,-524,1759276800000
2016,6,144,131084,2046709.1300000001,1655461.62,227291.1,12.62901360959385,1.7339347288761406,2016,6,144,110852,20232,1464739200000
2024,1,239,88474,1852177.38,1189862.9,246667.94,13.448729570269231,2.7880274430906256,2024,1,239,89105,-631,1704067200000
2021,8,193,2757,21128.26,17491.83,921.38,6.344515778019587,0.3341965904969169,2021,8,193,3303,-546,1627776000000
2022,10,75,23009,401063.59,288210.15,45802.52,12.525974618627494,1.990634968925203,2022,10,75,43978,-20969,1664582400000
2019,1,96,38,835.82,710.0799999999999,22.66,18.68631578947368,0.5963157894736842,2019,1,96,179,-141,1546300800000
2022,11,144,25226,496398.02999999997,339783.03,63656.14,13.469556410053121,2.5234337588202647,2022,11,144,27421,-2195,1667260800000
2017,1,79,303600,4226206.24,3354398.98,498252.61,11.048744993412384,1.64114825428195,2017,1,79,249329,54271,1483228800000
2025,1,142,110584,2313667.87,1450716.75,298945.62,13.118685795413441,2.703335202199233,2025,1,142,98981,11603,1735689600000
2019,2,250,365,9786.97,8358.69,240.57,22.900520547945206,0.6590958904109588,2019,2,250,1032,-667,1548979200000
2024,4,122,150,5416.35,4928.28,29.23,32.855199999999996,0.19486666666666666,2024,4,122,330,-180,1711929600000
2018,5,142,289282,4028867.4000000004,3201240.8,467112.48,11.066159664272233,1.61473053975014,2018,5,142,254102,35180,1525132800000
2025,4,156,8,328.92,203.21,8.2,25.40125,1.025,2025,4,156,35,-27,1743465600000
2017,7,115,6,323.15,284.35,35.0,47.39166666666667,5.833333333333333,2017,7,115,107,-101,1498867200000
2018,10,127,743,16995.47,14448.55,1275.26,19.446231493943472,1.7163660834454912,2018,10,127,6120,-5377,1538352000000
2020,4,6,3,84.34,69.2,0.0,23.066666666666666,0.0,2020,4,6,7,-4,1585699200000
2016,12,187,1,36.3,35.0,0.0,35.0,0.0,2016,12,187,47,-46,1480550400000
2019,9,146,5496,95260.89,75588.12,7507.62,13.75329694323144,1.3660152838427948,2019,9,146,8440,-2944,1567296000000
2021,8,192,57,2123.08,1880.01,14.17,32.98263157894737,0.24859649122807018,2021,8,192,342,-285,1627776000000
2024,7,10,1276,84118.93,68443.1,8566.8,53.63879310344828,6.713793103448276,2024,7,10,3692,-2416,1719792000000
2025,9,171,349,10531.63,9217.58,60.87,26.411404011461318,0.17441260744985673,2025,9,171,1075,-726,1756684800000
2016,8,146,10653,166885.05,139375.07,14137.27,13.083175631277575,1.3270693701304797,2016,8,146,13132,-2479,1470009600000
2016,12,201,9,181.34,167.0,2.06,18.555555555555557,0.2288888888888889,2016,12,201,341,-332,1480550400000
2016,8,67,86,2589.0,1866.1100000000001,574.09,21.698953488372094,6.67546511627907,2016,8,67,1734,-1648,1470009600000
2021,10,124,120,5263.92,4418.32,143.4,36.81933333333333,1.195,2021,10,124,606,-486,1633046400000
2016,7,190,633,10305.12,8504.1,1035.53,13.434597156398105,1.635908372827804,2016,7,190,2105,-1472,1467331200000
2016,9,96,24,729.08,600.01,68.67,25.000416666666666,2.86125,2016,9,96,198,-174,1472688000000
2022,9,166,17834,341879.03,247186.78,45210.61,13.860422787933162,2.5350796231916566,2022,9,166,24485,-6651,1661990400000
2017,12,93,918,54032.97,42745.46,5934.43,46.563681917211326,6.464520697167757,2017,12,93,815,103,1512086400000
2018,10,235,520,16125.14,14528.5,421.55,27.939423076923077,0.810673076923077,2018,10,235,1828,-1308,1538352000000
2022,11,76,289,9679.56,8755.07,336.92,30.294359861591694,1.1658131487889274,2022,11,76,1298,-1009,1667260800000
2021,1,244,3466,81285.86,65763.46,6941.17,18.97387766878246,2.0026457010963647,2021,1,244,8320,-4854,1609459200000
2024,12,145,5101,127039.97,101560.45,9181.09,19.909909821603605,1.7998608116055677,2024,12,145,10322,-5221,1733011200000
2025,5,16,393,9317.52,8081.57,70.95,20.563791348600507,0.18053435114503819,2025,5,16,1287,-894,1746057600000
2019,10,167,284,7490.97,6396.75,64.94,22.523767605633804,0.2286619718309859,2019,10,167,1087,-803,1569888000000
2019,12,136,382,12720.73,11187.91,171.03,29.287722513089005,0.44772251308900524,2019,12,136,1118,-736,1575158400000
2021,1,58,11,324.67,269.51,19.25,24.50090909090909,1.75,2021,1,58,42,-31,1609459200000
2019,8,156,9,783.42,605.47,95.65,67.27444444444444,10.627777777777778,2019,8,156,93,-84,1564617600000
2017,6,192,141,2859.15,2460.96,223.26,17.453617021276596,1.583404255319149,2017,6,192,919,-778,1496275200000
2016,1,230,366641,5534267.39,4405176.98,585790.75,12.014960083569488,1.5977229769720245,2016,1,230,326977,39664,1451606400000
2020,8,9,113,3899.57,3449.5,195.85,30.52654867256637,1.7331858407079646,2020,8,9,210,-97,1596240000000
2024,8,138,102927,6547882.0600000005,4230248.430000001,848560.5800000001,41.09950187997319,8.244295277235322,2024,8,138,37693,65234,1722470400000
2020,3,38,123,4272.87,4013.48,0.0,32.629918699186995,0.0,2020,3,38,405,-282,1583020800000
2025,8,67,428,10528.11,8900.56,66.21,20.79570093457944,0.15469626168224299,2025,8,67,1063,-635,1754006400000
2018,7,252,93,4619.41,4038.3,288.46,43.42258064516129,3.1017204301075267,2018,7,252,1212,-1119,1530403200000
2025,4,252,244,7909.45,6633.03,261.48,27.184549180327867,1.0716393442622951,2025,4,252,848,-604,1743465600000
2016,8,237,333549,4004180.18,3198711.72,411495.04,9.589930474982687,1.2336869245598097,2016,8,237,294053,39496,1470009600000
2018,5,46,22,1052.88,943.5,13.66,42.88636363636363,0.620909090909091,2018,5,46,156,-134,1525132800000
2020,8,23,21,1572.03,1222.13,55.84,58.19666666666667,2.659047619047619,2020,8,23,61,-40,1596240000000
2016,5,26,280,5280.69,4591.01,334.48,16.396464285714288,1.1945714285714286,2016,5,26,2894,-2614,1462060800000
2021,4,254,590,22476.45,19248.05,170.73,32.62381355932203,0.2893728813559322,2021,4,254,1033,-443,1617235200000
2023,5,63,82,3118.59,2734.92,116.27,33.35268292682927,1.4179268292682927,2023,5,63,553,-471,1682899200000
2024,7,68,87015,2170505.44,1479546.43,262350.6,17.00334919266793,3.0150043096017924,2024,7,68,82289,4726,1719792000000
2019,4,203,333,17177.37,15906.38,183.99,47.766906906906904,0.5525225225225225,2019,4,203,1296,-963,1554076800000
2023,6,148,35542,922787.91,632562.51,116078.96,17.797605931011198,3.265965899499184,2023,6,148,33219,2323,1685577600000
2018,5,260,4937,88496.49,74041.51,6775.5,14.997267571399634,1.3723921409763014,2018,5,260,10092,-5155,1525132800000
2020,7,209,1076,25884.0,19719.88,2396.14,18.327026022304835,2.226895910780669,2020,7,209,1542,-466,1593561600000
2018,8,166,33986,503005.98,404330.62,53831.76,11.896975813570293,1.5839392691108103,2018,8,166,49399,-15413,1533081600000
2020,10,254,650,24906.48,21358.9,1558.8,32.859846153846156,2.3981538461538463,2020,10,254,993,-343,1601510400000
2024,9,87,25099,778276.07,576041.41,81490.4,22.95077134547193,3.2467588350133467,2024,9,87,33463,-8364,1725148800000
2025,5,65,6851,180700.58,146882.83,7785.31,21.439619033717705,1.1363757115749527,2025,5,65,7840,-989,1746057600000
2017,3,245,3,158.74,151.34,5.0,50.446666666666665,1.6666666666666667,2017,3,245,113,-110,1488326400000
2022,8,33,1829,50070.25,38987.85,6139.97,21.316484417714598,3.3570092946965557,2022,8,33,7594,-5765,1659312000000
2022,11,257,63,2754.31,2240.18,322.23,35.558412698412695,5.114761904761905,2022,11,257,1362,-1299,1667260800000
2023,4,254,204,8795.92,8017.12,38.35,39.29960784313725,0.18799019607843137,2023,4,254,530,-326,1680307200000
2024,4,183,92,3346.5,2971.74,3.0,32.30152173913043,0.03260869565217391,2024,4,183,158,-66,1711929600000
2024,5,89,1322,41667.29,38271.45,524.74,28.949659606656578,0.396928895612708,2024,5,89,3309,-1987,1714521600000
2021,3,48,50519,790492.86,517228.88,88425.65,10.238304004433976,1.7503444248698508,2021,3,48,45592,4927,1614556800000
2025,10,232,12276,260371.48,183962.14,11384.45,14.985511567285762,0.9273745519713262,2025,10,232,23692,-11416,1759276800000
2016,5,223,8756,161029.16,127102.05,15885.45,14.51599474645957,1.8142359524897214,2016,5,223,27212,-18456,1462060800000
2024,2,52,601,16992.2,13452.34,1697.4,22.3832612312812,2.8242928452579035,2024,2,52,1991,-1390,1706745600000
2023,1,172,7,385.16,316.16,10.35,45.16571428571429,1.4785714285714284,2023,1,172,36,-29,1672531200000
2023,4,47,110,3505.9,3141.31,47.489999999999995,28.557363636363636,0.4317272727272727,2023,4,47,349,-239,1680307200000
2019,5,217,480,9710.63,8240.74,561.57,17.168208333333332,1.1699375,2019,5,217,2763,-2283,1556668800000
2020,2,62,470,12814.37,11278.4,198.41,23.99659574468085,0.42214893617021276,2020,2,62,2521,-2051,1580515200000
2020,6,162,14099,217278.65,141798.24,24372.72,10.057326051493012,1.728684303851337,2020,6,162,11063,3036,1590969600000
2017,5,141,226977,2866447.41,2274958.49,320668.73,10.022859100261261,1.4127807222758253,2017,5,141,228398,-1421,1493596800000
2017,11,130,709,36591.74,29497.29,3672.2200000000003,41.60407616361072,5.1794358251057835,2017,11,130,1965,-1256,1509494400000
2024,10,258,378,11731.14,10535.67,69.61,27.872142857142858,0.18415343915343915,2024,10,258,999,-621,1727740800000
2023,5,263,65249,1425409.97,926558.41,181982.77,14.200346518720593,2.7890507134208953,2023,5,263,70520,-5271,1682899200000
2022,7,238,59190,1035296.16,689353.37,135435.74,11.646449907078898,2.288152390606521,2022,7,238,64853,-5663,1656633600000
2018,3,177,320,7320.3,6558.52,291.73,20.495375000000003,0.9116562500000001,2018,3,177,1853,-1533,1519862400000
2018,1,142,264104,3359276.15,2646432.03,396177.99,10.020416313270529,1.5000832626541059,2018,1,142,239843,24261,1514764800000
2017,6,31,81,1986.61,1572.51,275.54,19.413703703703703,3.4017283950617285,2017,6,31,626,-545,1496275200000
2020,11,133,186,6084.1900000000005,5155.83,483.14,27.719516129032257,2.5975268817204302,2020,11,133,516,-330,1604188800000
2017,2,183,17,344.71,301.0,15.620000000000001,17.705882352941178,0.9188235294117648,2017,2,183,430,-413,1485907200000
2022,3,102,43,1037.81,873.36,103.4,20.310697674418606,2.4046511627906977,2022,3,102,553,-510,1646092800000
2020,10,123,327,9792.03,8506.56,735.78,26.013944954128437,2.250091743119266,2020,10,123,549,-222,1601510400000
2022,10,19,65,2789.16,2580.4300000000003,124.58,39.69892307692308,1.9166153846153846,2022,10,19,385,-320,1664582400000
2020,5,117,269,16022.71,14390.79,279.53,53.497360594795545,1.0391449814126392,2020,5,117,270,-1,1588291200000
2022,3,136,150,7553.24,6757.62,55.32,45.0508,0.3688,2022,3,136,516,-366,1646092800000
2019,10,8,102,5261.86,3883.9,760.16,38.07745098039216,7.452549019607843,2019,10,8,167,-65,1569888000000
2019,5,66,4423,95912.28,73282.56,11443.91,16.56851910468008,2.5873637802396563,2019,5,66,11620,-7197,1556668800000
2021,12,38,98,4819.19,4294.75,84.59,43.82397959183673,0.8631632653061225,2021,12,38,543,-445,1638316800000
2023,10,117,190,8798.91,8046.75,38.03,42.35131578947368,0.20015789473684212,2023,10,117,375,-185,1696118400000
2024,2,234,84404,1845428.1700000002,1190617.42,241057.9,14.106172930192882,2.856000900431259,2024,2,234,73733,10671,1706745600000
2024,3,253,20,1231.8,1149.95,25.59,57.4975,1.2795,2024,3,253,40,-20,1709251200000
2018,5,261,51321,1063805.93,876211.22,113808.06,17.073151731260108,2.2175729233647044,2018,5,261,43875,7446,1525132800000
2017,1,166,45796,652732.49,522793.68,72521.06,11.415706175211808,1.5835675604856319,2017,1,166,70208,-24412,1483228800000
2017,5,129,6061,98451.41,83337.02,6544.13,13.749714568553046,1.07971126876753,2017,5,129,17943,-11882,1493596800000
2017,8,214,1,12.35,9.0,2.05,9.0,2.05,2017,8,214,168,-167,1501545600000
2025,1,41,11038,218252.4,168413.1,13187.84,15.257573835839827,1.1947671679652112,2025,1,41,20742,-9704,1735689600000
2025,3,178,304,7856.46,6880.09,177.93,22.631875,0.585296052631579,2025,3,178,598,-294,1740787200000
2025,9,18,869,27951.54,25311.99,35.19,29.127721518987343,0.040494821634062136,2025,9,18,1495,-626,1756684800000
2019,5,109,8,444.36,355.9,24.07,44.4875,3.00875,2019,5,109,94,-86,1556668800000
2019,12,170,203211,3638571.62,2410002.28,435870.0,11.859605434745164,2.1449134151202447,2019,12,170,205553,-2342,1575158400000
2020,3,180,79,3106.57,2915.9,49.92,36.91012658227848,0.6318987341772152,2020,3,180,319,-240,1583020800000
2023,2,249,66139,1510630.92,985168.38,204923.57,14.89542297282995,3.098377205582183,2023,2,249,49284,16855,1675209600000
2019,5,197,798,33086.52,28125.98,1803.71,35.24558897243108,2.2602882205513786,2019,5,197,4481,-3683,1556668800000
2023,11,20,84,2928.47,2614.55,59.379999999999995,31.12559523809524,0.7069047619047618,2023,11,20,370,-286,1698796800000
2018,11,134,697,28775.37,23701.83,2506.87,34.0054949784792,3.5966571018651363,2018,11,134,1998,-1301,1541030400000
2022,2,77,65,2285.24,2102.6800000000003,0.61,32.34892307692308,0.009384615384615384,2022,2,77,330,-265,1643673600000
2016,9,134,513,15008.32,11584.94,1480.18,22.58272904483431,2.8853411306042887,2016,9,134,2443,-1930,1472688000000
2017,9,200,66,2015.38,1759.14,114.05,26.653636363636366,1.728030303030303,2017,9,200,2557,-2491,1504224000000
2021,2,258,198,6972.89,5871.76,139.71,29.655353535353537,0.7056060606060607,2021,2,258,536,-338,1612137600000
2024,1,150,82,3504.34,3177.12,99.06,38.745365853658534,1.2080487804878048,2024,1,150,257,-175,1704067200000
2022,3,108,79,3715.1,3359.75,74.6,42.528481012658226,0.9443037974683544,2022,3,108,244,-165,1646092800000
2025,4,57,76,2445.08,2114.16,63.33,27.817894736842103,0.8332894736842105,2025,4,57,106,-30,1743465600000
2025,1,205,634,21895.24,20162.1,54.3,31.80141955835962,0.08564668769716088,2025,1,205,1486,-852,1735689600000
2023,3,55,168,8694.789999999999,7847.63,61.91,46.71208333333333,0.36851190476190476,2023,3,55,469,-301,1677628800000
2020,11,11,94,4028.7200000000003,3428.38,236.5,36.47212765957447,2.515957446808511,2020,11,11,200,-106,1604188800000
2022,9,219,454,29515.32,24630.7,2634.02,54.25264317180617,5.801806167400881,2022,9,219,1407,-953,1661990400000
2017,1,87,70775,1414263.97,1141278.63,176048.71,16.125448675379722,2.487442034616743,2017,1,87,77011,-6236,1483228800000
2021,9,124,102,4443.9,3806.76,153.37,37.321176470588235,1.5036274509803922,2021,9,124,675,-573,1630454400000
2022,1,197,190,8661.48,7550.26,402.48,39.73821052631579,2.118315789473684,2022,1,197,937,-747,1640995200000
2020,11,244,2388,54699.21,44967.12,4567.68,18.830452261306533,1.9127638190954774,2020,11,244,7319,-4931,1604188800000
2025,6,117,670,29426.21,27348.35,44.83,40.81843283582089,0.06691044776119402,2025,6,117,951,-281,1748736000000
2018,1,243,1560,29398.920000000002,24301.96,2770.4,15.578179487179487,1.775897435897436,2018,1,243,15178,-13618,1514764800000
2022,1,87,9760,221601.97,156000.09,28580.72,15.983615778688524,2.9283524590163936,2022,1,87,14860,-5100,1640995200000
2019,6,234,200050,3404166.96,2224742.98,418660.66,11.120934666333417,2.092780104973756,2019,6,234,175085,24965,1559347200000
2021,7,197,408,18746.34,16063.01,546.64,39.370122549019605,1.3398039215686275,2021,7,197,1413,-1005,1625097600000
2022,12,80,686,22907.96,17873.15,3084.01,26.05415451895044,4.49564139941691,2022,12,80,4337,-3651,1669852800000
2021,5,242,577,20252.47,17458.670000000002,93.33,30.257660311958407,0.16175043327556327,2021,5,242,903,-326,1619827200000
2016,1,7,22494,319844.77,265601.42,26153.07,11.807656263892593,1.1626687116564418,2016,1,7,58959,-36465,1451606400000
2016,5,192,146,3072.02,2644.01,227.39000000000001,18.109657534246576,1.5574657534246577,2016,5,192,1063,-917,1462060800000
2025,6,166,21685,491853.81,368346.9,34383.47,16.98625317039428,1.5855877334563062,2025,6,166,28415,-6730,1748736000000
2019,11,11,129,4787.46,4186.16,84.76,32.45085271317829,0.6570542635658915,2019,11,11,571,-442,1572566400000
2025,2,265,1165,102717.91,88925.29,10030.5,76.33072103004291,8.609871244635194,2025,2,265,11049,-9884,1738368000000
2025,10,154,58,1891.46,1563.35,103.76,26.954310344827583,1.7889655172413794,2025,10,154,655,-597,1759276800000
2020,9,208,294,10433.3,8659.29,710.39,29.45336734693878,2.4162925170068026,2020,9,208,517,-223,1598918400000
2019,11,172,4,245.14,220.82999999999998,0.0,55.207499999999996,0.0,2019,11,172,97,-93,1572566400000
2019,8,155,377,12712.38,11219.210000000001,200.9,29.759177718832895,0.5328912466843502,2019,8,155,1449,-1072,1564617600000
2017,4,95,1339,28429.94,23272.46,2336.87,17.380477968633308,1.7452352501867063,2017,4,95,11891,-10552,1491004800000
2016,10,208,76,2384.92,1941.0,248.62,25.539473684210527,3.271315789473684,2016,10,208,1321,-1245,1475280000000
2018,10,57,20,568.71,485.8,27.87,24.29,1.3935,2018,10,57,396,-376,1538352000000
2020,3,78,242,5503.4800000000005,4860.62,51.1,20.085206611570246,0.21115702479338844,2020,3,78,585,-343,1583020800000
2018,7,245,10,427.79999999999995,378.5,10.0,37.85,1.0,2018,7,245,87,-77,1530403200000
2023,12,74,7302,158474.42,123196.79,11647.82,16.87165023281293,1.595154752122706,2023,12,74,21819,-14517,1701388800000
2024,5,115,9,295.63,198.79000000000002,0.0,22.08777777777778,0.0,2024,5,115,36,-27,1714521600000
2023,7,191,176,7641.26,6835.38,31.13,38.83738636363636,0.176875,2023,7,191,933,-757,1688169600000
2017,9,1,705,61176.71,51525.62,6862.23,73.08598581560284,9.733659574468085,2017,9,1,17558,-16853,1504224000000
2018,7,205,272,9178.26,8297.1,295.57,30.50404411764706,1.086654411764706,2018,7,205,1625,-1353,1530403200000
2017,2,15,11,281.05,232.0,33.21,21.09090909090909,3.019090909090909,2017,2,15,707,-696,1485907200000
2019,3,30,6,362.82,341.84000000000003,2.0,56.973333333333336,0.3333333333333333,2019,3,30,60,-54,1551398400000
2021,5,155,354,13228.86,11516.960000000001,82.73,32.533785310734466,0.23370056497175143,2021,5,155,835,-481,1619827200000
2016,4,156,5,499.44,399.0,57.36,79.8,11.472,2016,4,156,82,-77,1459468800000
2022,11,34,77,1987.67,1521.71,271.40999999999997,19.762467532467532,3.5248051948051944,2022,11,34,388,-311,1667260800000
2019,4,26,570,15048.26,13466.43,70.05,23.625315789473685,0.12289473684210526,2019,4,26,1857,-1287,1554076800000
2020,3,80,864,19289.41,15504.77,1798.53,17.94533564814815,2.081631944444444,2020,3,80,4241,-3377,1583020800000
2021,11,78,212,8220.17,7058.62,108.03,33.29537735849057,0.5095754716981132,2021,11,78,467,-255,1635724800000
2018,11,170,245833,3724624.73,2939914.46,442923.17000000004,11.958990290156326,1.8017238125068646,2018,11,170,248858,-3025,1541030400000
2023,6,54,80,2607.85,2063.58,276.27,25.79475,3.453375,2023,6,54,817,-737,1685577600000
2021,1,161,43922,662841.46,418072.06,81639.78,9.518511452119666,1.858744592687036,2021,1,161,38598,5324,1609459200000
2024,3,88,10706,338418.58,251806.32,34552.11,23.520112086680367,3.2273594246217074,2024,3,88,14103,-3397,1709251200000
2024,6,27,21,1082.12,983.54,23.24,46.8352380952381,1.1066666666666667,2024,6,27,92,-71,1717200000000
2024,12,36,953,27272.9,23692.27,835.41,24.860724029380904,0.876610703043022,2024,12,36,2705,-1752,1733011200000
2023,7,251,8,390.4,360.57,20.33,45.07125,2.54125,2023,7,251,79,-71,1688169600000
2020,3,116,4688,74265.5,59713.45,5838.98,12.73751066552901,1.2455162116040954,2020,3,116,9947,-5259,1583020800000
2022,10,113,49049,897026.62,592923.18,121349.13,12.088384676547943,2.4740388183245328,2022,10,113,45364,3685,1664582400000
2023,10,35,340,10421.59,9717.24,16.23,28.580117647058824,0.04773529411764706,2023,10,35,697,-357,1696118400000
2023,4,118,7,703.01,638.8000000000001,10.01,91.25714285714287,1.43,2023,4,118,86,-79,1680307200000
2024,2,190,57,1607.71,1367.49,109.28,23.99105263157895,1.9171929824561404,2024,2,190,362,-305,1706745600000
2021,1,208,306,10752.49,8885.25,471.24,29.03676470588235,1.54,2021,1,208,576,-270,1609459200000
2018,11,41,30217,407679.59,333854.19,35141.49,11.048555117979944,1.1629708442267597,2018,11,41,51751,-21534,1541030400000
2017,7,164,219493,3192200.88,2535838.48,340386.27,11.553163335505005,1.5507841707936016,2017,7,164,198341,21152,1498867200000
2017,4,51,46,1142.53,983.5,95.98,21.380434782608695,2.086521739130435,2017,4,51,845,-799,1491004800000
2021,4,183,168,6054.45,5151.21,10.93,30.661964285714287,0.0650595238095238,2021,4,183,269,-101,1617235200000
2021,4,251,3,93.72,70.96000000000001,0.0,23.653333333333336,0.0,2021,4,251,33,-30,1617235200000
2020,11,125,5620,96157.89,63735.93,12246.19,11.3409128113879,2.1790373665480427,2020,11,125,4806,814,1604188800000
2017,8,48,273927,3863220.46,3107720.79,393752.57,11.345069270280039,1.4374361417457937,2017,8,48,240523,33404,1501545600000
2023,7,26,77,2435.58,2153.6,54.230000000000004,27.96883116883117,0.7042857142857143,2023,7,26,664,-587,1688169600000
2024,11,38,231,10595.3,9901.71,60.72,42.86454545454545,0.26285714285714284,2024,11,38,824,-593,1730419200000
2025,2,183,138,4810.9,4285.44,28.5,31.053913043478257,0.20652173913043478,2025,2,183,224,-86,1738368000000
2020,10,194,84,3487.4,2535.04,363.61,30.17904761904762,4.328690476190476,2020,10,194,421,-337,1601510400000
2023,4,222,166,6652.4,6052.04,20.51,36.458072289156625,0.12355421686746988,2023,4,222,294,-128,1680307200000
2021,4,36,357,11674.96,9659.46,536.8100000000001,27.057310924369744,1.503669467787115,2021,4,36,1223,-866,1617235200000
2025,7,224,8701,183880.39,126206.74,9176.93,14.504854614412137,1.0546983105390186,2025,7,224,15543,-6842,1751328000000
2019,9,194,529,28950.63,21383.79,3478.09,40.42304347826087,6.5748393194706996,2019,9,194,1447,-918,1567296000000
2018,11,106,1138,19836.24,16076.2,1943.58,14.126713532513183,1.707891036906854,2018,11,106,3767,-2629,1541030400000
2025,5,169,1374,33842.11,30078.44,141.38,21.891149927219796,0.1028966521106259,2025,5,169,1730,-356,1746057600000
2023,5,115,4,121.3,100.0,0.0,25.0,0.0,2023,5,115,57,-53,1682899200000
2020,1,128,51,1688.03,1430.1,96.24,28.041176470588233,1.8870588235294117,2020,1,128,378,-327,1577836800000
2018,9,118,14,926.92,796.22,16.86,56.87285714285714,1.2042857142857142,2018,9,118,175,-161,1535760000000
2021,11,170,104979,1865774.25,1219013.4,239129.3,11.611973823336095,2.277877480257956,2021,11,170,101858,3121,1635724800000
2019,4,219,824,50140.24,41562.75,3186.42,50.44023058252427,3.867014563106796,2019,4,219,2593,-1769,1554076800000
2019,7,172,7,82.24000000000001,62.0,10.14,8.857142857142858,1.4485714285714286,2019,7,172,108,-101,1561939200000
2019,10,224,13626,239190.04,162690.12,26712.949999999997,11.939682959048877,1.9604396007632465,2019,10,224,27380,-13754,1569888000000
2018,10,210,445,19202.93,17380.33,320.94,39.05692134831461,0.7212134831460674,2018,10,210,1453,-1008,1538352000000
2025,5,123,968,21122.71,18739.66,159.4,19.359152892561983,0.1646694214876033,2025,5,123,1520,-552,1746057600000
2016,4,260,7825,127300.78,108316.94,8512.9,13.842420447284345,1.0879105431309903,2016,4,260,15961,-8136,1459468800000
2018,4,170,294050,4229347.140000001,3315283.11,505345.29,11.274555721816018,1.7185692569290936,2018,4,170,291990,2060,1522540800000
2019,1,71,750,22694.91,20893.72,86.71,27.858293333333336,0.11561333333333333,2019,1,71,1730,-980,1546300800000
2023,10,263,64395,1381783.43,901060.1,172367.28,13.992702849600123,2.6767183787561146,2023,10,263,70284,-5889,1696118400000
2020,9,195,238,7956.59,6635.99,569.01,27.882310924369747,2.390798319327731,2020,9,195,534,-296,1598918400000
2021,12,167,137,4862.55,4070.69,132.96,29.713065693430657,0.9705109489051096,2021,12,167,589,-452,1638316800000
2016,7,88,45341,985427.4500000001,815675.27,105060.42,17.989794446527426,2.31711739926336,2016,7,88,49839,-4498,1467331200000
2025,4,135,466,13350.45,11885.52,115.03,25.505407725321888,0.24684549356223176,2025,4,135,1405,-939,1743465600000
2017,2,17,2924,41074.56,33404.97,3814.87,11.424408344733243,1.3046751025991792,2017,2,17,16021,-13097,1485907200000
2019,1,232,11565,211494.07,177007.63,18406.18,15.305458711629917,1.5915417207090359,2019,1,232,34688,-23123,1546300800000
2024,10,6,63,1593.02,675.72,0.0,10.725714285714286,0.0,2024,10,6,91,-28,1727740800000
2019,5,72,621,21785.1,20075.07,120.36,32.32700483091787,0.19381642512077293,2019,5,72,1869,-1248,1556668800000
2023,7,170,90975,2114477.7399999998,1390299.3399999999,265693.0,15.282213135476777,2.9205056334157735,2023,7,170,89361,1614,1688169600000
2019,8,10,2500,155120.36,120947.66,15093.289999999999,48.379064,6.037316,2019,8,10,5878,-3378,1564617600000
2016,11,26,229,4387.94,3866.54,232.85999999999999,16.884454148471615,1.0168558951965065,2016,11,26,2136,-1907,1477958400000
2017,5,34,372,6160.55,5005.0,706.56,13.454301075268818,1.8993548387096773,2017,5,34,1445,-1073,1493596800000
2017,11,211,76018,1149640.23,926607.1,129955.02,12.189311741955851,1.7095295850982664,2017,11,211,78296,-2278,1509494400000
2017,1,228,1046,20216.920000000002,16671.34,1985.99,15.938183556405354,1.8986520076481836,2017,1,228,6199,-5153,1483228800000
2018,1,244,8563,147293.35,123510.43,12643.880000000001,14.42373350461287,1.4765712951068553,2018,1,244,29396,-20833,1514764800000
2018,4,159,616,10605.66,9402.71,365.93,15.26413961038961,0.5940422077922078,2018,4,159,3012,-2396,1522540800000
2025,3,35,3018,82179.8,76264.09,41.45,25.269744864148443,0.01373426110006627,2025,3,35,3068,-50,1740787200000
2016,1,14,607,14293.75,11664.17,1444.54,19.216095551894565,2.379802306425041,2016,1,14,9596,-8989,1451606400000
2019,6,124,283,13952.02,12503.34,503.96000000000004,44.181413427561836,1.7807773851590107,2019,6,124,1067,-784,1559347200000
2022,4,254,148,6556.82,5809.490000000001,76.72999999999999,39.25331081081082,0.5184459459459458,2022,4,254,498,-350,1648771200000
2025,3,34,887,28083.16,23491.8,982.13,26.48455467869222,1.107249154453213,2025,3,34,755,132,1740787200000
2016,6,58,11,517.3,463.2,32.72,42.10909090909091,2.9745454545454546,2016,6,58,251,-240,1464739200000
2021,7,45,4280,90840.41,65571.05,9418.95,15.32033878504673,2.2006892523364487,2021,7,45,7553,-3273,1625097600000
2024,12,22,310,9770.23,8899.92,116.35,28.709419354838708,0.3753225806451613,2024,12,22,720,-410,1733011200000
2016,7,235,293,5667.9,4642.51,580.39,15.844744027303754,1.9808532423208192,2016,7,235,2371,-2078,1467331200000
2018,9,221,32,2113.0299999999997,1764.97,47.56,55.1553125,1.48625,2018,9,221,194,-162,1535760000000
2019,12,23,42,3278.62,3131.08,43.31,74.5495238095238,1.0311904761904762,2019,12,23,209,-167,1575158400000
2023,4,119,163,5430.89,4666.64,189.4,28.629693251533745,1.161963190184049,2023,4,119,691,-528,1680307200000
2020,11,153,90,2859.42,2506.68,197.49,27.851999999999997,2.1943333333333332,2020,11,153,154,-64,1604188800000
2023,7,96,6,302.44,242.44,44.95,40.406666666666666,7.491666666666667,2023,7,96,79,-73,1688169600000
2023,10,16,61,2467.8,2151.18,135.4,35.26524590163934,2.219672131147541,2023,10,16,646,-585,1696118400000
2023,2,129,544,18197.06,14617.65,1582.55,26.870680147058824,2.9090992647058824,2023,2,129,4105,-3561,1675209600000
2020,6,133,132,3394.6,2993.9,149.92,22.68106060606061,1.1357575757575757,2020,6,133,272,-140,1590969600000
2019,9,12,3080,73293.21,55018.54,6828.83,17.863162337662338,2.217152597402597,2019,9,12,4329,-1249,1567296000000
2020,5,38,130,6969.33,6139.79,222.17,47.22915384615385,1.7089999999999999,2020,5,38,117,13,1588291200000
2022,6,254,174,7243.96,6443.8,58.56,37.03333333333333,0.33655172413793105,2022,6,254,464,-290,1654041600000
2025,9,181,5201,141000.72,116971.99,3618.78,22.490288406075756,0.6957854258796385,2025,9,181,12748,-7547,1756684800000
2016,10,175,33,1312.71,734.6,489.73,22.26060606060606,14.840303030303032,2016,10,175,735,-702,1475280000000
2024,4,253,16,358.49,317.17,2.0,19.823125,0.125,2024,4,253,40,-24,1711929600000
2024,9,62,868,25556.42,23748.12,286.68,27.35958525345622,0.33027649769585254,2024,9,62,1868,-1000,1725148800000
2022,6,74,9783,168571.56999999998,128182.3,15793.82,13.102555453337422,1.6144148011857302,2022,6,74,26228,-16445,1654041600000
2018,2,132,175089,9958743.76,8124590.19,1105462.9000000001,46.4026306050066,6.313719879604088,2018,2,132,61058,114031,1517443200000
2018,8,208,144,4857.04,4271.27,149.44,29.661597222222227,1.0377777777777777,2018,8,208,1203,-1059,1533081600000
2016,4,213,113,2398.82,2051.0,156.94,18.150442477876105,1.3888495575221238,2016,4,213,1745,-1632,1459468800000
2018,11,177,496,14712.61,13273.5,501.79,26.76108870967742,1.0116733870967742,2018,11,177,1685,-1189,1541030400000
2022,1,200,48,2293.71,1988.38,69.78,41.42458333333334,1.45375,2022,1,200,747,-699,1640995200000
2017,12,136,148,2328.85,1998.0,115.42999999999999,13.5,0.7799324324324324,2017,12,136,1069,-921,1512086400000
2022,5,127,250,7535.66,6223.28,691.23,24.89312,2.76492,2022,5,127,2712,-2462,1651363200000
2019,8,84,2,120.6,24.0,94.0,12.0,47.0,2019,8,84,71,-69,1564617600000
2017,5,152,10603,152243.08000000002,125790.03,12936.42,11.86362633217014,1.2200716778270302,2017,5,152,18768,-8165,1493596800000
2024,8,78,285,10677.369999999999,9733.1,67.24,34.15122807017544,0.2359298245614035,2024,8,78,463,-178,1722470400000
2018,10,219,910,55125.43,46212.66,4427.31,50.78314285714286,4.865175824175824,2018,10,219,1895,-985,1538352000000
2018,4,60,101,1765.75,1511.5,86.25,14.965346534653465,0.8539603960396039,2018,4,60,640,-539,1522540800000
2016,10,203,53,2434.53,2165.4,205.8,40.85660377358491,3.8830188679245285,2016,10,203,860,-807,1475280000000
2018,12,139,340,14137.27,12890.29,226.5,37.91261764705882,0.6661764705882353,2018,12,139,906,-566,1543622400000
2019,9,205,537,21445.81,18823.96,23.189999999999998,35.053929236499066,0.043184357541899435,2019,9,205,1551,-1014,1567296000000
2016,7,39,213,6133.48,4973.2,679.32,23.348356807511735,3.1892957746478876,2016,7,39,2394,-2181,1467331200000
2018,11,217,664,11113.51,9615.74,593.01,14.481536144578312,0.8930873493975904,2018,11,217,2689,-2025,1541030400000
2017,5,241,102,2650.25,2287.02,185.34,22.421764705882353,1.8170588235294118,2017,5,241,1666,-1564,1493596800000
2018,5,191,245,7933.32,7117.5,311.58,29.051020408163264,1.2717551020408162,2018,5,191,1201,-956,1525132800000
2017,3,262,118410,1612333.1,1284480.54,182953.38,10.847737015454776,1.545083861160375,2017,3,262,125640,-7230,1488326400000
2020,10,92,418,14587.27,12372.3,1056.5,29.598803827751194,2.527511961722488,2020,10,92,944,-526,1601510400000
2022,1,261,8840,195314.97999999998,138655.04,23206.09,15.6849592760181,2.625123303167421,2022,1,261,8675,165,1640995200000
2016,2,30,3,821.48,780.5,15.0,260.1666666666667,5.0,2016,2,30,29,-26,1454284800000
2018,9,124,210,9946.56,8680.29,603.46,41.33471428571429,2.873619047619048,2018,9,124,939,-729,1535760000000
2021,5,85,275,10234.52,8719.61,61.39,31.70767272727273,0.22323636363636365,2021,5,85,681,-406,1619827200000
2022,11,25,1338,34383.03,27662.83,3941.75,20.674760837070256,2.946001494768311,2022,11,25,5271,-3933,1667260800000
2021,6,43,52267,851707.83,556709.0,109867.54,10.651252224156734,2.102044119616584,2021,6,43,40919,11348,1622505600000
2018,8,176,2,114.9,84.0,0.0,42.0,0.0,2018,8,176,70,-68,1533081600000
2017,8,226,14191,246815.12,206819.57,20012.02,14.573995490099358,1.410190966105278,2017,8,226,22155,-7964,1501545600000
2020,3,194,194,10594.460000000001,7940.33,1157.05,40.92953608247423,5.9641752577319584,2020,3,194,361,-167,1583020800000
2023,2,65,1642,51776.86,39888.08,5779.03,24.29237515225335,3.519506699147381,2023,2,65,3873,-2231,1675209600000
2018,11,73,61,1808.8700000000001,1597.1,42.800000000000004,26.181967213114753,0.7016393442622951,2018,11,73,504,-443,1541030400000
2021,7,208,191,7744.62,6363.79,179.0,33.3182722513089,0.93717277486911,2021,7,208,695,-504,1625097600000
2024,7,30,11,414.33,345.93,20.2,31.44818181818182,1.8363636363636362,2024,7,30,35,-24,1719792000000
2019,1,250,355,10069.85,8768.72,198.43,24.700619718309856,0.5589577464788733,2019,1,250,983,-628,1546300800000
2025,10,171,287,8704.01,7541.36,87.72,26.276515679442507,0.30564459930313587,2025,10,171,923,-636,1759276800000
2017,8,264,105253,2071160.2,1712079.14,207291.35,16.266321530027646,1.9694578776851968,2017,8,264,91802,13451,1501545600000
2018,12,78,363,11757.46,10422.74,216.97,28.712782369146005,0.5977134986225895,2018,12,78,1024,-661,1543622400000
2022,12,112,745,20370.57,15460.06,2742.66,20.751758389261745,3.681422818791946,2022,12,112,7315,-6570,1669852800000
2023,3,46,11,596.45,524.2,24.0,47.654545454545456,2.1818181818181817,2023,3,46,88,-77,1677628800000
2022,1,230,68815,1230599.6,804846.65,153041.25999999998,11.695802513986777,2.223952045338952,2022,1,230,57230,11585,1640995200000
2024,5,140,72427,1730096.95,1192860.41,196439.7,16.469830449970313,2.7122440526323057,2024,5,140,74122,-1695,1714521600000
2021,9,56,248,10290.24,8249.06,569.1,33.262338709677415,2.294758064516129,2021,9,56,1065,-817,1630454400000
2017,3,163,271953,4012963.13,3183917.09,457011.95,11.707600541269999,1.6804813699426004,2017,3,163,239290,32663,1488326400000
2024,9,164,82175,2025808.27,1366684.67,239794.57,16.6313923942805,2.9180963796775177,2024,9,164,79258,2917,1725148800000
2018,9,45,19775,345484.72000000003,288480.26,32759.5,14.588129456384324,1.6566118836915298,2018,9,45,24465,-4690,1535760000000
2016,11,115,107,2051.8,1614.5,261.05,15.088785046728972,2.4397196261682246,2016,11,115,216,-109,1477958400000
2017,3,171,65,1496.83,1258.3,133.9,19.358461538461537,2.06,2017,3,171,1406,-1341,1488326400000
2024,8,175,77,3162.11,2839.63,61.5,36.87831168831169,0.7987012987012987,2024,8,175,443,-366,1722470400000
2019,9,186,241454,4485344.33,3057994.27,517776.55,12.664914517879183,2.1444107366206397,2019,9,186,171685,69769,1567296000000
2024,2,139,156,6687.88,6150.9,61.519999999999996,39.42884615384615,0.3943589743589743,2024,2,139,558,-402,1706745600000
2021,4,1,83,8016.36,7214.91,625.05,86.92662650602409,7.530722891566264,2021,4,1,1818,-1735,1617235200000
2020,1,72,786,24316.26,21260.96,159.66,27.049567430025444,0.2031297709923664,2020,1,72,1698,-912,1577836800000
2021,4,106,266,7611.65,6472.19,247.82,24.331541353383457,0.9316541353383458,2021,4,106,728,-462,1617235200000
2021,5,120,41,1570.95,1330.7,45.43,32.456097560975614,1.108048780487805,2021,5,120,194,-153,1619827200000
2016,10,117,20,491.64,446.5,30.06,22.325,1.503,2016,10,117,320,-300,1475280000000
2018,6,117,52,2815.96,2598.0,35.14,49.96153846153846,0.6757692307692308,2018,6,117,531,-479,1527811200000
2022,2,36,176,5102.13,3997.84,664.39,22.715,3.774943181818182,2022,2,36,2038,-1862,1643673600000
2017,3,3,28,398.65000000000003,337.0,8.41,12.035714285714286,0.3003571428571429,2017,3,3,598,-570,1488326400000
2025,5,69,1720,43828.62,38874.66,87.95,22.60154651162791,0.05113372093023256,2025,5,69,2443,-723,1746057600000
2016,5,190,869,15521.4,12617.3,1880.1,14.519332566168009,2.1635212888377446,2016,5,190,2755,-1886,1462060800000
2016,1,142,304218,3922133.8000000003,3124112.89,430636.01,10.269322952619504,1.4155507234943363,2016,1,142,271980,32238,1451606400000
2016,4,27,11,517.79,244.51,259.82,22.228181818181817,23.62,2016,4,27,100,-89,1459468800000
2018,2,226,13171,229143.56,192162.74,18874.02,14.589836762584465,1.4329982537392758,2018,2,226,19986,-6815,1517443200000
2022,6,16,45,1567.54,1427.98,58.26,31.73288888888889,1.2946666666666666,2022,6,16,605,-560,1654041600000
2024,9,252,174,7121.33,6510.12,129.76,37.414482758620686,0.7457471264367815,2024,9,252,847,-673,1725148800000
2018,3,136,203,4341.06,3900.02,96.05,19.21192118226601,0.4731527093596059,2018,3,136,1264,-1061,1519862400000
2022,8,149,37,1363.7,1171.5,93.25,31.66216216216216,2.52027027027027,2022,8,149,464,-427,1659312000000
2017,5,243,2065,39484.33,32667.71,3763.08,15.819714285714285,1.822314769975787,2017,5,243,18910,-16845,1493596800000
2020,3,132,90068,4438687.56,3632311.08,442286.96,40.32854154638717,4.910589332504331,2020,3,132,23364,66704,1583020800000
2020,1,80,1755,41704.83,33186.35,4108.2300000000005,18.90960113960114,2.340871794871795,2020,1,80,8703,-6948,1577836800000
2018,3,168,2245,37421.69,32886.85,1475.3,14.64893095768374,0.6571492204899777,2018,3,168,7986,-5741,1519862400000
2019,3,25,7526,143193.93000000002,117233.48,11962.179999999998,15.57712994950837,1.5894472495349454,2019,3,25,15138,-7612,1551398400000
2017,8,159,427,6263.83,5354.5,312.07,12.539812646370024,0.7308430913348946,2017,8,159,2648,-2221,1501545600000
2017,4,248,99,1572.83,1396.7,58.83,14.108080808080809,0.5942424242424242,2017,4,248,1156,-1057,1491004800000
2020,3,98,84,2153.39,1929.52,55.49,22.97047619047619,0.6605952380952381,2020,3,98,370,-286,1583020800000
2016,8,117,41,4263.650000000001,3813.83,347.69,93.02024390243902,8.480243902439025,2016,8,117,471,-430,1470009600000
2021,1,236,74398,1062823.3900000001,667098.27,134808.61,8.966615634828894,1.8119923922686092,2021,1,236,73699,699,1609459200000
2021,2,52,378,8514.71,6588.35,956.92,17.429497354497354,2.5315343915343913,2021,2,52,828,-450,1612137600000
2023,11,120,17,834.41,662.91,85.05,38.99470588235294,5.002941176470588,2023,11,120,168,-151,1698796800000
2019,5,179,4004,64400.96,52771.81,4183.43,13.179772727272727,1.0448126873126873,2019,5,179,8992,-4988,1556668800000
2020,4,130,125,3694.91,3220.34,165.43,25.76272,1.32344,2020,4,130,304,-179,1585699200000
2024,5,44,2,326.0,275.8,45.2,137.9,22.6,2024,5,44,19,-17,1714521600000
2024,10,149,268,8414.65,7864.98,36.7,29.346940298507462,0.1369402985074627,2024,10,149,681,-413,1727740800000
2016,4,196,1141,28040.16,22566.34,2706.09,19.777686240140227,2.3716827344434708,2016,4,196,4547,-3406,1459468800000
2022,4,149,41,1760.8999999999999,1510.77,137.13,36.8480487804878,3.3446341463414635,2022,4,149,471,-430,1648771200000
2018,12,234,238300,3343851.0,2630269.22,406487.46,11.037638355014689,1.705780360889635,2018,12,234,203933,34367,1543622400000
2017,5,213,106,2551.07,2015.71,300.54,19.0161320754717,2.8352830188679246,2017,5,213,1442,-1336,1493596800000
2020,2,72,581,17837.36,15747.17,88.28,27.10356282271945,0.1519449225473322,2020,2,72,1364,-783,1580515200000
2022,10,190,80,2447.33,1947.31,344.12,24.341375,4.3015,2022,10,190,492,-412,1664582400000
2018,10,58,19,672.97,543.74,48.51,28.617894736842107,2.553157894736842,2018,10,58,203,-184,1538352000000
2022,6,75,23682,420725.0,303693.56,46718.61,12.823813867072039,1.9727476564479351,2022,6,75,43804,-20122,1654041600000
2018,6,168,1726,30647.75,26565.44,1394.57,15.391332560834298,0.8079779837775203,2018,6,168,6747,-5021,1527811200000
2023,11,2,1,90.94,70.0,10.0,70.0,10.0,2023,11,2,8,-7,1698796800000
2024,6,184,26,1436.9,1280.76,61.5,49.26,2.3653846153846154,2024,6,184,59,-33,1717200000000
2018,4,145,11140,187840.54,148894.14,17958.07,13.365721723518853,1.6120350089766606,2018,4,145,30246,-19106,1522540800000
2018,11,76,1406,47403.35,42447.23,1482.81,30.190064011379803,1.0546301564722618,2018,11,76,2957,-1551,1541030400000
2017,2,98,39,701.66,543.5,103.03,13.935897435897436,2.641794871794872,2017,2,98,731,-692,1485907200000
2021,5,67,95,3400.08,2905.14,92.22,30.58042105263158,0.9707368421052631,2021,5,67,402,-307,1619827200000
2022,1,91,154,5369.84,4951.52,83.92,32.152727272727276,0.5449350649350649,2022,1,91,644,-490,1640995200000
2017,3,40,6689,116664.59,92694.6,14079.93,13.85776648228435,2.1049379578412317,2017,3,40,12481,-5792,1488326400000
2022,2,226,2503,59582.98,47361.3,5826.28,18.921813823411906,2.327718737514982,2022,2,226,6234,-3731,1643673600000
2023,9,177,221,8077.8099999999995,7303.61,206.66,33.04800904977375,0.9351131221719456,2023,9,177,728,-507,1693526400000
2020,5,240,44,2155.62,1831.93,11.0,41.634772727272725,0.25,2020,5,240,104,-60,1588291200000
2020,8,97,1199,28994.27,25162.03,1811.46,20.98584653878232,1.5108090075062552,2020,8,97,1799,-600,1596240000000
2023,4,27,1,9.0,6.5,0.0,6.5,0.0,2023,4,27,47,-46,1680307200000
2020,6,202,108,3329.43,2973.55,148.12,27.53287037037037,1.3714814814814815,2020,6,202,467,-359,1590969600000
2025,8,247,1951,55535.07,46659.41,1862.57,23.91563813429011,0.9546745258841619,2025,8,247,2889,-938,1754006400000
2023,5,179,679,17648.04,14282.48,1459.31,21.034580265095727,2.1492047128129603,2023,5,179,3472,-2793,1682899200000
2018,8,263,136969,1745297.15,1372959.96,200001.82,10.023873723251246,1.460197708970643,2018,8,263,141991,-5022,1533081600000
2024,6,82,892,30001.239999999998,25720.99,1500.08,28.835190582959644,1.6817040358744393,2024,6,82,2087,-1195,1717200000000
2024,8,176,7,306.03999999999996,272.15999999999997,10.0,38.879999999999995,1.4285714285714286,2024,8,176,25,-18,1722470400000
2020,2,142,188872,2965582.31,1906238.61,362885.89999999997,10.092753875640646,1.9213324367825828,2020,2,142,171789,17083,1580515200000
2017,4,149,46,962.26,830.5,65.35,18.054347826086957,1.4206521739130433,2017,4,149,1117,-1071,1491004800000
2019,3,96,42,1580.84,1324.36,89.36,31.53238095238095,2.1276190476190475,2019,3,96,217,-175,1551398400000
2019,5,209,15693,368225.17,268650.83,39206.61,17.119150576690245,2.498350219843242,2019,5,209,21405,-5712,1556668800000
2016,9,93,2651,112412.67,89846.29,12526.09,33.89147114296492,4.725043379856658,2016,9,93,5427,-2776,1472688000000
2020,11,185,303,9316.33,7742.83,775.0,25.553894389438945,2.557755775577558,2020,11,185,558,-255,1604188800000
2021,7,20,171,5627.2,4715.34,173.96,27.575087719298246,1.0173099415204678,2021,7,20,486,-315,1625097600000
2022,10,197,397,20061.56,17239.57,1760.39,43.42460957178841,4.4342317380352645,2022,10,197,1353,-956,1664582400000
2022,4,191,131,5531.24,5062.59,101.95,38.6457251908397,0.7782442748091604,2022,4,191,726,-595,1648771200000
2025,2,154,44,1810.94,1591.2,68.19,36.163636363636364,1.5497727272727273,2025,2,154,385,-341,1738368000000
2023,4,50,21978,513410.14,346581.9,60882.91,15.769492219492221,2.7701751751751753,2023,4,50,37087,-15109,1680307200000
2020,5,27,1,104.82,86.74,2.75,86.74,2.75,2020,5,27,2,-1,1588291200000
2016,4,169,226,3736.41,3203.31,221.44,14.173938053097345,0.9798230088495575,2016,4,169,2201,-1975,1459468800000
2024,1,176,2,123.05,85.73,10.0,42.865,5.0,2024,1,176,16,-14,1704067200000
2025,5,119,969,26797.9,23104.43,410.13,23.843581011351908,0.42325077399380806,2025,5,119,1670,-701,1746057600000
2019,11,93,2565,172593.99,130000.4,21688.01,50.6824171539961,8.455364522417153,2019,11,93,7679,-5114,1572566400000
2021,7,44,85,9947.65,8934.6,0.0,105.1129411764706,0.0,2021,7,44,90,-5,1625097600000
2021,8,164,60343,1021850.39,660832.74,125819.19,10.95127421573339,2.085066867739423,2021,8,164,54879,5464,1627776000000
2018,2,64,26,777.0,670.31,86.89,25.781153846153845,3.3419230769230768,2018,2,64,652,-626,1517443200000
2017,11,22,149,4266.4,3884.5,189.36,26.07046979865772,1.2708724832214766,2017,11,22,1418,-1269,1509494400000
2021,2,236,74895,1109540.61,702869.34,141755.12,9.384729821750451,1.892718071967421,2021,2,236,73308,1587,1612137600000
2024,4,29,260,11027.72,10159.79,82.94,39.076115384615385,0.319,2024,4,29,554,-294,1711929600000
2019,10,73,55,1714.55,1471.28,28.98,26.750545454545453,0.5269090909090909,2019,10,73,417,-362,1569888000000
2018,3,45,21202,354009.21,293119.09,34701.94,13.825067918120933,1.6367295538156779,2018,3,45,26572,-5370,1519862400000
2022,11,15,27,1091.58,973.9300000000001,57.25,36.071481481481484,2.1203703703703702,2022,11,15,348,-321,1667260800000
2022,9,239,87223,1563771.4000000001,1018689.4,212637.97,11.6791373834883,2.437865815209291,2022,9,239,84754,2469,1661990400000
2024,5,90,57817,1332305.07,886697.0,163396.43,15.336267879689364,2.826096649774288,2024,5,90,52635,5182,1714521600000
2021,8,70,7029,297746.01,215676.38,36136.73,30.683792858159055,5.141091193626405,2021,8,70,1713,5316,1627776000000
2016,6,176,4,92.7,88.5,0.0,22.125,0.0,2016,6,176,80,-76,1464739200000
2019,3,18,353,11124.4,9985.9,37.65,28.288668555240793,0.10665722379603398,2019,3,18,1587,-1234,1551398400000
2020,8,67,85,2601.43,2332.27,159.42,27.438470588235294,1.8755294117647057,2020,8,67,260,-175,1596240000000
2018,4,43,137099,1877523.7400000002,1511907.63,204332.86000000002,11.027853084267573,1.4904037228572056,2018,4,43,118620,18479,1522540800000
2016,4,23,12,694.96,563.97,97.73,46.9975,8.144166666666667,2016,4,23,272,-260,1459468800000
2018,6,148,119754,1883799.16,1516047.85,216178.69999999998,12.659684436428012,1.8051898057684919,2018,6,148,93561,26193,1527811200000
2019,7,80,2106,45335.5,36498.57,4032.66,17.330754985754986,1.9148433048433047,2019,7,80,9224,-7118,1561939200000
2020,9,230,21013,338791.18,223822.19,36736.72,10.651605672678818,1.7482853471660402,2020,9,230,16505,4508,1598918400000
2016,4,83,1923,30192.7,25698.15,1698.21,13.363572542901716,0.8831045241809673,2016,4,83,5855,-3932,1459468800000
2016,1,97,10523,164420.47,136007.92,16021.36,12.924823719471634,1.5225087902689347,2016,1,97,20455,-9932,1451606400000
2019,8,115,11,534.03,479.49,3.05,43.59,0.2772727272727273,2019,8,115,104,-93,1564617600000
2022,6,142,117531,2053261.7400000002,1336501.46,272816.96,11.371480375390322,2.321234057397623,2022,6,142,96729,20802,1654041600000
2022,8,265,6214,428591.38,393292.79,25791.58,63.291404892178946,4.150560025748311,2022,8,265,14107,-7893,1659312000000
2017,4,260,5818,98189.57,83245.87,6979.38,14.308331041595048,1.1996184255757993,2017,4,260,12306,-6488,1491004800000
2018,4,232,14833,255515.49,210152.1,26766.43,14.16787568259961,1.8045189779545607,2018,4,232,41867,-27034,1522540800000
2018,2,239,218008,2704954.2,2125188.38,321780.64,9.748212817878242,1.476003816373711,2018,2,239,215594,2414,1517443200000
2019,2,170,220528,3714464.62,2438253.24,451920.88,11.056433831531598,2.0492675759994197,2019,2,170,224272,-3744,1548979200000
2018,10,29,221,7514.18,6661.6,201.63,30.14298642533937,0.9123529411764706,2018,10,29,1070,-849,1538352000000
2022,12,92,183,6985.08,6070.15,241.58,33.17021857923497,1.3201092896174864,2022,12,92,1977,-1794,1669852800000
2019,4,18,319,11218.16,9930.18,82.74000000000001,31.12909090909091,0.2593730407523511,2019,4,18,1267,-948,1554076800000
2019,12,24,20435,320857.31,230893.83,36782.37,11.298939564472718,1.799969170540739,2019,12,24,23841,-3406,1575158400000
2023,5,38,109,5112.51,4691.95,61.66,43.0454128440367,0.5656880733944953,2023,5,38,563,-454,1682899200000
2024,1,214,4,142.61,94.97,0.0,23.7425,0.0,2024,1,214,47,-43,1704067200000
2017,6,202,483,9711.34,8113.51,956.92,16.79815734989648,1.9812008281573499,2017,6,202,4397,-3914,1496275200000
2022,5,145,3787,88212.91,66219.36,10634.63,17.48596778452601,2.808193820966464,2022,5,145,11427,-7640,1651363200000
2023,5,77,116,4429.32,3974.74,110.78,34.265,0.955,2023,5,77,373,-257,1682899200000
2022,8,140,61683,1085417.58,718135.86,136861.95,11.642362725548368,2.2187952920577794,2022,8,140,64050,-2367,1659312000000
2024,5,92,363,13772.289999999999,12265.75,472.02,33.789944903581265,1.3003305785123966,2024,5,92,2572,-2209,1714521600000
2024,7,233,38042,940631.82,631311.59,112554.37,16.59512091898428,2.9586869775511278,2024,7,233,49225,-11183,1719792000000
2025,1,35,1445,39495.64,36896.06,35.66,25.53360553633218,0.02467820069204152,2025,1,35,1578,-133,1735689600000
2016,2,174,89,1677.67,1400.31,143.3,15.7338202247191,1.610112359550562,2016,2,174,1429,-1340,1454284800000
2022,8,248,81,2674.63,2427.21,36.52,29.965555555555557,0.45086419753086426,2022,8,248,327,-246,1659312000000
2021,1,165,391,11616.24,9931.21,648.01,25.399514066496163,1.657314578005115,2021,1,165,829,-438,1609459200000
2025,1,32,220,7784.75,7011.98,0.0,31.87263636363636,0.0,2025,1,32,348,-128,1735689600000
2018,4,23,10,567.2099999999999,436.52,75.67,43.652,7.567,2018,4,23,210,-200,1522540800000
2020,9,97,1404,31738.18,26887.23,2456.09,19.150448717948716,1.749351851851852,2020,9,97,2203,-799,1598918400000
2017,8,37,2024,30772.87,25437.33,2581.88,12.567850790513836,1.2756324110671937,2017,8,37,12526,-10502,1501545600000
2016,12,100,204176,3006010.59,2453838.35,282418.97,12.01825067588747,1.383213355144581,2016,12,100,162650,41526,1480550400000
2019,4,239,190906,3042695.84,1970774.71,361901.28,10.323272762511392,1.8957040637800804,2019,4,239,184787,6119,1554076800000
2022,1,42,2883,47722.23,39088.72,3250.29,13.558348942074229,1.127398543184183,2022,1,42,12197,-9314,1640995200000
2024,9,159,661,20493.61,18498.16,82.31,27.985113464447807,0.12452344931921332,2024,9,159,898,-237,1725148800000
2023,12,146,1400,37139.54,29598.82,2912.36,21.142014285714286,2.080257142857143,2023,12,146,2656,-1256,1701388800000
2017,9,28,647,30094.81,24385.55,3107.88,37.690185471406494,4.803523956723339,2017,9,28,2251,-1604,1504224000000
2019,3,208,308,11586.2,10173.8,210.54,33.03181818181818,0.6835714285714285,2019,3,208,1356,-1048,1551398400000
2020,6,260,313,7000.77,5764.46,405.85,18.416805111821088,1.2966453674121405,2020,6,260,956,-643,1590969600000
2019,1,195,424,13804.0,12026.41,596.05,28.364174528301888,1.4057783018867924,2019,1,195,2363,-1939,1546300800000
2022,8,83,166,4560.35,3777.6,430.3,22.756626506024094,2.592168674698795,2022,8,83,983,-817,1659312000000
2023,6,203,165,7752.73,6897.54,246.87,41.80327272727273,1.4961818181818183,2023,6,203,657,-492,1685577600000
2017,7,237,294944,3532855.62,2804551.34,380075.48,9.50875874742324,1.2886360800694368,2017,7,237,261341,33603,1498867200000
2019,8,11,128,5656.53,5030.25,140.02,39.298828125,1.09390625,2019,8,11,608,-480,1564617600000
2021,11,6,11,370.15,307.0,5.0,27.90909090909091,0.45454545454545453,2021,11,6,51,-40,1635724800000
2024,1,253,14,386.1,356.72,3.0,25.48,0.21428571428571427,2024,1,253,33,-19,1704067200000
2016,12,70,1893,65784.52,53848.01,6647.1,28.44585842577919,3.511410459587956,2016,12,70,4572,-2679,1480550400000
2017,12,56,365,13021.67,10475.81,1314.87,28.700849315068492,3.602383561643835,2017,12,56,2485,-2120,1512086400000
2019,12,203,318,15209.92,13651.37,189.97,42.928836477987424,0.5973899371069182,2019,12,203,1659,-1341,1575158400000
2024,12,71,932,27989.56,26300.15,84.6,28.219045064377685,0.0907725321888412,2024,12,71,1278,-346,1733011200000
2017,7,162,303562,4469465.43,3523534.09,522579.05,11.60729633485087,1.7214903380528523,2017,7,162,271667,31895,1498867200000
2019,5,7,10951,160551.18,131089.38,10031.45,11.97053967674185,0.9160304994977628,2019,5,7,27993,-17042,1556668800000
2017,11,249,185802,2614860.89,2068396.2,315557.48000000004,11.132260147899377,1.698353516108546,2017,11,249,150249,35553,1509494400000
2024,1,203,203,9283.93,8506.4,216.7,41.90344827586207,1.067487684729064,2024,1,203,714,-511,1704067200000
2019,3,265,3904,324948.37,278761.21,34539.49,71.40399846311476,8.847205430327868,2019,3,265,18928,-15024,1551398400000
2019,4,190,520,11156.57,9205.6,924.14,17.703076923076924,1.7771923076923077,2019,4,190,1763,-1243,1554076800000
2016,7,97,9985,157220.98,130142.2,15070.42,13.033770655983975,1.5093059589384077,2016,7,97,18616,-8631,1467331200000
2016,7,154,31,1829.93,1570.58,109.11,50.663870967741936,3.5196774193548386,2016,7,154,97,-66,1467331200000
2017,7,169,184,3116.96,2607.6,239.57,14.171739130434782,1.3020108695652173,2017,7,169,1737,-1553,1498867200000
2022,6,66,1341,36473.77,28088.68,4783.39,20.94607009694258,3.5670320656226697,2022,6,66,4790,-3449,1654041600000
2020,5,17,511,12420.5,10861.12,444.93,21.254637964774954,0.8707045009784736,2020,5,17,966,-455,1588291200000
2019,8,134,580,26436.36,21132.04,2501.62,36.43455172413793,4.313137931034483,2019,8,134,2261,-1681,1564617600000
2025,6,218,1021,33985.17,31398.1,113.89999999999999,30.752301665034278,0.11155729676787463,2025,6,218,1908,-887,1748736000000
2019,8,148,76361,1413333.2999999998,964347.53,162009.61,12.628796506069852,2.121627663335996,2019,8,148,63082,13279,1564617600000
2022,9,51,257,10458.47,9479.85,30.07,36.886575875486386,0.11700389105058366,2022,9,51,544,-287,1661990400000
2021,7,87,16000,366487.57,259015.52,46180.99,16.18847,2.886311875,2021,7,87,19112,-3112,1625097600000
2017,1,150,34,1467.77,1168.75,212.63,34.375,6.253823529411765,2017,1,150,459,-425,1483228800000
2017,11,69,370,5292.55,4554.26,280.0,12.308810810810812,0.7567567567567568,2017,11,69,3423,-3053,1509494400000
2024,6,201,123,5725.09,5213.95,52.95,42.389837398373984,0.43048780487804883,2024,6,201,422,-299,1717200000000
2021,4,200,235,10941.01,9293.41,122.23,39.54642553191489,0.520127659574468,2021,4,200,842,-607,1617235200000
2020,6,70,1628,63739.9,50726.82,5425.66,31.158980343980343,3.3327149877149878,2020,6,70,745,883,1590969600000
2021,11,205,346,15499.47,13752.49,36.03,39.74708092485549,0.10413294797687861,2021,11,205,1101,-755,1635724800000
2025,3,15,142,4651.25,4111.54,35.6,28.95450704225352,0.2507042253521127,2025,3,15,525,-383,1740787200000
2017,4,80,7072,111747.84,90009.48,12412.74,12.727584841628959,1.7551951357466062,2017,4,80,20608,-13536,1491004800000
2021,12,137,40839,716813.92,473685.55,85391.62,11.598852812262788,2.0909331766203874,2021,12,137,42774,-1935,1638316800000
2016,12,71,171,3556.15,2779.51,506.18,16.254444444444445,2.9601169590643277,2016,12,71,1703,-1532,1480550400000
2017,8,243,1473,29875.18,24668.76,2856.18,16.747291242362525,1.9390224032586556,2017,8,243,15063,-13590,1501545600000
2024,8,137,33063,711341.61,479537.04,75642.90999999999,14.50373650303965,2.2878416961558234,2024,8,137,38570,-5507,1722470400000
2016,7,136,117,2407.63,2117.19,125.14,18.095641025641026,1.0695726495726496,2016,7,136,1462,-1345,1467331200000
2024,8,54,107,3723.42,3149.92,216.7,29.438504672897196,2.025233644859813,2024,8,54,670,-563,1722470400000
2024,11,63,469,15082.35,13964.67,23.96,29.7754157782516,0.051087420042643925,2024,11,63,876,-407,1730419200000
2022,10,72,177,5107.98,4743.25,71.23,26.798022598870055,0.40242937853107347,2022,10,72,832,-655,1664582400000
2019,5,165,540,16950.77,14962.37,259.83,27.708092592592592,0.48116666666666663,2019,5,165,1866,-1326,1556668800000
2017,3,61,2673,41005.37,33906.03,3573.62,12.684635241301908,1.3369322858211747,2017,3,61,19387,-16714,1488326400000
2024,6,95,1040,37239.4,32927.43,1211.51,31.660990384615385,1.1649134615384615,2024,6,95,4122,-3082,1717200000000
2023,10,98,59,2245.28,2009.24,39.599999999999994,34.05491525423729,0.671186440677966,2023,10,98,499,-440,1696118400000
2023,8,230,95264,2714535.04,1859720.01,316421.44,19.521750188948605,3.3215216661068188,2023,8,230,92651,2613,1690848000000
2020,1,4,10147,181770.74,124204.33,19719.17,12.240497684044545,1.9433497585493247,2020,1,4,25541,-15394,1577836800000
2024,1,28,438,20405.2,17081.74,1506.24,38.99940639269407,3.438904109589041,2024,1,28,1153,-715,1704067200000
2018,5,86,77,4172.9,3944.88,28.06,51.232207792207795,0.3644155844155844,2018,5,86,609,-532,1525132800000
2023,9,60,76,2617.73,2324.33,55.93,30.58328947368421,0.7359210526315789,2023,9,60,190,-114,1693526400000
2020,9,166,10024,157286.73,118593.28,16706.51,11.830933758978452,1.666651037509976,2020,9,166,12668,-2644,1598918400000
2023,6,127,209,7937.65,6666.18,456.42,31.895598086124405,2.1838277511961723,2023,6,127,2115,-1906,1685577600000
2023,8,191,206,9523.76,8445.78,144.0,40.99893203883495,0.6990291262135923,2023,8,191,973,-767,1690848000000
2023,5,174,121,4575.45,4089.53,46.019999999999996,33.797768595041326,0.38033057851239666,2023,5,174,415,-294,1682899200000
2020,12,17,767,21740.420000000002,18581.93,1875.64,24.2267666232073,2.4454237288135596,2020,12,17,2232,-1465,1606780800000
2019,3,33,7936,164506.99,129873.63,17375.56,16.36512474798387,2.189460685483871,2019,3,33,22758,-14822,1551398400000
2016,3,179,8030,118773.97,98164.62,10761.69,12.224734744707346,1.3401855541718557,2016,3,179,19405,-11375,1456790400000
2023,4,208,90,3441.64,2847.34,221.29,31.637111111111114,2.4587777777777777,2023,4,208,478,-388,1680307200000
2021,4,20,210,6634.63,5591.24,142.0,26.62495238095238,0.6761904761904762,2021,4,20,562,-352,1617235200000
2024,8,160,207,8106.84,7102.71,411.83,34.31260869565217,1.9895169082125603,2024,8,160,1134,-927,1722470400000
2017,8,172,1,22.0,20.0,1.2,20.0,1.2,2017,8,172,106,-105,1501545600000
2018,2,89,675,13199.53,11331.1,823.16,16.786814814814814,1.2194962962962963,2018,2,89,6595,-5920,1517443200000
2020,9,137,25299,436542.60000000003,297367.61,45424.07,11.754125064231788,1.795488754496225,2020,9,137,23145,2154,1598918400000
2017,5,9,23,647.4499999999999,558.0,50.99,24.26086956521739,2.2169565217391307,2017,5,9,592,-569,1493596800000
2023,8,56,199,8779.5,7353.02,520.87,36.94984924623116,2.6174371859296484,2023,8,56,926,-727,1690848000000
2020,1,250,333,11913.130000000001,10044.08,97.39,30.162402402402403,0.2924624624624625,2020,1,250,815,-482,1577836800000
2021,4,213,888,28726.48,23964.76,140.54,26.98734234234234,0.15826576576576576,2021,4,213,1360,-472,1617235200000
2023,10,146,1598,41448.82,32385.94,3656.04,20.266545682102628,2.2878848560700877,2023,10,146,2899,-1301,1696118400000
2023,5,137,36862,840440.06,558911.65,99845.92,15.162271444848354,2.70864087678368,2023,5,137,42725,-5863,1682899200000
2023,12,177,329,10709.17,9670.7,327.42,29.39422492401216,0.9951975683890578,2023,12,177,872,-543,1701388800000
2024,10,248,289,10198.09,9218.55,38.7,31.898096885813146,0.13391003460207612,2024,10,248,343,-54,1727740800000
2022,4,72,185,5783.85,5292.29,118.56,28.606972972972972,0.6408648648648648,2022,4,72,771,-586,1648771200000
2022,11,146,1647,32949.33,25524.03,3397.54,15.49728597449909,2.0628658166363083,2022,11,146,3380,-1733,1667260800000
2025,11,63,1234,28168.76,24754.98,75.28,20.060761750405185,0.06100486223662885,2025,11,63,1864,-630,1761955200000
2023,5,74,7758,164256.94,123950.4,14162.51,15.977107501933487,1.8255362206754318,2023,5,74,23514,-15756,1682899200000
2018,3,244,10266,182307.48,152923.36,15598.75,14.8960997467368,1.5194574323007988,2018,3,244,33096,-22830,1519862400000
2024,3,13,21317,665283.52,478074.29,80164.11,22.42690294131444,3.7605718440681146,2024,3,13,26619,-5302,1709251200000
2025,4,205,1238,37777.29,34575.29,63.49,27.92834410339257,0.051284329563812604,2025,4,205,2102,-864,1743465600000
2025,8,76,5225,134291.4,123538.19,283.36,23.643672727272726,0.05423157894736842,2025,8,76,7254,-2029,1754006400000
2018,8,35,510,16077.49,14829.22,238.95,29.076901960784312,0.46852941176470586,2018,8,35,1690,-1180,1533081600000
2023,12,2,5,218.60999999999999,185.4,23.46,37.08,4.692,2023,12,2,8,-3,1701388800000
2023,4,261,16830,550303.5,398869.49,65417.3,23.69991027926322,3.8869459298871067,2023,4,261,15554,1276,1680307200000
2021,12,173,81,3507.46,2957.66,104.99,36.51432098765432,1.2961728395061727,2021,12,173,868,-787,1638316800000
2023,11,157,321,14822.81,11957.63,1538.3700000000001,37.25118380062305,4.792429906542057,2023,11,157,1009,-688,1698796800000
2018,9,13,74305,1491284.7200000002,1202601.35,185428.68000000002,16.184662539533008,2.495507435569612,2018,9,13,76591,-2286,1535760000000
2024,3,127,432,13714.61,11997.68,470.67,27.772407407407407,1.089513888888889,2024,3,127,3226,-2794,1709251200000
2021,7,72,357,12514.53,10764.07,107.14,30.151456582633053,0.3001120448179272,2021,7,72,1011,-654,1625097600000
2018,6,22,250,7797.43,7105.27,167.23,28.421080000000003,0.66892,2018,6,22,1685,-1435,1527811200000
2021,5,81,237,9705.49,8150.51,135.51,34.390337552742615,0.5717721518987341,2021,5,81,512,-275,1619827200000
2023,8,5,39,3517.87,2446.8,0.0,62.73846153846154,0.0,2023,8,5,49,-10,1690848000000
2025,9,9,157,5250.89,4416.98,250.79,28.133630573248404,1.597388535031847,2025,9,9,622,-465,1756684800000
2019,4,20,165,5868.13,5216.01,37.66,31.61218181818182,0.22824242424242422,2019,4,20,789,-624,1554076800000
2023,9,166,13389,330298.45,240097.78,39950.31,17.9324654567182,2.983815818955859,2023,9,166,19546,-6157,1693526400000
2022,1,209,3115,67002.23000000001,47519.82,8023.74,15.255158908507223,2.5758394863563403,2022,1,209,5162,-2047,1640995200000
2024,1,77,245,8711.06,8162.13,29.299999999999997,33.31481632653061,0.11959183673469387,2024,1,77,403,-158,1704067200000
2023,4,146,1665,39074.62,30391.16,3319.56,18.252948948948948,1.9937297297297296,2023,4,146,3207,-1542,1680307200000
2019,8,178,126,2755.13,2445.01,44.24,19.40484126984127,0.35111111111111115,2019,8,178,513,-387,1564617600000
2016,12,44,2,266.15,235.0,30.05,117.5,15.025,2016,12,44,59,-57,1480550400000
2017,4,240,31,755.98,695.5,10.0,22.43548387096774,0.3225806451612903,2017,4,240,364,-333,1491004800000
2025,1,46,22,1092.79,965.75,30.08,43.89772727272727,1.3672727272727272,2025,1,46,63,-41,1735689600000
2018,5,174,214,5230.67,4648.8,153.96,21.72336448598131,0.7194392523364487,2018,5,174,1269,-1055,1525132800000
2018,6,89,997,23133.28,20340.41,964.56,20.4016148445336,0.9674623871614844,2018,6,89,7350,-6353,1527811200000
2023,5,69,240,8324.1,7322.91,136.39000000000001,30.512125,0.5682916666666668,2023,5,69,1136,-896,1682899200000
2020,5,187,4,188.89,144.47,0.0,36.1175,0.0,2020,5,187,30,-26,1588291200000
2016,12,77,93,1722.06,1437.5,136.53,15.456989247311828,1.4680645161290322,2016,12,77,652,-559,1480550400000
2023,4,187,1,145.4,144.4,0.0,144.4,0.0,2023,4,187,14,-13,1680307200000
2017,4,49,4112,60634.1,49204.94,6259.01,11.966181906614787,1.5221327821011674,2017,4,49,19999,-15887,1491004800000
2020,11,238,44104,674257.64,446442.21,83060.04,10.122487982949393,1.883276800290223,2020,11,238,44518,-414,1604188800000
2021,7,118,15,1026.36,882.16,50.15,58.81066666666666,3.3433333333333333,2021,7,118,67,-52,1625097600000
2023,1,92,150,5728.29,4845.57,285.27,32.303799999999995,1.9018,2023,1,92,1570,-1420,1672531200000
2023,3,262,45572,1016688.72,666588.78,132128.94,14.627156587378215,2.8993447731062933,2023,3,262,52213,-6641,1677628800000
2022,1,135,82,3098.46,2765.55,63.410000000000004,33.72621951219512,0.7732926829268293,2022,1,135,743,-661,1640995200000
2019,5,124,289,13703.69,12281.32,387.1,42.4959169550173,1.339446366782007,2019,5,124,1127,-838,1556668800000
2022,2,197,182,8155.33,7015.64,470.38,38.54747252747253,2.5845054945054944,2022,2,197,998,-816,1643673600000
2021,10,223,851,31071.17,24052.12,3224.53,28.263360752056403,3.7891069330199767,2021,10,223,5458,-4607,1633046400000
2023,5,226,2586,82764.9,65929.66,7832.99,25.494841453982986,3.02899845320959,2023,5,226,6209,-3623,1682899200000
2025,2,222,628,20045.93,18834.86,10.98,29.991815286624206,0.01748407643312102,2025,2,222,698,-70,1738368000000
2019,3,138,212392,9147277.479999999,6550550.91,1223702.6300000001,30.841796819089232,5.761528824061171,2019,3,138,84227,128165,1551398400000
2016,12,264,193733,3344237.52,2706444.33,365102.15,13.969970681298488,1.8845635488017014,2016,12,264,179528,14205,1480550400000
2021,9,134,239,12041.16,9998.03,1037.76,41.83276150627616,4.342092050209205,2021,9,134,978,-739,1630454400000
2023,7,168,460,12761.42,10519.74,648.73,22.869,1.4102826086956521,2023,7,168,1901,-1441,1688169600000
2025,4,204,4,625.52,517.69,70.7,129.4225,17.675,2025,4,204,24,-20,1743465600000
2025,10,31,100,3849.92,3068.2599999999998,255.51,30.682599999999997,2.5551,2025,10,31,449,-349,1759276800000
2021,11,245,8,510.4,417.15,24.0,52.14375,3.0,2021,11,245,36,-28,1635724800000
2020,9,232,1789,44282.520000000004,35298.96,3726.34,19.73111235326998,2.0829178311906094,2020,9,232,7282,-5493,1598918400000
2024,7,170,95095,2200169.87,1460073.89,270184.17,15.353844997108155,2.841202692044797,2024,7,170,96100,-1005,1719792000000
2017,9,35,78,1608.84,1327.3,94.9,17.016666666666666,1.2166666666666668,2017,9,35,1048,-970,1504224000000
2018,8,132,227955,12633647.100000001,10439288.4,1246321.0299999998,45.79539119563072,5.467399399004188,2018,8,132,71754,156201,1533081600000
2020,6,252,49,1795.36,1482.98,104.6,30.264897959183674,2.1346938775510202,2020,6,252,139,-90,1590969600000
2021,2,85,291,10290.19,8709.35,189.06,29.929037800687286,0.6496907216494845,2021,2,85,514,-223,1612137600000
2018,11,255,7290,129069.96,104911.36,14286.91,14.391133058984911,1.95979561042524,2018,11,255,22126,-14836,1541030400000
2024,1,172,2,200.0,140.0,43.62,70.0,21.81,2024,1,172,30,-28,1704067200000
2024,1,75,18255,377360.5,272835.62,37765.87,14.94580224596001,2.068795946316078,2024,1,75,35754,-17499,1704067200000
2025,9,206,18,784.69,699.1,8.3,38.83888888888889,0.46111111111111114,2025,9,206,116,-98,1756684800000
2019,7,53,136,4238.9,3794.77,100.05,27.902720588235294,0.7356617647058823,2019,7,53,831,-695,1561939200000
2016,1,209,17316,314327.33,257980.57,35208.96,14.898392815892816,2.033319473319473,2016,1,209,24806,-7490,1451606400000
2019,2,223,3302,89144.69,70160.56,7897.15,21.247898243488795,2.391626287098728,2019,2,223,12551,-9249,1548979200000
2018,4,8,88,4688.6900000000005,3592.5,578.35,40.82386363636363,6.572159090909091,2018,4,8,151,-63,1522540800000
2025,8,221,45,1557.62,1116.49,44.51,24.81088888888889,0.989111111111111,2025,8,221,110,-65,1754006400000
2018,4,75,66811,865916.62,707400.46,76888.32,10.588083698792115,1.1508332460223616,2018,4,75,110740,-43929,1522540800000
2023,8,46,19,653.95,596.2,35.75,31.378947368421056,1.881578947368421,2023,8,46,97,-78,1690848000000
2023,5,143,39468,883839.93,583176.7,111802.28,14.775937468328772,2.8327323401236444,2023,5,143,52337,-12869,1682899200000
2024,12,7,2599,64844.88,54412.1,2917.86,20.93578299345902,1.1226856483262795,2024,12,7,8569,-5970,1733011200000
2024,10,89,1472,45961.5,41834.47,782.25,28.42015625,0.5314198369565217,2024,10,89,3613,-2141,1727740800000
2019,8,7,8684,123867.8,101282.86,7283.15,11.663157531091663,0.838686089359742,2019,8,7,23963,-15279,1564617600000
2024,7,141,65046,1315312.09,850851.71,160818.43,13.080769147987578,2.4723800079943423,2024,7,141,75323,-10277,1719792000000
2025,5,261,23589,718008.83,504896.24,76059.96,21.40388486158803,3.2243825511891138,2025,5,261,24855,-1266,1746057600000
2022,1,211,16438,283075.10000000003,186165.72,36809.08,11.325326682078112,2.239267550796934,2022,1,211,19460,-3022,1640995200000
2021,6,233,39841,674785.4,438204.33,83217.14,10.998828593659798,2.0887312065460204,2021,6,233,43426,-3585,1622505600000
2020,10,43,32510,505621.64,329274.24,64652.58,10.128398646570286,1.9886982466933252,2020,10,43,23973,8537,1601510400000
2025,11,149,478,13417.99,12364.1,0.0,25.8663179916318,0.0,2025,11,149,1029,-551,1761955200000
2022,11,152,2458,45393.51,34950.4,4944.91,14.219039869812857,2.0117615947925143,2022,11,152,5346,-2888,1667260800000
2023,2,49,445,13254.81,10660.58,1318.43,23.956359550561796,2.96276404494382,2023,2,49,4088,-3643,1675209600000
2019,7,256,3540,70934.04,55181.28,7165.88,15.58793220338983,2.0242598870056496,2019,7,256,13572,-10032,1561939200000
2018,11,74,32114,438081.78,363975.66,30633.17,11.333862489879802,0.9538883353054742,2018,11,74,65036,-32922,1541030400000
2020,3,18,208,4922.7300000000005,4286.61,86.08,20.60870192307692,0.41384615384615386,2020,3,18,694,-486,1583020800000
2022,9,123,80,2497.23,2157.12,124.61,26.964,1.557625,2022,9,123,535,-455,1661990400000
2020,10,101,100,4487.07,4001.31,216.05,40.0131,2.1605000000000003,2020,10,101,174,-74,1601510400000
2023,8,240,16,511.84000000000003,444.14,27.2,27.75875,1.7,2023,8,240,121,-105,1690848000000
2018,5,1,751,67395.9,55778.39,8827.16,74.27215712383489,11.75387483355526,2018,5,1,19537,-18786,1525132800000
2018,11,16,191,6357.56,5575.27,384.57,29.189895287958116,2.013455497382199,2018,11,16,1214,-1023,1541030400000
2022,3,34,87,2252.44,1780.8600000000001,275.08,20.469655172413795,3.16183908045977,2022,3,34,505,-418,1646092800000
2025,7,98,306,8574.03,7600.6,173.69,24.83856209150327,0.5676143790849673,2025,7,98,1175,-869,1751328000000
2018,2,123,159,3151.88,2649.96,261.40000000000003,16.666415094339623,1.6440251572327047,2018,2,123,1195,-1036,1517443200000
2019,9,207,490,5388.32,4581.53,162.75,9.350061224489796,0.33214285714285713,2019,9,207,570,-80,1567296000000
2024,7,107,58655,1267573.25,835568.81,151590.43,14.245483079021398,2.584441735572415,2024,7,107,57471,1184,1719792000000
2018,9,180,140,5128.2300000000005,4468.97,315.53,31.92121428571429,2.2537857142857143,2018,9,180,654,-514,1535760000000
2025,7,161,175989,4211623.42,2702829.3200000003,492926.54,15.35794464426754,2.800894033149799,2025,7,161,146074,29915,1751328000000
2023,1,70,13117,757398.19,519450.85,98865.09,39.60134558206907,7.537172371731341,2023,1,70,1598,11519,1672531200000
2017,2,114,140226,2009917.71,1595470.69,240211.67,11.37785211016502,1.7130323192560581,2017,2,114,109821,30405,1485907200000
2024,1,206,6,256.69,215.93,0.0,35.98833333333334,0.0,2024,1,206,63,-57,1704067200000
2016,2,53,75,1596.62,1314.35,159.79,17.524666666666665,2.130533333333333,2016,2,53,1023,-948,1454284800000
2019,9,199,7,132.94,106.5,9.219999999999999,15.214285714285714,1.317142857142857,2019,9,199,8,-1,1567296000000
2018,4,203,131,5557.78,5037.5,208.94,38.454198473282446,1.5949618320610688,2018,4,203,802,-671,1522540800000
2025,5,37,7016,172730.31,144374.56,1635.31,20.577901938426454,0.23308295324971492,2025,5,37,10164,-3148,1746057600000
2025,6,20,568,15631.73,13694.2,116.67,24.109507042253522,0.20540492957746478,2025,6,20,1174,-606,1748736000000
2021,4,43,43389,685363.2400000001,444680.67,88614.78,10.248695982852796,2.042332849339694,2021,4,43,31781,11608,1617235200000
2023,6,19,72,2164.05,1953.91,34.57,27.13763888888889,0.4801388888888889,2023,6,19,321,-249,1685577600000
2025,4,177,2207,60980.43,55662.5,99.62,25.220888083371094,0.04513819664703217,2025,4,177,2364,-157,1743465600000
2022,12,201,54,2582.52,2317.62,58.0,42.91888888888889,1.0740740740740742,2022,12,201,305,-251,1669852800000
2019,5,195,664,22693.56,18777.52,1277.86,28.279397590361448,1.9244879518072289,2019,5,195,3037,-2373,1556668800000
2018,7,85,262,5572.06,4994.36,191.01,19.062442748091602,0.7290458015267175,2018,7,85,1237,-975,1530403200000
2024,12,147,185,6167.74,5500.01,57.269999999999996,29.729783783783784,0.30956756756756754,2024,12,147,331,-146,1733011200000
2016,3,53,75,2409.31,2013.5,244.32999999999998,26.846666666666668,3.257733333333333,2016,3,53,1130,-1055,1456790400000
2023,3,121,176,5648.86,5090.77,158.49,28.924829545454546,0.9005113636363636,2023,3,121,681,-505,1677628800000
2018,10,216,1459,74381.88,62295.33,6042.67,42.697278958190545,4.141651816312543,2018,10,216,3492,-2033,1538352000000
2019,4,115,12,598.2,507.02,1.0,42.251666666666665,0.08333333333333333,2019,4,115,115,-103,1554076800000
2023,12,260,832,26453.24,21565.09,2174.91,25.919579326923078,2.614074519230769,2023,12,260,2414,-1582,1701388800000
2018,3,107,226524,3249763.4699999997,2588684.26,370496.87,11.427858681640796,1.6355744645159012,2018,3,107,202925,23599,1519862400000
2018,8,33,8059,154574.09,128103.62,17009.51,15.895721553542623,2.11062290606775,2018,8,33,21620,-13561,1533081600000
2021,3,23,54,3790.61,3104.81,160.88,57.49648148148148,2.9792592592592593,2021,3,23,96,-42,1614556800000
2025,1,53,205,7140.81,5996.49,283.97,29.251170731707315,1.385219512195122,2025,1,53,543,-338,1735689600000
2024,7,88,10880,345848.38,257271.16,35808.36,23.64624632352941,3.2912095588235295,2024,7,88,13949,-3069,1719792000000
2018,1,108,68,1484.09,1315.79,69.91,19.34985294117647,1.0280882352941176,2018,1,108,471,-403,1514764800000
2021,1,102,177,5081.82,4349.62,241.88,24.57412429378531,1.3665536723163842,2021,1,102,388,-211,1609459200000
2022,1,151,25638,395755.2,274760.46,50517.39,10.71692253685935,1.9704107184647788,2022,1,151,26853,-1215,1640995200000
2021,11,151,33483,563650.23,395756.15,71347.38,11.819614431203895,2.130853866141027,2021,11,151,35167,-1684,1635724800000
2023,3,85,127,4524.19,4041.2,114.99,31.82047244094488,0.9054330708661417,2023,3,85,622,-495,1677628800000
2016,5,250,129,2302.54,1976.3,118.12,15.32015503875969,0.9156589147286822,2016,5,250,1150,-1021,1462060800000
2018,12,231,134042,2245159.07,1809894.91,264487.04,13.502446322794347,1.9731654257620743,2018,12,231,126739,7303,1543622400000
2023,4,219,291,19174.06,16082.52,1456.74,55.26639175257732,5.005979381443299,2023,4,219,1363,-1072,1680307200000
2016,12,253,16,698.86,494.0,133.32,30.875,8.3325,2016,12,253,51,-35,1480550400000
2018,1,73,26,686.11,601.0,55.05,23.115384615384617,2.1173076923076923,2018,1,73,429,-403,1514764800000
2018,3,173,276,4764.67,4186.0,146.63,15.166666666666666,0.5312681159420289,2018,3,173,2565,-2289,1519862400000
2020,7,124,130,5695.76,5046.21,246.63,38.817,1.8971538461538462,2020,7,124,220,-90,1593561600000
2020,11,63,299,11649.34,10066.24,765.43,33.666354515050166,2.559966555183946,2020,11,63,523,-224,1604188800000
2024,10,31,48,2264.24,1897.4,137.13,39.52916666666667,2.856875,2024,10,31,261,-213,1727740800000
2017,2,233,114426,1690164.99,1326442.71,200338.14,11.592144355303864,1.7508096062083793,2017,2,233,126733,-12307,1485907200000
2020,1,224,11527,195558.13999999998,131713.34,22168.48,11.426506463086666,1.9231786240999393,2020,1,224,24435,-12908,1577836800000
2021,5,43,49768,793887.93,515716.9,103655.73,10.362419627069604,2.082778693136152,2021,5,43,38016,11752,1619827200000
2018,3,5,4,137.68,136.07999999999998,0.0,34.019999999999996,0.0,2018,3,5,52,-48,1519862400000
2020,8,157,176,6001.19,5202.98,271.77,29.56238636363636,1.544147727272727,2020,8,157,550,-374,1596240000000
2019,9,40,2727,51599.71,38715.04,6103.4,14.196934360102677,2.238137147048038,2019,9,40,6796,-4069,1567296000000
2022,10,128,27,815.5,652.5600000000001,94.19,24.16888888888889,3.4885185185185184,2022,10,128,261,-234,1664582400000
2021,1,65,1058,27955.14,22813.1,2244.77,21.562476370510396,2.121710775047259,2021,1,65,1814,-756,1609459200000
2023,10,22,120,4653.11,4261.41,82.15,35.51175,0.6845833333333334,2023,10,22,555,-435,1696118400000
2022,4,228,227,8385.79,6453.09,1021.05,28.427709251101323,4.498017621145374,2022,4,228,1899,-1672,1648771200000
2022,8,182,77,2431.96,2139.01,24.4,27.77935064935065,0.3168831168831169,2022,8,182,478,-401,1659312000000
2017,8,125,51027,770058.0800000001,608884.48,92700.58,11.932594116840104,1.8166966507927176,2017,8,125,47099,3928,1501545600000
2022,12,29,83,4095.06,3651.9500000000003,90.21000000000001,43.99939759036145,1.0868674698795182,2022,12,29,429,-346,1669852800000
2019,3,65,10139,212836.16,168357.54,20356.18,16.604945260873855,2.0077108196074565,2019,3,65,15167,-5028,1551398400000
2020,7,1,35,2767.79,2413.51,249.71,68.95742857142858,7.134571428571429,2020,7,1,546,-511,1593561600000
2017,3,251,111,1635.06,1287.78,198.28,11.601621621621621,1.7863063063063063,2017,3,251,287,-176,1488326400000
2016,12,112,6265,98159.06,79196.63,10452.36,12.641122106943337,1.6683735035913807,2016,12,112,28833,-22568,1480550400000
2023,5,87,19767,663389.38,477426.0,83562.2,24.152678706935802,4.227358729195123,2023,5,87,26763,-6996,1682899200000
2023,10,52,734,22919.3,17855.86,2698.63,24.326784741144415,3.676607629427793,2023,10,52,2369,-1635,1696118400000
2025,9,31,113,4018.86,3272.94,184.2,28.964070796460177,1.630088495575221,2025,9,31,378,-265,1756684800000
2023,4,68,82860,2070738.42,1395600.38,263808.53,16.84287207337678,3.183786265990828,2023,4,68,82624,236,1680307200000
2018,10,243,1623,37970.95,32421.46,2741.75,19.976253850893407,1.6893099199014172,2018,10,243,14996,-13373,1538352000000
2018,7,24,20929,293877.38,236328.32,31542.08,11.291906923407712,1.5070992402885948,2018,7,24,23798,-2869,1530403200000
2019,9,260,3181,69028.17,55902.03,4882.16,17.573728387299592,1.5347878025778057,2019,9,260,7140,-3959,1567296000000
2022,1,106,104,2711.0099999999998,2138.86,307.4,20.56596153846154,2.9557692307692305,2022,1,106,830,-726,1640995200000
2023,4,26,91,2923.77,2565.76,95.76,28.19516483516484,1.0523076923076924,2023,4,26,785,-694,1680307200000
2017,3,2,7,331.28,273.5,32.34,39.07142857142857,4.62,2017,3,2,6,1,1488326400000
2025,2,113,53757,1127589.8599999999,706556.54,127809.47,13.143526238443366,2.377540971408375,2025,2,113,49345,4412,1738368000000
2021,7,47,349,13159.45,11010.36,426.07,31.548309455587393,1.2208309455587392,2021,7,47,694,-345,1625097600000
2025,7,263,62410,1303505.89,855561.64,131025.93000000001,13.708726806601506,2.099438070821984,2025,7,263,68615,-6205,1751328000000
2016,9,190,696,12312.48,10267.5,1194.11,14.752155172413794,1.7156752873563217,2016,9,190,2229,-1533,1472688000000
2023,2,152,1955,43271.37,33083.71,4005.81,16.922613810741687,2.049007672634271,2023,2,152,4523,-2568,1675209600000
2019,9,68,166332,2990159.75,2008274.64,346909.66,12.073892215568861,2.0856459370415794,2019,9,68,154334,11998,1567296000000
2019,4,39,1034,41468.78,37962.27,291.43,36.71399419729207,0.28184719535783365,2019,4,39,2363,-1329,1554076800000
2020,3,40,1306,25133.86,18511.76,3131.54,14.17439509954058,2.3978101071975497,2020,3,40,3035,-1729,1583020800000
2025,3,14,1662,48113.68,41659.73,675.6800000000001,25.066022864019256,0.4065463297232251,2025,3,14,3886,-2224,1740787200000
2016,1,89,1679,32688.12,27224.77,3239.67,16.21487194758785,1.9295235259082788,2016,1,89,10689,-9010,1451606400000
2018,1,15,30,601.46,528.0,39.199999999999996,17.6,1.3066666666666664,2018,1,15,712,-682,1514764800000
2017,6,148,142850,2277588.0300000003,1834427.65,260432.09,12.841635631781589,1.8231157857892895,2017,6,148,107927,34923,1496275200000
2021,9,242,325,13140.28,11583.07,116.76,35.64021538461538,0.35926153846153847,2021,9,242,668,-343,1630454400000
2017,6,96,25,669.72,524.5,103.7,20.98,4.148,2017,6,96,178,-153,1496275200000
2023,6,228,227,9031.7,7324.7,800.4,32.26740088105727,3.525991189427313,2023,6,228,1885,-1658,1685577600000
2020,2,80,1733,40526.96,32131.06,4080.46,18.540715522215812,2.3545643392960183,2020,2,80,8936,-7203,1580515200000
2018,7,218,299,10246.91,9362.17,204.79,31.31160535117057,0.6849163879598662,2018,7,218,1511,-1212,1530403200000
2018,1,133,343,5802.1,4858.8,467.81,14.165597667638485,1.3638775510204082,2018,1,133,2528,-2185,1514764800000
2018,9,141,188896,2363297.22,1874431.94,269336.78,9.923089636625445,1.4258469210570897,2018,9,141,192658,-3762,1535760000000
2022,8,226,2685,73343.0,58953.53,7223.87,21.956621973929234,2.6904543761638733,2022,8,226,6701,-4016,1659312000000
2021,7,96,23,751.16,647.0,11.76,28.130434782608695,0.5113043478260869,2021,7,96,90,-67,1625097600000
2022,2,117,106,5782.02,5293.13,4.69,49.935188679245286,0.04424528301886793,2022,2,117,337,-231,1643673600000
2020,12,179,749,16236.470000000001,13426.28,1283.18,17.925607476635516,1.7131909212283045,2020,12,179,1848,-1099,1606780800000
2017,2,265,4130,320751.26,271197.03,35986.06,65.66514043583535,8.713331719128329,2017,2,265,19190,-15060,1485907200000
2025,8,195,2281,86896.32,69606.4,4762.04,30.515738711091625,2.087698377904428,2025,8,195,2932,-651,1754006400000
2025,9,58,47,2059.25,1887.6000000000001,27.34,40.16170212765958,0.5817021276595745,2025,9,58,169,-122,1756684800000
2023,4,135,193,6413.43,5706.3,99.03,29.566321243523316,0.5131088082901555,2023,4,135,948,-755,1680307200000
2025,2,207,191,4147.54,3313.32,379.51,17.347225130890052,1.9869633507853404,2025,2,207,153,38,1738368000000
2022,8,62,173,5216.91,4645.22,318.89,26.850982658959538,1.843294797687861,2022,8,62,1570,-1397,1659312000000
2025,10,40,1600,36942.0,26446.71,1372.75,16.52919375,0.85796875,2025,10,40,4096,-2496,1759276800000
2020,11,41,10195,300574.12,267752.52,13526.63,26.263121137812654,1.3267905836194211,2020,11,41,16208,-6013,1604188800000
2024,7,207,229,3615.88,2736.69,331.08,11.95061135371179,1.445764192139738,2024,7,207,219,10,1719792000000
2020,2,83,446,9224.44,7720.89,504.67,17.311412556053813,1.1315470852017937,2020,2,83,1966,-1520,1580515200000
2018,12,115,21,962.61,728.19,13.030000000000001,34.675714285714285,0.6204761904761905,2018,12,115,145,-124,1543622400000
2023,1,41,7014,143741.94,107401.18,14174.08,15.312400912460792,2.020826917593385,2023,1,41,19160,-12146,1672531200000
2019,2,212,367,10055.66,8900.33,43.73,24.25158038147139,0.11915531335149863,2019,2,212,1175,-808,1548979200000
2016,2,127,1139,21161.43,17793.7,1767.73,15.622212467076384,1.5520017559262511,2016,2,127,8835,-7696,1454284800000
2016,10,157,474,14588.050000000001,11870.52,1326.9,25.04329113924051,2.799367088607595,2016,10,157,4048,-3574,1475280000000
2019,1,141,192622,2260252.4000000004,1777215.17,262449.88999999996,9.226439191784946,1.3625125375086955,2019,1,141,202317,-9695,1546300800000
2021,7,28,203,9271.57,7646.39,531.25,37.66694581280788,2.6169950738916254,2021,7,28,1018,-815,1625097600000
2024,8,27,36,1471.82,1296.15,42.21,36.00416666666667,1.1725,2024,8,27,123,-87,1722470400000
2023,2,132,132098,10191131.99,8012021.41,1143218.17,60.65210230283577,8.654318536238247,2023,2,132,31311,100787,1675209600000
2024,7,61,2118,61814.46,57553.11,853.55,27.173328611898018,0.40299811142587344,2024,7,61,5462,-3344,1719792000000
2023,11,35,321,10455.24,9647.0,63.22,30.052959501557634,0.19694704049844236,2023,11,35,687,-366,1698796800000
2017,12,234,293630,4097186.4499999997,3224715.49,493389.02,10.982241221945987,1.6803086196914485,2017,12,234,249780,43850,1512086400000
2025,9,52,1729,47040.15,36979.93,1894.78,21.388045112781956,1.095882012724118,2025,9,52,2928,-1199,1756684800000
2017,3,79,316051,4553841.3100000005,3615338.08,539902.97,11.439097107745269,1.7082779994367996,2017,3,79,258870,57181,1488326400000
2019,7,31,39,1496.31,1270.6100000000001,98.60000000000001,32.57974358974359,2.5282051282051285,2019,7,31,434,-395,1561939200000
2023,2,60,50,1532.91,1352.39,14.87,27.047800000000002,0.2974,2023,2,60,187,-137,1675209600000
2018,1,43,122407,1600852.84,1283285.16,176135.13999999998,10.483756321125425,1.438930289934399,2018,1,43,103175,19232,1514764800000
2024,6,3,161,5865.29,5318.66,78.69,33.0351552795031,0.48875776397515525,2024,6,3,328,-167,1717200000000
2018,1,28,544,24308.03,19723.0,2384.19,36.255514705882355,4.382702205882353,2018,1,28,1930,-1386,1514764800000
2021,1,109,2,79.5,62.66,0.0,31.33,0.0,2021,1,109,14,-12,1609459200000
2021,4,144,13668,246351.52,165823.34,30160.85,12.132231489610769,2.20667617793386,2021,4,144,16326,-2658,1617235200000
2022,4,166,22142,414155.79,297591.33,55447.05,13.440128714659924,2.504157257700298,2022,4,166,29236,-7094,1648771200000
2023,10,57,10,317.53,293.03,0.0,29.302999999999997,0.0,2023,10,57,42,-32,1696118400000
2016,5,246,179236,2669265.42,2128784.33,308086.26,11.876990838893972,1.7188860496775202,2016,5,246,216599,-37363,1462060800000
2023,9,227,72,3160.38,2705.97,188.56,37.58291666666666,2.618888888888889,2023,9,227,671,-599,1693526400000
2017,7,190,489,8154.6900000000005,6908.54,670.84,14.127893660531697,1.3718609406952966,2017,7,190,1689,-1200,1498867200000
2020,4,182,110,3175.13,2711.85,165.82,24.653181818181817,1.5074545454545454,2020,4,182,278,-168,1585699200000
2017,10,70,1287,46006.86,38096.4,4640.22,29.6009324009324,3.6054545454545455,2017,10,70,4011,-2724,1506816000000
2018,9,90,149065,2055132.29,1623543.81,242791.95,10.891515848790796,1.6287656391507062,2018,9,90,121030,28035,1535760000000
2021,10,20,94,3789.28,3180.01,94.32,33.82989361702128,1.003404255319149,2021,10,20,493,-399,1633046400000
2022,8,14,166,6871.43,6176.97,206.61,37.21066265060241,1.2446385542168676,2022,8,14,2398,-2232,1659312000000
2020,11,228,584,20667.39,17334.85,1620.87,29.682962328767122,2.775462328767123,2020,11,228,1049,-465,1604188800000
2020,2,195,351,10519.37,8469.57,526.46,24.12982905982906,1.49988603988604,2020,2,195,1782,-1431,1580515200000
2019,7,173,308,7168.83,6270.29,75.53,20.358084415584415,0.24522727272727274,2019,7,173,2039,-1731,1561939200000
2021,12,151,32084,533421.62,374344.04,67463.38,11.667623737688567,2.102711008602419,2021,12,151,32823,-739,1638316800000
2022,7,197,322,16005.52,13625.75,1444.84,42.315993788819874,4.487080745341615,2022,7,197,1254,-932,1656633600000
2016,5,112,9163,148909.81,119628.06,16685.87,13.055556040598058,1.821005129324457,2016,5,112,37130,-27967,1462060800000
2017,8,34,206,2954.91,2414.5,272.65,11.720873786407767,1.3235436893203882,2017,8,34,1073,-867,1501545600000
2018,9,35,582,17756.84,16571.67,215.64000000000001,28.47365979381443,0.3705154639175258,2018,9,35,1588,-1006,1535760000000
2020,8,150,116,3842.94,3397.27,246.12,29.286810344827586,2.1217241379310345,2020,8,150,195,-79,1596240000000
2021,10,106,252,6270.3,4988.1,609.2,19.79404761904762,2.4174603174603178,2021,10,106,1309,-1057,1633046400000
2023,4,137,35485,784003.85,517336.75,93844.53,14.579026349161618,2.644625334648443,2023,4,137,40381,-4896,1680307200000
2024,1,17,516,15710.02,14069.32,483.96,27.266124031007752,0.937906976744186,2024,1,17,2960,-2444,1704067200000
2016,11,2,11,411.54,362.0,16.96,32.90909090909091,1.541818181818182,2016,11,2,1,10,1477958400000
2017,10,31,108,3605.04,2922.0,454.04,27.055555555555557,4.204074074074074,2017,10,31,655,-547,1506816000000
2023,4,25,1467,42591.22,33909.46,4448.71,23.114832992501704,3.032522154055896,2023,4,25,5446,-3979,1680307200000
2019,9,82,2044,67054.49,54190.95,5241.51,26.512206457925636,2.5643395303326812,2019,9,82,5500,-3456,1567296000000
2021,4,229,49149,735693.41,465218.98,92006.7,9.465482105434495,1.8719953610449855,2021,4,229,48586,563,1617235200000
2021,10,102,60,2188.89,1818.67,71.97,30.31116666666667,1.1995,2021,10,102,560,-500,1633046400000
2022,8,34,122,3176.49,2393.46,447.48,19.618524590163936,3.6678688524590166,2022,8,34,541,-419,1659312000000
2021,11,168,562,15706.89,13099.48,472.05,23.30868327402135,0.8399466192170819,2021,11,168,2292,-1730,1635724800000
2024,8,170,88762,2058235.1300000001,1366620.9500000002,251858.63,15.396464140059937,2.837460061738131,2024,8,170,92604,-3842,1722470400000
2025,3,160,942,25769.43,21537.74,950.5,22.863842887473464,1.0090233545647558,2025,3,160,1707,-765,1740787200000
2025,8,146,4105,96138.02,75434.34,4921.86,18.37620950060901,1.1989914738124239,2025,8,146,4234,-129,1754006400000
2020,10,55,434,18166.2,16006.06,1080.96,36.880322580645164,2.4906912442396316,2020,10,55,843,-409,1601510400000
2018,3,202,382,8132.0,6933.5,674.3,18.150523560209425,1.7651832460732984,2018,3,202,4050,-3668,1519862400000
2022,9,56,185,8531.11,6937.04,756.22,37.49751351351351,4.087675675675676,2022,9,56,936,-751,1661990400000
2024,4,136,162,5941.55,5355.3,78.03999999999999,33.05740740740741,0.4817283950617283,2024,4,136,417,-255,1711929600000
2023,7,48,79884,1905041.18,1278206.6500000001,227631.9,16.00078426218016,2.849530569325522,2023,7,48,75899,3985,1688169600000
2022,11,28,254,11789.64,9190.22,1393.32,36.18196850393701,5.485511811023621,2022,11,28,1161,-907,1667260800000
2024,4,2,5,142.4,103.5,12.46,20.7,2.492,2024,4,2,6,-1,1711929600000
2025,1,173,323,8451.33,7325.56,115.42999999999999,22.679752321981425,0.35736842105263156,2025,1,173,672,-349,1735689600000
2022,1,130,242,10552.16,8702.83,849.98,35.96210743801653,3.512314049586777,2022,1,130,1284,-1042,1640995200000
2023,2,221,2,98.98,57.720000000000006,12.41,28.860000000000003,6.205,2023,2,221,36,-34,1675209600000
2016,3,72,253,4930.12,4109.5,519.7,16.24308300395257,2.054150197628459,2016,3,72,2065,-1812,1456790400000
2020,7,183,143,5651.85,4884.14,212.26,34.15482517482518,1.4843356643356642,2020,7,183,197,-54,1593561600000
2016,10,139,18,862.72,793.0,40.74,44.05555555555556,2.2633333333333336,2016,10,139,638,-620,1475280000000
2017,4,4,27226,403808.67,327539.17,43459.78,12.030381620509806,1.5962601924630868,2017,4,4,51446,-24220,1491004800000
2016,6,94,58,1177.68,1089.8400000000001,20.9,18.79034482758621,0.3603448275862069,2016,6,94,765,-707,1464739200000
2016,4,121,83,2928.34,2444.09,323.67,29.44686746987952,3.8996385542168674,2016,4,121,1696,-1613,1459468800000
2019,5,152,7777,119598.83,94643.96,9481.419999999998,12.169726115468691,1.219161630448759,2019,5,152,12452,-4675,1556668800000
2025,2,45,7104,172195.07,121566.67,12637.5,17.112425394144143,1.778927364864865,2025,2,45,11066,-3962,1738368000000
2023,3,144,27696,672945.03,453025.91,84796.12,16.357088027151935,3.0616738879260543,2023,3,144,29676,-1980,1677628800000
2017,1,113,167768,2178950.81,1720203.5,258355.3,10.253466096037386,1.5399557722569261,2017,1,113,142329,25439,1483228800000
2016,6,179,7553,115277.83,95754.33,10029.07,12.677655236329935,1.3278260293922943,2016,6,179,16280,-8727,1464739200000
2017,1,127,959,18272.74,15112.38,1691.98,15.758477580813347,1.7643169968717414,2017,1,127,7430,-6471,1483228800000
2016,6,256,17583,281559.56,228026.78,30976.41,12.96859352783939,1.7617249616106467,2016,6,256,37313,-19730,1464739200000
2021,1,29,234,8930.16,7749.55,426.53,33.11773504273504,1.8227777777777776,2021,1,29,446,-212,1609459200000
2018,8,175,97,3180.9700000000003,2785.81,161.22,28.719690721649485,1.662061855670103,2018,8,175,722,-625,1533081600000
2017,2,140,151236,2093299.3900000001,1680787.79,233191.45,11.113675249279272,1.5419043746197996,2017,2,140,156670,-5434,1485907200000
2023,6,180,47,2011.31,1729.4,84.16,36.795744680851065,1.7906382978723403,2023,6,180,384,-337,1685577600000
2019,7,14,686,22963.72,20324.06,595.13,29.626909620991256,0.867536443148688,2019,7,14,4998,-4312,1561939200000
2019,1,10,2927,162315.48,132052.42,14855.57,45.11527844209088,5.075357020840451,2019,1,10,3882,-955,1546300800000
2023,8,95,503,18108.51,15191.36,1198.78,30.20151093439364,2.3832604373757453,2023,8,95,4175,-3672,1690848000000
2017,9,71,98,2204.17,1908.1,95.97,19.470408163265304,0.9792857142857143,2017,9,71,1308,-1210,1504224000000
2018,9,16,184,5894.81,5310.37,184.12,28.86070652173913,1.0006521739130434,2018,9,16,1255,-1071,1535760000000
2018,8,84,4,249.83999999999997,220.5,14.62,55.125,3.655,2018,8,84,65,-61,1533081600000
2022,12,128,15,491.21999999999997,418.3,28.92,27.886666666666667,1.9280000000000002,2022,12,128,220,-205,1669852800000
2018,11,197,818,34437.26,29436.24,2029.58,35.98562347188264,2.4811491442542786,2018,11,197,2376,-1558,1541030400000
2018,11,224,17176,250605.99000000002,202026.69,27878.719999999998,11.762150093153236,1.623120633442012,2018,11,224,33063,-15887,1541030400000
2022,11,64,53,2459.49,2148.83,128.31,40.54396226415094,2.420943396226415,2022,11,64,362,-309,1667260800000
2024,11,209,6966,205903.43,150925.31,22346.760000000002,21.66599339649727,3.207975882859604,2024,11,209,9805,-2839,1730419200000
2017,2,168,1791,33285.42,28925.35,1409.11,16.15039084310441,0.7867727526521496,2017,2,168,7244,-5453,1485907200000
2023,4,91,225,7965.93,7205.6,74.72999999999999,32.02488888888889,0.3321333333333333,2023,4,91,854,-629,1680307200000
2016,1,195,942,20758.96,17361.03,1748.61,18.42996815286624,1.8562738853503185,2016,1,195,4564,-3622,1451606400000
2018,7,10,2775,169144.59,136228.85,16798.36,49.09147747747748,6.053463063063063,2018,7,10,3986,-1211,1530403200000
2020,11,66,292,7911.93,6552.37,809.97,22.439623287671232,2.7738698630136986,2020,11,66,1325,-1033,1604188800000
2021,6,52,902,21002.97,16027.61,2731.86,17.768968957871397,3.028669623059867,2021,6,52,1741,-839,1622505600000
2024,2,236,134000,2722473.04,1736914.83,357247.45,12.962050970149255,2.666025746268657,2024,2,236,140505,-6505,1706745600000
2018,12,47,328,10051.98,9049.81,138.53,27.590884146341462,0.42234756097560977,2018,12,47,1044,-716,1543622400000
2023,7,112,664,20364.68,15555.32,2297.48,23.42668674698795,3.4600602409638554,2023,7,112,6194,-5530,1688169600000
2016,9,25,13166,223729.43,181849.74,24951.04,13.812072003645753,1.8951116512228467,2016,9,25,19959,-6793,1472688000000
2024,7,9,48,1902.02,1692.3600000000001,62.44,35.2575,1.3008333333333333,2024,7,9,479,-431,1719792000000
2017,12,78,108,2803.81,2401.5,247.05,22.23611111111111,2.2875,2017,12,78,797,-689,1512086400000
2023,2,46,4,150.55,138.0,0.0,34.5,0.0,2023,2,46,61,-57,1675209600000
2020,8,127,374,10913.86,9657.37,457.78,25.8218449197861,1.2240106951871657,2020,8,127,1327,-953,1596240000000
2025,1,185,212,6472.0199999999995,5755.64,16.37,27.14924528301887,0.07721698113207548,2025,1,185,458,-246,1735689600000
2019,3,243,1572,37627.08,31862.75,2214.01,20.268924936386767,1.408403307888041,2019,3,243,13596,-12024,1551398400000
2019,10,144,68105,1241101.4100000001,846482.85,141351.49000000002,12.429085236032597,2.075493576095735,2019,10,144,63341,4764,1569888000000
2017,1,116,11056,172602.45,143015.69,15387.29,12.935572539797395,1.3917592257597686,2017,1,116,26872,-15816,1483228800000
2017,9,82,2534,44602.64,37534.38,2844.97,14.812304656669296,1.1227190213101814,2017,9,82,8188,-5654,1504224000000
2018,2,195,276,6179.33,4955.0,621.69,17.952898550724637,2.2525000000000004,2018,2,195,2731,-2455,1517443200000
2020,12,29,217,8537.35,7498.78,581.7,34.55658986175115,2.6806451612903226,2020,12,29,362,-145,1606780800000
2021,11,235,194,7030.13,6137.81,61.620000000000005,31.638195876288663,0.31762886597938145,2021,11,235,653,-459,1635724800000
2022,9,69,185,4867.36,4269.1900000000005,206.72,23.076702702702704,1.1174054054054054,2022,9,69,1215,-1030,1661990400000
2024,12,114,52118,1211274.4000000001,813805.1300000001,150369.91,15.614665374726584,2.885181894930734,2024,12,114,35973,16145,1733011200000
2022,5,92,180,6650.3,5531.4400000000005,501.15,30.730222222222224,2.7841666666666667,2022,5,92,1908,-1728,1651363200000
2016,9,14,461,10141.05,8172.82,946.9399999999999,17.728459869848155,2.05409978308026,2016,9,14,8651,-8190,1472688000000
2020,4,4,287,6531.2300000000005,5039.25,472.0,17.558362369337978,1.6445993031358885,2020,4,4,1384,-1097,1585699200000
2022,7,8,21,1050.8799999999999,807.96,133.42,38.47428571428571,6.353333333333333,2022,7,8,84,-63,1656633600000
2017,11,204,1,90.8,90.0,0.0,90.0,0.0,2017,11,204,38,-37,1509494400000
2018,11,59,19,620.93,543.77,25.92,28.619473684210526,1.3642105263157895,2018,11,59,54,-35,1541030400000
2019,7,37,1091,25071.36,21568.6,1115.03,19.76956920256645,1.022025664527956,2019,7,37,7437,-6346,1561939200000
2025,1,31,37,1023.68,802.75,78.17,21.695945945945947,2.1127027027027028,2025,1,31,105,-68,1735689600000
2016,7,33,11744,224129.02,185102.75,25933.13,15.76147394414169,2.2082024863760217,2016,7,33,29592,-17848,1467331200000
2017,10,169,141,2251.9,1927.83,123.86,13.672553191489362,0.8784397163120568,2017,10,169,1465,-1324,1506816000000
2018,9,253,50,1416.4,1187.4,116.45,23.748,2.329,2018,9,253,94,-44,1535760000000
2023,7,30,1,84.3,82.8,0.0,82.8,0.0,2023,7,30,24,-23,1688169600000
2016,7,54,708,13468.62,10874.6,1538.54,15.359604519774011,2.1730790960451976,2016,7,54,3240,-2532,1467331200000
2019,6,187,8,338.96000000000004,295.35,7.72,36.91875,0.965,2019,6,187,42,-34,1559347200000
2016,6,251,15,530.67,375.43,84.2,25.028666666666666,5.613333333333333,2016,6,251,183,-168,1464739200000
2017,8,238,132181,1745659.07,1386469.77,194850.27,10.489175978393265,1.474117081880149,2017,8,238,144063,-11882,1501545600000
2020,4,97,409,7000.42,5939.27,468.59000000000003,14.521442542787288,1.1456968215158925,2020,4,97,427,-18,1585699200000
2016,7,160,234,5232.55,4330.9,420.99,18.508119658119657,1.7991025641025642,2016,7,160,3385,-3151,1467331200000
2024,6,236,143177,2980352.03,1946924.46,369466.95,13.598025241484317,2.5804909308059254,2024,6,236,148342,-5165,1717200000000
2020,5,263,12331,180280.44,117948.21,18966.11,9.565178006649907,1.5380836915092044,2020,5,263,9040,3291,1588291200000
2022,12,168,457,12127.87,10100.96,753.31,22.102757111597374,1.6483807439824945,2022,12,168,2183,-1726,1669852800000
2019,9,105,12,233.23,171.0,28.13,14.25,2.3441666666666667,2019,9,105,8,4,1567296000000
2022,4,240,29,1157.15,989.3,86.1,34.11379310344827,2.968965517241379,2022,4,240,146,-117,1648771200000
2016,1,190,551,8847.83,7399.6,821.27,13.42940108892922,1.490508166969147,2016,1,190,2101,-1550,1451606400000
2018,7,255,7749,129679.47,104890.22,14491.22,13.535968512066074,1.8700761388566265,2018,7,255,21295,-13546,1530403200000
2019,6,21,364,8900.42,8019.44,136.22,22.03142857142857,0.3742307692307692,2019,6,21,1092,-728,1559347200000
2023,11,244,1588,50057.8,40993.62,3903.22,25.814622166246853,2.457947103274559,2023,11,244,8659,-7071,1698796800000
2021,1,207,74,1778.31,1491.82,61.13,20.15972972972973,0.8260810810810811,2021,1,207,90,-16,1609459200000
2016,1,202,691,13371.39,11191.0,1318.79,16.195369030390736,1.9085238784370477,2016,1,202,5495,-4804,1451606400000
2016,10,134,436,13416.19,11017.98,1216.35,25.27059633027523,2.789793577981651,2016,10,134,2415,-1979,1475280000000
2017,3,94,81,1261.64,1117.5,51.39,13.796296296296296,0.6344444444444445,2017,3,94,819,-738,1488326400000
2022,5,147,59,1591.75,1454.3,8.25,24.64915254237288,0.13983050847457626,2022,5,147,331,-272,1651363200000
2021,9,165,182,7048.66,6165.0,105.39,33.87362637362637,0.5790659340659341,2021,9,165,838,-656,1630454400000
2022,8,145,3084,70811.87,54028.24,7745.82,17.518884565499352,2.5116147859922178,2022,8,145,10584,-7500,1659312000000
2019,2,200,303,11130.08,9853.78,222.67000000000002,32.52072607260726,0.7348844884488449,2019,2,200,2419,-2116,1548979200000
2023,8,17,469,14649.32,12618.93,714.02,26.906034115138592,1.5224307036247335,2023,8,17,3466,-2997,1690848000000
2021,7,259,150,7370.64,6321.76,37.66,42.145066666666665,0.25106666666666666,2021,7,259,541,-391,1625097600000
2023,1,94,56,1736.3799999999999,1562.2,9.13,27.896428571428572,0.1630357142857143,2023,1,94,218,-162,1672531200000
2024,3,33,2403,74652.05,61216.84,5653.3,25.475172700790676,2.352600915522264,2024,3,33,8707,-6304,1709251200000
2025,5,191,1154,31237.62,27675.31,350.44,23.982071057192375,0.3036741767764298,2025,5,191,1970,-816,1746057600000
2020,5,89,647,17574.71,15621.82,553.89,24.14500772797527,0.8560896445131375,2020,5,89,1108,-461,1588291200000
2021,9,23,101,7451.75,6468.51,38.25,64.04465346534654,0.3787128712871287,2021,9,23,188,-87,1630454400000
2019,4,101,217,9214.37,8264.83,244.02,38.086774193548386,1.124516129032258,2019,4,101,638,-421,1554076800000
2017,11,67,63,1536.18,1334.0,91.08,21.174603174603174,1.4457142857142857,2017,11,67,1317,-1254,1509494400000
2017,2,159,510,6896.7300000000005,5892.55,322.09,11.554019607843138,0.631549019607843,2017,2,159,2822,-2312,1485907200000
2021,4,188,1340,42112.83,36016.18,573.8,26.87774626865672,0.4282089552238806,2021,4,188,2476,-1136,1617235200000
2023,10,232,4127,119867.64,88249.82,12764.85,21.383527986430824,3.0930094499636542,2023,10,232,15869,-11742,1696118400000
2021,3,204,7,486.57,432.5,0.0,61.785714285714285,0.0,2021,3,204,13,-6,1614556800000
2024,9,96,40,1442.76,1169.46,113.16,29.2365,2.8289999999999997,2024,9,96,141,-101,1725148800000
2023,11,57,9,347.19,301.54,32.65,33.504444444444445,3.6277777777777778,2023,11,57,58,-49,1698796800000
2016,11,210,78,1613.34,1401.66,104.63,17.970000000000002,1.3414102564102564,2016,11,210,1058,-980,1477958400000
2016,3,101,48,1027.52,842.11,120.39,17.543958333333332,2.508125,2016,3,101,579,-531,1456790400000
2020,10,45,1721,39389.01,30410.36,3414.73,17.670168506682163,1.984154561301569,2020,10,45,3318,-1597,1601510400000
2018,7,80,3453,60897.47,49906.29,6092.33,14.453023457862729,1.7643585288155228,2018,7,80,12859,-9406,1530403200000
2020,4,116,1311,19587.38,16019.5,1179.45,12.219298245614034,0.8996567505720824,2020,4,116,2110,-799,1585699200000
2022,2,43,48646,793319.95,515456.21,105798.88,10.596065658019159,2.1748731653167783,2022,2,43,36871,11775,1643673600000
2018,2,155,81,2462.98,2216.8,115.92,27.367901234567903,1.4311111111111112,2018,2,155,899,-818,1517443200000
2024,7,69,589,19959.31,18193.96,176.42,30.88957555178268,0.2995246179966044,2024,7,69,1207,-618,1719792000000
2019,3,94,235,7855.94,7030.71,68.84,29.91791489361702,0.29293617021276597,2019,3,94,801,-566,1551398400000
2022,7,203,95,5127.74,4838.5,85.03999999999999,50.93157894736842,0.895157894736842,2022,7,203,612,-517,1656633600000
2019,12,91,657,20940.25,18308.76,57.75,27.867214611872143,0.08789954337899543,2019,12,91,1712,-1055,1575158400000
2022,6,109,1,131.2,130.9,0.0,130.9,0.0,2022,6,109,41,-40,1654041600000
2024,4,262,49341,1075060.93,722721.89,121227.2,14.647491741148336,2.456926288482195,2024,4,262,53541,-4200,1711929600000
2020,11,161,49832,782839.17,502460.02,96527.54,10.083079547278857,1.937059319312891,2020,11,161,43238,6594,1604188800000
2017,5,247,1997,33121.66,28048.31,2429.8,14.045222834251378,1.2167250876314473,2017,5,247,4893,-2896,1493596800000
2018,10,37,1881,38746.54,33231.83,2494.87,17.667107921318447,1.3263530037214246,2018,10,37,10942,-9061,1538352000000
2021,11,28,209,9727.24,7703.51,759.31,36.8588995215311,3.6330622009569375,2021,11,28,856,-647,1635724800000
2022,9,135,173,5171.16,4649.18,87.43,26.873872832369944,0.5053757225433526,2022,9,135,847,-674,1661990400000
2024,11,160,287,10168.96,8825.02,486.63,30.74919860627178,1.6955749128919861,2024,11,160,1080,-793,1730419200000
2021,1,264,9499,183222.39,133463.82,21636.69,14.05030213706706,2.277786082745552,2021,1,264,9372,127,1609459200000
2020,12,259,282,11035.15,9387.84,823.68,33.29021276595745,2.920851063829787,2020,12,259,535,-253,1606780800000
2022,12,205,251,9069.58,8322.31,101.92,33.15661354581673,0.4060557768924303,2022,12,205,956,-705,1669852800000
2018,2,70,920,36347.31,30643.82,3626.33,33.3085,3.9416630434782607,2018,2,70,2615,-1695,1517443200000
2019,12,33,6641,138441.54,107434.17,15696.66,16.17740852281283,2.363598855594037,2019,12,33,18845,-12204,1575158400000
2016,4,253,30,1192.66,1024.0,87.8,34.13333333333333,2.9266666666666667,2016,4,253,86,-56,1459468800000
2018,5,178,172,3843.92,3299.51,186.54,19.183197674418604,1.08453488372093,2018,5,178,761,-589,1525132800000
2020,7,119,385,14140.84,12417.41,406.58,32.25301298701299,1.056051948051948,2020,7,119,765,-380,1593561600000
2025,2,41,14296,276110.99,215237.64,12678.2,15.055794627867936,0.886835478455512,2025,2,41,23006,-8710,1738368000000
2019,3,129,4253,83719.93000000001,70866.22,4234.55,16.66264284034799,0.9956618857277216,2019,3,129,14367,-10114,1551398400000
2021,2,205,454,18416.54,16216.97,78.11,35.72019823788546,0.17204845814977973,2021,2,205,928,-474,1612137600000
2021,5,134,237,8791.5,7323.4,396.45,30.90042194092827,1.6727848101265823,2021,5,134,883,-646,1619827200000
2017,11,39,155,4670.6,3977.56,334.59000000000003,25.661677419354838,2.158645161290323,2017,11,39,1421,-1266,1509494400000
2023,4,67,64,2247.31,1912.72,70.84,29.88625,1.106875,2023,4,67,429,-365,1680307200000
2025,2,195,991,36163.71,30242.2,1546.37,30.516851664984866,1.5604137235116042,2025,2,195,1391,-400,1738368000000
2021,3,157,197,6701.88,5401.54,292.27,27.418984771573605,1.4836040609137056,2021,3,157,682,-485,1614556800000
2020,9,256,516,14075.41,11818.52,1181.89,22.904108527131783,2.2904844961240314,2020,9,256,2640,-2124,1598918400000
2017,5,133,496,9913.0,8176.3,906.77,16.484475806451613,1.8281653225806451,2017,5,133,3067,-2571,1493596800000
2023,1,241,91,3320.91,2871.88,98.18,31.55912087912088,1.078901098901099,2023,1,241,510,-419,1672531200000
2021,7,200,153,7431.59,6395.47,123.09,41.80045751633987,0.8045098039215687,2021,7,200,1019,-866,1625097600000
2016,10,80,8279,133641.54,106798.45,14891.01,12.899921488102427,1.7986483874864114,2016,10,80,24315,-16036,1475280000000
2020,12,172,6,445.01,391.49,11.0,65.24833333333333,1.8333333333333333,2020,12,172,22,-16,1606780800000
2020,9,155,387,13042.51,11343.710000000001,956.27,29.311912144702845,2.470981912144703,2020,9,155,563,-176,1598918400000
2025,11,55,1444,56679.71,53869.33,47.54,37.30563019390582,0.032922437673130196,2025,11,55,1919,-475,1761955200000
2022,2,137,40908,686432.65,447328.78,84686.15000000001,10.934995110980738,2.070161093184707,2022,2,137,43126,-2218,1643673600000
2025,4,16,250,7010.81,6154.23,66.81,24.616919999999997,0.26724000000000003,2025,4,16,955,-705,1743465600000
2023,10,265,2578,248616.82,218781.91,21966.35,84.8649767261443,8.520694336695112,2023,10,265,15650,-13072,1696118400000
2018,6,200,149,4721.14,4108.3,243.65,27.57248322147651,1.635234899328859,2018,6,200,2757,-2608,1527811200000
2018,3,228,857,18195.68,15370.91,1361.89,17.935717619603267,1.5891365227537924,2018,3,228,5659,-4802,1519862400000
2017,1,167,207,3061.81,2672.37,126.03,12.91,0.6088405797101449,2017,1,167,1508,-1301,1483228800000
2021,6,21,148,6032.0599999999995,5270.19,57.68,35.60939189189189,0.38972972972972975,2021,6,21,440,-292,1622505600000
2024,9,124,350,14437.68,12756.62,771.01,36.44748571428572,2.2028857142857143,2024,9,124,973,-623,1725148800000
2020,9,85,288,8355.82,7104.88,637.57,24.669722222222223,2.2137847222222224,2020,9,85,595,-307,1598918400000
2016,11,265,5658,426948.57,363468.92,46060.3,64.23982325910215,8.140738776952988,2016,11,265,24396,-18738,1477958400000
2020,4,193,418,5462.0,4552.81,256.1,10.891889952153111,0.6126794258373206,2020,4,193,468,-50,1585699200000
2016,4,248,100,1831.14,1562.51,136.39,15.6251,1.3639,2016,4,248,1311,-1211,1459468800000
2016,7,87,87827,1834794.21,1498003.99,214368.59,17.056303756248077,2.4408051054914774,2016,7,87,92716,-4889,1467331200000
2019,10,155,380,12559.83,11014.87,142.43,28.986500000000003,0.3748157894736842,2019,10,155,1174,-794,1569888000000
2016,4,178,169,2476.32,2073.58,161.18,12.269704142011834,0.9537278106508876,2016,4,178,1018,-849,1459468800000
2018,10,88,35841,815189.64,666212.75,93136.36,18.58800675204375,2.598598253396948,2018,10,88,36392,-551,1538352000000
2025,7,50,27646,614942.83,418293.49,46104.26,15.130343991897561,1.6676647616291689,2025,7,50,41721,-14075,1751328000000
2024,5,231,52019,1417026.9,999330.65,166827.01,19.210877756204464,3.2070399277187183,2024,5,231,60691,-8672,1714521600000
2021,10,239,101573,1715407.6600000001,1109164.53,231274.36,10.919875655932186,2.2769275299538263,2021,10,239,98242,3331,1633046400000
2017,3,112,6683,105083.13,84733.73,11321.02,12.678995959898248,1.6940026934011672,2017,3,112,29090,-22407,1488326400000
2016,11,92,531,10481.03,8963.52,627.15,16.88045197740113,1.1810734463276835,2016,11,92,4104,-3573,1477958400000
2018,2,205,92,1953.29,1777.51,52.22,19.320760869565216,0.5676086956521739,2018,2,205,975,-883,1517443200000
2021,2,166,10801,170436.41,127143.63,18854.09,11.77146838255717,1.7455874456068883,2021,2,166,13002,-2201,1612137600000
2021,8,132,122782,7025275.91,5495448.22,762984.64,44.75776758808294,6.214140834975811,2021,8,132,25150,97632,1627776000000
2017,6,200,86,2435.4,1993.19,249.25,23.176627906976744,2.8982558139534884,2017,6,200,3097,-3011,1496275200000
2018,8,100,184904,2656320.67,2140313.34,262440.42,11.575267922814,1.419333383809977,2018,8,100,136074,48830,1533081600000
2024,10,79,84429,1927863.69,1302314.67,228515.95,15.424968553459118,2.7066049580120577,2024,10,79,77048,7381,1727740800000
2025,1,224,5782,117850.9,78868.58,8594.98,13.640363196125909,1.4865063991698373,2025,1,224,14681,-8899,1735689600000
2025,6,80,7301,210076.47,175296.53,4242.06,24.009934255581427,0.5810245171894262,2025,6,80,8573,-1272,1748736000000
2025,11,125,19561,450638.88,290930.8,50169.41,14.873002402740145,2.564767138694341,2025,11,125,21231,-1670,1761955200000
2016,10,46,3,105.44,96.0,0.0,32.0,0.0,2016,10,46,136,-133,1475280000000
2025,11,132,165985,12339953.06,9542538.67,1480805.29,57.49036762358045,8.921319938548665,2025,11,132,36907,129078,1761955200000
2021,11,166,19197,356259.31,258587.1,46020.49,13.470182841068917,2.3972750950669375,2021,11,166,26301,-7104,1635724800000
2017,5,81,30,732.57,584.6,96.27,19.486666666666668,3.209,2017,5,81,481,-451,1493596800000
2018,8,1,564,52865.86,43930.56,6428.06,77.89106382978723,11.3972695035461,2018,8,1,14629,-14065,1533081600000
2025,8,32,537,16084.56,14543.64,36.16,27.083128491620112,0.06733705772811917,2025,8,32,911,-374,1754006400000
2016,4,9,24,564.43,482.5,39.61,20.104166666666668,1.6504166666666666,2016,4,9,711,-687,1459468800000
2017,8,63,83,3185.47,2577.5,371.24,31.05421686746988,4.472771084337349,2017,8,63,1039,-956,1501545600000
2019,7,145,8677,215465.57,166811.07,20610.82,19.22450962314164,2.3753394030194768,2019,7,145,20783,-12106,1561939200000
2016,12,259,88,2196.17,1879.53,180.19,21.358295454545456,2.047613636363636,2016,12,259,1404,-1316,1480550400000
2023,12,37,520,16875.78,14562.51,948.34,28.004826923076923,1.8237307692307694,2023,12,37,3175,-2655,1701388800000
2025,5,6,106,2891.14,1415.09,11.24,13.349905660377358,0.10603773584905661,2025,5,6,162,-56,1746057600000
2022,2,140,64852,1123686.25,742252.51,142497.02000000002,11.445329519521373,2.197264849195091,2022,2,140,64374,478,1643673600000
2023,7,27,9,548.53,455.66,39.269999999999996,50.628888888888895,4.363333333333333,2023,7,27,80,-71,1688169600000
2025,2,164,78529,1736516.91,1094330.29,192776.11,13.935365151727387,2.454839740732723,2025,2,164,75065,3464,1738368000000
2018,1,37,1607,25329.510000000002,20751.8,2400.34,12.91337896701929,1.4936776602364656,2018,1,37,10378,-8771,1514764800000
2025,10,88,17123,495758.95,350650.03,45934.65,20.47830578753723,2.6826286281609533,2025,10,88,22223,-5100,1759276800000
2019,8,194,520,29022.55,21810.05,3311.7,41.942403846153844,6.368653846153846,2019,8,194,1005,-485,1564617600000
2017,1,259,44,1028.8799999999999,881.15,92.5,20.026136363636365,2.102272727272727,2017,1,259,1037,-993,1483228800000
2019,7,187,8,240.77,196.54,11.34,24.5675,1.4175,2019,7,187,49,-41,1561939200000
2018,11,211,60345,917800.14,738411.24,105561.56000000001,12.236494158588117,1.7493008534261332,2018,11,211,65323,-4978,1541030400000
2020,7,235,482,17115.23,15312.89,727.91,31.76948132780083,1.5101867219917011,2020,7,235,963,-481,1593561600000
2021,11,50,26291,476567.91000000003,318238.68,59551.32,12.104472252862196,2.2650838690046022,2021,11,50,37140,-10849,1635724800000
2018,2,142,256566,3273810.34,2577896.26,387328.72000000003,10.047692445608536,1.5096650374562492,2018,2,142,228164,28402,1517443200000
2022,8,115,4,385.35,335.4,15.0,83.85,3.75,2022,8,115,83,-79,1659312000000
2020,5,220,163,4139.22,3530.45,248.65,21.659202453987728,1.5254601226993865,2020,5,220,463,-300,1588291200000
2024,4,137,37708,820540.29,554580.71,86747.63,14.707242760156994,2.300509971358863,2024,4,137,43261,-5553,1711929600000
2024,11,127,449,15062.36,13507.31,449.71,30.083095768374164,1.0015812917594655,2024,11,127,3264,-2815,1730419200000
2022,4,262,48107,861821.16,564791.96,114850.32,11.740328018791443,2.387393102874842,2022,4,262,55296,-7189,1648771200000
2020,8,140,30454,531209.5700000001,365108.41,56783.13,11.988849083864189,1.8645540815656398,2020,8,140,27095,3359,1596240000000
2019,8,73,44,1269.0,1142.42,13.4,25.96409090909091,0.30454545454545456,2019,8,73,491,-447,1564617600000
2022,11,189,373,10966.83,8679.51,1580.37,23.26946380697051,4.236916890080429,2022,11,189,2754,-2381,1667260800000
2024,8,151,22592,475260.44,335898.08,54814.16,14.868009915014165,2.426264164305949,2024,8,151,24475,-1883,1722470400000
2023,12,218,310,12503.1,11558.54,69.86,37.28561290322581,0.22535483870967743,2023,12,218,793,-483,1701388800000
2024,2,256,1100,33614.65,27571.67,2465.85,25.065154545454543,2.241681818181818,2024,2,256,6016,-4916,1706745600000
2024,9,246,67214,1665663.76,1149076.59,191225.4,17.095792394441634,2.84502335822894,2024,9,246,76479,-9265,1725148800000
2020,6,96,7,202.95999999999998,184.02,12.84,26.28857142857143,1.8342857142857143,2020,6,96,50,-43,1590969600000
2021,3,187,11,732.63,538.74,74.14,48.97636363636364,6.74,2021,3,187,37,-26,1614556800000
2016,7,35,215,5804.0,4292.0,1207.0,19.962790697674418,5.613953488372093,2016,7,35,1754,-1539,1467331200000
2024,11,205,556,22601.54,20997.68,61.22,37.765611510791366,0.11010791366906475,2024,11,205,1339,-783,1730419200000
2021,6,235,388,12296.84,10690.95,37.480000000000004,27.553994845360826,0.0965979381443299,2021,6,235,1056,-668,1622505600000
2022,6,173,73,2103.23,1698.94,245.29,23.273150684931508,3.3601369863013697,2022,6,173,769,-696,1654041600000
2016,7,31,53,2278.81,2001.0,172.1,37.75471698113208,3.2471698113207546,2016,7,31,512,-459,1467331200000
2021,3,148,10248,188251.8,129428.14,21393.53,12.629599921935988,2.0875809914129584,2021,3,148,12802,-2554,1614556800000
2017,6,3,27,688.59,517.5,102.87,19.166666666666668,3.81,2017,6,3,550,-523,1496275200000
2017,7,88,38475,813364.85,670273.98,88097.33,17.4210261208577,2.2897291747888238,2017,7,88,40415,-1940,1498867200000
2021,6,225,713,24217.8,20249.42,1115.25,28.400308555399718,1.5641654978962132,2021,6,225,2792,-2079,1622505600000
2021,11,120,23,929.55,744.2,73.45,32.356521739130436,3.1934782608695653,2021,11,120,183,-160,1635724800000
2025,8,18,875,23862.12,21496.81,56.36,24.56778285714286,0.06441142857142856,2025,8,18,1596,-721,1754006400000
2019,12,6,16,586.08,293.5,237.8,18.34375,14.8625,2019,12,6,131,-115,1575158400000
2016,12,265,5815,449986.57,377973.66,50591.7,64.99976956147893,8.700206362854686,2016,12,265,25714,-19899,1480550400000
2023,12,40,446,14495.51,11258.94,1451.13,25.2442600896861,3.2536547085201795,2023,12,40,2837,-2391,1701388800000
2023,6,190,87,2499.8,2015.06,236.24,23.1616091954023,2.7154022988505746,2023,6,190,415,-328,1685577600000
2019,9,113,99952,1683454.6900000002,1109841.76,203942.53,11.1037473987514,2.0404046942532417,2019,9,113,87704,12248,1567296000000
2023,6,15,30,1098.92,975.7,17.27,32.52333333333333,0.5756666666666667,2023,6,15,362,-332,1685577600000
2021,7,69,481,15283.72,12986.54,255.57,26.99904365904366,0.5313305613305613,2021,7,69,1701,-1220,1625097600000
2024,3,232,6169,160930.34,123790.71,10942.82,20.066576430539797,1.7738401685848597,2024,3,232,17993,-11824,1709251200000
2017,10,263,169581,2199864.2199999997,1737198.33,253457.69999999998,10.244062306508395,1.4946114246289384,2017,10,263,172849,-3268,1506816000000
2023,1,106,94,3233.58,2520.51,397.77,26.813936170212767,4.231595744680851,2023,1,106,936,-842,1672531200000
2022,12,14,233,10732.98,9022.91,730.22,38.724935622317595,3.133991416309013,2022,12,14,2431,-2198,1669852800000
2016,9,120,52,1488.24,1247.25,132.96,23.985576923076923,2.556923076923077,2016,9,120,479,-427,1472688000000
2025,2,17,2491,62766.43,54865.2,813.74,22.025371336812523,0.32667201926936973,2025,2,17,4593,-2102,1738368000000
2022,3,129,656,18827.51,15707.11,1787.63,23.94376524390244,2.725045731707317,2022,3,129,5418,-4762,1646092800000
2025,2,262,49558,1022054.08,666230.06,109832.4,13.443441220388234,2.2162395576899794,2025,2,262,52594,-3036,1738368000000
2016,6,122,9,190.29,147.8,23.85,16.422222222222224,2.6500000000000004,2016,6,122,391,-382,1464739200000
2017,12,194,343,17728.48,13534.75,2091.41,39.45991253644315,6.097405247813411,2017,12,194,444,-101,1512086400000
2022,1,264,23001,602612.7,435529.05,76388.47,18.93522238163558,3.3210934307204036,2022,1,264,18409,4592,1640995200000
2022,2,153,42,1178.57,1089.5,16.770000000000003,25.94047619047619,0.39928571428571435,2022,2,153,150,-108,1643673600000
2025,4,243,2748,76363.74,63587.3,1450.86,23.13948326055313,0.5279694323144104,2025,4,243,10575,-7827,1743465600000
2019,11,4,11548,208761.41,142758.3,23052.87,12.362166608936612,1.9962651541392449,2019,11,4,28134,-16586,1572566400000
2024,1,43,48279,1047254.31,686075.32,137960.22,14.210636508626939,2.857561672776984,2024,1,43,34093,14186,1704067200000
2017,12,212,120,2419.86,2131.8,110.09,17.765,0.9174166666666667,2017,12,212,1236,-1116,1512086400000
2021,9,48,87260,1570233.09,1046187.26,189253.12,11.989310795324318,2.168841622736649,2021,9,48,77135,10125,1630454400000
2016,2,265,6672,445351.8,374106.74,51034.42,56.07115407673861,7.64904376498801,2016,2,265,26102,-19430,1454284800000
2021,12,55,181,9301.52,8291.83,103.72,45.81121546961326,0.5730386740331491,2021,12,55,576,-395,1638316800000
2016,3,29,89,2566.57,2174.0,258.63,24.426966292134832,2.905955056179775,2016,3,29,1082,-993,1456790400000
2019,11,122,165,6927.51,6301.27,9.100000000000001,38.18951515151515,0.05515151515151516,2019,11,122,434,-269,1572566400000
2024,10,119,426,16016.05,13945.46,657.87,32.73582159624413,1.5442957746478874,2024,10,119,738,-312,1727740800000
2020,3,77,269,6970.83,6363.13,30.03,23.65475836431227,0.11163568773234202,2020,3,77,536,-267,1583020800000
2017,1,211,81568,1151399.34,921562.95,131630.44,11.298094228128678,1.6137509807767751,2017,1,211,80776,792,1483228800000
2017,11,1,679,59818.799999999996,49174.67,7253.94,72.4221944035346,10.683269513991164,2017,11,1,18512,-17833,1509494400000
2025,2,85,1207,31488.49,28488.35,163.37,23.602609776304888,0.13535211267605635,2025,2,85,1367,-160,1738368000000
2022,9,81,69,2511.2,2302.7400000000002,16.91,33.373043478260875,0.24507246376811595,2022,9,81,234,-165,1661990400000
2018,3,256,7912,125677.28,101946.18,13283.56,12.885007583417593,1.6789130434782609,2018,3,256,22866,-14954,1519862400000
2018,7,33,8030,150650.31,124541.63,16910.38,15.50954296388543,2.105900373599004,2018,7,33,21894,-13864,1530403200000
2019,2,176,6,249.23999999999998,195.5,14.0,32.583333333333336,2.3333333333333335,2019,2,176,60,-54,1548979200000
2023,6,140,63256,1464815.16,977251.31,183146.5,15.449148065005692,2.895322182875933,2023,6,140,65153,-1897,1685577600000
2023,4,114,43042,999297.07,657980.07,131908.67,15.286930672366525,3.0646501091956697,2023,4,114,31911,11131,1680307200000
2021,6,248,231,9896.83,8551.26,100.22,37.01844155844156,0.4338528138528138,2021,6,248,482,-251,1622505600000
2018,7,264,112940,2030688.03,1652929.2,219953.65000000002,14.635463077740393,1.9475265627766958,2018,7,264,100374,12566,1530403200000
2021,11,140,70000,1259506.46,845481.33,155315.07,12.078304714285714,2.2187867142857143,2021,11,140,71854,-1854,1635724800000
2018,3,187,1,35.8,35.0,0.0,35.0,0.0,2018,3,187,39,-38,1519862400000
2019,8,45,12958,265875.17,193964.57,23669.35,14.96871199259145,1.8266206204661213,2019,8,45,17663,-4705,1564617600000
2023,9,171,70,2196.46,1941.1200000000001,40.74,27.730285714285717,0.5820000000000001,2023,9,171,557,-487,1693526400000
2021,8,142,81741,1324748.4800000002,852725.0,170022.51,10.432035331106789,2.0800150475281685,2021,8,142,70738,11003,1627776000000
2018,3,188,1208,21209.35,18599.42,1044.45,15.396870860927152,0.8646109271523179,2018,3,188,6596,-5388,1519862400000
2023,9,93,2294,140869.43,107085.48,18309.96,46.68068003487358,7.981673931996513,2023,9,93,2544,-250,1693526400000
2021,9,75,25985,454272.66,333703.14,44780.04,12.842145083702137,1.7233034442947854,2021,9,75,42388,-16403,1630454400000
2020,6,81,190,7865.95,6934.53,211.7,36.49752631578947,1.1142105263157893,2020,6,81,327,-137,1590969600000
2025,5,141,94193,1944347.57,1248009.95,216811.39,13.249497839542215,2.3017781576125618,2025,5,141,105881,-11688,1746057600000
2022,7,120,24,1494.5900000000001,1216.25,186.99,50.677083333333336,7.791250000000001,2022,7,120,155,-131,1656633600000
2025,10,62,2026,52013.01,46049.44,447.53,22.729239881539982,0.220893385982231,2025,10,62,3301,-1275,1759276800000
2021,7,221,13,734.47,577.65,25.82,44.434615384615384,1.9861538461538462,2021,7,221,82,-69,1625097600000
2025,11,241,837,24260.48,21800.5,64.07,26.04599761051374,0.07654719235364396,2025,11,241,1570,-733,1761955200000
2021,12,23,70,4606.95,3968.86,71.94,56.698,1.0277142857142856,2021,12,23,138,-68,1638316800000
2024,9,47,248,8869.26,8078.6,74.32,32.575,0.29967741935483866,2024,9,47,363,-115,1725148800000
2018,6,84,2,190.1,179.0,10.0,89.5,5.0,2018,6,84,58,-56,1527811200000
2023,8,61,853,27084.41,24012.54,1103.6299999999999,28.150691676436107,1.2938218053927315,2023,8,61,4938,-4085,1690848000000
2022,8,204,2,176.66,134.4,0.0,67.2,0.0,2022,8,204,14,-12,1659312000000
2023,1,93,1601,121791.34999999999,93367.03,15446.51,58.31794503435353,9.648038725796377,2023,1,93,3745,-2144,1672531200000
2017,7,39,143,3740.17,2954.28,381.61,20.6593006993007,2.6686013986013988,2017,7,39,1841,-1698,1498867200000
2017,7,15,26,800.21,649.05,70.53,24.963461538461537,2.7126923076923077,2017,7,15,806,-780,1498867200000
2024,12,249,77620,1792391.24,1195017.71,229217.83,15.39574478227261,2.9530769131667096,2024,12,249,62717,14903,1733011200000
2025,3,145,8016,219746.97,178903.46,9539.61,22.318295908183632,1.1900711077844313,2025,3,145,11410,-3394,1740787200000
2018,5,201,9,395.68,362.0,0.0,40.22222222222222,0.0,2018,5,201,398,-389,1525132800000
2019,7,139,302,12461.4,11358.41,54.46,37.61062913907285,0.18033112582781458,2019,7,139,1123,-821,1561939200000
2020,10,142,52029,804995.1900000001,518818.56,101186.73,9.971718849103384,1.9448140460128005,2020,10,142,46767,5262,1601510400000
2017,2,35,154,2914.35,2504.31,160.59,16.261753246753248,1.0427922077922078,2017,2,35,1173,-1019,1485907200000
2018,1,163,241848,3430682.16,2710192.23,397127.35,11.206180038701994,1.6420534798716548,2018,1,163,211993,29855,1514764800000
2018,3,20,96,1860.77,1551.8,150.15,16.164583333333333,1.5640625000000001,2018,3,20,828,-732,1519862400000
2025,11,145,8881,212291.38,153683.55,13961.91,17.30475734714559,1.5721101227339263,2025,11,145,12427,-3546,1761955200000
2022,8,88,9614,240199.99,174568.91,28041.83,18.157781360515916,2.9167703349282297,2022,8,88,12304,-2690,1659312000000
2016,1,15,18,1127.72,883.0,192.08,49.05555555555556,10.671111111111111,2016,1,15,807,-789,1451606400000
2024,9,26,494,14991.9,13852.38,159.92,28.041255060728744,0.32372469635627527,2024,9,26,1228,-734,1725148800000
2018,2,203,51,1826.6399999999999,1589.8,160.39000000000001,31.172549019607843,3.144901960784314,2018,2,203,590,-539,1517443200000
2018,10,171,152,5936.29,5170.69,236.63,34.01769736842105,1.5567763157894736,2018,10,171,1287,-1135,1538352000000
2016,8,221,156,3177.06,2624.42,322.55,16.823205128205128,2.067628205128205,2016,8,221,328,-172,1470009600000
2021,5,145,2278,39188.07,29893.77,3955.02,13.122813871817383,1.736180860403863,2021,5,145,7054,-4776,1619827200000
2017,11,113,151743,2079848.4000000001,1647771.88,248412.49,10.858964696888817,1.6370606222362811,2017,11,113,131032,20711,1509494400000
2019,2,53,189,8871.39,8079.08,156.79,42.746455026455024,0.8295767195767195,2019,2,53,745,-556,1548979200000
2020,9,144,7652,134289.15,91251.18,15523.08,11.925141139571354,2.028630423418714,2020,9,144,8620,-968,1598918400000
2019,9,243,1138,25960.45,21453.12,2040.93,18.851599297012303,1.7934358523725835,2019,9,243,11375,-10237,1567296000000
2023,2,36,191,6409.7,5049.36,667.79,26.436439790575914,3.496282722513089,2023,2,36,2071,-1880,1675209600000
2025,1,20,199,6852.18,6054.34,92.68,30.423819095477388,0.46572864321608043,2025,1,20,510,-311,1735689600000
2021,8,194,166,9182.789999999999,6887.3,862.16,41.48975903614458,5.193734939759036,2021,8,194,407,-241,1627776000000
2021,6,161,96963,1600578.94,1032396.96,201912.62999999998,10.647328981157761,2.0823678104019057,2021,6,161,92764,4199,1622505600000
2016,5,10,2233,143932.02,116495.49,14064.72,52.16994626063592,6.298575906851768,2016,5,10,3864,-1631,1462060800000
2024,11,16,143,4948.75,4491.43,105.74,31.4086013986014,0.7394405594405594,2024,11,16,676,-533,1730419200000
2016,12,72,149,3270.66,2722.45,289.78,18.271476510067114,1.9448322147651005,2016,12,72,1603,-1454,1480550400000
2019,7,157,655,31958.65,24552.32,3015.5499999999997,37.48445801526717,4.6038931297709915,2019,7,157,2400,-1745,1561939200000
2021,1,70,3483,138821.4,114243.82,9981.97,32.800407694516224,2.865911570485214,2021,1,70,1011,2472,1609459200000
2024,6,232,5595,152292.47,117738.2,10965.47,21.043467381590705,1.9598695263628239,2024,6,232,17048,-11453,1717200000000
2018,11,225,1191,29470.52,26046.63,1324.68,21.86954659949622,1.1122418136020151,2018,11,225,7499,-6308,1541030400000
2023,2,192,38,957.39,833.06,48.68000000000001,21.922631578947367,1.2810526315789474,2023,2,192,288,-250,1675209600000
2016,4,126,149,2129.89,1850.54,104.09,12.419731543624161,0.6985906040268457,2016,4,126,1495,-1346,1459468800000
2022,3,38,84,4282.23,4003.7700000000004,51.11,47.66392857142858,0.608452380952381,2022,3,38,497,-413,1646092800000
2017,12,120,48,1449.73,1168.53,164.72,24.344375,3.4316666666666666,2017,12,120,339,-291,1512086400000
2023,7,36,372,12873.64,10060.37,1304.68,27.04400537634409,3.507204301075269,2023,7,36,2260,-1888,1688169600000
2021,6,240,35,1509.17,1291.77,0.0,36.907714285714285,0.0,2021,6,240,160,-125,1622505600000
2025,5,164,96270,2296681.56,1483207.58,250600.45,15.4067474810429,2.6031001350368754,2025,5,164,94044,2226,1746057600000
2017,2,112,5607,87179.54000000001,69894.63,9665.72,12.465601926163725,1.7238665953272694,2017,2,112,24765,-19158,1485907200000
2016,4,185,94,2059.1,1695.5,219.66,18.03723404255319,2.336808510638298,2016,4,185,1639,-1545,1459468800000
2018,4,214,8,593.7,486.5,33.480000000000004,60.8125,4.1850000000000005,2018,4,214,145,-137,1522540800000
2018,8,242,224,5595.65,4967.55,162.83,22.1765625,0.726919642857143,2018,8,242,1042,-818,1533081600000
2016,6,206,297,5970.69,5038.0,567.47,16.962962962962962,1.9106734006734007,2016,6,206,487,-190,1464739200000
2017,12,22,122,3807.22,3401.3,248.77,27.879508196721314,2.039098360655738,2017,12,22,1553,-1431,1512086400000
2018,6,154,33,2071.51,1634.4,224.55,49.52727272727273,6.804545454545455,2018,6,154,81,-48,1527811200000
2019,7,251,8,434.17,357.0,17.0,44.625,2.125,2019,7,251,106,-98,1561939200000
2016,6,250,110,2554.57,2310.5,69.81,21.004545454545454,0.6346363636363637,2016,6,250,1024,-914,1464739200000
2020,5,215,185,7064.72,6305.38,192.26,34.08313513513514,1.0392432432432432,2020,5,215,279,-94,1588291200000
2021,10,36,389,12935.23,10098.66,1472.55,25.96056555269923,3.7854755784061696,2021,10,36,2258,-1869,1633046400000
2022,1,179,590,10772.92,8905.67,780.35,15.09435593220339,1.322627118644068,2022,1,179,3088,-2498,1640995200000
2019,4,63,282,9814.74,8716.63,176.18,30.910035460992905,0.6247517730496455,2019,4,63,1057,-775,1554076800000
2023,4,41,7998,167803.73,126037.03,16166.49,15.758568392098024,2.021316579144786,2023,4,41,19791,-11793,1680307200000
2016,4,149,57,1026.55,885.8,77.15,15.540350877192981,1.3535087719298247,2016,4,149,1328,-1271,1459468800000
2021,2,142,43084,654447.8500000001,417252.84,83349.41,9.684635595580726,1.9345791941323927,2021,2,142,38105,4979,1612137600000
2022,4,232,5198,117764.21,84299.98,14417.93,16.217772220084647,2.773745671412082,2022,4,232,16726,-11528,1648771200000
2019,10,102,195,5916.24,5170.03,70.39,26.512974358974358,0.360974358974359,2019,10,102,1058,-863,1569888000000
2016,5,243,2992,58873.63,48666.7,5667.61,16.265608288770053,1.8942546791443848,2016,5,243,24450,-21458,1462060800000
2019,9,119,357,10448.59,9064.76,224.6,25.391484593837536,0.6291316526610644,2019,9,119,1453,-1096,1567296000000
2023,5,207,413,4277.37,3209.7,310.27000000000004,7.771670702179176,0.7512590799031478,2023,5,207,431,-18,1682899200000
2019,12,113,103115,1717374.32,1126309.03,209197.83,10.922843718178733,2.028781748533191,2019,12,113,88485,14630,1575158400000
2025,4,239,103732,2194582.38,1398223.5999999999,270619.74,13.479192534608412,2.6088356534145682,2025,4,239,103307,425,1743465600000
2021,6,81,190,9498.1,8166.18,50.52,42.979894736842105,0.2658947368421053,2021,6,81,459,-269,1622505600000
2017,9,126,74,1538.96,1354.2,47.68,18.3,0.6443243243243243,2017,9,126,1044,-970,1504224000000
2017,3,22,143,3575.73,3111.5,253.37,21.75874125874126,1.771818181818182,2017,3,22,1916,-1773,1488326400000
2022,5,181,1448,40265.01,31450.26,5379.16,21.719792817679558,3.7148895027624307,2022,5,181,9288,-7840,1651363200000
2018,12,196,864,23259.48,19301.47,1564.76,22.33966435185185,1.8110648148148147,2018,12,196,3121,-2257,1543622400000
2022,2,87,13583,316738.41,223229.96,41364.93,16.43451078554075,3.0453456526540528,2022,2,87,18877,-5294,1643673600000
2018,6,241,141,3346.0,2991.56,129.48,21.21673758865248,0.9182978723404255,2018,6,241,1465,-1324,1527811200000
2019,8,252,160,5414.0,4724.96,131.6,29.531,0.8225,2019,8,252,1432,-1272,1564617600000
2021,11,69,301,10120.36,8692.19,163.52,28.877707641196015,0.5432558139534884,2021,11,69,1353,-1052,1635724800000
2023,5,8,14,993.45,708.68,155.47,50.62,11.105,2023,5,8,68,-54,1682899200000
2017,4,163,263106,3922628.0500000003,3131689.8,430797.26,11.902768465941483,1.6373524739078547,2017,4,163,238447,24659,1491004800000
2024,11,202,184,6532.79,5451.47,406.53999999999996,29.627554347826088,2.2094565217391304,2024,11,202,1594,-1410,1730419200000
2020,8,181,933,25444.62,21632.16,2172.35,23.185594855305467,2.328349410503751,2020,8,181,2326,-1393,1596240000000
2017,11,50,80779,1157709.01,929383.61,127471.27,11.505262630139022,1.5780248579457532,2017,11,50,99828,-19049,1509494400000
2017,2,7,16644,226534.12,188019.09,18258.42,11.296508651766402,1.0969971160778658,2017,2,7,43722,-27078,1485907200000
2018,4,197,406,15502.42,12685.56,1485.95,31.245221674876845,3.6599753694581283,2018,4,197,2278,-1872,1522540800000
2018,9,183,67,2624.56,2363.54,63.46,35.27671641791045,0.9471641791044776,2018,9,183,449,-382,1535760000000
2019,4,210,481,19261.13,17508.55,117.4,36.40031185031185,0.2440748440748441,2019,4,210,1394,-913,1554076800000
2020,7,72,631,25295.17,23310.77,831.99,36.94258320126783,1.3185261489698892,2020,7,72,761,-130,1593561600000
2020,11,256,501,12716.26,10490.16,1131.1,20.938443113772454,2.257684630738523,2020,11,256,2774,-2273,1604188800000
2022,12,1,952,100840.58,85275.36,11772.49,89.57495798319327,12.366060924369748,2022,12,1,11681,-10729,1669852800000
2025,7,94,491,13226.39,12163.87,11.0,24.773665987780042,0.02240325865580448,2025,7,94,692,-201,1751328000000
2021,6,83,176,4656.07,3970.16,238.56,22.557727272727274,1.3554545454545455,2021,6,83,863,-687,1622505600000
2021,2,130,515,19867.66,16855.02,649.92,32.728194174757284,1.2619805825242718,2021,2,130,1087,-572,1612137600000
2017,9,13,85784,1725178.9000000001,1394732.47,210993.56,16.25865511051012,2.459591065933041,2017,9,13,89903,-4119,1504224000000
2020,1,216,1204,61408.99,51665.22,3930.9,42.91131229235881,3.2648671096345514,2020,1,216,4358,-3154,1577836800000
2019,9,239,168130,2691186.4399999995,1744221.34,323671.72,10.374242193540713,1.9251276988044963,2019,9,239,163240,4890,1567296000000
2018,5,168,1761,30576.920000000002,26464.04,1393.72,15.027847813742193,0.7914366837024418,2018,5,168,7240,-5479,1525132800000
2020,12,236,79748,1175603.28,746081.08,148006.09,9.355483272307769,1.855922280182575,2020,12,236,79492,256,1606780800000
2023,3,143,38219,819917.67,534808.5700000001,104733.55,13.993264344959314,2.7403529658023498,2023,3,143,51658,-13439,1677628800000
2021,4,202,179,5393.87,4635.43,211.78,25.896256983240225,1.1831284916201117,2021,4,202,1162,-983,1617235200000
2020,6,191,215,10234.36,9199.51,283.68,42.78841860465116,1.3194418604651164,2020,6,191,300,-85,1590969600000
2023,10,74,6798,148466.1,113667.98,11812.73,16.720797293321564,1.7376772580170639,2023,10,74,22264,-15466,1696118400000
2018,5,213,340,9857.710000000001,8656.06,247.86,25.459,0.7290000000000001,2018,5,213,1601,-1261,1525132800000
2024,4,128,34,949.92,818.92,10.82,24.085882352941177,0.31823529411764706,2024,4,128,307,-273,1711929600000
2025,3,137,45091,966777.8099999999,630291.8,91368.24,13.978217382626246,2.0263076888957885,2025,3,137,53348,-8257,1740787200000
2020,3,23,22,1536.74,1288.84,64.65,58.58363636363636,2.938636363636364,2020,3,23,77,-55,1583020800000
2021,3,243,702,18378.35,15276.93,1175.22,21.76200854700855,1.6741025641025642,2021,3,243,4315,-3613,1614556800000
2016,10,41,37785,522762.10000000003,426463.23,48910.03,11.286574831282254,1.2944298001852588,2016,10,41,68915,-31130,1475280000000
2023,8,139,146,6683.93,6063.48,7.220000000000001,41.53068493150685,0.049452054794520556,2023,8,139,782,-636,1690848000000
2025,8,145,9376,248409.99,195166.19,12533.85,20.815506612627985,1.3368014078498294,2025,8,145,12254,-2878,1754006400000
2016,12,247,1797,27157.56,22964.55,1782.91,12.779382303839732,0.9921591541457986,2016,12,247,4161,-2364,1480550400000
2023,8,111,2,102.0,99.0,0.0,49.5,0.0,2023,8,111,38,-36,1690848000000
2025,4,30,24,783.09,674.19,5.08,28.091250000000002,0.21166666666666667,2025,4,30,50,-26,1743465600000
2024,1,96,12,572.65,480.53000000000003,66.37,40.04416666666667,5.530833333333334,2024,1,96,93,-81,1704067200000
2023,7,246,49051,1165505.74,779245.1100000001,143837.33,15.886426576420462,2.93240362072129,2023,7,246,54662,-5611,1688169600000
2019,2,252,149,5639.16,4961.64,118.9,33.299597315436245,0.7979865771812081,2019,2,252,1174,-1025,1548979200000
2018,5,123,264,6595.08,5968.5,166.38,22.607954545454547,0.6302272727272727,2018,5,123,1388,-1124,1525132800000
2022,5,101,69,2734.69,2459.06,40.730000000000004,35.63855072463768,0.5902898550724638,2022,5,101,319,-250,1651363200000
2021,1,136,381,14252.31,12196.39,633.94,32.01152230971128,1.6638845144356957,2021,1,136,671,-290,1609459200000
2016,9,218,86,2518.98,2127.04,195.27,24.733023255813954,2.270581395348837,2016,9,218,1423,-1337,1472688000000
2022,6,147,55,1321.49,1203.5,15.58,21.881818181818183,0.2832727272727273,2022,6,147,319,-264,1654041600000
2019,1,59,41,1260.59,1146.31,5.859999999999999,27.958780487804876,0.14292682926829267,2019,1,59,65,-24,1546300800000
2021,9,209,5569,134006.9,96377.7,16366.03,17.306105225354642,2.9387735679655234,2021,9,209,7805,-2236,1630454400000
2017,6,72,86,2145.13,1731.51,203.26,20.133837209302325,2.3634883720930233,2017,6,72,1509,-1423,1496275200000
2022,5,134,392,21510.57,17250.48,2675.27,44.00632653061224,6.824668367346939,2022,5,134,1254,-862,1651363200000
2016,3,108,45,1086.01,889.3,116.51,19.76222222222222,2.5891111111111114,2016,3,108,675,-630,1456790400000
2018,1,124,68,4374.85,3635.5,454.19,53.463235294117645,6.679264705882353,2018,1,124,759,-691,1514764800000
2023,10,4,4601,115931.27,81415.54,13002.45,17.695183655727014,2.8260052162573355,2023,10,4,13107,-8506,1696118400000
2016,6,123,133,3146.89,2671.8,265.25,20.08872180451128,1.994360902255639,2016,6,123,1568,-1435,1464739200000
2024,12,153,71,2199.11,1980.87,44.510000000000005,27.89957746478873,0.6269014084507043,2024,12,153,170,-99,1733011200000
2017,1,245,11,290.46999999999997,221.01,58.16,20.09181818181818,5.287272727272727,2017,1,245,92,-81,1483228800000
2023,11,262,46254,1048543.7,695371.34,133514.19,15.033755783283608,2.886543650278895,2023,11,262,52058,-5804,1698796800000
2017,5,134,546,16268.36,13212.19,1677.99,24.198150183150183,3.073241758241758,2017,5,134,2503,-1957,1493596800000
2018,5,214,7,571.97,432.5,60.83,61.785714285714285,8.69,2018,5,214,141,-134,1525132800000
2025,7,213,1366,40997.44,35689.3,673.54,26.12686676427526,0.49307467057101023,2025,7,213,1833,-467,1751328000000
2017,11,157,444,17863.100000000002,14216.0,1870.6399999999999,32.01801801801802,4.2131531531531525,2017,11,157,3016,-2572,1509494400000
2018,12,21,316,10650.8,9399.59,197.05,29.745537974683543,0.6235759493670886,2018,12,21,1233,-917,1543622400000
2018,1,72,128,2186.3,1960.35,89.49,15.315234375,0.699140625,2018,1,72,1252,-1124,1514764800000
2024,12,203,208,9428.22,8669.95,195.07999999999998,41.682451923076925,0.9378846153846153,2024,12,203,682,-474,1733011200000
2016,3,70,1511,45225.38,37188.18,4658.58,24.611634679020515,3.0831105228325613,2016,3,70,4340,-2829,1456790400000
2016,4,234,391816,5505476.28,4327623.69,662514.73,11.04504075892766,1.6908822763746247,2016,4,234,339773,52043,1459468800000
2024,1,231,37050,952945.11,651129.84,121110.18,17.574354655870444,3.268830769230769,2024,1,231,44286,-7236,1704067200000
2022,9,242,167,5126.5199999999995,4549.33,96.84,27.241497005988023,0.5798802395209581,2022,9,242,527,-360,1661990400000
2017,2,31,21,462.15000000000003,409.5,21.86,19.5,1.0409523809523809,2017,2,31,246,-225,1485907200000
2017,5,47,103,1626.3,1443.72,54.33,14.016699029126213,0.5274757281553398,2017,5,47,896,-793,1493596800000
2019,3,99,1,12.8,11.5,0.0,11.5,0.0,2019,3,99,15,-14,1551398400000
2025,9,237,188291,3940352.88,2489966.26,491013.01,13.224032269200332,2.6077348890812626,2025,9,237,168597,19694,1756684800000
2024,4,174,177,7232.3099999999995,6508.02,28.53,36.76847457627119,0.16118644067796611,2024,4,174,465,-288,1711929600000
2019,5,102,192,6385.31,5642.47,76.89,29.387864583333336,0.40046875,2019,5,102,1132,-940,1556668800000
2021,3,152,3233,53484.490000000005,41896.63,4967.41,12.959056603773584,1.536470770182493,2021,3,152,5256,-2023,1614556800000
2023,9,146,1375,38040.92,29746.81,3478.05,21.634043636363636,2.5294909090909092,2023,9,146,2740,-1365,1693526400000
2017,9,124,103,7000.7,5899.5,677.05,57.27669902912621,6.573300970873786,2017,9,124,904,-801,1504224000000
2022,1,72,140,4256.05,3901.13,103.87,27.865214285714288,0.7419285714285715,2022,1,72,629,-489,1640995200000
2019,12,1,939,93693.02,78956.63,11101.49,84.08586794462194,11.822673056443024,2019,12,1,17043,-16104,1575158400000
2016,1,226,19493,330871.68,277435.24,27658.62,14.232557328271687,1.4189001179910736,2016,1,226,29992,-10499,1451606400000
2020,10,117,249,13211.06,11518.27,590.07,46.2581124497992,2.3697590361445786,2020,10,117,638,-389,1601510400000
2022,4,252,29,1295.72,1104.97,100.55,38.10241379310345,3.467241379310345,2022,4,252,640,-611,1648771200000
2019,12,191,388,17846.93,16010.84,130.21,41.26505154639175,0.33559278350515465,2019,12,191,1087,-699,1575158400000
2020,9,246,10883,181110.99,119586.05,21464.14,10.988335017917853,1.9722631627308647,2020,9,246,16814,-5931,1598918400000
2016,3,221,234,3694.94,3039.62,373.34000000000003,12.98982905982906,1.5954700854700856,2016,3,221,452,-218,1456790400000
2025,4,111,10,214.13,180.44,2.27,18.044,0.227,2025,4,111,39,-29,1743465600000
2023,3,13,18658,603373.58,423717.35,81678.52,22.709687533497693,4.377667488476793,2023,3,13,24142,-5484,1677628800000
2025,4,102,629,15795.74,13866.36,214.81,22.045087440381558,0.34151033386327506,2025,4,102,1263,-634,1743465600000
2024,4,118,4,132.87,111.99000000000001,0.0,27.997500000000002,0.0,2024,4,118,57,-53,1711929600000
2025,8,61,8571,210382.27,185652.11,1948.3,21.66049585812624,0.22731303231828257,2025,8,61,12276,-3705,1754006400000
2018,10,10,3216,196183.79,157051.67,20254.97,48.834474502487566,6.298187189054727,2018,10,10,3839,-623,1538352000000
2024,5,237,183491,3802141.33,2445974.36,485231.77,13.3302143429378,2.644444523164624,2024,5,237,165144,18347,1714521600000
2024,2,161,147089,3507737.59,2278104.6599999997,465303.54000000004,15.487933564032659,3.1634149392544653,2024,2,161,113263,33826,1706745600000
2020,12,134,207,7630.31,6432.09,608.05,31.072898550724638,2.93743961352657,2020,12,134,535,-328,1606780800000
2016,5,62,855,13454.44,11114.69,1309.55,12.999637426900586,1.5316374269005848,2016,5,62,6804,-5949,1462060800000
2023,1,159,159,4037.61,3589.11,79.4,22.573018867924528,0.49937106918239,2023,1,159,742,-583,1672531200000
2018,3,199,1,49.26,34.5,8.2,34.5,8.2,2018,3,199,1,0,1519862400000
2018,4,201,15,781.31,691.0,25.41,46.06666666666667,1.694,2018,4,201,378,-363,1522540800000
2021,6,11,63,2553.74,2202.82,26.47,34.96539682539683,0.4201587301587301,2021,6,11,266,-203,1622505600000
2021,7,91,365,14787.88,12578.49,226.6,34.46161643835617,0.6208219178082192,2021,7,91,1106,-741,1625097600000
2020,7,59,9,283.61,261.65,11.76,29.07222222222222,1.3066666666666666,2020,7,59,30,-21,1593561600000
2022,4,233,45809,856620.6900000001,560885.04,110341.18999999999,12.243992228601368,2.4087229583706256,2022,4,233,53030,-7221,1648771200000
2023,5,32,115,4408.61,3904.54,54.62,33.95252173913043,0.4749565217391304,2023,5,32,270,-155,1682899200000
2023,7,88,8914,289858.98,212460.83,33020.99,23.83451088175903,3.7043964550145834,2023,7,88,11682,-2768,1688169600000
2023,11,130,606,29674.1,24915.34,1966.45,41.114422442244226,3.24496699669967,2023,11,130,1664,-1058,1698796800000
2017,7,129,5451,84500.86,71912.38,4798.63,13.192511465786096,0.8803210420106403,2017,7,129,16711,-11260,1498867200000
2017,10,250,68,1522.3600000000001,1318.04,74.36,19.382941176470588,1.0935294117647059,2017,10,250,603,-535,1506816000000
2022,4,9,20,711.56,630.5,23.76,31.525,1.1880000000000002,2022,4,9,360,-340,1648771200000
2020,4,122,28,904.99,801.98,52.43,28.642142857142858,1.8725,2020,4,122,45,-17,1585699200000
2018,1,46,3,101.44999999999999,86.0,14.05,28.666666666666668,4.683333333333334,2018,1,46,100,-97,1514764800000
2022,5,35,134,4297.07,3988.98,78.06,29.768507462686568,0.5825373134328359,2022,5,35,637,-503,1651363200000
2023,2,157,258,13029.27,9853.06,1722.96,38.19015503875969,6.678139534883721,2023,2,157,937,-679,1675209600000
2018,11,116,8751,139987.44,116661.94,11737.05,13.331269569192093,1.3412238601302708,2018,11,116,21648,-12897,1541030400000
2022,5,22,78,3112.02,2835.35,84.47,36.350641025641025,1.0829487179487178,2022,5,22,609,-531,1651363200000
2024,10,123,263,8416.67,7827.94,43.34,29.76403041825095,0.16479087452471483,2024,10,123,626,-363,1727740800000
2024,8,19,144,9361.789999999999,8746.71,182.45,60.74104166666666,1.2670138888888889,2024,8,19,577,-433,1722470400000
2024,7,44,4,74.0,49.42,11.08,12.355,2.77,2024,7,44,15,-11,1719792000000
2017,2,137,114920,1524617.84,1207109.98,173332.66,10.503915593456318,1.5082897667942916,2017,2,137,132569,-17649,1485907200000
2024,3,139,219,9159.21,8501.73,24.42,38.82068493150685,0.1115068493150685,2024,3,139,592,-373,1709251200000
2024,3,63,258,8959.59,7968.96,83.67,30.887441860465117,0.3243023255813954,2024,3,63,663,-405,1709251200000
2017,6,153,88,1523.29,1271.0,97.02,14.443181818181818,1.1025,2017,6,153,441,-353,1496275200000
2024,12,44,2,376.83000000000004,312.52,35.55,156.26,17.775,2024,12,44,18,-16,1733011200000
2017,3,125,62901,985813.45,779430.86,123411.71,12.39139059792372,1.9619991733040811,2017,3,125,56501,6400,1488326400000
2018,1,20,50,1170.45,904.5,203.79,18.09,4.0758,2018,1,20,818,-768,1514764800000
2023,10,155,155,6118.29,5634.72,128.97,36.353032258064516,0.8320645161290322,2023,10,155,747,-592,1696118400000
2016,11,169,144,1957.89,1700.35,87.32,11.807986111111111,0.6063888888888889,2016,11,169,1672,-1528,1477958400000
2023,12,31,18,894.5600000000001,744.13,74.25999999999999,41.340555555555554,4.125555555555555,2023,12,31,215,-197,1701388800000
2022,6,12,1725,42652.32,31514.64,4841.38,18.26935652173913,2.806597101449275,2022,6,12,2235,-510,1654041600000
2022,11,109,2,0.0,0.0,0.0,0.0,0.0,2022,11,109,25,-23,1667260800000
2016,5,172,4,216.58,213.38,0.0,53.345,0.0,2016,5,172,156,-152,1462060800000
2018,4,6,23,601.58,258.11,6.06,11.222173913043479,0.2634782608695652,2018,4,6,168,-145,1522540800000
2025,11,12,1059,31395.92,22245.9,3349.72,21.006515580736544,3.163097261567516,2025,11,12,1942,-883,1761955200000
2020,7,16,97,3765.7799999999997,3366.04,189.36,34.701443298969075,1.9521649484536083,2020,7,16,201,-104,1593561600000
2021,4,155,511,19182.15,16906.19,98.78,33.0845205479452,0.19330724070450098,2021,4,155,943,-432,1617235200000
2018,7,62,428,7653.89,6776.1,388.61,15.832009345794393,0.9079672897196261,2018,7,62,3305,-2877,1530403200000
2021,4,90,41562,656294.14,420501.74,82366.42,10.117456811510515,1.9817722919974976,2021,4,90,32028,9534,1617235200000
2024,6,89,1252,39715.51,36408.94,629.85,29.08062300319489,0.5030750798722045,2024,6,89,3281,-2029,1717200000000
2021,10,174,201,7856.27,6821.75,109.42,33.93905472636816,0.5443781094527363,2021,10,174,529,-328,1633046400000
2019,4,91,763,25510.01,22902.79,87.32000000000001,30.0167627785059,0.1144429882044561,2019,4,91,1940,-1177,1554076800000
2020,2,208,228,9564.91,8257.43,66.64,36.21679824561404,0.292280701754386,2020,2,208,820,-592,1580515200000
2020,8,184,33,1348.74,1165.56,74.03999999999999,35.32,2.243636363636363,2020,8,184,82,-49,1596240000000
2021,6,166,16158,284390.64,208322.42,34349.939999999995,12.892834509221439,2.1258782027478644,2021,6,166,20051,-3893,1622505600000
2019,1,169,412,10627.11,9649.710000000001,53.28,23.421626213592237,0.12932038834951456,2019,1,169,1537,-1125,1546300800000
2017,9,251,3,234.09000000000003,178.0,5.93,59.333333333333336,1.9766666666666666,2017,9,251,113,-110,1504224000000
2019,6,121,308,10323.57,9339.53,44.97,30.323149350649352,0.1460064935064935,2019,6,121,1228,-920,1559347200000
2018,9,122,118,4417.41,4048.9,95.81,34.31271186440678,0.8119491525423729,2018,9,122,440,-322,1535760000000
2019,12,59,10,281.11,245.37,0.0,24.537,0.0,2019,12,59,39,-29,1575158400000
2019,5,2,18,795.17,665.5,62.47,36.97222222222222,3.4705555555555554,2019,5,2,9,9,1556668800000
2019,11,242,387,11331.960000000001,9756.2,133.69,25.20981912144703,0.3454521963824289,2019,11,242,850,-463,1572566400000
2016,9,263,170982,2369848.08,1890102.7,264236.79,11.054395784351568,1.5454070603923218,2016,9,263,175958,-4976,1472688000000
2018,1,115,7,460.04,430.0,23.939999999999998,61.42857142857143,3.4199999999999995,2018,1,115,126,-119,1514764800000
2021,2,148,6747,122664.03,84084.57,14031.68,12.462512227656738,2.0796917148362235,2021,2,148,8882,-2135,1612137600000
2023,3,73,33,1198.72,1068.1,28.27,32.36666666666667,0.8566666666666667,2023,3,73,217,-184,1677628800000
2016,1,164,263255,3722534.89,2941035.35,411212.26,11.171811931397315,1.5620301988566219,2016,1,164,228868,34387,1451606400000
2019,1,109,8,380.54,363.03000000000003,6.86,45.378750000000004,0.8575,2019,1,109,80,-72,1546300800000
2018,4,68,214665,3072600.72,2439981.22,352780.13,11.366460391773229,1.6433984580625627,2018,4,68,205128,9537,1522540800000
2016,8,101,49,1805.96,1514.01,222.73000000000002,30.898163265306124,4.545510204081633,2016,8,101,615,-566,1470009600000
2025,9,3,361,11836.62,10797.54,46.69,29.910083102493076,0.12933518005540165,2025,9,3,742,-381,1756684800000
2016,7,227,179,3361.0,2738.13,369.07,15.296815642458101,2.0618435754189943,2016,7,227,2792,-2613,1467331200000
2024,1,134,303,15785.32,13321.74,1414.49,43.96613861386138,4.6682838283828385,2024,1,134,963,-660,1704067200000
2017,4,15,13,1002.99,882.5,75.55,67.88461538461539,5.811538461538461,2017,4,15,904,-891,1491004800000
2017,4,9,38,1063.84,924.0,64.17999999999999,24.31578947368421,1.6889473684210525,2017,4,9,630,-592,1491004800000
2018,1,14,382,9168.99,7826.7,631.46,20.48874345549738,1.6530366492146598,2018,1,14,6237,-5855,1514764800000
2018,7,46,13,724.69,647.5,31.490000000000002,49.80769230769231,2.4223076923076925,2018,7,46,132,-119,1530403200000
2018,12,18,318,9904.03,8798.5,89.78,27.66823899371069,0.28232704402515724,2018,12,18,1451,-1133,1543622400000
2023,2,182,99,3703.54,3306.17,33.62,33.395656565656566,0.33959595959595956,2023,2,182,319,-220,1675209600000
2024,12,236,163109,3421271.88,2206947.1,451341.14,13.53050475448933,2.767113647928686,2024,12,236,167118,-4009,1733011200000
2023,10,101,74,2665.99,2370.92,110.68,32.03945945945946,1.4956756756756757,2023,10,101,357,-283,1696118400000
2021,11,239,102078,1738007.27,1124211.01,235143.52,11.01325466799898,2.303567076157448,2021,11,239,99086,2992,1635724800000
2017,11,181,9098,145633.82,118047.86,16167.12,12.975143987689602,1.7769971422290614,2017,11,181,30587,-21489,1509494400000
2021,3,70,3560,139522.38,107441.19,13814.25,30.1801095505618,3.8804073033707867,2021,3,70,970,2590,1614556800000
2018,1,106,1323,21131.53,16506.5,2162.74,12.476568405139833,1.6347241118669689,2018,1,106,4237,-2914,1514764800000
2022,2,135,87,3346.5699999999997,2911.2400000000002,77.73,33.46252873563218,0.893448275862069,2022,2,135,782,-695,1643673600000
2023,3,163,99136,2363581.34,1537603.1199999999,311803.47,15.510037927695286,3.14520930842479,2023,3,163,83054,16082,1677628800000
2025,1,159,679,18334.78,16347.25,121.39,24.075478645066273,0.17877761413843887,2025,1,159,895,-216,1735689600000
2022,9,87,22385,582686.51,416298.31,76127.14,18.597199463926735,3.400810364083091,2022,9,87,26093,-3708,1661990400000
2021,3,60,226,8345.9,6969.71,65.39,30.839424778761064,0.2893362831858407,2021,3,60,518,-292,1614556800000
2023,8,107,56514,1241150.69,806128.49,156125.76,14.264226386382136,2.7626032487525216,2023,8,107,53218,3296,1690848000000
2018,11,70,1101,38246.33,32571.48,2778.89,29.583542234332423,2.523969118982743,2018,11,70,3374,-2273,1541030400000
2020,9,23,38,2997.31,2585.06,76.25,68.0278947368421,2.0065789473684212,2020,9,23,62,-24,1598918400000
2024,5,215,757,39953.46,34266.27,2735.83,45.265878467635396,3.614042272126816,2024,5,215,1152,-395,1714521600000
2023,6,123,77,2847.65,2500.16,49.94,32.46961038961039,0.6485714285714286,2023,6,123,520,-443,1685577600000
2020,4,195,116,3461.09,3135.22,141.36,27.027758620689653,1.2186206896551726,2020,4,195,144,-28,1585699200000
2024,1,115,2,95.16999999999999,79.03999999999999,3.69,39.519999999999996,1.845,2024,1,115,36,-34,1704067200000
2022,2,147,45,1339.27,1185.56,8.41,26.345777777777776,0.18688888888888888,2022,2,147,302,-257,1643673600000
2021,8,230,67054,1234451.9300000002,822425.13,142268.41,12.265116622423719,2.1216990783547587,2021,8,230,60617,6437,1627776000000
2019,7,210,385,13638.24,12330.84,148.48,32.02815584415585,0.38566233766233765,2019,7,210,1248,-863,1561939200000
2019,8,227,198,5864.82,5188.24,142.16,26.20323232323232,0.7179797979797979,2019,8,227,1519,-1321,1564617600000
2016,11,238,194244,2575310.1,2057424.59,284775.08,10.591959545725995,1.4660688618438666,2016,11,238,203594,-9350,1477958400000
2025,6,220,838,26125.74,22389.54,270.84,26.71782816229117,0.3231980906921241,2025,6,220,2143,-1305,1748736000000
2019,10,135,377,15281.76,13355.09,274.35,35.424641909814326,0.7277188328912467,2019,10,135,1670,-1293,1569888000000
2016,10,57,63,1118.98,963.5,78.06,15.293650793650794,1.2390476190476192,2016,10,57,593,-530,1475280000000
2020,10,79,36643,608353.6900000001,399796.17,74937.41,10.910574188794586,2.0450675435963213,2020,10,79,31841,4802,1601510400000
2022,11,22,85,3071.32,2715.58,49.74,31.948,0.5851764705882353,2022,11,22,508,-423,1667260800000
2023,7,154,10,602.52,458.81,41.21,45.881,4.121,2023,7,154,45,-35,1688169600000
2019,8,83,688,13520.39,11545.15,646.1,16.780741279069765,0.9390988372093023,2019,8,83,2612,-1924,1564617600000
2018,4,251,9,530.84,345.0,161.86,38.333333333333336,17.984444444444446,2018,4,251,139,-130,1522540800000
2019,9,126,128,3779.43,3225.05,61.66,25.195703125,0.48171875,2019,9,126,824,-696,1567296000000
2023,1,221,6,366.95,320.0,30.2,53.333333333333336,5.033333333333333,2023,1,221,65,-59,1672531200000
2024,10,221,23,1043.72,814.42,32.62,35.409565217391304,1.4182608695652172,2024,10,221,92,-69,1727740800000
2025,3,216,3767,154831.53,134445.53,11510.89,35.690345102203345,3.0557180780461906,2025,3,216,5913,-2146,1740787200000
2022,4,236,152261,2507559.89,1612901.14,335308.12,10.593002410334885,2.202193076362299,2022,4,236,154968,-2707,1648771200000
2022,5,87,22037,570079.08,406926.38,75080.09,18.46559785814766,3.4070014067250534,2022,5,87,26792,-4755,1651363200000
2023,7,223,633,28944.85,22260.23,3245.85,35.166240126382306,5.127725118483412,2023,7,223,4639,-4006,1688169600000
2024,9,101,102,3850.45,3463.45,46.589999999999996,33.95539215686274,0.4567647058823529,2024,9,101,397,-295,1725148800000
2024,11,198,604,16970.82,14970.57,303.01,24.7857119205298,0.5016721854304635,2024,11,198,2089,-1485,1730419200000
2025,3,29,520,15084.87,13738.75,21.560000000000002,26.420673076923077,0.041461538461538466,2025,3,29,908,-388,1740787200000
2022,3,133,91,2638.44,2215.52,192.47,24.346373626373627,2.115054945054945,2022,3,133,1017,-926,1646092800000
2016,5,141,273498,3571208.41,2856644.43,390381.49,10.444845775837484,1.4273650629986325,2016,5,141,267646,5852,1462060800000
2019,7,162,240826,4265656.53,2804354.19,522426.98,11.644731839585427,2.1693130309850264,2019,7,162,203082,37744,1561939200000
2023,1,163,85131,1957242.06,1273604.07,251914.13,14.960520491947705,2.959135097672998,2023,1,163,72460,12671,1672531200000
2016,12,111,41,538.26,434.0,50.47,10.585365853658537,1.2309756097560975,2016,12,111,152,-111,1480550400000
2019,2,2,11,571.42,456.7,62.519999999999996,41.518181818181816,5.683636363636364,2019,2,2,10,1,1548979200000
2019,5,42,13128,201161.69,166523.48,10805.32,12.684603900060939,0.8230743449116392,2019,5,42,33254,-20126,1556668800000
2022,4,101,55,2838.7799999999997,2575.2000000000003,48.33,46.82181818181819,0.8787272727272727,2022,4,101,317,-262,1648771200000
2017,12,244,10166,172791.93,143642.64,15698.04,14.129710800708244,1.544170765296085,2017,12,244,32593,-22427,1512086400000
2018,1,225,771,11698.7,9857.35,836.71,12.78514915693904,1.0852269779507133,2018,1,225,8189,-7418,1514764800000
2024,3,220,224,7785.26,6907.65,83.57,30.837723214285713,0.3730803571428571,2024,3,220,1290,-1066,1709251200000
2018,7,155,193,6999.27,6279.43,236.09,32.5359067357513,1.2232642487046632,2018,7,155,1193,-1000,1530403200000
2023,11,196,272,12614.87,10700.3,886.12,39.339338235294115,3.257794117647059,2023,11,196,1072,-800,1698796800000
2016,10,69,438,8786.01,7555.3,663.99,17.249543378995433,1.5159589041095891,2016,10,69,4153,-3715,1475280000000
2019,6,133,487,11931.92,10099.63,601.57,20.738459958932236,1.2352566735112938,2019,6,133,2194,-1707,1559347200000
2023,12,107,73801,1695893.9,1121430.94,214226.1,15.195335293559706,2.902753350225607,2023,12,107,66686,7115,1701388800000
2024,5,166,19688,476897.62,359293.43,46962.49,18.24936154002438,2.385335737505079,2024,5,166,26435,-6747,1714521600000
2020,12,25,1007,24117.01,20504.07,2058.12,20.361539225422046,2.0438133068520354,2020,12,25,2027,-1020,1606780800000
2018,10,136,266,8694.51,7801.61,237.17000000000002,29.329360902255637,0.8916165413533835,2018,10,136,1206,-940,1538352000000
2016,11,53,68,1437.53,1191.3,132.26,17.519117647058824,1.9449999999999998,2016,11,53,982,-914,1477958400000
2017,4,171,64,1234.06,1047.3,94.89999999999999,16.3640625,1.4828124999999999,2017,4,171,1417,-1353,1491004800000
2024,2,261,13642,427045.82,306312.9,51885.52,22.453665151737283,3.8033660753555196,2024,2,261,13402,240,1706745600000
2020,1,1,755,74478.65,62101.33,9138.46,82.25341721854305,12.103920529801323,2020,1,1,12148,-11393,1577836800000
2020,2,68,152659,2642868.21,1741353.08,321230.57,11.40681571345286,2.1042360424213444,2020,2,68,145775,6884,1580515200000
2025,9,74,17475,413968.28,332082.25,13469.51,19.00327610872675,0.7707874105865522,2025,9,74,30222,-12747,1756684800000
2017,2,234,314406,4628009.92,3697646.88,524371.95,11.760738917196237,1.6678178851548633,2017,2,234,265014,49392,1485907200000
2019,11,156,13,810.38,706.15,0.0,54.31923076923077,0.0,2019,11,156,75,-62,1572566400000
2022,9,7,1888,36706.08,29398.72,3650.66,15.57135593220339,1.933612288135593,2022,9,7,10807,-8919,1661990400000
2019,11,254,351,13378.85,11684.69,73.31,33.2897150997151,0.20886039886039887,2019,11,254,899,-548,1572566400000
2020,3,222,213,5282.48,4881.81,5.0,22.91929577464789,0.023474178403755867,2020,3,222,360,-147,1583020800000
2018,12,30,2,104.36,90.3,7.2,45.15,3.6,2018,12,30,27,-25,1543622400000
2021,6,84,1,164.76,137.0,27.46,137.0,27.46,2021,6,84,22,-21,1622505600000
2023,7,182,120,3905.18,3532.86,33.62,29.4405,0.2801666666666666,2023,7,182,410,-290,1688169600000
2023,12,179,588,16483.29,13827.85,908.87,23.516751700680274,1.5456972789115646,2023,12,179,3100,-2512,1701388800000
2017,8,126,84,1686.27,1444.1,100.71000000000001,17.191666666666666,1.1989285714285716,2017,8,126,1109,-1025,1501545600000
2016,2,241,97,2446.19,2077.0,260.04999999999995,21.412371134020617,2.6809278350515457,2016,2,241,1936,-1839,1454284800000
2022,10,172,2,120.85,113.2,0.0,56.6,0.0,2022,10,172,47,-45,1664582400000
2017,9,66,4933,91536.48,75632.9,10163.92,15.332029191161563,2.060393269815528,2017,9,66,14425,-9492,1504224000000
2018,10,67,188,5202.66,4399.61,187.24,23.40218085106383,0.9959574468085107,2018,10,67,1308,-1120,1538352000000
2016,7,49,4994,77191.81,63043.25,7993.29,12.623798558269923,1.60057869443332,2016,7,49,22303,-17309,1467331200000
2017,8,15,23,1057.57,880.5,93.78,38.28260869565217,4.0773913043478265,2017,8,15,870,-847,1501545600000
2019,10,234,214439,3699055.1999999997,2422910.94,460444.46,11.298835286491729,2.1472048461333992,2019,10,234,185342,29097,1569888000000
2022,6,250,81,2637.6,2368.88,53.269999999999996,29.245432098765434,0.6576543209876543,2022,6,250,276,-195,1654041600000
2023,6,216,612,40978.05,34279.51,3981.49,56.01227124183007,6.505702614379085,2023,6,216,3382,-2770,1685577600000
2017,3,95,1505,31053.09,25406.27,2669.57,16.881242524916942,1.7738006644518274,2017,3,95,11962,-10457,1488326400000
2025,11,66,5226,106904.97,79333.29,4971.39,15.180499425947186,0.9512801377726752,2025,11,66,6841,-1615,1761955200000
2016,6,248,79,1339.89,1208.5,29.21,15.29746835443038,0.369746835443038,2016,6,248,1164,-1085,1464739200000
2018,11,144,77483,1191769.45,963329.01,133592.47999999998,12.432778932152859,1.724152136597705,2018,11,144,70353,7130,1541030400000
2021,6,80,645,19273.69,15130.210000000001,2063.32,23.457689922480622,3.198945736434109,2021,6,80,3259,-2614,1622505600000
2018,11,189,1666,29904.7,24968.59,2829.5699999999997,14.987148859543817,1.6984213685474188,2018,11,189,7588,-5922,1541030400000
2016,2,169,202,3079.96,2625.0,173.62,12.995049504950495,0.8595049504950495,2016,2,169,2169,-1967,1454284800000
2020,12,126,220,6744.87,5573.16,558.54,25.332545454545453,2.538818181818182,2020,12,126,500,-280,1606780800000
2020,5,32,112,3229.81,2749.21,126.28,24.546517857142856,1.1275,2020,5,32,256,-144,1588291200000
2023,11,24,7804,178442.18,126265.87,22666.99,16.179634802665298,2.9045348539210663,2023,11,24,10329,-2525,1698796800000
2017,8,225,883,13341.57,11067.82,1067.95,12.534337485843714,1.2094563986409967,2017,8,225,9641,-8758,1501545600000
2019,8,187,3,149.72,142.5,2.82,47.5,0.94,2019,8,187,75,-72,1564617600000
2021,3,252,112,4730.65,3889.71,124.69,34.729553571428575,1.1133035714285715,2021,3,252,387,-275,1614556800000
2018,3,209,17008,329559.47000000003,270305.33,36344.5,15.89283454844779,2.1369061618062086,2018,3,209,24124,-7116,1519862400000
2018,9,46,37,1532.05,1373.23,46.89,37.11432432432432,1.2672972972972973,2018,9,46,157,-120,1535760000000
2022,6,85,117,4365.61,3717.2400000000002,356.02,31.771282051282054,3.0429059829059826,2022,6,85,698,-581,1654041600000
2023,2,72,184,5865.93,5376.9,62.13,29.22228260869565,0.33766304347826087,2023,2,72,561,-377,1675209600000
2025,3,165,1010,25006.28,22639.54,83.28,22.41538613861386,0.08245544554455446,2025,3,165,1736,-726,1740787200000
2020,7,53,113,5483.82,4962.93,113.74,43.91973451327434,1.0065486725663717,2020,7,53,148,-35,1593561600000
2018,5,197,440,17975.16,14813.13,1610.47,33.66620454545454,3.660159090909091,2018,5,197,2236,-1796,1525132800000
2020,7,11,78,2813.92,2562.67,118.33,32.85474358974359,1.517051282051282,2020,7,11,138,-60,1593561600000
2018,9,58,16,507.53,453.8,5.93,28.3625,0.370625,2018,9,58,172,-156,1535760000000
2019,8,164,150876,2635943.82,1739715.95,297170.56999999995,11.530766656061932,1.9696344680399795,2019,8,164,137465,13411,1564617600000
2016,4,32,61,1256.3,1098.31,74.57,18.005081967213115,1.2224590163934426,2016,4,32,941,-880,1459468800000
2024,1,68,77687,1889690.13,1260682.23,246228.4,16.227711586237078,3.169492965361,2024,1,68,74517,3170,1704067200000
2024,3,49,969,30048.37,26393.06,1162.79,27.237420020639835,1.1999896800825594,2024,3,49,4678,-3709,1709251200000
2016,7,244,9740,183055.24,152418.61,17067.79,15.648727926078028,1.7523398357289528,2016,7,244,38479,-28739,1467331200000
2022,11,93,645,43608.15,33042.65,5904.5,51.22891472868217,9.154263565891473,2022,11,93,1104,-459,1667260800000
2018,2,192,77,1511.82,1327.0,63.47,17.233766233766232,0.8242857142857143,2018,2,192,611,-534,1517443200000
2022,10,46,11,428.65999999999997,386.31,19.45,35.11909090909091,1.768181818181818,2022,10,46,81,-70,1664582400000
2024,7,210,385,14802.43,13932.18,21.14,36.18748051948052,0.05490909090909091,2024,7,210,802,-417,1719792000000
2019,5,174,338,12060.02,10805.8,54.17,31.9698224852071,0.1602662721893491,2019,5,174,1095,-757,1556668800000
2018,3,98,70,2049.97,1804.5,130.49,25.77857142857143,1.8641428571428573,2018,3,98,902,-832,1519862400000
2021,4,95,834,25634.54,21432.66,436.74,25.69863309352518,0.5236690647482014,2021,4,95,3062,-2228,1617235200000
2024,11,256,2647,74864.63,63472.28,3468.05,23.978949754438986,1.3101813373630526,2024,11,256,7609,-4962,1730419200000
2016,10,45,25272,415336.06,346142.11,39222.59,13.696664688192465,1.55201764798987,2016,10,45,29665,-4393,1475280000000
2017,5,204,5,219.0,199.5,15.0,39.9,3.0,2017,5,204,55,-50,1493596800000
2018,3,200,92,2585.58,2237.5,115.9,24.320652173913043,1.2597826086956523,2018,3,200,2572,-2480,1519862400000
2018,9,205,433,17597.72,15996.57,300.51,36.94357967667436,0.6940184757505774,2018,9,205,1423,-990,1535760000000
2020,6,107,12988,210543.8,140969.59,22779.04,10.853833538651061,1.7538527871881737,2020,6,107,9881,3107,1590969600000
2025,1,64,110,3406.55,2811.08,115.05,25.555272727272726,1.045909090909091,2025,1,64,413,-303,1735689600000
2017,11,160,128,3589.98,2912.8,353.52,22.75625,2.761875,2017,11,160,2587,-2459,1509494400000
2016,7,60,76,1250.31,1087.3,58.97,14.30657894736842,0.775921052631579,2016,7,60,676,-600,1467331200000
2019,6,180,167,6255.32,5367.91,307.23,32.14317365269461,1.8397005988023953,2019,6,180,678,-511,1559347200000
2022,2,191,75,3411.88,3197.44,34.44,42.632533333333335,0.4592,2022,2,191,535,-460,1643673600000
2020,12,249,24274,390710.8,250862.95,52514.93,10.334635824338799,2.1634230040372415,2020,12,249,20666,3608,1606780800000
2024,11,129,2019,73092.44,59777.91,5791.8,29.60768202080238,2.8686478454680535,2024,11,129,4358,-2339,1730419200000
2024,8,66,1544,48575.33,39459.75,3844.71,25.556832901554404,2.4900971502590674,2024,8,66,4259,-2715,1722470400000
2023,5,170,103834,2561995.0500000003,1696510.38,328868.9,16.338678852784252,3.167256390007127,2023,5,170,101422,2412,1682899200000
2025,7,254,1316,40448.11,36752.95,38.84,27.927773556231,0.029513677811550156,2025,7,254,1745,-429,1751328000000
2024,11,75,23339,503839.79,374348.17,45347.08,16.039597669137496,1.9429744204978792,2024,11,75,40300,-16961,1730419200000
2022,11,78,70,1947.85,1751.84,24.26,25.026285714285713,0.3465714285714286,2022,11,78,306,-236,1667260800000
2023,8,233,36217,886153.74,586010.17,108048.73,16.180527652759753,2.9833705166082227,2023,8,233,45220,-9003,1690848000000
2024,4,42,5548,134191.07,115082.62,3740.47,20.74308219178082,0.6742015140591203,2024,4,42,15651,-10103,1711929600000
2025,6,189,2519,67284.33,57014.06,1549.72,22.633608574831282,0.6152123858674077,2025,6,189,4761,-2242,1748736000000
2023,11,200,78,3541.06,3033.65,191.51,38.89294871794872,2.45525641025641,2023,11,200,1044,-966,1698796800000
2023,11,178,40,1313.85,1134.87,56.4,28.37175,1.41,2023,11,178,254,-214,1698796800000
2018,4,238,179578,2324707.51,1839362.05,269427.3,10.242691476684227,1.5003357872345164,2018,4,238,195160,-15582,1522540800000
2021,5,202,155,4647.81,3861.04,183.1,24.909935483870967,1.181290322580645,2021,5,202,1244,-1089,1619827200000
2019,3,127,844,18687.39,15847.75,1099.84,18.77695497630332,1.303127962085308,2019,3,127,5765,-4921,1551398400000
2025,6,26,1428,33823.03,30462.72,103.28,21.332436974789918,0.07232492997198879,2025,6,26,2547,-1119,1748736000000
2023,7,41,6544,141288.13,106645.7,13128.62,16.29671454767726,2.0062072127139365,2023,7,41,16578,-10034,1688169600000
2018,3,233,128578,1926892.2000000002,1516806.09,222662.33000000002,11.796777753581484,1.7317296115976295,2018,3,233,145360,-16782,1519862400000
2023,5,98,67,1720.74,1588.28,17.41,23.705671641791046,0.25985074626865673,2023,5,98,507,-440,1682899200000
2016,10,75,68157,936848.6,765543.22,87281.27,11.232055694939625,1.2805914286133486,2016,10,75,120298,-52141,1475280000000
2023,11,139,117,5065.66,4669.74,59.74,39.91230769230769,0.5105982905982906,2023,11,139,618,-501,1698796800000
2023,6,101,73,3913.16,3310.79,145.27,45.35328767123288,1.9900000000000002,2023,6,101,358,-285,1685577600000
2024,4,56,312,13550.44,11385.5,738.5500000000001,36.49198717948718,2.367147435897436,2024,4,56,931,-619,1711929600000
2021,2,83,163,4136.96,3390.84,202.69,20.80269938650307,1.2434969325153373,2021,2,83,563,-400,1612137600000
2025,3,146,3558,90874.23,73847.51,4168.37,20.75534288926363,1.17154862282181,2025,3,146,3487,71,1740787200000
2021,10,69,257,7740.38,6624.11,134.08,25.77474708171206,0.5217120622568094,2021,10,69,1313,-1056,1633046400000
2025,7,163,97429,2333581.3,1504207.73,275350.91,15.439014359174372,2.8261699288712805,2025,7,163,90971,6458,1751328000000
2025,1,149,288,8074.44,7374.34,42.230000000000004,25.60534722222222,0.14663194444444447,2025,1,149,700,-412,1735689600000
2025,1,84,1,131.0,130.0,0.0,130.0,0.0,2025,1,84,20,-19,1735689600000
2024,4,147,210,6431.74,5784.38,42.58,27.544666666666668,0.20276190476190475,2024,4,147,328,-118,1711929600000
2017,2,10,1336,84314.09,67464.39,9440.45,50.49729790419162,7.06620508982036,2017,2,10,2495,-1159,1485907200000
2021,10,113,49427,878756.9700000001,577692.07,117708.71,11.687783397738077,2.381465798045603,2021,10,113,45556,3871,1633046400000
2019,5,260,3951,83403.76,67469.9,5942.46,17.076664135661858,1.504039483675019,2019,5,260,7983,-4032,1556668800000
2019,4,262,90628,1473883.42,964919.03,172692.65,10.647029946594872,1.9055109899810212,2019,4,262,95955,-5327,1554076800000
2017,12,28,561,23605.93,19084.31,2325.21,34.018377896613195,4.14475935828877,2017,12,28,2064,-1503,1512086400000
2022,3,192,29,1232.18,1114.31,73.37,38.42448275862069,2.5300000000000002,2022,3,192,322,-293,1646092800000
2017,11,51,50,1609.74,1448.3,83.10000000000001,28.965999999999998,1.6620000000000001,2017,11,51,669,-619,1509494400000
2017,1,205,35,1023.25,888.14,71.33,25.37542857142857,2.038,2017,1,205,1126,-1091,1483228800000
2016,6,246,171331,2579312.65,2058066.96,296716.28,12.012227559519292,1.7318306669546084,2016,6,246,209675,-38344,1464739200000
2017,11,16,40,1169.6,929.5,189.08,23.2375,4.727,2017,11,16,1198,-1158,1509494400000
2019,2,263,135029,2016273.69,1305885.78,234930.34,9.671150493597672,1.7398509949714505,2019,2,263,137878,-2849,1548979200000
2019,7,148,74356,1383037.16,947066.06,157206.0,12.736915111087203,2.1142342245413954,2019,7,148,62949,11407,1561939200000
2021,9,215,417,22915.87,18859.61,1304.01,45.2268824940048,3.1271223021582735,2021,9,215,1029,-612,1630454400000
2023,5,233,43962,1136968.27,759454.67,141901.22,17.275252945725857,3.227815386015195,2023,5,233,53092,-9130,1682899200000
2019,9,66,3999,88210.81,68267.49,10077.42,17.07114028507127,2.5199849962490624,2019,9,66,10363,-6364,1567296000000
2025,10,11,237,9242.5,8459.61,313.55,35.69455696202532,1.3229957805907173,2025,10,11,582,-345,1759276800000
2025,8,202,603,19964.22,16662.96,688.93,27.633432835820894,1.1425041459369816,2025,8,202,2285,-1682,1754006400000
2016,6,68,277822,4088348.66,3261811.73,453216.28,11.740653116023928,1.6313189020307968,2016,6,68,255080,22742,1464739200000
2019,7,46,52,2311.08,2091.96,10.7,40.230000000000004,0.20576923076923076,2019,7,46,130,-78,1561939200000
2016,11,36,1649,25461.8,20649.7,2607.01,12.52255912674348,1.5809642207398424,2016,11,36,10589,-8940,1477958400000
2020,8,76,1880,76515.2,69140.5,2814.55,36.77686170212766,1.4971010638297872,2020,8,76,2353,-473,1596240000000
2023,6,237,155685,3194434.24,2033456.16,416657.63,13.06134926293477,2.6762862832000516,2023,6,237,137730,17955,1685577600000
2018,3,13,82882,1608929.11,1286887.5,207220.53,15.526742839217201,2.500187374822036,2018,3,13,84242,-1360,1519862400000
2019,4,172,2,94.25,78.53,5.25,39.265,2.625,2019,4,172,94,-92,1554076800000
2023,5,262,47551,1100991.59,726876.32,142967.18,15.286246766629512,3.0066072217198374,2023,5,262,53396,-5845,1682899200000
2018,9,98,117,3890.07,3510.76,136.81,30.00649572649573,1.1693162393162393,2018,9,98,1049,-932,1535760000000
2017,11,183,11,338.9,296.3,26.04,26.936363636363637,2.367272727272727,2017,11,183,352,-341,1509494400000
2019,3,101,284,11247.45,10412.65,38.37,36.66426056338028,0.1351056338028169,2019,3,101,768,-484,1551398400000
2020,2,141,151082,2244378.1800000006,1428395.97,268450.54000000004,9.454441760103785,1.7768532320196981,2020,2,141,161288,-10206,1580515200000
2024,2,235,235,8588.78,7842.13,69.73,33.37076595744681,0.2967234042553192,2024,2,235,428,-193,1706745600000
2024,10,210,382,13458.05,12636.97,21.740000000000002,33.08107329842932,0.05691099476439791,2024,10,210,757,-375,1727740800000
2025,6,162,129938,3114968.11,1985517.98,381780.36,15.280502855207867,2.938173282642491,2025,6,162,116043,13895,1748736000000
2019,9,89,1222,33199.65,28799.14,596.16,23.56721767594108,0.4878559738134206,2019,9,89,5775,-4553,1567296000000
2019,6,196,755,24817.63,20204.41,1762.9,26.760807947019867,2.3349668874172185,2019,6,196,2768,-2013,1559347200000
2021,6,200,202,9633.19,8096.37,226.56,40.0810396039604,1.1215841584158417,2021,6,200,1055,-853,1622505600000
2018,1,107,206011,2668638.87,2086161.06,326751.24000000005,10.126454703875035,1.5860863740285716,2018,1,107,186712,19299,1514764800000
2017,11,182,62,1001.16,876.9,42.22,14.143548387096773,0.6809677419354838,2017,11,182,948,-886,1509494400000
2017,1,63,362,7048.43,5844.4,750.77,16.144751381215467,2.0739502762430937,2017,1,63,1340,-978,1483228800000
2017,8,122,17,393.17,337.8,12.620000000000001,19.870588235294118,0.7423529411764707,2017,8,122,434,-417,1501545600000
2016,2,207,331,5317.8,3935.9,362.46,11.890936555891239,1.0950453172205437,2016,2,207,358,-27,1454284800000
2020,7,185,300,9719.710000000001,8371.13,460.68,27.903766666666662,1.5356,2020,7,185,454,-154,1593561600000
2023,4,5,41,3569.81,2557.2000000000003,0.0,62.37073170731708,0.0,2023,4,5,61,-20,1680307200000
2017,9,4,21418,318237.99,259174.51,32961.04,12.100780184891214,1.538941077598282,2017,9,4,43849,-22431,1504224000000
2019,6,57,35,1324.23,1123.54,68.60000000000001,32.101142857142854,1.9600000000000002,2019,6,57,291,-256,1559347200000
2017,6,111,23,359.59,297.0,34.19,12.91304347826087,1.4865217391304346,2017,6,111,127,-104,1496275200000
2021,4,237,117739,1717943.26,1072968.97,219031.09000000003,9.113114346138493,1.8603104323970818,2021,4,237,103637,14102,1617235200000
2024,10,2,3,241.53,212.5,18.28,70.83333333333333,6.093333333333334,2024,10,2,6,-3,1727740800000
2023,7,262,34109,770972.63,509828.76,98408.46,14.94704506142074,2.8851171245125924,2023,7,262,39457,-5348,1688169600000
2022,1,89,263,8549.94,7531.46,361.78000000000003,28.636730038022815,1.3755893536121675,2022,1,89,1861,-1598,1640995200000
2025,7,203,500,18480.84,16692.6,299.55,33.3852,0.5991000000000001,2025,7,203,1440,-940,1751328000000
2024,9,179,1080,29786.37,25476.44,902.85,23.589296296296293,0.8359722222222222,2024,9,179,3171,-2091,1725148800000
2024,7,86,317,17473.53,16470.31,127.32,51.956813880126184,0.4016403785488959,2024,7,86,926,-609,1719792000000
2020,2,134,652,33572.1,26078.81,3734.5099999999998,39.998174846625766,5.727776073619632,2020,2,134,2115,-1463,1580515200000
2019,6,221,15,702.11,525.45,106.78999999999999,35.03,7.119333333333333,2019,6,221,134,-119,1559347200000
2018,5,14,691,20871.3,18432.76,995.09,26.67548480463097,1.4400723589001447,2018,5,14,6871,-6180,1525132800000
2022,7,205,205,7991.5199999999995,7431.39,122.93,36.25068292682927,0.5996585365853659,2022,7,205,1142,-937,1656633600000
2017,12,242,95,2239.51,1910.5,195.09,20.110526315789475,2.053578947368421,2017,12,242,869,-774,1512086400000
2025,8,142,82475,1712543.18,1080429.57,203206.73,13.100085722946348,2.4638585025765383,2025,8,142,76455,6020,1754006400000
2021,7,178,49,1569.16,1368.38,26.28,27.926122448979594,0.5363265306122449,2021,7,178,223,-174,1625097600000
2018,7,92,369,8821.98,7628.92,526.65,20.674579945799458,1.4272357723577236,2018,7,92,3652,-3283,1530403200000
2024,6,155,378,12954.7,12069.94,166.69,31.931058201058203,0.44097883597883597,2024,6,155,933,-555,1717200000000
2023,11,46,5,278.3,244.13,19.73,48.826,3.946,2023,11,46,71,-66,1698796800000
2016,5,128,67,1690.0,1396.3,186.75,20.840298507462688,2.787313432835821,2016,5,128,702,-635,1462060800000
2019,2,151,62559,922879.6100000001,655372.05,101151.13,10.476063396154032,1.6168917342029125,2019,2,151,60929,1630,1548979200000
2023,7,177,173,6553.4,5931.41,125.59,34.28560693641619,0.7259537572254335,2023,7,177,790,-617,1688169600000
2019,12,161,265342,4929312.93,3327746.42,572619.13,12.541348222294246,2.1580418101921293,2019,12,161,264928,414,1575158400000
2025,10,214,46,1222.21,750.67,2.0,16.31891304347826,0.043478260869565216,2025,10,214,129,-83,1759276800000
2016,3,183,30,686.9,608.1,39.8,20.27,1.3266666666666667,2016,3,183,661,-631,1456790400000
2016,6,38,18,823.27,742.51,44.410000000000004,41.25055555555556,2.4672222222222224,2016,6,38,688,-670,1464739200000
2023,12,65,2205,70993.24,56588.16,6875.46,25.66356462585034,3.118122448979592,2023,12,65,4854,-2649,1701388800000
2020,1,155,391,13077.78,11525.83,129.33,29.477826086956522,0.33076726342711,2020,1,155,1205,-814,1577836800000
2024,6,250,211,7227.18,6523.16,16.88,30.915450236966823,0.08,2024,6,250,401,-190,1717200000000
2025,4,134,1066,40303.23,34817.06,2375.77,32.66140712945591,2.2286772983114447,2025,4,134,1717,-651,1743465600000
2018,3,58,11,387.3,350.5,19.740000000000002,31.863636363636363,1.7945454545454547,2018,3,58,186,-175,1519862400000
2019,9,147,180,6061.18,5212.08,28.060000000000002,28.956,0.1558888888888889,2019,9,147,690,-510,1567296000000
2017,3,253,15,479.96999999999997,372.01,61.46,24.800666666666665,4.097333333333333,2017,3,253,41,-26,1488326400000
2018,7,93,1077,62031.08,49436.86,6736.15,45.90237697307335,6.254549675023212,2018,7,93,1262,-185,1530403200000
2019,2,63,268,9075.49,8246.75,30.880000000000003,30.771455223880597,0.11522388059701494,2019,2,63,985,-717,1548979200000
2020,3,24,10456,158623.83000000002,114686.21,17760.899999999998,10.968459257842389,1.6986323641928078,2020,3,24,11775,-1319,1583020800000
2024,2,50,17166,389484.94,264628.63,43712.89,15.415858674123267,2.5464808342071534,2024,2,50,31493,-14327,1706745600000
2017,9,215,718,46198.5,36918.43,4802.12,51.41842618384401,6.688189415041783,2017,9,215,819,-101,1504224000000
2018,6,122,77,2534.68,2271.2,82.78,29.496103896103893,1.075064935064935,2018,6,122,392,-315,1527811200000
2022,4,13,21368,530798.63,374950.98,71826.98,17.547312804193187,3.361427368026956,2022,4,13,28630,-7262,1648771200000
2019,6,138,191304,8110510.14,5870053.53,1026599.84,30.68442651486639,5.366327102412913,2019,6,138,86720,104584,1559347200000
2023,6,106,244,8375.16,6630.21,931.3,27.172991803278688,3.8168032786885244,2023,6,106,1214,-970,1685577600000
2016,3,217,1542,19312.86,15896.8,1427.98,10.309208819714655,0.9260570687418936,2016,3,217,4830,-3288,1456790400000
2019,3,251,6,231.32999999999998,198.49,0.0,33.08166666666667,0.0,2019,3,251,113,-107,1551398400000
2017,1,146,10349,152836.09,127242.31,13401.44,12.295130930524689,1.2949502367378491,2017,1,146,10903,-554,1483228800000
2022,11,164,74209,1411482.03,933336.98,182746.68,12.577139969545472,2.462594564001671,2022,11,164,66934,7275,1667260800000
2023,8,106,149,4792.72,3994.27,340.91,26.80718120805369,2.2879865771812082,2023,8,106,882,-733,1690848000000
2018,11,176,5,448.85,412.0,20.08,82.4,4.016,2018,11,176,65,-60,1541030400000
2023,6,87,18115,600957.72,431956.06,74732.73,23.845214463152082,4.125461219983439,2023,6,87,24883,-6768,1685577600000
2022,11,165,108,3584.18,3187.86,169.57,29.517222222222223,1.5700925925925926,2022,11,165,815,-707,1667260800000
2022,12,87,19068,549773.53,398876.73,69323.95,20.918645374449337,3.635617264526956,2022,12,87,24404,-5336,1669852800000
2020,8,230,14648,231895.53,154277.23,23491.32,10.53230679956308,1.6037220098306937,2020,8,230,11454,3194,1596240000000
2018,12,116,9740,155078.11999999997,130175.82,11837.22,13.365073921971254,1.2153203285420944,2018,12,116,22896,-13156,1543622400000
2024,10,68,103752,2698385.96,1848188.04,338791.79,17.81351723340273,3.265400088672989,2024,10,68,99173,4579,1727740800000
2023,3,135,214,6428.8,5727.1,58.3,26.762149532710282,0.27242990654205607,2023,3,135,940,-726,1677628800000
2021,7,167,288,9796.64,8270.63,51.64,28.717465277777777,0.17930555555555555,2021,7,167,819,-531,1625097600000
2016,4,186,388941,5647538.86,4549826.92,603215.55,11.697987406830341,1.5509178770044816,2016,4,186,317512,71429,1459468800000
2025,5,124,720,23900.25,20916.08,780.16,29.050111111111114,1.0835555555555556,2025,5,124,1574,-854,1746057600000
2018,12,217,658,11874.15,10397.4,491.4,15.801519756838905,0.7468085106382978,2018,12,217,2625,-1967,1543622400000
2021,12,261,16728,408022.41,293783.65,49550.91,17.562389406982305,2.96215387374462,2021,12,261,15717,1011,1638316800000
2021,12,238,70730,1197552.36,790977.82,155974.36000000002,11.183059804891842,2.205207973985579,2021,12,238,76984,-6254,1638316800000
2024,8,171,107,4326.95,3976.44,17.37,37.16299065420561,0.16233644859813084,2024,8,171,622,-515,1722470400000
2018,3,27,1,7.56,5.5,1.26,5.5,1.26,2018,3,27,92,-91,1519862400000
2024,11,7,2949,76101.92,64430.89,3087.82,21.84838589352323,1.047073584265853,2024,11,7,7967,-5018,1730419200000
2019,4,133,465,11832.56,9710.73,896.62,20.883290322580645,1.9282150537634408,2019,4,133,2574,-2109,1554076800000
2022,9,241,116,4020.86,3586.4500000000003,180.36,30.917672413793106,1.5548275862068968,2022,9,241,509,-393,1661990400000
2016,8,120,59,1688.26,1353.0,180.95,22.93220338983051,3.0669491525423727,2016,8,120,504,-445,1470009600000
2020,2,203,274,12649.34,11133.41,172.95,40.63288321167883,0.6312043795620438,2020,2,203,1371,-1097,1580515200000
2020,9,180,63,2170.64,1889.24,134.82,29.987936507936507,2.1399999999999997,2020,9,180,186,-123,1598918400000
2021,2,122,105,4471.04,3904.2,38.9,37.18285714285714,0.37047619047619046,2021,2,122,234,-129,1612137600000
2022,6,4,4267,93244.79,65116.83,12332.36,15.26056479962503,2.890171080384345,2022,6,4,13751,-9484,1654041600000
2020,11,74,11332,178285.1,141849.35,13695.18,12.517591775503002,1.2085404165195905,2020,11,74,20765,-9433,1604188800000
2021,8,150,73,3398.53,2981.97,58.519999999999996,40.848904109589036,0.8016438356164383,2021,8,150,271,-198,1627776000000
2020,9,179,659,13837.54,11484.13,1031.22,17.42660091047041,1.564825493171472,2020,9,179,1653,-994,1598918400000
2019,11,252,163,6760.39,5856.25,154.63,35.92791411042945,0.9486503067484662,2019,11,252,1114,-951,1572566400000
2023,11,240,18,897.45,762.47,59.86,42.35944444444445,3.3255555555555554,2023,11,240,102,-84,1698796800000
2023,12,232,5203,149648.26,110758.61,15355.17,21.287451470305594,2.9512146838362483,2023,12,232,17213,-12010,1701388800000
2024,5,41,11978,266974.28,211939.52,17469.22,17.694065787276674,1.4584421439305395,2024,5,41,22764,-10786,1714521600000
2019,4,152,7345,112604.84,88688.58,9053.22,12.07468754254595,1.2325690946221919,2019,4,152,11981,-4636,1554076800000
2016,1,32,49,906.58,783.3,66.54,15.985714285714284,1.3579591836734695,2016,1,32,805,-756,1451606400000
2017,7,179,5541,80703.93000000001,67276.41,6574.28,12.141564699512724,1.1864789749142755,2017,7,179,12752,-7211,1498867200000
2021,12,220,134,4473.16,3734.13,133.83,27.866641791044778,0.9987313432835822,2021,12,220,1331,-1197,1638316800000
2016,10,76,406,11031.09,9155.1,954.07,22.549507389162564,2.3499261083743845,2016,10,76,2463,-2057,1475280000000
2023,10,167,199,6198.71,5592.89,92.38,28.104974874371862,0.4642211055276382,2023,10,167,465,-266,1696118400000
2024,9,172,14,482.13,362.91,1.0,25.92214285714286,0.07142857142857142,2024,9,172,47,-33,1725148800000
2020,10,44,124,12946.45,11772.32,294.25,94.93806451612903,2.372983870967742,2020,10,44,145,-21,1601510400000
2022,8,79,79979,1442677.1700000002,950867.14,190646.74,11.888960102026783,2.3837099738681404,2022,8,79,66752,13227,1659312000000
2021,7,50,22268,392527.12,263100.26,46509.25,11.815172444763787,2.0886137057661216,2021,7,50,32480,-10212,1625097600000
2020,9,57,37,1132.65,929.01,80.86,25.10837837837838,2.1854054054054055,2020,9,57,81,-44,1598918400000
2022,2,180,24,977.95,838.7,51.9,34.94583333333333,2.1625,2022,2,180,286,-262,1643673600000
2016,6,60,71,1533.15,1330.5,103.98,18.739436619718308,1.4645070422535211,2016,6,60,721,-650,1464739200000
2021,5,167,402,12118.88,10314.96,80.43,25.659104477611937,0.20007462686567165,2021,5,167,933,-531,1619827200000
2017,8,244,7312,135516.62,113082.85,12370.73,15.465378829321663,1.691839442013129,2017,8,244,30147,-22835,1501545600000
2017,2,192,69,1429.03,1203.0,115.64,17.434782608695652,1.6759420289855071,2017,2,192,690,-621,1485907200000
2019,7,154,66,3443.51,2958.84,230.05,44.830909090909095,3.485606060606061,2019,7,154,143,-77,1561939200000
2021,11,214,5,299.88,230.48,34.2,46.096,6.840000000000001,2021,11,214,48,-43,1635724800000
2023,4,30,4,134.45,125.0,0.0,31.25,0.0,2023,4,30,30,-26,1680307200000
2021,4,235,689,21538.75,18824.08,130.27,27.320870827285923,0.18907111756168363,2021,4,235,1320,-631,1617235200000
2018,7,185,99,2512.55,2239.8,90.82,22.624242424242425,0.9173737373737373,2018,7,185,973,-874,1530403200000
2016,12,86,12,673.25,635.5,24.15,52.958333333333336,2.0124999999999997,2016,12,86,425,-413,1480550400000
2016,3,114,180222,2592246.69,2064035.47,299519.61,11.45273867785287,1.6619480973466059,2016,3,114,143106,37116,1456790400000
2018,12,209,17391,352471.3,290792.21,37083.9,16.720844689782073,2.1323615663274107,2018,12,209,22780,-5389,1543622400000
2021,7,14,359,15340.85,13225.02,329.14,36.83849582172702,0.9168245125348189,2021,7,14,2159,-1800,1625097600000
2022,8,148,31183,632547.31,433167.63,81948.69,13.89114677869352,2.6279924959112337,2022,8,148,32998,-1815,1659312000000
2024,11,138,104905,7052812.359999999,4529622.57,972620.98,43.178328678328015,9.271445402983652,2024,11,138,43119,61786,1730419200000
2025,2,22,597,14854.17,13280.87,52.2,22.24601340033501,0.08743718592964825,2025,2,22,989,-392,1738368000000
2019,7,93,2018,131028.88,100112.5,15114.619999999999,49.6097621407334,7.489900891972249,2019,7,93,4862,-2844,1561939200000
2020,7,87,3182,73676.22,54198.49,7840.86,17.03283783783784,2.4641294783155248,2020,7,87,3961,-779,1593561600000
2025,8,229,53591,1125649.78,705090.27,128654.29,13.156878393760147,2.400669702002202,2025,8,229,63171,-9580,1754006400000
2020,1,117,188,10074.46,8822.42,0.0,46.92776595744681,0.0,2020,1,117,667,-479,1577836800000
2021,11,93,337,22107.42,16912.17,2744.86,50.18448071216617,8.144985163204748,2021,11,93,460,-123,1635724800000
2019,10,236,298515,4600830.32,2959433.95,551540.84,9.913853407701456,1.8476151617171666,2019,10,236,312111,-13596,1569888000000
2024,5,163,107302,2669002.49,1784627.01,336035.68,16.631814970829993,3.1316814225270733,2024,5,163,91984,15318,1714521600000
2022,1,13,9973,223715.51,156501.95,29259.71,15.692564925298306,2.9338925097763964,2022,1,13,14192,-4219,1640995200000
2022,8,60,37,1021.9499999999999,907.28,27.52,24.521081081081082,0.7437837837837837,2022,8,60,223,-186,1659312000000
2017,5,56,316,10671.6,8642.5,980.47,27.349683544303797,3.102753164556962,2017,5,56,2676,-2360,1493596800000
2017,4,132,245295,13693066.23,11349387.03,1367025.3800000001,46.26831786216596,5.572985099573983,2017,4,132,89159,156136,1491004800000
2025,4,108,332,11449.91,10689.63,12.88,32.19768072289156,0.03879518072289157,2025,4,108,525,-193,1743465600000
2021,1,173,141,4819.47,4117.35,203.28,29.201063829787238,1.4417021276595745,2021,1,173,542,-401,1609459200000
2024,9,257,220,7602.3,6609.61,186.37,30.043681818181817,0.8471363636363637,2024,9,257,1616,-1396,1725148800000
2017,11,185,49,836.15,747.51,24.52,15.25530612244898,0.5004081632653061,2017,11,185,945,-896,1509494400000
2019,6,127,902,19182.04,16411.51,1018.45,18.194578713968955,1.1291019955654102,2019,6,127,5554,-4652,1559347200000
2022,5,251,3,281.91,235.0,28.759999999999998,78.33333333333333,9.586666666666666,2022,5,251,39,-36,1651363200000
2020,6,47,221,7310.9400000000005,6325.45,256.8,28.621945701357465,1.1619909502262444,2020,6,47,442,-221,1590969600000
2016,12,31,28,1288.71,1070.0,141.85,38.214285714285715,5.066071428571428,2016,12,31,463,-435,1480550400000
2019,5,246,126007,2269590.35,1517204.66,274251.92000000004,12.040637901068987,2.1764816240367604,2019,5,246,148897,-22890,1556668800000
2023,3,90,55731,1261400.8800000001,819986.02,164050.72999999998,14.713283809728877,2.9436171968922142,2023,3,90,48161,7570,1677628800000
2022,4,77,61,1997.3799999999999,1842.53,17.900000000000002,30.205409836065574,0.2934426229508197,2022,4,77,375,-314,1648771200000
2017,6,223,6603,130191.09,103225.04,12472.29,15.633051643192488,1.8888823262153567,2017,6,223,20539,-13936,1496275200000
2018,1,64,45,1297.95,1198.52,44.910000000000004,26.633777777777777,0.9980000000000001,2018,1,64,654,-609,1514764800000
2018,4,21,148,4451.45,4080.0,129.84,27.56756756756757,0.8772972972972973,2018,4,21,1198,-1050,1522540800000
2020,9,38,138,6555.34,5744.01,347.95,41.62326086956522,2.521376811594203,2020,9,38,300,-162,1598918400000
2019,7,30,18,854.73,772.59,16.53,42.92166666666667,0.9183333333333334,2019,7,30,46,-28,1561939200000
2021,11,180,48,2565.15,2226.26,180.04,46.38041666666667,3.750833333333333,2021,11,180,327,-279,1635724800000
2016,10,234,344762,5239442.5600000005,4220154.4,574801.51,12.240775955586754,1.6672414883310807,2016,10,234,295862,48900,1475280000000
2017,7,225,892,13209.92,10940.78,1052.97,12.265448430493274,1.1804596412556054,2017,7,225,9982,-9090,1498867200000
2021,9,71,218,8443.06,7227.37,221.02,33.153073394495415,1.0138532110091742,2021,9,71,870,-652,1630454400000
2021,9,253,36,1849.1000000000001,1471.97,170.53,40.88805555555555,4.736944444444444,2021,9,253,60,-24,1630454400000
2019,9,206,10,729.1800000000001,629.55,33.42,62.955,3.342,2019,9,206,131,-121,1567296000000
2020,5,162,6982,107049.81000000001,69933.6,11743.41,10.01627040962475,1.681955027212833,2020,5,162,5501,1481,1588291200000
2021,3,173,150,4311.27,3617.42,74.77,24.116133333333334,0.4984666666666666,2021,3,173,629,-479,1614556800000
2023,8,126,81,2528.85,2203.86,48.73,27.20814814814815,0.6016049382716049,2023,8,126,367,-286,1690848000000
2022,5,196,186,8567.77,6903.9800000000005,965.23,37.11817204301075,5.189408602150538,2022,5,196,1259,-1073,1651363200000
2019,6,262,82248,1370646.2200000002,903025.95,161133.0,10.97930587977823,1.9591114677560548,2019,6,262,87697,-5449,1559347200000
2023,1,174,108,3725.71,3317.61,88.0,30.718611111111112,0.8148148148148148,2023,1,174,402,-294,1672531200000
2023,11,66,885,27921.53,21881.27,3038.18,24.724598870056496,3.4329717514124294,2023,11,66,4171,-3286,1698796800000
2024,1,131,172,6074.94,5581.29,49.56,32.44936046511628,0.28813953488372096,2024,1,131,710,-538,1704067200000
2024,8,192,103,3117.3,2709.37,140.53,26.304563106796117,1.364368932038835,2024,8,192,394,-291,1722470400000
2024,10,192,117,3732.88,3274.64,98.56,27.988376068376066,0.8423931623931624,2024,10,192,406,-289,1727740800000
2021,10,245,6,430.18,351.65,14.38,58.60833333333333,2.396666666666667,2021,10,245,40,-34,1633046400000
2021,4,221,14,886.97,715.9300000000001,34.81,51.13785714285715,2.4864285714285717,2021,4,221,74,-60,1617235200000
2018,2,46,8,352.56,307.0,22.52,38.375,2.815,2018,2,46,113,-105,1517443200000
2016,5,244,12871,241866.71,200470.94,23929.01,15.575397405019036,1.8591414808484188,2016,5,244,46542,-33671,1462060800000
2021,2,36,314,10910.29,8733.78,672.3100000000001,27.81458598726115,2.141114649681529,2021,2,36,917,-603,1612137600000
2025,4,212,779,23473.37,20250.74,40.13,25.995815147625162,0.05151476251604622,2025,4,212,755,24,1743465600000
2017,2,131,45,1207.39,1074.41,48.38,23.87577777777778,1.0751111111111111,2017,2,131,1077,-1032,1485907200000
2020,11,245,3,250.5,211.38,0.0,70.46,0.0,2020,11,245,16,-13,1604188800000
2018,5,89,1146,26290.55,23136.97,1150.91,20.18932809773124,1.0042844677137872,2018,5,89,7991,-6845,1525132800000
2016,4,254,50,1191.7,1015.5,87.98,20.31,1.7596,2016,4,254,1018,-968,1459468800000
2019,4,187,6,516.1800000000001,453.4,15.0,75.56666666666666,2.5,2019,4,187,56,-50,1554076800000
2023,4,107,70417,1583563.5399999998,1033315.61,205186.9,14.674235056875471,2.9138830112046805,2023,4,107,63339,7078,1680307200000
2025,5,232,12586,299927.78,218337.0,13891.12,17.347608453837598,1.1036961703480057,2025,5,232,25954,-13368,1746057600000
2022,5,143,45038,790528.14,520253.11,103087.18,11.55142568497713,2.2888933789244637,2022,5,143,54946,-9908,1651363200000
2025,1,135,341,10674.73,9411.5,160.44,27.599706744868037,0.4704985337243402,2025,1,135,1057,-716,1735689600000
2023,4,33,1648,53595.57,41072.69,6905.58,24.92274878640777,4.190279126213592,2023,4,33,8240,-6592,1680307200000
2019,7,263,107630,1679388.72,1086738.8,193573.28,10.096987828672304,1.7985067360401374,2019,7,263,109835,-2205,1561939200000
2020,9,190,70,1840.76,1500.57,185.01,21.436714285714285,2.643,2020,9,190,242,-172,1598918400000
2024,10,151,29490,626653.38,442282.8,72656.01,14.997721261444557,2.4637507629704984,2024,10,151,32307,-2817,1727740800000
2017,11,61,1402,22160.86,18442.36,1968.28,13.15432239657632,1.4039087018544936,2017,11,61,14169,-12767,1509494400000
2025,11,18,981,29877.8,26866.85,57.22,27.387206931702345,0.058328236493374104,2025,11,18,1723,-742,1761955200000
2022,3,260,709,18691.01,14723.22,1890.15,20.76617771509168,2.665937940761636,2022,3,260,3078,-2369,1646092800000
2023,8,253,13,837.05,670.9699999999999,95.38,51.61307692307692,7.336923076923076,2023,8,253,86,-73,1690848000000
2017,5,123,105,1845.97,1558.86,138.49,14.846285714285713,1.318952380952381,2017,5,123,1415,-1310,1493596800000
2020,8,36,277,8453.06,7292.37,574.34,26.32624548736462,2.073429602888087,2020,8,36,867,-590,1596240000000
2021,6,163,72289,1212533.8800000001,787544.33,153107.43,10.894386836171478,2.1179907039798587,2021,6,163,63032,9257,1622505600000
2024,3,256,1784,53227.07,44211.35,3106.11,24.782146860986547,1.7410930493273544,2024,3,256,7083,-5299,1709251200000
2024,4,165,364,10701.41,9808.55,47.620000000000005,26.946565934065934,0.13082417582417583,2024,4,165,801,-437,1711929600000
2025,5,48,106835,2481444.73,1613461.81,264943.62,15.102371039453363,2.4799327935601627,2025,5,48,103606,3229,1746057600000
2020,5,122,58,2051.66,1850.96,47.1,31.913103448275862,0.8120689655172414,2020,5,122,104,-46,1588291200000
2018,6,230,285502,4794264.71,3811956.64,524135.57,13.351768604072827,1.8358385230226058,2018,6,230,270392,15110,1527811200000
2022,1,232,2777,59275.97,42251.13,6998.62,15.214666906733884,2.5202088584803746,2022,1,232,12199,-9422,1640995200000
2019,6,210,399,14679.72,13463.6,81.75,33.74335839598998,0.20488721804511278,2019,6,210,1220,-821,1559347200000
2021,6,55,441,21267.5,18772.45,123.85000000000001,42.56791383219955,0.2808390022675737,2021,6,55,884,-443,1622505600000
2024,4,126,228,7381.46,6572.62,25.46,28.827280701754386,0.11166666666666666,2024,4,126,398,-170,1711929600000
2025,6,77,1522,43067.99,39695.69,79.23,26.081268068331145,0.052056504599211566,2025,6,77,1876,-354,1748736000000
2025,7,65,5954,165227.03,136421.2,6127.0,22.912529392005375,1.0290560967416862,2025,7,65,7585,-1631,1751328000000
2025,11,115,42,1085.51,745.52,33.35,17.75047619047619,0.7940476190476191,2025,11,115,66,-24,1761955200000
2017,5,231,183967,3049242.06,2456673.65,360666.67,13.35388221800649,1.9604965564476238,2017,5,231,174790,9177,1493596800000
2022,5,183,32,1132.33,979.51,40.57,30.6096875,1.2678125,2022,5,183,191,-159,1651363200000
2020,4,170,5584,83390.76,54069.31,8720.37,9.68289935530086,1.5616708452722063,2020,4,170,5281,303,1585699200000
2020,4,226,560,10588.1,8696.72,710.61,15.529857142857141,1.2689464285714287,2020,4,226,863,-303,1585699200000
2024,12,191,363,15099.16,13878.71,135.33,38.233360881542694,0.37280991735537194,2024,12,191,920,-557,1733011200000
2018,4,58,6,245.44,214.5,10.48,35.75,1.7466666666666668,2018,4,58,223,-217,1522540800000
2016,11,201,24,574.23,485.88,46.33,20.245,1.9304166666666667,2016,11,201,342,-318,1477958400000
2018,8,182,269,7742.62,6847.21,161.04,25.454312267657993,0.5986617100371747,2018,8,182,1275,-1006,1533081600000
2021,6,111,8,143.97,112.6,12.57,14.075,1.57125,2021,6,111,43,-35,1622505600000
2017,1,258,141,3053.44,2655.62,196.6,18.83418439716312,1.3943262411347517,2017,1,258,1682,-1541,1483228800000
2023,11,37,361,11671.84,10018.89,778.64,27.75315789473684,2.156897506925208,2023,11,37,3219,-2858,1698796800000
2020,4,42,3200,46133.200000000004,38369.86,2274.46,11.99058125,0.7107687500000001,2020,4,42,5027,-1827,1585699200000
2017,10,41,31069,409535.06,332956.81,37399.17,10.716688982587145,1.2037455341337024,2017,10,41,58321,-27252,1506816000000
2025,2,61,4912,125741.24,112597.02,1066.0,22.922846091205212,0.21701954397394138,2025,2,61,7210,-2298,1738368000000
2017,1,50,86815,1200949.84,963708.18,130350.79,11.10071047630018,1.5014777400218855,2017,1,50,108316,-21501,1483228800000
2025,1,143,38739,781626.66,502285.8,87932.76,12.965894834662743,2.2698768682722834,2025,1,143,52668,-13929,1735689600000
2018,6,195,544,14764.84,12370.3,1144.7,22.73952205882353,2.104227941176471,2018,6,195,3528,-2984,1527811200000
2021,6,27,3,213.74,187.44,10.0,62.48,3.3333333333333335,2021,6,27,77,-74,1622505600000
2022,4,186,111979,2035515.08,1352477.73,261873.85,12.077958635101224,2.3385978620991437,2022,4,186,79328,32651,1648771200000
2022,11,149,45,1689.1299999999999,1574.45,27.93,34.98777777777778,0.6206666666666667,2022,11,149,403,-358,1667260800000
2021,1,41,10303,148471.01,115894.35,12520.56,11.248602348830438,1.2152343977482287,2021,1,41,15837,-5534,1609459200000
2021,1,227,229,6807.9,5904.95,292.31,25.785807860262008,1.27646288209607,2021,1,227,525,-296,1609459200000
2023,8,182,160,5006.24,4563.37,20.1,28.5210625,0.12562500000000001,2023,8,182,478,-318,1690848000000
2016,4,232,26775,449766.89,366982.49,49647.15,13.706162091503268,1.8542352941176472,2016,4,232,56499,-29724,1459468800000
2017,7,234,274710,3753492.66,2949573.71,447967.81,10.737045284117796,1.6306934949583196,2017,7,234,239112,35598,1498867200000
2021,9,91,295,12673.3,11134.59,118.25,37.744372881355936,0.40084745762711865,2021,9,91,1010,-715,1630454400000
2025,2,179,2149,53827.34,44394.91,1032.04,20.65840390879479,0.48024197301070265,2025,2,179,3163,-1014,1738368000000
2018,5,4,19131,288170.36,234871.22,29688.94,12.276996497830746,1.5518760127541686,2018,5,4,42133,-23002,1525132800000
2021,1,106,226,6113.26,5282.41,326.38,23.373495575221238,1.4441592920353983,2021,1,106,500,-274,1609459200000
2017,12,174,95,1688.32,1446.57,104.4,15.227052631578946,1.0989473684210527,2017,12,174,1113,-1018,1512086400000
2019,3,24,23541,360074.0,260526.69,39195.6,11.066933860073913,1.664992990951956,2019,3,24,26925,-3384,1551398400000
2017,12,159,469,6921.2300000000005,6099.08,233.33,13.004434968017057,0.49750533049040513,2017,12,159,2908,-2439,1512086400000
2019,5,249,145548,2442520.39,1594606.85,302415.45,10.955882938961718,2.0777712507214114,2019,5,249,119947,25601,1556668800000
2025,1,134,747,29046.91,24940.01,2038.93,33.38689424364123,2.729491298527443,2025,1,134,1409,-662,1735689600000
2018,8,115,8,405.0,339.0,0.0,42.375,0.0,2018,8,115,146,-138,1533081600000
2019,1,237,332781,4430260.13,3594246.86,451660.13,10.800637235899886,1.3572293189815525,2019,1,237,296347,36434,1546300800000
2020,4,141,8435,118903.5,75557.66,13375.24,8.95763604030824,1.5856834617664493,2020,4,141,6731,1704,1585699200000
2018,5,147,129,3212.47,2875.5,73.59,22.290697674418606,0.5704651162790698,2018,5,147,1011,-882,1525132800000
2020,7,89,730,25952.27,23254.7,1239.08,31.855753424657536,1.6973698630136986,2020,7,89,1301,-571,1593561600000
2020,11,16,148,6053.96,5425.49,380.05,36.65871621621621,2.5679054054054054,2020,11,16,310,-162,1604188800000
2021,2,17,739,21071.43,18039.26,528.09,24.410365358592692,0.7146008119079839,2021,2,17,2083,-1344,1612137600000
2017,4,196,757,16842.15,14055.18,1328.41,18.566948480845443,1.7548348745046236,2017,4,196,3892,-3135,1491004800000
2016,2,56,361,11795.61,9564.3,1154.3,26.493905817174515,3.197506925207756,2016,2,56,2981,-2620,1454284800000
2023,5,185,75,2496.52,2226.4,34.22,29.685333333333336,0.45626666666666665,2023,5,185,412,-337,1682899200000
2024,3,79,93295,2051464.76,1390547.65,226109.38,14.904846454793931,2.4235959054611715,2024,3,79,82259,11036,1709251200000
2022,9,184,4,324.98,274.4,41.83,68.6,10.4575,2022,9,184,28,-24,1661990400000
2016,10,259,50,1102.96,990.5,46.52,19.81,0.9304000000000001,2016,10,259,1186,-1136,1475280000000
2017,6,9,31,529.56,459.1,12.1,14.80967741935484,0.3903225806451613,2017,6,9,563,-532,1496275200000
2019,11,123,279,8101.13,7060.84,81.12,25.30767025089606,0.29075268817204303,2019,11,123,1199,-920,1572566400000
2021,10,248,152,7102.929999999999,6141.77,88.24,40.40638157894737,0.5805263157894737,2021,10,248,406,-254,1633046400000
2024,3,175,90,3493.66,3191.7,51.42,35.46333333333333,0.5713333333333334,2024,3,175,336,-246,1709251200000
2023,9,126,87,3004.64,2622.72,121.44,30.14620689655172,1.3958620689655172,2023,9,126,278,-191,1693526400000
2024,5,13,23160,752455.76,543964.74,90270.77,23.487251295336787,3.897701640759931,2024,5,13,27820,-4660,1714521600000
2025,4,91,2068,52789.47,48670.06,79.1,23.534845261121855,0.0382495164410058,2025,4,91,2160,-92,1743465600000
2018,4,48,291225,4094270.09,3272940.81,440947.41,11.238529693535925,1.5141124903425185,2018,4,48,248862,42363,1522540800000
2025,2,216,2855,111543.13,97985.25,6860.38,34.32057793345009,2.4029352014010508,2025,2,216,4100,-1245,1738368000000
2018,3,92,419,11117.15,9671.25,546.07,23.081742243436754,1.3032696897374703,2018,3,92,3881,-3462,1519862400000
2021,8,35,415,16639.579999999998,14383.3,86.42,34.658554216867465,0.20824096385542168,2021,8,35,1094,-679,1627776000000
2016,1,130,1094,51223.48,42034.96,5071.89,38.423180987202926,4.63609689213894,2016,1,130,2884,-1790,1451606400000
2025,1,213,681,22480.19,19593.04,201.16,28.770983847283407,0.2953891336270191,2025,1,213,739,-58,1735689600000
2016,1,3,32,787.15,666.81,69.62,20.8378125,2.175625,2016,1,3,611,-579,1451606400000
2018,7,203,145,6140.8,5629.98,229.16,38.82744827586207,1.5804137931034483,2018,7,203,1021,-876,1530403200000
2018,2,133,307,5764.17,4874.91,460.43,15.879185667752443,1.499771986970684,2018,2,133,2297,-1990,1517443200000
2018,11,1,679,63864.58,52927.81,7717.61,77.94964653902798,11.366141384388806,2018,11,1,16196,-15517,1541030400000
2021,5,206,32,2442.35,2223.45,20.21,69.4828125,0.6315625,2021,5,206,101,-69,1619827200000
2023,8,93,893,57161.85,43955.29,6989.16,49.222049272116465,7.826606942889137,2023,8,93,2063,-1170,1690848000000
2018,5,51,366,13557.6,12284.2,264.3,33.56338797814208,0.7221311475409836,2018,5,51,1258,-892,1525132800000
2017,12,72,120,2000.45,1767.0,89.48,14.725,0.7456666666666667,2017,12,72,1327,-1207,1512086400000
2016,8,256,13636,217201.39,176378.5,23266.35,12.934768260486946,1.7062444998533293,2016,8,256,32325,-18689,1470009600000
2018,10,204,1,48.8,48.0,0.0,48.0,0.0,2018,10,204,51,-50,1538352000000
2025,5,170,118644,2794789.9000000004,1796395.1199999999,320010.10000000003,15.141053234887561,2.6972295269883015,2025,5,170,123241,-4597,1746057600000
2019,7,38,225,8967.08,8103.13,176.65,36.01391111111111,0.7851111111111111,2019,7,38,1087,-862,1561939200000
2017,11,166,46213,703970.66,562404.69,81293.91,12.169837275225584,1.7591134529245018,2017,11,166,71484,-25271,1509494400000
2018,8,228,742,19119.15,16423.41,1279.58,22.13397574123989,1.7245013477088948,2018,8,228,4801,-4059,1533081600000
2017,1,223,5981,106807.37,84468.41,10202.89,14.122790503260324,1.7058836314997492,2017,1,223,20699,-14718,1483228800000
2018,5,225,992,20682.31,18107.14,1105.53,18.253165322580646,1.114445564516129,2018,5,225,9244,-8252,1525132800000
2018,10,73,52,1740.35,1541.97,68.1,29.653269230769233,1.3096153846153844,2018,10,73,470,-418,1538352000000
2020,6,19,32,1423.04,1265.0,55.0,39.53125,1.71875,2020,6,19,63,-31,1590969600000
2020,10,40,380,7472.49,5825.81,854.38,15.331078947368422,2.2483684210526316,2020,10,40,1128,-748,1601510400000
2020,11,252,104,3890.45,3280.55,348.77,31.543750000000003,3.353557692307692,2020,11,252,273,-169,1604188800000
2022,1,201,22,1360.59,1206.2,21.84,54.82727272727273,0.9927272727272727,2022,1,201,221,-199,1640995200000
2025,10,18,903,30049.34,27307.15,88.92,30.24047619047619,0.0984717607973422,2025,10,18,1498,-595,1759276800000
2016,11,149,44,863.44,730.94,86.85,16.612272727272728,1.9738636363636362,2016,11,149,1046,-1002,1477958400000
2023,4,150,33,1477.67,1339.5,30.22,40.59090909090909,0.9157575757575758,2023,4,150,277,-244,1680307200000
2024,6,7,2874,75323.2,64167.36,2927.22,22.32684759916493,1.0185177453027139,2024,6,7,8172,-5298,1717200000000
2023,2,62,185,5788.71,5018.64,348.62,27.127783783783787,1.8844324324324324,2023,2,62,1417,-1232,1675209600000
2017,4,214,8,297.0,235.07999999999998,26.0,29.384999999999998,3.25,2017,4,214,213,-205,1491004800000
2022,1,88,4908,115761.74,83728.31,13373.43,17.059557864710676,2.724822738386308,2022,1,88,6364,-1456,1640995200000
2021,4,227,287,10107.59,8752.31,136.16,30.495853658536582,0.4744250871080139,2021,4,227,693,-406,1617235200000
2017,11,167,161,2271.25,1982.05,76.94,12.310869565217391,0.47788819875776395,2017,11,167,1198,-1037,1509494400000
2019,11,184,7,359.24,345.27,3.12,49.324285714285715,0.44571428571428573,2019,11,184,62,-55,1572566400000
2020,11,240,50,2141.06,1818.54,132.0,36.3708,2.64,2020,11,240,152,-102,1604188800000
2022,10,97,1671,38808.77,30394.74,4727.98,18.189551166965888,2.829431478156792,2022,10,97,4902,-3231,1664582400000
2016,9,192,131,3649.02,3193.0,284.67,24.374045801526716,2.173053435114504,2016,9,192,925,-794,1472688000000
2019,6,162,247102,4487091.16,2964989.93,554672.18,11.9990527393546,2.244709391263527,2019,6,162,208351,38751,1559347200000
2019,4,252,151,5744.51,5016.03,183.01,33.2187417218543,1.2119867549668875,2019,4,252,1277,-1126,1554076800000
2017,3,55,101,2226.15,1860.53,155.08,18.42108910891089,1.5354455445544555,2017,3,55,835,-734,1488326400000
2018,7,96,12,305.39,233.94,48.34,19.495,4.028333333333333,2018,7,96,134,-122,1530403200000
2021,5,92,433,14767.05,12579.9,190.88,29.052886836027714,0.44083140877598154,2021,5,92,1515,-1082,1619827200000
2021,5,187,4,177.3,151.55,10.0,37.8875,2.5,2021,5,187,27,-23,1619827200000
2025,9,144,48018,1164762.65,793213.99,107800.05,16.519096797034447,2.2449925028114457,2025,9,144,44934,3084,1756684800000
2025,1,141,81660,1566140.77,975449.82,187918.84,11.945258633357824,2.301234876316434,2025,1,141,92673,-11013,1735689600000
2025,2,130,3427,94689.96,83254.97,1973.97,24.293834257367962,0.5760052524073533,2025,2,130,3578,-151,1738368000000
2017,1,69,455,6405.12,5590.11,242.83,12.285956043956043,0.5336923076923077,2017,1,69,3951,-3496,1483228800000
2016,7,166,40631,621240.06,501586.52,65529.72,12.344921857694864,1.6128010632275849,2016,7,166,64840,-24209,1467331200000
2025,9,15,141,5303.99,4519.49,176.23999999999998,32.053120567375885,1.2499290780141843,2025,9,15,584,-443,1756684800000
2018,4,160,166,4694.43,3927.91,362.29,23.66210843373494,2.1824698795180724,2018,4,160,2602,-2436,1522540800000
2016,6,93,1119,58569.86,47274.28,6042.52,42.24689901697945,5.399928507596068,2016,6,93,2188,-1069,1464739200000
2019,11,95,1173,31845.77,26264.82,1585.06,22.391150895140665,1.3512872975277066,2019,11,95,7398,-6225,1572566400000
2018,11,93,1165,69855.29,55224.99,8228.04,47.40342489270386,7.062695278969958,2018,11,93,855,310,1541030400000
2024,6,224,5993,138840.64,101201.85,11100.63,16.8866761221425,1.852265976973135,2024,6,224,14008,-8015,1717200000000
2017,12,147,106,1805.29,1588.0,72.05,14.981132075471699,0.6797169811320755,2017,12,147,993,-887,1512086400000
2019,1,254,651,24126.97,21835.01,39.99,33.54072196620584,0.06142857142857143,2019,1,254,1526,-875,1546300800000
2024,9,171,157,5569.84,4967.97,58.09,31.643121019108282,0.37,2024,9,171,684,-527,1725148800000
2021,9,7,2833,56155.22,45254.25,4387.18,15.973967525591245,1.5485986586657254,2021,9,7,10584,-7751,1630454400000
2022,6,211,24908,489719.74,332684.68,63895.63,13.356539264493335,2.565265376585836,2022,6,211,29447,-4539,1654041600000
2022,10,241,111,3560.62,3172.9100000000003,107.91,28.58477477477478,0.9721621621621621,2022,10,241,548,-437,1664582400000
2021,2,88,2392,56646.45,41695.46,5819.72,17.43121237458194,2.4329933110367894,2021,2,88,2709,-317,1612137600000
2016,12,189,3251,50448.68,40635.7,5722.29,12.499446324207936,1.7601630267609967,2016,12,189,11646,-8395,1480550400000
2016,3,79,392402,5719183.0,4547238.51,671231.1,11.588214407673762,1.7105700276756999,2016,3,79,320502,71900,1456790400000
2020,3,72,406,10454.13,9634.51,114.57,23.730320197044335,0.28219211822660095,2020,3,72,1040,-634,1583020800000
2024,5,31,31,1255.77,1068.07,67.94,34.453870967741935,2.1916129032258063,2024,5,31,193,-162,1714521600000
2019,9,80,2354,51259.71,40375.92,5344.86,17.152047578589634,2.2705437553101104,2019,9,80,10581,-8227,1567296000000
2017,9,195,891,23567.86,19917.89,1842.12,22.354534231200898,2.0674747474747472,2017,9,195,5321,-4430,1504224000000
2018,3,12,3584,72721.51,61706.5,6792.07,17.217215401785715,1.8951088169642856,2018,3,12,6087,-2503,1519862400000
2018,8,206,24,1660.86,1480.0,1.66,61.666666666666664,0.06916666666666667,2018,8,206,204,-180,1533081600000
2024,5,239,104127,2304160.71,1526071.04,283588.98,14.65586293660626,2.7234913134921777,2024,5,239,102811,1316,1714521600000
2024,9,40,859,25384.59,20386.86,1352.07,23.73324796274738,1.5740046565774155,2024,9,40,3054,-2195,1725148800000
2025,2,214,38,1301.89,934.0,25.08,24.57894736842105,0.6599999999999999,2025,2,214,91,-53,1738368000000
2023,4,164,75143,1832411.9400000002,1212343.57,228044.17,16.133819118214603,3.0348025764209576,2023,4,164,68711,6432,1680307200000
2017,4,134,447,13878.4,11334.64,1282.08,25.357136465324384,2.8681879194630873,2017,4,134,2320,-1873,1491004800000
2023,11,223,686,28593.72,21836.48,3110.88,31.831603498542272,4.5348104956268225,2023,11,223,4188,-3502,1698796800000
2018,11,196,674,21125.6,17433.79,1579.14,25.866157270029674,2.342937685459941,2018,11,196,2703,-2029,1541030400000
2021,9,22,147,6387.05,5501.09,53.040000000000006,37.422380952380955,0.3608163265306123,2021,9,22,713,-566,1630454400000
2016,8,133,791,13547.300000000001,11120.22,1219.63,14.05843236409608,1.5418836915297094,2016,8,133,3605,-2814,1470009600000
2018,1,200,88,2216.48,1880.2,166.61,21.365909090909092,1.8932954545454548,2018,1,200,2379,-2291,1514764800000
2019,8,8,125,5802.89,4397.34,690.04,35.17872,5.52032,2019,8,8,175,-50,1564617600000
2023,2,81,84,3163.16,2888.69,18.52,34.38916666666667,0.22047619047619046,2023,2,81,207,-123,1675209600000
2022,1,142,80186,1247682.43,789303.82,166050.32,9.843411817524256,2.0708143566208568,2022,1,142,70429,9757,1640995200000
2022,1,63,93,3427.24,2974.4700000000003,160.92,31.98354838709678,1.7303225806451612,2022,1,63,497,-404,1640995200000
2022,2,118,14,612.39,523.1,34.79,37.364285714285714,2.485,2022,2,118,51,-37,1643673600000
2023,10,149,102,3472.41,3144.97,66.3,30.833039215686274,0.65,2023,10,149,478,-376,1696118400000
2018,4,14,545,18954.99,16447.81,823.71,30.17946788990826,1.5113944954128442,2018,4,14,6770,-6225,1522540800000
2019,9,167,296,7322.4,6379.82,76.65,21.553445945945946,0.2589527027027027,2019,9,167,1139,-843,1567296000000
2025,6,158,46314,1130821.08,760497.35,107198.09,16.420463574729023,2.3145936433907672,2025,6,158,47030,-716,1748736000000
2016,8,92,628,14344.09,12286.88,933.92,19.565095541401273,1.4871337579617834,2016,8,92,4995,-4367,1470009600000
2018,11,231,134852,2263637.62,1821593.71,270587.26,13.508095615934506,2.006549847239937,2018,11,231,127997,6855,1541030400000
2019,9,111,14,302.9,249.45,18.240000000000002,17.817857142857143,1.302857142857143,2019,9,111,88,-74,1567296000000
2018,10,137,106377,1509366.5,1205113.14,164385.1,11.328700188950618,1.5453067862413867,2018,10,137,118697,-12320,1538352000000
2024,1,181,983,30688.67,25394.82,2607.14,25.833997965412003,2.6522278738555443,2024,1,181,7066,-6083,1704067200000
2023,1,12,794,23497.13,17696.34,2309.19,22.28758186397985,2.9082997481108315,2023,1,12,1180,-386,1672531200000
2024,5,158,38192,961046.42,666945.32,109131.99,17.462958734813572,2.8574567972350233,2024,5,158,39124,-932,1714521600000
2024,11,201,130,6621.6900000000005,6042.22,33.480000000000004,46.47861538461539,0.25753846153846155,2024,11,201,407,-277,1730419200000
2023,11,204,1,121.0,120.0,0.0,120.0,0.0,2023,11,204,15,-14,1698796800000
2025,7,155,1072,27727.46,25631.44,109.36,23.909925373134328,0.10201492537313432,2025,7,155,2176,-1104,1751328000000
2020,3,97,2917,49812.81,40915.39,3789.41,14.026530682207747,1.299077819677751,2020,3,97,4975,-2058,1583020800000
2025,2,123,553,13594.62,12298.04,76.36,22.238770343580473,0.13808318264014466,2025,2,123,1007,-454,1738368000000
2023,9,208,102,3762.59,3160.08,146.38,30.981176470588235,1.4350980392156862,2023,9,208,477,-375,1693526400000
2021,9,246,43453,792010.5700000001,524824.73,102680.32,12.077986099924056,2.363020274779647,2021,9,246,53958,-10505,1630454400000
2016,6,12,5499,114652.3,97806.81,9876.35,17.786290234588108,1.7960265502818695,2016,6,12,9266,-3767,1464739200000
2019,3,213,1008,33072.39,28990.94,73.67,28.760853174603174,0.07308531746031746,2019,3,213,2004,-996,1551398400000
2017,5,164,234250,3517635.19,2782346.2,391810.03,11.877678548559233,1.672614855923159,2017,5,164,209542,24708,1493596800000
2020,4,43,2724,38122.04,25033.18,4326.530000000001,9.189860499265786,1.5883002936857564,2020,4,43,2234,490,1585699200000
2021,4,49,754,22704.68,19480.5,731.75,25.836206896551722,0.9704907161803713,2021,4,49,2872,-2118,1617235200000
2020,4,134,33,833.4,706.29,54.04,21.402727272727272,1.6375757575757575,2020,4,134,106,-73,1585699200000
2018,10,233,112235,1814798.07,1433595.28,211573.71000000002,12.773157036575043,1.885095647525282,2018,10,233,129775,-17540,1538352000000
2019,12,220,318,9841.63,8536.86,207.17,26.845471698113208,0.6514779874213836,2019,12,220,2826,-2508,1575158400000
2024,9,142,107537,2413977.14,1601478.5899999999,300551.37,14.892349516910457,2.794864744227568,2024,9,142,95378,12159,1725148800000
2019,11,33,6303,131973.83,102898.74,14508.05,16.325359352689198,2.3017689988894174,2019,11,33,19087,-12784,1572566400000
2018,6,18,148,3614.67,3239.32,82.37,21.887297297297298,0.5565540540540541,2018,6,18,1297,-1149,1527811200000
2018,10,56,483,19439.35,16001.77,1478.34,33.1299585921325,3.060745341614907,2018,10,56,2275,-1792,1538352000000
2022,11,123,44,1692.48,1479.81,64.32,33.632045454545455,1.4618181818181817,2022,11,123,519,-475,1667260800000
2016,4,237,453043,5556733.93,4431812.5,595228.1,9.782321987096148,1.3138446019472765,2016,4,237,397573,55470,1459468800000
2021,8,203,150,7039.67,6260.71,53.29,41.73806666666667,0.3552666666666667,2021,8,203,699,-549,1627776000000
2023,7,9,43,1371.51,1252.3799999999999,29.98,29.125116279069765,0.6972093023255814,2023,7,9,479,-436,1688169600000
2024,4,31,34,1429.21,1188.82,97.13000000000001,34.965294117647055,2.856764705882353,2024,4,31,215,-181,1711929600000
2024,8,28,491,24319.31,20453.24,1847.43,41.65629327902241,3.7625865580448066,2024,8,28,1507,-1016,1722470400000
2025,7,37,7006,192653.54,164047.0,1354.22,23.415215529546103,0.19329431915501,2025,7,37,10205,-3199,1751328000000
2025,11,46,68,2935.51,2666.34,39.480000000000004,39.21088235294118,0.5805882352941177,2025,11,46,136,-68,1761955200000
2017,9,228,890,16031.75,13190.31,1460.74,14.820573033707864,1.6412808988764045,2017,9,228,5783,-4893,1504224000000
2016,7,72,192,5101.1,4130.72,671.89,21.514166666666668,3.4994270833333334,2016,7,72,2000,-1808,1467331200000
2016,8,178,165,3143.68,2621.34,315.78000000000003,15.886909090909091,1.913818181818182,2016,8,178,890,-725,1470009600000
2025,5,197,3553,111858.71,97786.11,4789.51,27.522124964818463,1.3480185758513932,2025,5,197,3639,-86,1746057600000
2019,8,169,323,10374.45,9187.61,85.26,28.444613003095977,0.2639628482972136,2019,8,169,1377,-1054,1564617600000
2022,6,157,298,14172.13,10750.87,1861.8799999999999,36.07674496644296,6.247919463087248,2022,6,157,1154,-856,1654041600000
2023,3,232,3627,102181.02,73778.86,11736.56,20.341566032533773,3.2358864074993106,2023,3,232,15354,-11727,1677628800000
2017,8,249,168091,2314446.81,1826807.88,274573.03,10.867969611698424,1.6334784729699985,2017,8,249,137716,30375,1501545600000
2018,6,170,289630,4265527.55,3351959.05,505860.64,11.573245347512342,1.7465754238165936,2018,6,170,282703,6927,1527811200000
2018,7,19,148,4650.43,4193.5,173.39,28.33445945945946,1.1715540540540539,2018,7,19,600,-452,1530403200000
2016,4,211,104750,1578068.1500000001,1273902.64,175707.52,12.161361718377087,1.6773987589498807,2016,4,211,107892,-3142,1459468800000
2021,11,35,311,11463.61,10146.99,49.8,32.62697749196141,0.16012861736334405,2021,11,35,794,-483,1635724800000
2020,7,9,85,3061.32,2756.25,130.97,32.4264705882353,1.5408235294117647,2020,7,9,128,-43,1593561600000
2022,9,125,17391,356020.81,239915.02,48406.23,13.795355068713702,2.783406934621356,2022,9,125,15686,1705,1661990400000
2017,7,121,67,2162.54,1756.3,254.54000000000002,26.213432835820896,3.7991044776119405,2017,7,121,1271,-1204,1498867200000
2023,7,32,64,2127.5,1959.3,3.3,30.6140625,0.0515625,2023,7,32,270,-206,1688169600000
2020,3,246,43681,763677.8500000001,501673.41,96093.83,11.484934181909754,2.1998999565028274,2020,3,246,50363,-6682,1583020800000
2024,1,124,133,6469.5199999999995,5837.68,237.96,43.892330827067674,1.7891729323308272,2024,1,124,699,-566,1704067200000
2025,9,224,9433,203566.47,141012.48,10093.75,14.948847662461572,1.0700466447577652,2025,9,224,16688,-7255,1756684800000
2020,3,182,199,5981.41,5198.88,58.330000000000005,26.12502512562814,0.29311557788944725,2020,3,182,668,-469,1583020800000
2016,6,28,837,31261.13,25548.2,2953.68,30.523536439665474,3.5288888888888885,2016,6,28,2915,-2078,1464739200000
2024,8,113,39867,870535.67,575905.4,105431.44,14.445666842250484,2.6445792259262046,2024,8,113,36288,3579,1722470400000
2025,8,169,997,25487.32,22814.41,180.93,22.883059177532598,0.18147442326980945,2025,8,169,1681,-684,1754006400000
2024,6,233,42983,1081870.91,731167.13,127784.1,17.010611869808994,2.972898587813787,2024,6,233,54414,-11431,1717200000000
2019,9,249,129786,2189471.76,1433914.99,271163.51,11.04830251336816,2.0893124836268937,2019,9,249,107764,22022,1567296000000
2023,9,265,2674,236407.23,210755.91,18546.36,78.81672026925953,6.935811518324607,2023,9,265,14139,-11465,1693526400000
2024,8,188,1284,38001.41,35459.95,518.51,27.61678348909657,0.4038239875389408,2024,8,188,3092,-1808,1722470400000
2016,2,146,10804,162123.46,134143.19,14658.26,12.416067197334321,1.3567437985931137,2016,2,146,12556,-1752,1454284800000
2016,8,85,333,6468.63,5413.0,543.71,16.255255255255257,1.6327627627627628,2016,8,85,1970,-1637,1470009600000
2025,6,61,8937,247994.46,221529.42,1999.58,24.787895266868077,0.22374174779008615,2025,6,61,12509,-3572,1748736000000
2020,11,17,703,19781.46,16912.76,1653.85,24.057980085348504,2.352560455192034,2020,11,17,2399,-1696,1604188800000
2025,5,240,156,4838.85,4178.04,79.0,26.782307692307693,0.5064102564102564,2025,5,240,304,-148,1746057600000
2018,12,144,83000,1278497.9900000002,1036511.38,139903.87000000002,12.488088915662651,1.6855887951807231,2018,12,144,73785,9215,1543622400000
2023,11,51,412,16128.03,14720.45,83.91,35.72924757281554,0.2036650485436893,2023,11,51,566,-154,1698796800000
2022,12,109,4,374.49,307.1,35.09,76.775,8.7725,2022,12,109,35,-31,1669852800000
2016,3,158,151734,2239757.0300000003,1779485.03,263529.96,11.727661763349019,1.7367891177982524,2016,3,158,139524,12210,1456790400000
2023,1,22,75,3720.45,3092.69,251.86,41.235866666666666,3.3581333333333334,2023,1,22,499,-424,1672531200000
2017,9,79,259749,3705123.2,2948524.84,432355.27,11.351438658089155,1.6645117786786476,2017,9,79,216766,42983,1504224000000
2023,12,113,49733,1161156.9,772414.83,150562.45,15.531233386282748,3.02741539822653,2023,12,113,43651,6082,1701388800000
2016,5,44,2,206.25,188.0,17.65,94.0,8.825,2016,5,44,54,-52,1462060800000
2023,3,72,217,7264.75,6672.16,50.39,30.747281105990783,0.23221198156682027,2023,3,72,748,-531,1677628800000
2024,12,107,75288,1741516.05,1155778.63,219056.14,15.351432233556475,2.9095757624056957,2024,12,107,70486,4802,1733011200000
2018,11,31,54,1893.93,1611.94,141.65,29.850740740740743,2.6231481481481485,2018,11,31,346,-292,1541030400000
2020,11,181,1060,25811.22,21554.78,2526.48,20.334698113207548,2.3834716981132074,2020,11,181,3337,-2277,1604188800000
2021,10,206,9,700.6,587.95,0.0,65.32777777777778,0.0,2021,10,206,103,-94,1633046400000
2020,8,41,9428,138225.38,110211.65,10503.33,11.689822868052609,1.1140570640644887,2020,8,41,13266,-3838,1596240000000
2024,5,224,5941,140966.54,103299.98,11038.67,17.387641811142906,1.8580491499747518,2024,5,224,14528,-8587,1714521600000
2018,2,11,60,1224.48,1030.5,121.30000000000001,17.175,2.021666666666667,2018,2,11,593,-533,1517443200000
2016,10,77,106,2308.46,1954.31,164.07,18.436886792452828,1.5478301886792452,2016,10,77,754,-648,1475280000000
2018,11,11,186,6860.42,6059.68,325.3,32.578924731182795,1.7489247311827958,2018,11,11,626,-440,1541030400000
2020,5,5,3,256.88,215.63,8.25,71.87666666666667,2.75,2020,5,5,19,-16,1588291200000
2023,6,150,25,1250.56,1069.6,75.56,42.784,3.0224,2023,6,150,248,-223,1685577600000
2024,11,69,667,21705.05,19666.96,199.69,29.485697151424286,0.29938530734632685,2024,11,69,1264,-597,1730419200000
2018,6,101,142,4701.11,4329.01,96.83,30.48598591549296,0.6819014084507042,2018,6,101,607,-465,1527811200000
2021,1,87,4759,107615.91,77667.41,12205.99,16.32011136793444,2.5648224416894303,2021,1,87,5972,-1213,1609459200000
2024,8,119,328,11727.71,10498.96,315.29,32.0090243902439,0.96125,2024,8,119,771,-443,1722470400000
2021,7,139,213,9038.64,7987.3,54.730000000000004,37.49906103286385,0.25694835680751177,2021,7,139,709,-496,1625097600000
2022,2,250,57,1495.79,1325.14,26.4,23.2480701754386,0.4631578947368421,2022,2,250,231,-174,1643673600000
2025,7,124,638,19292.73,16964.12,559.6,26.589529780564263,0.8771159874608151,2025,7,124,1691,-1053,1751328000000
2020,3,231,50216,966331.89,660087.24,119096.16,13.144958578938983,2.3716775529711644,2020,3,231,49938,278,1583020800000
2020,1,138,132640,5433815.800000001,3870935.08,714405.3099999999,29.183768697225574,5.386047270808202,2020,1,138,63178,69462,1577836800000
2018,6,208,154,5884.01,5114.0,256.7,33.20779220779221,1.6668831168831169,2018,6,208,1296,-1142,1527811200000
2024,12,187,2,125.46000000000001,117.96000000000001,5.0,58.980000000000004,2.5,2024,12,187,25,-23,1733011200000
2020,5,60,105,2888.97,2488.17,105.2,23.696857142857144,1.0019047619047619,2020,5,60,300,-195,1588291200000
2025,7,47,799,20714.23,18927.03,11.76,23.68839799749687,0.014718397997496871,2025,7,47,1087,-288,1751328000000
2019,1,82,2156,46448.87,38330.5,3144.82,17.77852504638219,1.4586363636363637,2019,1,82,6115,-3959,1546300800000
2016,7,25,11624,193827.41,159153.91,20935.21,13.691836717136958,1.801033207157605,2016,7,25,19800,-8176,1467331200000
2020,6,149,88,3339.94,2919.28,188.76,33.17363636363637,2.145,2020,6,149,217,-129,1590969600000
2020,1,107,142606,2294448.84,1474162.81,282903.86,10.337312665666241,1.9838145660070403,2020,1,107,131626,10980,1577836800000
2020,8,77,522,23851.49,21618.7,656.92,41.41513409961686,1.2584674329501915,2020,8,77,613,-91,1596240000000
2021,4,187,7,654.64,369.96,28.36,52.85142857142857,4.051428571428572,2021,4,187,32,-25,1617235200000
2025,7,76,5561,152566.86,141188.1,255.57,25.38897680273332,0.04595756158964215,2025,7,76,7154,-1593,1751328000000
2019,1,209,14328,285994.32,236885.04,28551.12,16.533015075376884,1.9926800670016749,2019,1,209,19315,-4987,1546300800000
2018,8,265,4087,334414.54,287640.15,34010.25,70.37928798629802,8.321568387570345,2018,8,265,21716,-17629,1533081600000
2025,1,57,34,910.79,787.15,27.25,23.151470588235295,0.8014705882352942,2025,1,57,63,-29,1735689600000
2020,8,149,172,5946.05,5300.74,320.19,30.81825581395349,1.8615697674418605,2020,8,149,320,-148,1596240000000
2020,3,61,1264,27780.38,24996.49,819.05,19.775704113924053,0.6479825949367088,2020,3,61,5126,-3862,1583020800000
2017,5,137,123159,1712699.62,1360874.84,192731.42,11.049739280117572,1.5648991953491016,2017,5,137,139101,-15942,1493596800000
2018,4,9,53,1479.27,1281.0,63.03,24.169811320754718,1.189245283018868,2018,4,9,552,-499,1522540800000
2019,10,128,50,1760.07,1606.9,44.730000000000004,32.138000000000005,0.8946000000000001,2019,10,128,437,-387,1569888000000
2021,7,188,683,23845.19,20286.43,750.45,29.70194729136164,1.0987554904831627,2021,7,188,2611,-1928,1625097600000
2022,11,230,101219,2186719.18,1482092.39,277389.92000000004,14.642432646044714,2.7404925952637353,2022,11,230,97330,3889,1667260800000
2018,6,193,5447,61491.64,53185.88,2782.07,9.76425188176978,0.5107527079126125,2018,6,193,7514,-2067,1527811200000
2018,7,210,193,7378.12,6821.15,143.86,35.342746113989634,0.7453886010362695,2018,7,210,1083,-890,1530403200000
2023,4,89,421,15652.64,13333.32,894.13,31.67059382422803,2.1238242280285036,2023,4,89,2932,-2511,1680307200000
2024,6,13,23836,754713.69,545720.67,88977.87,22.89480911226716,3.7329195334787713,2024,6,13,27628,-3792,1717200000000
2024,12,262,49195,1108055.4,735956.48,139129.29,14.959985364366297,2.8281185079784534,2024,12,262,57243,-8048,1733011200000
2019,8,54,162,3622.5,2787.12,402.63,17.204444444444444,2.4853703703703705,2019,8,54,1427,-1265,1564617600000
2017,11,205,52,1408.61,1266.5,57.6,24.35576923076923,1.1076923076923078,2017,11,205,1006,-954,1509494400000
2019,5,262,92555,1530193.2,1004480.59,179858.1,10.852796607422613,1.943256442115499,2019,5,262,99458,-6903,1556668800000
2024,8,132,183247,13659518.7,10664328.57,1537593.9900000002,58.19647017413655,8.390827626100291,2024,8,132,39138,144109,1722470400000
2024,12,93,639,45883.12,36287.81,5656.58,56.78843505477308,8.852237871674491,2024,12,93,1685,-1046,1733011200000
2025,1,170,95635,2096235.07,1314958.25,252418.2,13.749759502274271,2.6393914361896798,2025,1,170,100060,-4425,1735689600000
2025,6,186,129311,3189390.35,2099255.69,386025.86,16.23416174958047,2.9852515253922713,2025,6,186,93017,36294,1748736000000
2020,7,170,25585,418024.39,277947.0,45886.72,10.863670119210475,1.7935008794215361,2020,7,170,23278,2307,1593561600000
2016,2,247,1721,26396.420000000002,22291.5,1895.22,12.952643811737362,1.1012318419523532,2016,2,247,4157,-2436,1454284800000
2020,6,154,7,195.89,177.79,11.0,25.398571428571426,1.5714285714285714,2020,6,154,14,-7,1590969600000
2024,9,230,113531,3278336.8,2258535.21,397841.20999999996,19.893555152337246,3.5042517902599286,2024,9,230,109069,4462,1725148800000
2023,12,248,145,4710.74,4299.32,17.240000000000002,29.650482758620686,0.11889655172413795,2023,12,248,276,-131,1701388800000
2024,2,192,68,2364.19,2102.58,87.84,30.920294117647057,1.291764705882353,2024,2,192,260,-192,1706745600000
2017,7,125,51314,787305.66,625408.35,94192.81,12.187869782125736,1.8356162061035974,2017,7,125,47474,3840,1498867200000
2022,12,150,43,1721.32,1427.95,196.67000000000002,33.20813953488372,4.573720930232558,2022,12,150,255,-212,1669852800000
2018,9,143,92974,1242337.93,989320.5,143376.26,10.640829694323145,1.5421113429560953,2018,9,143,107292,-14318,1535760000000
2023,10,198,172,5466.1,4665.91,339.46999999999997,27.127383720930233,1.9736627906976743,2023,10,198,1837,-1665,1696118400000
2018,5,202,414,9324.58,7779.3,863.83,18.79057971014493,2.0865458937198067,2018,5,202,4073,-3659,1525132800000
2016,5,166,61078,969797.91,781035.14,106610.6,12.787503520089066,1.7454828252398573,2016,5,166,92387,-31309,1462060800000
2020,10,211,9302,159709.02,105918.58,19927.100000000002,11.386645882605892,2.142238228337992,2020,10,211,11886,-2584,1601510400000
2022,7,249,65169,1154719.84,755895.87,156337.62,11.599009805275514,2.3989568659945677,2022,7,249,51991,13178,1656633600000
2018,2,244,8177,144194.56,121289.99,12452.24,14.833067139537729,1.522837226366638,2018,2,244,29920,-21743,1517443200000
2021,10,79,98642,1773811.24,1169058.3,235401.14,11.85152673303461,2.386418969607267,2021,10,79,77938,20704,1633046400000
2024,1,142,104081,2185585.49,1397541.38,290634.59,13.427439974635138,2.792388524322403,2024,1,142,89674,14407,1704067200000
2016,12,204,5,398.14,321.39,37.25,64.27799999999999,7.45,2016,12,204,72,-67,1480550400000
2018,2,97,7602,114015.84,94007.25,10712.79,12.366120757695343,1.4092067876874508,2018,2,97,13897,-6295,1517443200000
2018,7,159,470,8289.98,7435.86,216.53,15.820978723404254,0.46070212765957447,2018,7,159,2580,-2110,1530403200000
2021,4,96,28,846.4399999999999,690.0699999999999,15.120000000000001,24.64535714285714,0.54,2021,4,96,120,-92,1617235200000
2023,5,102,62,2221.27,1890.77,161.5,30.496290322580645,2.6048387096774195,2023,5,102,574,-512,1682899200000
2023,5,171,63,2334.91,2096.11,18.45,33.2715873015873,0.29285714285714287,2023,5,171,634,-571,1682899200000
2023,5,17,517,16193.58,13796.65,1082.38,26.68597678916828,2.0935783365570604,2023,5,17,4237,-3720,1682899200000
2018,1,157,381,14604.3,11843.0,1456.83,31.083989501312335,3.8237007874015747,2018,1,157,2711,-2330,1514764800000
2023,2,64,24,1160.41,1016.9,60.71,42.37083333333333,2.5295833333333335,2023,2,64,367,-343,1675209600000
2024,2,117,254,12878.36,12013.04,0.0,47.295433070866146,0.0,2024,2,117,379,-125,1706745600000
2019,11,144,67791,1212991.93,822665.82,140090.05,12.13532504314732,2.066499240312136,2019,11,144,62303,5488,1572566400000
2018,4,69,588,10412.48,9307.4,298.0,15.82891156462585,0.5068027210884354,2018,4,69,4094,-3506,1522540800000
2019,6,31,76,2840.25,2428.68,119.9,31.95631578947368,1.5776315789473685,2019,6,31,503,-427,1559347200000
2016,8,59,5,47.96,40.0,2.46,8.0,0.492,2016,8,59,79,-74,1470009600000
2019,8,39,870,27600.83,24917.07,116.11,28.640310344827586,0.13345977011494253,2019,8,39,2740,-1870,1564617600000
2024,10,169,339,10972.53,10036.46,113.07,29.60607669616519,0.33353982300884955,2024,10,169,548,-209,1727740800000
2019,3,12,2553,59926.07,44453.35,5916.88,17.41220133176655,2.3176184880532706,2019,3,12,4171,-1618,1551398400000
2024,3,263,68955,1422631.02,937441.59,164267.16,13.594976288884054,2.382237111159452,2024,3,263,74442,-5487,1709251200000
2019,5,58,30,1091.07,915.28,38.41,30.509333333333334,1.2803333333333333,2019,5,58,183,-153,1556668800000
2020,3,46,16,550.41,492.95,18.4,30.809375,1.15,2020,3,46,43,-27,1583020800000
2021,5,62,397,12475.95,10665.3,425.99,26.864735516372793,1.073022670025189,2021,5,62,1300,-903,1619827200000
2024,6,135,196,7432.11,6677.38,176.93,34.06826530612245,0.9027040816326531,2024,6,135,835,-639,1717200000000
2025,1,229,57680,1198356.19,742987.04,147076.44,12.881190013869626,2.549868932038835,2025,1,229,71480,-13800,1735689600000
2021,2,224,2431,41901.1,28463.55,4585.13,11.708576717400247,1.886108597285068,2021,2,224,5883,-3452,1612137600000
2019,4,34,178,3256.46,2622.56,276.89,14.733483146067416,1.555561797752809,2019,4,34,810,-632,1554076800000
2017,5,142,303774,4153646.52,3306481.73,470009.6,10.884676535845728,1.5472344571951515,2017,5,142,266624,37150,1493596800000
2023,4,97,1327,36058.07,28712.34,3531.53,21.637030896759608,2.6612886209495104,2023,4,97,4536,-3209,1680307200000
2016,12,257,424,8444.0,6675.22,939.77,15.743443396226416,2.216438679245283,2016,12,257,5848,-5424,1480550400000
2019,12,38,215,8667.02,7697.77,94.09,35.803581395348836,0.4376279069767442,2019,12,38,763,-548,1575158400000
2020,5,218,148,6005.07,5367.55,126.5,36.26722972972973,0.8547297297297297,2020,5,218,248,-100,1588291200000
2018,7,171,77,2633.13,2237.56,172.57,29.05922077922078,2.241168831168831,2018,7,171,1238,-1161,1530403200000
2016,7,128,61,1301.75,1134.51,90.47,18.598524590163933,1.4831147540983607,2016,7,128,704,-643,1467331200000
2018,7,43,116098,1584649.9000000001,1287225.66,161481.7,11.087405984599217,1.3909085427828216,2018,7,43,95580,20518,1530403200000
2021,12,66,918,23674.87,18544.34,2641.68,20.200806100217864,2.8776470588235292,2021,12,66,3786,-2868,1638316800000
2020,9,252,97,3236.82,2735.49,211.25,28.200927835051544,2.1778350515463916,2020,9,252,236,-139,1598918400000
2021,6,74,14026,234753.04,183347.27,16663.86,13.071957079709112,1.1880692998716669,2021,6,74,27740,-13714,1622505600000
2017,8,190,410,6554.56,5393.0,643.31,13.153658536585366,1.5690487804878048,2017,8,190,1424,-1014,1501545600000
2020,1,96,13,358.65,285.2,42.41,21.93846153846154,3.262307692307692,2020,1,96,139,-126,1577836800000
2019,2,119,532,15182.48,13640.29,151.06,25.63964285714286,0.2839473684210526,2019,2,119,1575,-1043,1548979200000
2017,3,159,767,10346.04,8899.29,447.1,11.602724902216428,0.5829204693611474,2017,3,159,3414,-2647,1488326400000
2022,10,227,73,2817.35,2464.29,220.76,33.75739726027397,3.0241095890410956,2022,10,227,721,-648,1664582400000
2020,6,151,10007,144033.01,105502.92,14561.37,10.542911961626862,1.4551184171080245,2020,6,151,8267,1740,1590969600000
2024,12,209,7276,223522.96,163589.81,25245.62,22.483481308411214,3.469711379879054,2024,12,209,10557,-3281,1733011200000
2016,6,73,33,948.21,804.5,71.33,24.37878787878788,2.1615151515151516,2016,6,73,646,-613,1464739200000
2022,6,212,74,2377.63,2044.2,67.27,27.624324324324323,0.909054054054054,2022,6,212,278,-204,1654041600000
2016,1,176,3,93.89999999999999,91.5,0.0,30.5,0.0,2016,1,176,67,-64,1451606400000
2021,8,76,778,32420.88,28088.15,177.93,36.103020565552704,0.2287017994858612,2021,8,76,2148,-1370,1627776000000
2025,5,112,7389,173066.69,134765.97,3698.14,18.238729192042225,0.5004926241710651,2025,5,112,13100,-5711,1746057600000
2016,9,90,192848,2664704.98,2109139.78,307667.44,10.936798826018418,1.5953882850742553,2016,9,90,149183,43665,1472688000000
2021,3,207,121,2383.9,1942.38,50.769999999999996,16.052727272727275,0.4195867768595041,2021,3,207,120,1,1614556800000
2019,8,213,561,18942.07,16005.95,75.41,28.531105169340464,0.1344206773618538,2019,8,213,1590,-1029,1564617600000
2021,9,168,735,19481.32,16211.26,620.38,22.05613605442177,0.8440544217687075,2021,9,168,2689,-1954,1630454400000
2019,1,235,702,19832.41,18097.21,107.91,25.779501424501422,0.15371794871794872,2019,1,235,1853,-1151,1546300800000
2017,5,132,251421,14040591.22,11604686.42,1440088.0,46.15639274364512,5.727795212014907,2017,5,132,99154,152267,1493596800000
2023,7,257,66,2783.52,2210.94,330.43,33.49909090909091,5.006515151515152,2023,7,257,1311,-1245,1688169600000
2019,1,6,33,1259.66,741.5,16.2,22.46969696969697,0.4909090909090909,2019,1,6,185,-152,1546300800000
2020,11,4,1437,29095.99,21566.57,2681.38,15.008051496172582,1.8659568545581073,2020,11,4,7044,-5607,1604188800000
2020,7,66,204,5822.61,5078.78,416.64,24.89598039215686,2.0423529411764707,2020,7,66,697,-493,1593561600000
2019,8,131,219,7200.55,6475.69,37.78,29.569360730593605,0.17251141552511415,2019,8,131,1246,-1027,1564617600000
2018,4,124,144,6863.86,5885.5,442.25,40.87152777777778,3.0711805555555554,2018,4,124,990,-846,1522540800000
2020,6,28,131,4807.31,4191.82,134.41,31.99862595419847,1.026030534351145,2020,6,28,298,-167,1590969600000
2021,1,92,411,14993.12,12875.26,557.85,31.326666666666668,1.3572992700729927,2021,1,92,982,-571,1609459200000
2021,3,183,170,6121.39,5195.7,31.79,30.562941176470588,0.187,2021,3,183,267,-97,1614556800000
2021,1,205,528,21518.77,18905.75,809.62,35.806344696969695,1.5333712121212122,2021,1,205,950,-422,1609459200000
2022,3,98,43,1307.42,1122.29,78.13,26.099767441860465,1.8169767441860465,2022,3,98,429,-386,1646092800000
2022,5,11,39,1927.85,1775.5600000000002,63.99,45.52717948717949,1.6407692307692308,2022,5,11,223,-184,1651363200000
2017,4,184,8,178.23,147.0,10.809999999999999,18.375,1.3512499999999998,2017,4,184,71,-63,1491004800000
2017,4,179,6399,94132.35,78391.86,7901.64,12.250642287857477,1.2348241912798876,2017,4,179,14388,-7989,1491004800000
2018,2,169,158,2474.52,2137.7,114.75,13.529746835443037,0.7262658227848101,2018,2,169,1450,-1292,1517443200000
2018,6,242,208,4940.41,4357.05,186.98,20.94735576923077,0.8989423076923077,2018,6,242,1000,-792,1527811200000
2021,10,166,20087,370153.57,268919.32,47154.01,13.38772937720914,2.347488923184149,2021,10,166,27148,-7061,1633046400000
2021,11,24,11217,199613.68,142509.51,25608.64,12.70477935276812,2.2830204154408484,2021,11,24,13056,-1839,1635724800000
2020,3,60,118,2709.43,2370.63,48.19,20.090084745762713,0.40838983050847455,2020,3,60,432,-314,1583020800000
2022,7,51,212,8550.34,7636.46,67.01,36.021037735849056,0.3160849056603774,2022,7,51,523,-311,1656633600000
2016,11,195,597,13952.22,11380.81,1414.83,19.063333333333333,2.3698994974874372,2016,11,195,4152,-3555,1477958400000
2024,3,97,1942,55620.51,46768.48,3413.13,24.08263645726056,1.7575334706488157,2024,3,97,4219,-2277,1709251200000
2022,10,87,22840,595126.0499999999,425951.75,77115.40000000001,18.64937609457093,3.376330998248687,2022,10,87,28953,-6113,1664582400000
2022,5,198,157,5405.25,4323.72,630.28,27.539617834394907,4.014522292993631,2022,5,198,2196,-2039,1651363200000
2023,7,137,32357,696254.12,456513.22,82377.34,14.108638625336093,2.5458892975244924,2023,7,137,37885,-5528,1688169600000
2017,9,130,782,39546.88,32196.37,3727.07,41.171828644501275,4.766074168797954,2017,9,130,2526,-1744,1504224000000
2019,11,49,1477,31070.39,26070.43,1875.45,17.650934326337172,1.2697698036560596,2019,11,49,10005,-8528,1572566400000
2019,12,60,142,4087.57,3488.05,47.92,24.5637323943662,0.3374647887323944,2019,12,60,559,-417,1575158400000
2024,5,188,1555,48615.56,45274.78,384.06,29.115614147909966,0.246983922829582,2024,5,188,3195,-1640,1714521600000
2022,7,151,27381,468345.88,328291.45,60631.7,11.989753843906358,2.2143712793542965,2022,7,151,29151,-1770,1656633600000
2022,8,218,197,6808.15,6289.990000000001,100.96,31.92888324873097,0.51248730964467,2022,8,218,1381,-1184,1659312000000
2025,4,233,41334,1003941.16,650246.43,113482.13,15.731514733633329,2.74549112111095,2025,4,233,56114,-14780,1743465600000
2020,9,45,1471,32964.16,25207.02,2941.83,17.13597552685248,1.9998844323589395,2020,9,45,2887,-1416,1598918400000
2016,8,77,142,3063.52,2470.1,350.95,17.39507042253521,2.4714788732394366,2016,8,77,949,-807,1470009600000
2023,3,119,152,4945.96,4332.26,142.3,28.50171052631579,0.9361842105263158,2023,3,119,584,-432,1677628800000
2016,5,206,270,4313.67,3533.18,473.67,13.085851851851851,1.7543333333333333,2016,5,206,483,-213,1462060800000
2017,5,49,4282,64070.98,52597.87,6202.72,12.283482017748716,1.448556749182625,2017,5,49,20281,-15999,1493596800000
2020,3,249,57279,934378.68,601755.66,120648.54999999999,10.505694233488713,2.106331290699907,2020,3,249,48003,9276,1583020800000
2023,2,2,2,188.45999999999998,140.0,26.11,70.0,13.055,2023,2,2,2,0,1675209600000
2019,4,8,97,4104.03,3094.0,490.19,31.896907216494846,5.053505154639176,2019,4,8,195,-98,1554076800000
2020,3,199,8,596.77,538.4,6.84,67.3,0.855,2020,3,199,2,6,1583020800000
2018,8,255,7478,123731.77,100300.25,13385.04,13.41271061781225,1.7899224391548543,2018,8,255,21799,-14321,1533081600000
2022,4,206,6,314.62,293.7,10.57,48.949999999999996,1.7616666666666667,2022,4,206,103,-97,1648771200000
2017,12,84,2,0.0,0.0,0.0,0.0,0.0,2017,12,84,73,-71,1512086400000
2016,9,140,174246,2588293.92,2096617.11,280580.96,12.032512138011777,1.610257681668446,2016,9,140,177516,-3270,1472688000000
2020,10,190,75,1922.51,1568.69,218.86,20.915866666666666,2.9181333333333335,2020,10,190,291,-216,1601510400000
2019,8,44,35,1764.72,1642.0,0.0,46.91428571428571,0.0,2019,8,44,79,-44,1564617600000
2021,5,194,127,6076.5199999999995,4428.76,667.12,34.87212598425197,5.252913385826772,2021,5,194,712,-585,1619827200000
2024,9,233,39213,997682.73,683830.16,113627.84,17.43886364215949,2.897708413026292,2024,9,233,49917,-10704,1725148800000
2020,8,85,338,12596.66,11395.06,489.45,33.71319526627219,1.448076923076923,2020,8,85,501,-163,1596240000000
2023,6,121,150,5366.99,4814.29,155.9,32.09526666666667,1.0393333333333334,2023,6,121,709,-559,1685577600000
2022,8,176,6,546.9,435.5,0.0,72.58333333333333,0.0,2022,8,176,26,-20,1659312000000
2020,12,35,962,31003.89,26601.69,2489.5,27.652484407484405,2.5878378378378377,2020,12,35,1391,-429,1606780800000
2018,12,168,1768,35907.030000000006,31351.94,1343.86,17.73299773755656,0.7601018099547511,2018,12,168,6818,-5050,1543622400000
2018,9,106,1288,22588.63,18529.48,2037.1399999999999,14.386242236024845,1.5816304347826087,2018,9,106,4192,-2904,1535760000000
2024,5,67,120,4085.59,3769.5099999999998,30.34,31.41258333333333,0.25283333333333335,2024,5,67,489,-369,1714521600000
2019,10,157,735,37670.83,29033.68,3971.7,39.501605442176874,5.403673469387755,2019,10,157,2527,-1792,1569888000000
2019,5,261,42905,1039893.76,754632.23,114958.16,17.588444936487587,2.6793651089616595,2019,5,261,34169,8736,1556668800000
2017,5,29,62,1672.02,1477.5,75.19,23.830645161290324,1.2127419354838709,2017,5,29,872,-810,1493596800000
2018,7,130,1051,48022.92,39452.33,4215.97,37.537897240723126,4.011389153187441,2018,7,130,2773,-1722,1530403200000
2020,5,261,571,13817.82,10523.92,1131.36,18.430683012259195,1.9813660245183886,2020,5,261,646,-75,1588291200000
2025,2,69,1096,31206.71,28149.06,95.30000000000001,25.68344890510949,0.08695255474452555,2025,2,69,1392,-296,1738368000000
2025,3,80,4709,127698.17,107114.75,2682.42,22.746814610320662,0.5696368655765556,2025,3,80,6313,-1604,1740787200000
2020,3,258,152,4154.75,3661.21,46.83,24.086907894736843,0.3080921052631579,2020,3,258,800,-648,1583020800000
2023,8,222,176,6998.0199999999995,6425.62,24.2,36.509204545454544,0.13749999999999998,2023,8,222,332,-156,1690848000000
2023,7,180,62,2861.49,2405.83,184.46,38.803709677419356,2.9751612903225806,2023,7,180,420,-358,1688169600000
2018,6,49,2872,44941.36,37475.32,3852.75,13.048509749303621,1.3414867688022285,2018,6,49,15390,-12518,1527811200000
2020,11,58,7,209.38,172.29,19.25,24.61285714285714,2.75,2020,11,58,70,-63,1604188800000
2023,10,60,89,3400.48,3001.68,108.69,33.726741573033706,1.2212359550561798,2023,10,60,217,-128,1696118400000
2016,10,190,651,10582.74,8827.0,1007.24,13.559139784946236,1.5472196620583718,2016,10,190,2242,-1591,1475280000000
2018,4,146,8791,125547.79000000001,104732.75,10627.39,11.913633261289956,1.2088943237401888,2018,4,146,11829,-3038,1522540800000
2021,6,128,65,2569.87,2171.54,59.08,33.408307692307694,0.908923076923077,2021,6,128,221,-156,1622505600000
2021,4,179,876,20232.83,16852.36,809.24,19.23785388127854,0.9237899543378996,2021,4,179,2438,-1562,1617235200000
2025,9,117,765,36104.55,34189.22,58.43,44.691790849673204,0.07637908496732027,2025,9,117,940,-175,1756684800000
2025,6,184,101,6082.28,5600.59,32.43,55.45138613861386,0.3210891089108911,2025,6,184,152,-51,1748736000000
2019,3,90,143439,2301931.33,1489592.0,276121.60000000003,10.384846520123537,1.925010631697098,2019,3,90,120245,23194,1551398400000
2023,2,51,209,8959.77,8035.7,20.31,38.448325358851676,0.09717703349282296,2023,2,51,469,-260,1675209600000
2022,8,169,81,2415.17,2136.9300000000003,90.94,26.381851851851856,1.122716049382716,2022,8,169,554,-473,1659312000000
2021,10,227,103,3699.76,3205.4300000000003,110.18,31.120679611650488,1.0697087378640777,2021,10,227,629,-526,1633046400000
2022,7,59,7,114.3,100.75,0.0,14.392857142857142,0.0,2022,7,59,15,-8,1656633600000
2022,11,201,49,1844.41,1693.47,14.24,34.56061224489796,0.29061224489795917,2022,11,201,325,-276,1667260800000
2025,4,15,121,4248.84,3668.55,32.04,30.318595041322315,0.2647933884297521,2025,4,15,509,-388,1743465600000
2023,2,142,92944,1987342.35,1273858.53,265161.05,13.705656416767086,2.8529119684971596,2023,2,142,80289,12655,1675209600000
2022,12,234,86800,1724470.18,1134958.79,226659.44,13.075562096774194,2.611283870967742,2022,12,234,73081,13719,1669852800000
2024,10,1,555,52063.52,44524.61,6010.0199999999995,80.22452252252252,10.828864864864864,2024,10,1,10622,-10067,1727740800000
2016,12,237,421793,5134464.47,4096295.24,545039.87,9.7116245172395,1.2921975234297391,2016,12,237,364274,57519,1480550400000
2017,9,6,22,432.41,202.0,23.830000000000002,9.181818181818182,1.0831818181818182,2017,9,6,169,-147,1504224000000
2018,7,31,51,1977.66,1662.5,209.53,32.59803921568628,4.10843137254902,2018,7,31,423,-372,1530403200000
2021,3,169,458,13771.61,11931.29,100.06,26.050851528384282,0.218471615720524,2021,3,169,1113,-655,1614556800000
2022,6,31,19,920.38,718.16,106.07,37.7978947368421,5.582631578947368,2022,6,31,263,-244,1654041600000
2023,12,15,28,1160.23,1016.59,42.37,36.306785714285716,1.5132142857142856,2023,12,15,317,-289,1701388800000
2019,10,68,172072,3149416.6,2121313.11,369935.31,12.328055174578083,2.149886733460412,2019,10,68,162849,9223,1569888000000
2019,9,52,3265,62954.37,47949.92,8106.96,14.686039816232771,2.482989280245023,2019,9,52,5086,-1821,1567296000000
2021,12,44,59,5155.28,4722.0,48.029999999999994,80.03389830508475,0.8140677966101694,2021,12,44,71,-12,1638316800000
2022,10,195,421,17748.11,14480.28,1596.68,34.39496437054632,3.7925890736342045,2022,10,195,2121,-1700,1664582400000
2020,9,240,51,2018.74,1643.36,164.17,32.22274509803921,3.219019607843137,2020,9,240,156,-105,1598918400000
2023,2,205,199,7290.07,6615.41,65.51,33.24326633165829,0.3291959798994975,2023,2,205,834,-635,1675209600000
2017,4,67,55,1082.75,934.8,64.02,16.996363636363636,1.164,2017,4,67,1570,-1515,1491004800000
2016,11,129,5738,85880.5,72204.9,5473.82,12.5836354130359,0.9539595677936563,2016,11,129,17380,-11642,1477958400000
2018,7,95,1228,27504.11,23121.98,1819.63,18.828973941368076,1.48178338762215,2018,7,95,9463,-8235,1530403200000
2019,1,242,533,16203.0,14492.78,81.03,27.19095684803002,0.15202626641651032,2019,1,242,1280,-747,1546300800000
2024,1,120,15,750.85,633.85,67.68,42.25666666666667,4.5120000000000005,2024,1,120,131,-116,1704067200000
2016,4,194,639,27576.65,21101.13,3419.43,33.02211267605634,5.351220657276995,2016,4,194,1951,-1312,1459468800000
2022,9,50,25212,490260.08,333393.62,60034.81,13.223608599079803,2.3811998254799303,2022,9,50,37253,-12041,1661990400000
2022,5,146,2201,43169.92,33387.94,4385.93,15.16944116310768,1.9926987732848707,2022,5,146,4150,-1949,1651363200000
2022,3,187,3,209.66,146.4,2.56,48.800000000000004,0.8533333333333334,2022,3,187,22,-19,1646092800000
2016,5,47,146,2749.05,2375.0,175.47,16.267123287671232,1.2018493150684932,2016,5,47,1128,-982,1462060800000
2024,6,20,168,6054.35,5435.8,168.65,32.35595238095238,1.0038690476190477,2024,6,20,389,-221,1717200000000
2021,3,126,244,7537.26,6268.5,115.35,25.690573770491802,0.4727459016393442,2021,3,126,640,-396,1614556800000
2020,7,15,56,2154.5,1849.57,112.75,33.028035714285714,2.013392857142857,2020,7,15,120,-64,1593561600000
2018,6,130,1053,49371.06,40133.16,4713.94,38.1131623931624,4.476676163342829,2018,6,130,2787,-1734,1527811200000
2023,8,176,3,49.64,41.2,0.0,13.733333333333334,0.0,2023,8,176,33,-30,1690848000000
2023,9,40,405,12981.4,9770.39,1494.04,24.124419753086418,3.6889876543209876,2023,9,40,2470,-2065,1693526400000
2019,4,234,227947,3802127.91,2462283.64,471071.47000000003,10.802000640499767,2.0665833285807667,2019,4,234,197119,30828,1554076800000
2016,6,254,59,1224.64,1057.0,77.42999999999999,17.915254237288135,1.312372881355932,2016,6,254,989,-930,1464739200000
2025,1,180,294,7836.28,6956.59,131.69,23.66187074829932,0.4479251700680272,2025,1,180,614,-320,1735689600000
2025,3,255,7399,198315.15,163115.86,5605.99,22.045662927422622,0.7576686038653871,2025,3,255,10850,-3451,1740787200000
2024,5,232,5560,155498.1,120420.46,11571.73,21.658356115107914,2.0812464028776976,2024,5,232,17130,-11570,1714521600000
2019,4,30,8,457.26,423.18,7.2,52.8975,0.9,2019,4,30,54,-46,1554076800000
2019,3,120,53,2264.79,2014.46,116.14,38.00867924528302,2.191320754716981,2019,3,120,393,-340,1551398400000
2019,4,52,3813,74361.1,56929.5,9372.06,14.930369787568843,2.457922895357986,2019,4,52,6359,-2546,1554076800000
2019,6,177,546,15028.81,13721.59,162.13,25.131117216117218,0.2969413919413919,2019,6,177,1832,-1286,1559347200000
2020,6,33,441,10548.36,8806.78,927.21,19.970022675736963,2.1025170068027212,2020,6,33,1152,-711,1590969600000
2024,7,80,1638,52655.67,44760.08,2447.5099999999998,27.326056166056166,1.494206349206349,2024,7,80,3997,-2359,1719792000000
2025,1,56,638,21740.31,18158.76,714.13,28.462006269592475,1.1193260188087775,2025,1,56,1329,-691,1735689600000
2020,4,177,129,3630.67,3169.7200000000003,225.22,24.571472868217057,1.745891472868217,2020,4,177,239,-110,1585699200000
2021,4,88,4368,104006.23000000001,76099.95,11217.210000000001,17.422149725274725,2.5680425824175828,2021,4,88,5095,-727,1617235200000
2021,7,42,5819,112845.94,92702.35,6502.3,15.930976112734148,1.1174256745145215,2021,7,42,15638,-9819,1625097600000
2022,9,116,2952,65541.61,51575.86,6851.56,17.4714972899729,2.320989159891599,2022,9,116,8428,-5476,1661990400000
2022,11,171,29,1007.31,864.07,55.589999999999996,29.79551724137931,1.9168965517241379,2022,11,171,516,-487,1667260800000
2025,6,259,670,22823.5,20750.03,47.989999999999995,30.970194029850745,0.07162686567164178,2025,6,259,1056,-386,1748736000000
2021,5,248,314,11484.73,9877.81,106.06,31.457993630573245,0.3377707006369427,2021,5,248,560,-246,1619827200000
2022,11,49,510,15189.45,12207.88,1963.78,23.937019607843137,3.850549019607843,2022,11,49,4586,-4076,1667260800000
2017,12,171,76,1885.6299999999999,1521.0,229.66,20.013157894736842,3.0218421052631577,2017,12,171,1220,-1144,1512086400000
2021,11,106,222,6155.14,4952.09,598.8100000000001,22.306711711711714,2.697342342342343,2021,11,106,1292,-1070,1635724800000
2020,7,188,890,32043.65,29212.61,1325.83,32.823157303370785,1.489696629213483,2020,7,188,1379,-489,1593561600000
2020,2,265,2942,253619.01,218232.48,26204.649999999998,74.17827328348064,8.907087015635621,2020,2,265,13644,-10702,1580515200000
2023,10,48,90030,2214791.77,1489335.45,272626.03,16.542657447517495,3.0281687215372655,2023,10,48,83195,6835,1696118400000
2021,8,9,120,4265.66,3682.16,100.55,30.684666666666665,0.8379166666666666,2021,8,9,482,-362,1627776000000
2025,10,193,3461,63624.69,50108.65,1557.55,14.478084368679573,0.4500288933834152,2025,10,193,4240,-779,1759276800000
2019,9,252,144,5116.82,4446.2300000000005,172.97,30.876597222222227,1.2011805555555555,2019,9,252,1169,-1025,1567296000000
2022,10,211,26836,529969.48,361605.09,68642.43,13.4746269935907,2.5578487852138916,2022,10,211,30145,-3309,1664582400000
2016,12,211,91046,1375789.75,1113235.65,150822.57,12.227178019902027,1.656553500428355,2016,12,211,91244,-198,1480550400000
2023,7,42,2629,62864.49,51531.42,3566.62,19.601148725751237,1.3566451122099656,2023,7,42,10962,-8333,1688169600000
2024,12,100,55351,1427818.99,988640.96,168091.09,17.861302596159057,3.036821195642355,2024,12,100,50738,4613,1733011200000
2017,10,55,38,1343.74,1112.2,144.72,29.26842105263158,3.8084210526315787,2017,10,55,767,-729,1506816000000
2019,10,75,51120,790535.27,578637.67,74831.62,11.319203247261347,1.463842331768388,2019,10,75,85661,-34541,1569888000000
2016,11,133,582,10188.2,8360.6,897.82,14.365292096219932,1.5426460481099658,2016,11,133,3079,-2497,1477958400000
2020,6,127,247,7633.68,6618.58,372.74,26.79587044534413,1.5090688259109313,2020,6,127,906,-659,1590969600000
2019,4,33,7804,161487.01,126048.83,17601.24,16.151823423885187,2.2554126089185034,2019,4,33,21753,-13949,1554076800000
2020,2,59,15,571.01,477.55,0.0,31.836666666666666,0.0,2020,2,59,40,-25,1580515200000
2017,11,52,5050,90361.81,73255.92,11695.84,14.506122772277227,2.3160079207920794,2017,11,52,7401,-2351,1509494400000
2020,10,124,180,5929.2,5004.06,459.11,27.800333333333334,2.5506111111111114,2020,10,124,369,-189,1601510400000
2023,5,92,236,9305.02,8159.72,318.45,34.575084745762716,1.349364406779661,2023,5,92,2575,-2339,1682899200000
2021,4,195,240,7774.74,6554.9800000000005,199.84,27.312416666666667,0.8326666666666667,2021,4,195,789,-549,1617235200000
2017,10,160,130,3812.54,3167.0,322.57,24.361538461538462,2.481307692307692,2017,10,160,2718,-2588,1506816000000
2023,11,201,47,2286.15,2103.85,10.0,44.76276595744681,0.2127659574468085,2023,11,201,316,-269,1698796800000
2025,9,208,591,20103.36,17829.25,153.66,30.16793570219966,0.26,2025,9,208,1396,-805,1756684800000
2025,11,211,34737,791649.37,514754.65,85400.54,14.818627112301005,2.4584892189883982,2025,11,211,36858,-2121,1761955200000
2021,12,86,141,8175.88,7421.77,8.66,52.63666666666667,0.06141843971631206,2021,12,86,619,-478,1638316800000
2022,8,258,71,2206.96,1962.65,105.06,27.642957746478874,1.4797183098591549,2022,8,258,907,-836,1659312000000
2022,10,247,407,11263.43,9549.6,708.09,23.463390663390665,1.7397788697788699,2022,10,247,1403,-996,1664582400000
2024,9,205,459,19007.48,17670.53,96.12,38.49788671023965,0.20941176470588235,2024,9,205,1373,-914,1725148800000
2016,1,235,262,4548.42,3740.84,444.98999999999995,14.278015267175572,1.6984351145038166,2016,1,235,2064,-1802,1451606400000
2023,12,101,36,1395.36,1294.6,18.5,35.96111111111111,0.5138888888888888,2023,12,101,275,-239,1701388800000
2024,9,231,54355,1456280.57,1031930.9,165673.94,18.985022537025113,3.047998160242848,2024,9,231,64889,-10534,1725148800000
2016,5,177,486,9404.18,8131.6,676.6800000000001,16.731687242798355,1.3923456790123458,2016,5,177,3107,-2621,1462060800000
2017,3,33,11702,219162.25,179245.8,26726.64,15.317535464023242,2.283937788412237,2017,3,33,30224,-18522,1488326400000
2016,6,239,276517,3782444.41,3014509.05,422941.52,10.901713276218098,1.5295317105277433,2016,6,239,253696,22821,1464739200000
2019,5,68,180435,3206797.78,2143236.73,373076.99999999994,11.878165156427523,2.0676531715022026,2019,5,68,169764,10671,1556668800000
2025,6,185,558,15979.73,13925.25,10.31,24.955645161290324,0.018476702508960573,2025,6,185,1298,-740,1748736000000
2020,10,14,533,20949.45,18404.03,1324.92,34.529136960600376,2.4857786116322704,2020,10,14,1558,-1025,1601510400000
2023,3,6,49,900.9,217.0,7.0,4.428571428571429,0.14285714285714285,2023,3,6,105,-56,1677628800000
2021,4,234,58776,1334725.12,996544.01,120262.22,16.95494776779638,2.0461109976861303,2021,4,234,50667,8109,1617235200000
2024,7,249,67378,1499567.6500000001,1000455.49,180381.61,14.848399922823473,2.6771588649113953,2024,7,249,51401,15977,1719792000000
2023,12,123,138,4688.36,4354.45,58.53,31.553985507246374,0.4241304347826087,2023,12,123,514,-376,1701388800000
2024,6,190,178,5748.57,4912.18,361.93,27.596516853932584,2.0333146067415733,2024,6,190,543,-365,1717200000000
2020,6,249,6630,110476.85,73444.11,13019.23,11.077542986425339,1.9636847662141779,2020,6,249,5670,960,1590969600000
2021,6,123,188,7295.99,6326.88,40.5,33.653617021276595,0.2154255319148936,2021,6,123,535,-347,1622505600000
2021,12,56,151,6638.2,5371.56,401.64,35.573245033112585,2.659867549668874,2021,12,56,979,-828,1638316800000
2019,10,240,35,1400.89,1217.9,73.06,34.79714285714286,2.0874285714285716,2019,10,240,244,-209,1569888000000
2023,6,249,73285,1705259.2,1120167.8199999998,227764.47,15.285089991130516,3.107927543153442,2023,6,249,53560,19725,1685577600000
2024,6,78,299,10048.64,9223.95,34.95,30.84933110367893,0.11688963210702343,2024,6,78,499,-200,1717200000000
2016,3,142,327345,4410698.66,3512843.97,489267.35,10.731320075150071,1.4946535001298324,2016,3,142,291773,35572,1456790400000
2024,5,176,4,339.56,253.68,22.36,63.42,5.59,2024,5,176,26,-22,1714521600000
2019,7,106,736,14225.95,11418.78,1179.94,15.514646739130436,1.603179347826087,2019,7,106,2772,-2036,1561939200000
2021,3,59,13,426.5,339.99,6.26,26.153076923076924,0.4815384615384615,2021,3,59,34,-21,1614556800000
2017,6,249,195922,2764356.49,2185795.43,329463.29,11.156457314645625,1.68160436296077,2017,6,249,157642,38280,1496275200000
2017,12,96,29,493.08,418.5,48.88,14.431034482758621,1.6855172413793105,2017,12,96,147,-118,1512086400000
2018,3,111,53,934.51,788.0,73.59,14.867924528301886,1.388490566037736,2018,3,111,143,-90,1519862400000
2018,3,22,231,5655.15,5078.5,185.14000000000001,21.984848484848484,0.8014718614718616,2018,3,22,1619,-1388,1519862400000
2020,3,234,86530,1416739.55,909622.38,181191.55,10.51221980815902,2.0939737663238183,2020,3,234,74622,11908,1583020800000
2023,9,219,346,25309.01,20924.04,2261.28,60.47410404624278,6.535491329479769,2023,9,219,1265,-919,1693526400000
2017,4,33,11382,212593.95,175152.18,25004.95,15.388523985239852,2.1968854331400456,2017,4,33,30130,-18748,1491004800000
2018,4,139,137,5232.68,4710.04,191.3,34.37985401459854,1.3963503649635038,2018,4,139,760,-623,1522540800000
2017,7,246,129544,1864002.47,1485624.01,212757.5,11.468103578706849,1.6423570369912925,2017,7,246,155394,-25850,1498867200000
2025,2,178,210,4918.33,4283.44,21.6,20.397333333333332,0.10285714285714287,2025,2,178,405,-195,1738368000000
2020,7,44,95,10130.56,9472.93,239.25,99.71505263157896,2.518421052631579,2020,7,44,104,-9,1593561600000
2016,7,211,92208,1393573.1400000001,1131353.55,149475.75,12.269581272774596,1.62107138209266,2016,7,211,93680,-1472,1467331200000
2020,4,194,45,1680.69,1326.9,52.79,29.486666666666668,1.173111111111111,2020,4,194,103,-58,1585699200000
2018,10,45,18705,335822.39,279555.89,32090.04,14.945516706762898,1.7155862068965517,2018,10,45,23678,-4973,1538352000000
2016,2,5,10,669.35,622.24,31.71,62.224000000000004,3.1710000000000003,2016,2,5,67,-57,1454284800000
2021,6,59,8,364.15999999999997,307.21,0.0,38.40125,0.0,2021,6,59,35,-27,1622505600000
2019,11,42,10284,154386.43,126504.72,9040.95,12.301120186697784,0.8791277712952159,2019,11,42,29397,-19113,1572566400000
2024,2,152,1980,43722.97,34713.41,3095.1,17.532025252525255,1.5631818181818182,2024,2,152,4243,-2263,1706745600000
2016,8,81,30,929.96,841.34,21.619999999999997,28.044666666666668,0.7206666666666666,2016,8,81,559,-529,1470009600000
2022,10,253,7,259.53,181.5,55.93,25.928571428571427,7.99,2022,10,253,25,-18,1664582400000
2025,2,87,21186,581260.22,408434.01,52068.73,19.278486264514303,2.457695176059662,2025,2,87,31829,-10643,1738368000000
2018,11,178,205,5612.2300000000005,4841.41,295.06,23.61663414634146,1.4393170731707317,2018,11,178,730,-525,1541030400000
2024,3,89,1148,37468.28,33556.34,898.35,29.23026132404181,0.782534843205575,2024,3,89,3017,-1869,1709251200000
2023,5,20,67,2878.14,2508.85,114.59,37.4455223880597,1.7102985074626866,2023,5,20,391,-324,1682899200000
2024,7,231,40299,1054068.14,736267.22,123943.55,18.270111417156752,3.075598650090573,2024,7,231,47722,-7423,1719792000000
2025,4,230,134155,3545908.68,2311034.4699999997,434592.52,17.226599604934588,3.239480600797585,2025,4,230,124791,9364,1743465600000
2018,6,264,122283,2143187.8200000003,1720525.62,250942.42,14.07003115723363,2.0521447789144855,2018,6,264,107957,14326,1527811200000
2022,10,33,2342,63796.33,49003.27,8677.52,20.923684884713918,3.7051750640478227,2022,10,33,9185,-6843,1664582400000
2016,7,221,6,242.16,200.0,17.740000000000002,33.333333333333336,2.956666666666667,2016,7,221,185,-179,1467331200000
2021,10,143,45413,772932.78,508631.08,98453.11,11.200120670292648,2.1679499262325765,2021,10,143,54343,-8930,1633046400000
2016,1,134,545,13623.41,11430.01,1163.71,20.972495412844037,2.1352477064220183,2016,1,134,2683,-2138,1451606400000
2018,11,89,1577,46306.32,40392.51,1873.66,25.613512999365884,1.188116677235257,2018,11,89,7336,-5759,1541030400000
2022,6,169,115,3780.8599999999997,3321.84,183.76999999999998,28.885565217391306,1.5979999999999999,2022,6,169,607,-492,1654041600000
2020,11,126,179,5468.15,4601.45,421.21,25.706424581005585,2.3531284916201116,2020,11,126,495,-316,1604188800000
2017,10,141,218598,3602635.14,3035917.59,309627.83999999997,13.888130678231272,1.41642576784783,2017,10,141,224925,-6327,1506816000000
2018,4,129,4791,79418.92,67421.11,5001.16,14.072450427885618,1.0438655812982676,2018,4,129,15525,-10734,1522540800000
2020,6,167,308,10793.28,9680.83,221.3,31.431266233766234,0.7185064935064935,2020,6,167,668,-360,1590969600000
2021,6,1,173,15160.42,12609.35,1854.25,72.8864161849711,10.718208092485549,2021,6,1,4285,-4112,1622505600000
2021,4,263,57529,901015.3,580614.78,110979.17000000001,10.092558188044292,1.929099584557354,2021,4,263,52609,4920,1617235200000
2016,6,128,92,1962.1,1669.0,167.73000000000002,18.141304347826086,1.8231521739130436,2016,6,128,766,-674,1464739200000
2022,12,243,536,18581.6,14725.0,2088.0,27.472014925373134,3.8955223880597014,2022,12,243,6918,-6382,1669852800000
2022,11,31,21,1001.87,809.6,115.72,38.55238095238095,5.51047619047619,2022,11,31,133,-112,1667260800000
2023,7,17,389,12329.38,10398.71,833.9,26.731902313624676,2.143701799485861,2023,7,17,3351,-2962,1688169600000
2020,4,254,172,5860.67,5015.71,270.98,29.16110465116279,1.5754651162790698,2020,4,254,375,-203,1585699200000
2024,8,145,3700,100021.67,79894.65,7604.06,21.593148648648647,2.0551513513513515,2024,8,145,8871,-5171,1722470400000
2024,9,149,250,8225.7,7575.45,92.66,30.3018,0.37063999999999997,2024,9,149,683,-433,1725148800000
2024,3,173,145,4445.33,3750.3,163.25,25.864137931034485,1.1258620689655172,2024,3,173,659,-514,1709251200000
2024,9,215,752,41924.95,35185.36,3150.83,46.78904255319149,4.189933510638298,2024,9,215,1187,-435,1725148800000
2024,12,118,12,700.11,547.85,25.1,45.65416666666667,2.091666666666667,2024,12,118,68,-56,1733011200000
2025,2,65,3764,100837.69,83512.47,3755.9,22.187159936238046,0.9978480340063762,2025,2,65,4606,-842,1738368000000
2025,6,12,1919,57061.71,40996.78,5433.43,21.36361646690985,2.8313861386138615,2025,6,12,2758,-839,1748736000000
2024,1,15,38,1541.35,1378.09,39.8,36.26552631578947,1.0473684210526315,2024,1,15,339,-301,1704067200000
2019,8,48,198223,3413831.0300000003,2298164.59,360384.43000000005,11.593834166569973,1.8180757530659917,2019,8,48,178471,19752,1564617600000
2016,3,107,312794,4244139.98,3332975.53,503399.33,10.655497004418242,1.6093637665684124,2016,3,107,262385,50409,1456790400000
2021,3,131,302,10624.03,9190.02,77.15,30.430529801324504,0.25546357615894044,2021,3,131,697,-395,1614556800000
2022,5,204,3,243.29999999999998,201.60000000000002,0.0,67.2,0.0,2022,5,204,22,-19,1651363200000
2025,9,173,671,18601.55,15969.08,467.42,23.79892697466468,0.696602086438152,2025,9,173,1322,-651,1756684800000
2024,5,264,11680,350074.41,245948.9,44028.51,21.057268835616437,3.7695642123287674,2024,5,264,17836,-6156,1714521600000
2017,5,106,2007,31743.78,25359.86,3556.38,12.635705032386648,1.7719880418535128,2017,5,106,5657,-3650,1493596800000
2018,5,259,175,7079.5,6235.81,289.21,35.6332,1.6526285714285713,2018,5,259,968,-793,1525132800000
2018,10,112,3436,56289.15,45493.47,5795.96,13.240241559953434,1.6868335273573922,2018,10,112,20062,-16626,1538352000000
2021,2,261,3604,76788.99,55119.03,8146.35,15.293848501664817,2.260363485016648,2021,2,261,3532,72,1612137600000
2023,8,158,26737,665171.12,445793.62,84922.92,16.673284960915584,3.176232187605191,2023,8,158,26735,2,1690848000000
2024,6,85,534,16676.64,15515.78,130.18,29.055767790262173,0.24378277153558053,2024,6,85,881,-347,1717200000000
2024,11,137,37204,816891.9199999999,552568.25,89463.47,14.85238818406623,2.4046734222126656,2024,11,137,43882,-6678,1730419200000
2022,11,58,1,18.0,17.2,0.0,17.2,0.0,2022,11,58,90,-89,1667260800000
2023,12,239,98980,2180742.59,1423094.99,286159.04,14.37760143463326,2.8910794099818142,2023,12,239,97051,1929,1701388800000
2020,8,175,36,1507.99,1352.94,76.91,37.58166666666667,2.136388888888889,2020,8,175,92,-56,1596240000000
2022,7,184,17,734.09,667.51,29.830000000000002,39.26529411764706,1.7547058823529413,2022,7,184,60,-43,1656633600000
2016,9,173,385,5411.66,4641.62,254.61,12.056155844155844,0.6613246753246753,2016,9,173,3040,-2655,1472688000000
2021,10,190,111,3325.76,2692.9,384.26,24.260360360360362,3.4618018018018017,2021,10,190,695,-584,1633046400000
2022,8,69,184,5205.51,4574.6900000000005,165.92000000000002,24.862445652173914,0.9017391304347827,2022,8,69,1308,-1124,1659312000000
2024,4,179,756,19967.06,16659.48,916.68,22.036349206349207,1.2125396825396826,2024,4,179,2765,-2009,1711929600000
2020,4,167,159,3333.02,2866.09,197.43,18.025723270440253,1.2416981132075473,2020,4,167,450,-291,1585699200000
2020,5,39,639,23470.29,21257.96,532.38,33.26754303599374,0.8331455399061033,2020,5,39,942,-303,1588291200000
2017,9,92,552,12216.81,10509.24,705.58,19.038478260869564,1.2782246376811595,2017,9,92,4455,-3903,1504224000000
2017,6,212,129,2068.27,1779.01,94.86,13.79077519379845,0.7353488372093023,2017,6,212,1219,-1090,1496275200000
2017,6,34,412,6587.28,5341.8,725.02,12.965533980582524,1.759757281553398,2017,6,34,1376,-964,1496275200000
2017,7,178,133,1723.75,1443.8,92.23,10.85563909774436,0.6934586466165413,2017,7,178,605,-472,1498867200000
2020,12,264,9697,180005.32,130847.41,20502.52,13.49359698875941,2.114315767763226,2020,12,264,9656,41,1606780800000
2022,3,212,68,2087.94,1739.3700000000001,143.87,25.578970588235297,2.115735294117647,2022,3,212,365,-297,1646092800000
2024,10,106,339,10438.66,9044.32,337.7,26.679410029498523,0.996165191740413,2024,10,106,1411,-1072,1727740800000
2023,6,202,134,5029.95,4075.82,466.66,30.416567164179106,3.482537313432836,2023,6,202,2109,-1975,1685577600000
2016,1,261,47595,908849.56,746051.77,98193.04,15.675003046538503,2.0630957033301818,2016,1,261,46749,846,1451606400000
2023,9,252,41,1559.4,1319.52,64.1,32.18341463414634,1.5634146341463413,2023,9,252,613,-572,1693526400000
2017,2,58,3,94.03999999999999,77.0,14.14,25.666666666666668,4.713333333333334,2017,2,58,205,-202,1485907200000
2023,12,97,1547,45108.28,36989.27,3662.3,23.910323206205558,2.367356173238526,2023,12,97,4396,-2849,1701388800000
2024,1,2,3,178.59,145.85,17.8,48.61666666666667,5.933333333333334,2024,1,2,4,-1,1704067200000
2022,1,46,5,197.55,187.0,0.0,37.4,0.0,2022,1,46,35,-30,1640995200000
2019,3,16,315,10600.62,9743.12,78.35,30.930539682539685,0.24873015873015872,2019,3,16,1435,-1120,1551398400000
2023,10,40,448,14667.789999999999,11059.92,1756.34,24.68732142857143,3.9204017857142857,2023,10,40,3004,-2556,1696118400000
2025,3,21,550,14142.1,12638.53,275.02,22.979145454545456,0.5000363636363636,2025,3,21,1012,-462,1740787200000
2016,11,194,732,32697.850000000002,25155.69,3843.77,34.36569672131147,5.251051912568306,2016,11,194,2134,-1402,1477958400000
2019,7,224,12399,216429.68,147346.89,23589.57,11.88377207839342,1.9025381079119283,2019,7,224,24488,-12089,1561939200000
2020,4,67,3,63.69,58.54,2.75,19.513333333333332,0.9166666666666666,2020,4,67,39,-36,1585699200000
2025,4,68,101533,2507308.36,1628007.4,303811.72,16.034268661420423,2.9922460677809184,2025,4,68,102416,-883,1743465600000
2022,5,77,60,1788.57,1630.81,46.510000000000005,27.180166666666665,0.7751666666666668,2022,5,77,426,-366,1651363200000
2018,5,223,4602,106074.74,84062.37,10399.87,18.266486310299868,2.259858757062147,2018,5,223,17287,-12685,1525132800000
2020,4,40,37,960.67,843.03,43.18,22.784594594594594,1.167027027027027,2020,4,40,94,-57,1585699200000
2022,6,170,112374,2089242.3,1368371.94,272299.53,12.17694431096161,2.4231541993699612,2022,6,170,105775,6599,1654041600000
2018,9,37,1626,31735.0,26983.53,2176.22,16.595036900369003,1.3383886838868388,2018,9,37,10426,-8800,1535760000000
2016,11,33,11147,215497.9,176888.06,26244.29,15.868669597201041,2.354381447923208,2016,11,33,29382,-18235,1477958400000
2019,1,193,5360,52106.159999999996,44527.14,2326.99,8.30730223880597,0.4341399253731343,2019,1,193,6335,-975,1546300800000
2024,1,38,143,6503.79,5998.67,63.42,41.94874125874126,0.4434965034965035,2024,1,38,662,-519,1704067200000
2021,2,235,417,13206.27,11446.24,78.17,27.44901678657074,0.1874580335731415,2021,2,235,953,-536,1612137600000
2023,12,139,142,6188.33,5749.86,44.47,40.49197183098591,0.31316901408450704,2023,12,139,561,-419,1701388800000
2023,5,191,227,9655.58,8640.11,48.82,38.06215859030837,0.2150660792951542,2023,5,191,764,-537,1682899200000
2016,1,121,105,1882.51,1629.31,122.06,15.517238095238095,1.1624761904761904,2016,1,121,1935,-1830,1451606400000
2024,11,17,1618,46646.71,42239.35,912.81,26.105902348578493,0.564159456118665,2024,11,17,4114,-2496,1730419200000
2025,7,184,102,3327.57,2986.15,54.56,29.275980392156864,0.5349019607843137,2025,7,184,239,-137,1751328000000
2019,9,22,273,8712.69,7736.04,109.16,28.337142857142858,0.39985347985347985,2019,9,22,1360,-1087,1567296000000
2018,12,35,1056,34152.73,31164.16,645.47,29.51151515151515,0.6112405303030304,2018,12,35,1927,-871,1543622400000
2020,9,102,144,4249.57,3592.44,348.2,24.9475,2.4180555555555556,2020,9,102,369,-225,1598918400000
2020,1,217,426,8987.93,7599.13,397.65,17.838333333333335,0.933450704225352,2020,1,217,2295,-1869,1577836800000
2020,4,139,66,2297.9,2019.22,120.14,30.594242424242424,1.8203030303030303,2020,4,139,98,-32,1585699200000
2022,4,190,111,3102.79,2507.8,383.99,22.592792792792796,3.4593693693693695,2022,4,190,568,-457,1648771200000
2021,1,131,246,8653.01,7500.84,367.85,30.491219512195123,1.4953252032520326,2021,1,131,492,-246,1609459200000
2024,11,236,159621,3346455.89,2179051.04,431225.35,13.651405767411557,2.701557752426059,2024,11,236,165769,-6148,1730419200000
2022,8,47,93,2769.13,2492.8,34.43,26.804301075268818,0.3702150537634409,2022,8,47,371,-278,1659312000000
2019,4,22,366,10806.38,9497.86,166.1,25.950437158469946,0.45382513661202184,2019,4,22,1633,-1267,1554076800000
2019,5,153,144,3898.31,3369.64,119.61,23.400277777777777,0.830625,2019,5,153,359,-215,1556668800000
2020,5,235,354,9854.13,8527.73,370.74,24.089632768361582,1.0472881355932204,2020,5,235,706,-352,1588291200000
2017,6,163,257792,3970013.0500000003,3159880.94,445765.66,12.257482544066534,1.729167933838133,2017,6,163,233951,23841,1496275200000
2018,12,134,643,26023.13,21686.94,1903.6,33.72774494556765,2.96049766718507,2018,12,134,2012,-1369,1543622400000
2017,9,247,1470,26990.68,22079.57,2525.45,15.020115646258503,1.7179931972789115,2017,9,247,4392,-2922,1504224000000
2018,1,25,8514,133393.27,108850.61,14423.05,12.784896640826874,1.6940392295043456,2018,1,25,15953,-7439,1514764800000
2022,6,26,91,2819.53,2512.45,110.13,27.609340659340656,1.2102197802197803,2022,6,26,894,-803,1654041600000
2023,5,100,55830,1408114.83,953071.19,165902.22,17.07095092244313,2.971560451370231,2023,5,100,46136,9694,1682899200000
2018,5,198,286,6226.21,5448.8,302.32,19.051748251748254,1.057062937062937,2018,5,198,4560,-4274,1525132800000
2023,6,178,27,1077.51,890.87,48.54,32.995185185185186,1.7977777777777777,2023,6,178,267,-240,1685577600000
2020,7,253,5,215.95,197.07999999999998,8.25,39.416,1.65,2020,7,253,7,-2,1593561600000
2021,11,38,88,3964.53,3574.38,35.85,40.617954545454545,0.40738636363636366,2021,11,38,532,-444,1635724800000
2021,12,77,122,4871.79,4329.55,38.92,35.48811475409836,0.31901639344262295,2021,12,77,426,-304,1638316800000
2016,2,231,216139,3425725.1,2751870.44,405096.68,12.731947681815868,1.8742414834897914,2016,2,231,199730,16409,1454284800000
2016,12,6,56,1671.78,1140.92,105.2,20.37357142857143,1.8785714285714286,2016,12,6,251,-195,1480550400000
2018,5,85,352,8372.29,7446.31,284.0,21.154289772727275,0.8068181818181818,2018,5,85,1494,-1142,1525132800000
2018,5,199,4,34.62,25.0,5.92,6.25,1.48,2018,5,199,4,0,1525132800000
2017,5,27,4,308.16999999999996,279.0,21.71,69.75,5.4275,2017,5,27,75,-71,1493596800000
2024,4,96,22,860.24,796.48,7.88,36.20363636363636,0.35818181818181816,2024,4,96,105,-83,1711929600000
2021,1,124,152,5940.95,4989.63,390.27,32.82651315789474,2.5675657894736843,2021,1,124,323,-171,1609459200000
2021,8,28,200,9891.52,7982.61,632.61,39.91305,3.16305,2021,8,28,1141,-941,1627776000000
2017,12,33,9930,182438.27,149205.9,21921.5,15.025770392749244,2.207603222557905,2017,12,33,26845,-16915,1512086400000
2023,2,125,14376,353976.02,236770.95,47037.35,16.46987687813022,3.2719358653311073,2023,2,125,14307,69,1675209600000
2017,7,240,25,588.53,495.01,49.129999999999995,19.8004,1.9651999999999998,2017,7,240,317,-292,1498867200000
2020,7,58,10,407.77,288.96,28.75,28.895999999999997,2.875,2020,7,58,42,-32,1593561600000
2025,9,185,432,13649.62,12380.57,58.06999999999999,28.658726851851853,0.1344212962962963,2025,9,185,1153,-721,1756684800000
2016,12,228,1280,24133.56,19667.02,2514.94,15.364859375,1.964796875,2016,12,228,7708,-6428,1480550400000
2023,2,201,44,2512.65,2249.4,21.45,51.122727272727275,0.4875,2023,2,201,270,-226,1675209600000
2024,10,172,10,427.78000000000003,328.5,0.0,32.85,0.0,2024,10,172,46,-36,1727740800000
2020,1,118,48,3610.56,3507.7,0.0,73.07708333333333,0.0,2020,1,118,135,-87,1577836800000
2021,11,95,402,14558.83,11734.63,859.63,29.190621890547263,2.1383830845771143,2021,11,95,3902,-3500,1635724800000
2024,1,197,489,20717.46,18120.05,1279.94,37.05531697341513,2.6174642126789367,2024,1,197,1264,-775,1704067200000
2025,11,43,53728,1204856.79,778502.86,156969.79,14.489704809410362,2.9215639889815366,2025,11,43,40510,13218,1761955200000
2022,8,139,88,3795.5,3501.25,40.55,39.78693181818182,0.4607954545454545,2022,8,139,708,-620,1659312000000
2022,9,194,230,11446.66,8280.48,1472.61,36.00208695652174,6.402652173913043,2022,9,194,823,-593,1661990400000
2024,6,213,510,18193.92,16545.04,144.82,32.44125490196079,0.28396078431372546,2024,6,213,686,-176,1717200000000
2021,4,241,354,12322.99,10476.710000000001,316.9,29.595225988700566,0.8951977401129942,2021,4,241,877,-523,1617235200000
2024,11,233,38639,964725.14,653429.64,114867.25,16.911142627914803,2.972831853826445,2024,11,233,51686,-13047,1730419200000
2021,12,129,914,25122.24,20372.170000000002,2278.37,22.28902625820569,2.4927461706783367,2021,12,129,5185,-4271,1638316800000
2023,9,213,220,8647.84,7758.75,112.39,35.26704545454545,0.5108636363636364,2023,9,213,508,-288,1693526400000
2019,12,178,143,3758.29,3225.15,99.13,22.553496503496504,0.6932167832167832,2019,12,178,613,-470,1575158400000
2021,3,129,947,25768.47,21453.920000000002,976.8199999999999,22.65461457233369,1.0314889123548046,2021,3,129,3256,-2309,1614556800000
2020,3,66,1303,27081.86,20805.66,3060.88,15.967505755947812,2.349102072141213,2020,3,66,4306,-3003,1583020800000
2022,9,252,47,2290.49,2039.9,108.83999999999999,43.40212765957447,2.3157446808510636,2022,9,252,591,-544,1661990400000
2024,12,41,10112,228255.78,179669.5,16967.55,17.767948971518987,1.6779618275316455,2024,12,41,20701,-10589,1733011200000
2020,6,26,250,6962.87,5993.24,525.44,23.97296,2.10176,2020,6,26,491,-241,1590969600000
2019,12,237,323957,4866004.680000001,3109292.19,572571.8300000001,9.597854622681405,1.767431572708724,2019,12,237,282437,41520,1575158400000
2022,12,17,503,16146.07,13338.29,1632.38,26.51747514910537,3.245288270377734,2022,12,17,4000,-3497,1669852800000
2024,11,230,125977,3528785.54,2412462.85,440846.33,19.150026195257865,3.499419179691531,2024,11,230,116747,9230,1730419200000
2019,5,27,17,809.71,708.15,17.5,41.65588235294118,1.0294117647058822,2019,5,27,108,-91,1556668800000
2019,8,24,17091,266523.36,193480.08,28709.2,11.320582762857644,1.6797846819963724,2019,8,24,19435,-2344,1564617600000
2017,6,77,55,1178.6299999999999,959.0,99.91,17.436363636363637,1.8165454545454545,2017,6,77,697,-642,1496275200000
2017,11,72,72,1089.1,988.83,19.26,13.73375,0.2675,2017,11,72,1202,-1130,1509494400000
2017,5,38,20,838.1,731.5,32.12,36.575,1.6059999999999999,2017,5,38,670,-650,1493596800000
2018,9,187,13,700.03,590.72,25.06,45.440000000000005,1.9276923076923076,2018,9,187,53,-40,1535760000000
2024,11,140,71107,1616478.65,1094549.99,192176.34,15.392999142137905,2.7026360273953336,2024,11,140,71513,-406,1730419200000
2020,12,261,4281,92923.24,66965.62,9833.53,15.642518103246903,2.297017052090633,2020,12,261,4055,226,1606780800000
2018,11,209,16726,341477.04,280876.55,37024.72,16.792810594284347,2.213602774124118,2018,11,209,22077,-5351,1541030400000
2025,9,70,12717,778166.54,514628.24,104524.66,40.467739246677674,8.219285995124636,2025,9,70,2620,10097,1756684800000
2025,11,62,2040,45182.21,39433.16,403.67,19.329980392156866,0.19787745098039217,2025,11,62,3209,-1169,1761955200000
2025,9,149,557,15576.49,14470.34,154.7,25.979066427289048,0.277737881508079,2025,9,149,1028,-471,1756684800000
2021,1,172,4,172.67000000000002,140.11,11.0,35.0275,2.75,2021,1,172,21,-17,1609459200000
2022,6,72,135,4203.13,3904.85,115.88,28.924814814814813,0.8583703703703703,2022,6,72,772,-637,1654041600000
2024,12,171,114,4089.5099999999998,3693.67,60.09,32.40061403508772,0.5271052631578947,2024,12,171,597,-483,1733011200000
2025,10,148,54072,1247922.25,833158.72,116331.40999999999,15.408320757508507,2.151416814617547,2025,10,148,52058,2014,1759276800000
2020,2,115,25,1849.01,1556.26,76.15,62.2504,3.0460000000000003,2020,2,115,96,-71,1580515200000
2016,9,232,21263,362028.78,298609.23,36877.73,14.04360767530452,1.7343615670413395,2016,9,232,47676,-26413,1472688000000
2017,9,208,47,1708.93,1360.0,177.69,28.93617021276596,3.7806382978723403,2017,9,208,1114,-1067,1504224000000
2018,10,208,212,7792.25,6854.52,238.32,32.33264150943396,1.1241509433962265,2018,10,208,1241,-1029,1538352000000
2016,5,11,76,2072.39,1830.3,134.13,24.082894736842103,1.7648684210526315,2016,5,11,901,-825,1462060800000
2018,12,178,205,5671.76,5029.4,113.23,24.533658536585364,0.5523414634146342,2018,12,178,681,-476,1543622400000
2018,9,201,26,1233.5,1087.81,37.28,41.83884615384615,1.433846153846154,2018,9,201,365,-339,1535760000000
2018,3,219,724,47963.27,39792.99,4481.71,54.962693370165745,6.190207182320442,2018,3,219,1646,-922,1519862400000
2017,7,47,114,1559.06,1378.43,28.93,12.091491228070176,0.2537719298245614,2017,7,47,842,-728,1498867200000
2019,6,126,208,6017.0,5344.6,43.300000000000004,25.69519230769231,0.20817307692307693,2019,6,126,1015,-807,1559347200000
2019,12,66,3145,68285.92,52874.66,7554.04,16.812292527821942,2.401920508744038,2019,12,66,9717,-6572,1575158400000
2021,1,126,235,6898.94,5676.26,452.76,24.154297872340425,1.9266382978723404,2021,1,126,579,-344,1609459200000
2021,4,39,1196,42754.15,37050.56,550.33,30.978729096989966,0.46014214046822743,2021,4,39,2075,-879,1617235200000
2023,11,115,2,222.2,200.0,20.2,100.0,10.1,2023,11,115,32,-30,1698796800000
2019,2,153,234,7671.32,6961.77,35.79,29.751153846153848,0.15294871794871795,2019,2,153,390,-156,1548979200000
2020,4,94,67,1292.2,1092.88,90.03,16.311641791044778,1.343731343283582,2020,4,94,141,-74,1585699200000
2021,6,244,4316,98627.02,79752.67,7979.47,18.47837581093605,1.8488113994439297,2021,6,244,11189,-6873,1622505600000
2022,10,81,73,2964.39,2691.2400000000002,29.15,36.86630136986302,0.3993150684931507,2022,10,81,249,-176,1664582400000
2018,12,180,229,8293.09,7348.19,310.9,32.08816593886463,1.3576419213973798,2018,12,180,670,-441,1543622400000
2024,4,198,305,9441.78,8348.13,213.63,27.370918032786882,0.7004262295081967,2024,4,198,1936,-1631,1711929600000
2025,11,82,2525,47261.53,37663.92,1594.22,14.916403960396039,0.6313742574257426,2025,11,82,4939,-2414,1761955200000
2020,3,59,6,190.52,165.10999999999999,0.0,27.51833333333333,0.0,2020,3,59,31,-25,1583020800000
2019,5,89,1435,41033.64,36115.45,758.71,25.167560975609753,0.5287177700348432,2019,5,89,6696,-5261,1556668800000
2020,2,73,43,1171.62,1011.4,19.6,23.52093023255814,0.4558139534883721,2020,2,73,298,-255,1580515200000
2024,8,167,340,11282.95,10227.08,82.15,30.07964705882353,0.24161764705882355,2024,8,167,564,-224,1722470400000
2025,4,36,3311,84483.21,71450.16,1051.09,21.57963153125944,0.3174539414074298,2025,4,36,4449,-1138,1743465600000
2021,11,164,75240,1368620.9500000002,897928.71,174232.79,11.934193381180222,2.3156936469962788,2021,11,164,69161,6079,1635724800000
2018,5,136,210,5121.82,4595.53,178.36,21.883476190476188,0.8493333333333334,2018,5,136,1284,-1074,1525132800000
2023,3,19,88,2506.0,2283.4,3.05,25.947727272727274,0.03465909090909091,2023,3,19,403,-315,1677628800000
2023,1,224,4308,100616.24,68263.61,12442.93,15.845777623026926,2.8883310120705663,2023,1,224,12938,-8630,1672531200000
2016,3,42,19819,384168.55,339906.4,19119.37,17.150532317473132,0.9646990261869922,2016,3,42,52854,-33035,1456790400000
2019,4,68,182861,3193109.56,2128370.65,368915.41,11.639281476093863,2.017463592564844,2019,4,68,172192,10669,1554076800000
2023,3,244,2235,66786.4,53385.79,5964.25,23.88625950782998,2.6685682326621922,2023,3,244,10026,-7791,1677628800000
2019,10,23,57,4297.61,3997.46,49.17,70.13087719298245,0.8626315789473684,2019,10,23,227,-170,1569888000000
2024,6,145,3887,113995.17,91951.7,8217.47,23.65621301775148,2.11409055827116,2024,6,145,9145,-5258,1717200000000
2019,3,187,3,187.20999999999998,159.51999999999998,0.0,53.173333333333325,0.0,2019,3,187,41,-38,1551398400000
2025,6,181,6487,174260.57,144442.96,3682.7,22.266526899953753,0.5677046400493294,2025,6,181,13295,-6808,1748736000000
2019,10,100,138344,2493684.8,1693341.84,265352.02,12.240081535881572,1.9180594749320536,2019,10,100,111229,27115,1569888000000
2019,10,207,509,5161.1900000000005,4141.18,346.68,8.135913555992142,0.6811001964636543,2019,10,207,619,-110,1569888000000
2023,1,254,145,6418.8099999999995,5758.18,36.03,39.711586206896555,0.24848275862068966,2023,1,254,471,-326,1672531200000
2023,3,138,115393,7439268.79,4829190.6,991513.1,41.84994410406177,8.59248914578874,2023,3,138,43535,71858,1677628800000
2021,6,13,15946,374578.87000000005,262857.33,49382.89,16.484217358585227,3.0968826037877837,2021,6,13,20603,-4657,1622505600000
2016,8,89,1574,29326.75,24286.9,2741.39,15.43005082592122,1.7416709021601016,2016,8,89,10200,-8626,1470009600000
2018,1,254,105,2321.8,2035.73,121.26,19.38790476190476,1.1548571428571428,2018,1,254,767,-662,1514764800000
2019,11,101,226,9009.87,8101.49,63.09,35.84730088495575,0.27915929203539824,2019,11,101,560,-334,1572566400000
2022,7,35,167,5444.49,4986.39,43.9,29.85862275449102,0.262874251497006,2022,7,35,697,-530,1656633600000
2023,6,186,110090,2752574.6199999996,1870238.31,347364.24,16.98826696339359,3.1552751385230264,2023,6,186,72256,37834,1685577600000
2025,11,200,556,17896.59,15245.11,189.64,27.41926258992806,0.34107913669064743,2025,11,200,1827,-1271,1761955200000
2019,2,207,275,3131.45,2465.02,244.24,8.963709090909092,0.8881454545454546,2019,2,207,309,-34,1548979200000
2018,7,150,61,2505.74,2288.5,77.08,37.51639344262295,1.2636065573770492,2018,7,150,515,-454,1530403200000
2022,2,177,129,3915.7599999999998,3549.54,118.27000000000001,27.515813953488372,0.9168217054263567,2022,2,177,655,-526,1643673600000
2020,10,58,26,732.23,605.71,69.0,23.296538461538464,2.6538461538461537,2020,10,58,59,-33,1601510400000
2022,12,213,207,7213.34,6164.37,267.87,29.779565217391305,1.2940579710144928,2022,12,213,599,-392,1669852800000
2023,7,162,105672,2478035.0900000003,1627390.89,316592.85,15.400398307971836,2.9959956279809217,2023,7,162,85267,20405,1688169600000
2017,10,108,37,1366.27,1159.5,124.47,31.33783783783784,3.364054054054054,2017,10,108,459,-422,1506816000000
2023,8,175,50,1714.8799999999999,1510.64,104.98,30.2128,2.0996,2023,8,175,402,-352,1690848000000
2025,3,169,1276,34649.3,31289.76,24.82,24.521755485893415,0.01945141065830721,2025,3,169,1239,37,1740787200000
2025,8,73,173,4608.69,3974.46,7.77,22.973757225433527,0.04491329479768786,2025,8,73,573,-400,1754006400000
2020,1,64,125,4884.71,4287.7300000000005,54.260000000000005,34.301840000000006,0.43408,2020,1,64,628,-503,1577836800000
2019,1,238,162507,1999344.13,1570335.35,237847.8,9.663185893530741,1.4636157211689342,2019,1,238,175445,-12938,1546300800000
2016,6,88,45974,1015284.45,833043.3,113853.05,18.119878627050074,2.476466046026015,2016,6,88,50519,-4545,1464739200000
2020,12,14,486,18683.09,16338.54,1287.95,33.6183950617284,2.6501028806584364,2020,12,14,1320,-834,1606780800000
2025,4,221,62,2230.55,1772.19,13.280000000000001,28.583709677419357,0.21419354838709678,2025,4,221,100,-38,1743465600000
2021,7,171,157,5946.5,5106.86,28.79,32.52777070063694,0.18337579617834393,2021,7,171,698,-541,1625097600000
2016,9,139,16,644.24,512.21,74.99000000000001,32.013125,4.686875000000001,2016,9,139,704,-688,1472688000000
2021,7,256,1543,39305.94,29759.48,5082.73,19.286766040181465,3.2940570317563185,2021,7,256,6297,-4754,1625097600000
2018,8,136,211,5593.18,5008.23,141.12,23.735687203791468,0.6688151658767773,2018,8,136,1144,-933,1533081600000
2021,3,233,25996,412638.15,266687.62,49311.77,10.258794429912294,1.8968983689798429,2021,3,233,29810,-3814,1614556800000
2021,2,133,199,6231.18,5353.32,98.94,26.90110552763819,0.4971859296482412,2021,2,133,491,-292,1612137600000
2021,5,132,72302,4106238.16,3219581.23,448497.68,44.52962891759564,6.203115819756023,2021,5,132,14848,57454,1619827200000
2016,12,120,50,1211.33,985.52,91.03,19.7104,1.8206,2016,12,120,442,-392,1480550400000
2023,11,234,89415,2077100.35,1365032.2000000002,272433.1,15.26625510261142,3.046838897276743,2023,11,234,77157,12258,1698796800000
2019,5,247,1290,28266.45,24291.0,1177.25,18.830232558139535,0.9125968992248062,2019,5,247,3491,-2201,1556668800000
2019,12,127,679,15844.34,13380.68,964.9,19.70645066273932,1.421060382916053,2019,12,127,5014,-4335,1575158400000
2018,9,3,108,3755.88,3318.51,99.64,30.726944444444445,0.9225925925925926,2018,9,3,625,-517,1535760000000
2021,1,123,300,9201.69,7983.83,431.89,26.612766666666666,1.4396333333333333,2021,1,123,564,-264,1609459200000
2020,1,258,291,10078.71,8645.58,85.82,29.709896907216496,0.294914089347079,2020,1,258,1313,-1022,1577836800000
2016,9,157,521,15946.34,12917.76,1486.13,24.794165067178504,2.852456813819578,2016,9,157,3928,-3407,1472688000000
2022,2,167,105,3206.19,2801.58,103.56,26.681714285714285,0.9862857142857143,2022,2,167,453,-348,1643673600000
2025,3,219,1101,53188.85,45756.7,3582.65,41.55921889191644,3.2539963669391465,2025,3,219,2017,-916,1740787200000
2018,9,256,6343,105921.72,86939.26,10825.24,13.70633138893268,1.7066435440643228,2018,9,256,20357,-14014,1535760000000
2017,3,76,336,9136.77,7451.34,998.93,22.176607142857144,2.9730059523809524,2017,3,76,2434,-2098,1488326400000
2021,4,99,1,124.85,117.0,0.0,117.0,0.0,2021,4,99,4,-3,1617235200000
2017,9,114,130999,1885106.42,1506398.33,215007.16,11.499311674134917,1.6412885594546525,2017,9,114,103082,27917,1504224000000
2018,10,143,105393,1407799.73,1118593.56,163208.33,10.613547009763458,1.5485689751691287,2018,10,143,119467,-14074,1538352000000
2023,11,39,413,15723.66,14578.8,161.26,35.29975786924939,0.3904600484261501,2023,11,39,1305,-892,1698796800000
2019,11,96,30,686.1,554.01,54.99,18.467,1.833,2019,11,96,157,-127,1572566400000
2023,7,247,423,13392.75,11377.1,678.43,26.896217494089836,1.603853427895981,2023,7,247,1444,-1021,1688169600000
2017,10,97,8853,139342.45,114704.31,13975.78,12.956546933242969,1.5786490455212923,2017,10,97,16725,-7872,1506816000000
2019,10,228,599,17585.16,14833.0,935.63,24.762938230383973,1.5619866444073456,2019,10,228,4304,-3705,1569888000000
2024,12,117,285,14623.85,13658.66,9.08,47.925122807017544,0.03185964912280702,2024,12,117,477,-192,1733011200000
2018,11,48,256560,3760072.67,3015407.5,404937.33999999997,11.753225366386031,1.5783338790146553,2018,11,48,219710,36850,1541030400000
2019,12,224,12762,229035.72,154865.09,26359.3,12.13486052342893,2.0654521234916157,2019,12,224,27810,-15048,1575158400000
2019,10,252,155,6127.11,5159.68,297.3,33.28825806451613,1.9180645161290324,2019,10,252,1231,-1076,1569888000000
2019,12,152,6448,94670.62,74990.68,7571.06,11.630068238213399,1.1741718362282878,2019,12,152,11061,-4613,1575158400000
2021,7,215,452,24958.64,20421.92,1574.33,45.18123893805309,3.4830309734513274,2021,7,215,1108,-656,1625097600000
2021,7,77,205,8425.02,7233.9800000000005,43.86,35.28770731707317,0.21395121951219512,2021,7,77,563,-358,1625097600000
2023,11,41,6939,153817.53,116355.63,14629.68,16.76835711197579,2.1083268482490274,2023,11,41,18363,-11424,1698796800000
2022,12,254,160,5848.0199999999995,5299.650000000001,68.77,33.1228125,0.4298125,2022,12,254,456,-296,1669852800000
2022,3,185,72,2736.24,2382.78,96.16,33.094166666666666,1.3355555555555556,2022,3,185,417,-345,1646092800000
2024,11,178,137,4023.92,3706.12,20.0,27.05197080291971,0.145985401459854,2024,11,178,362,-225,1730419200000
2024,12,227,271,8487.01,7854.4800000000005,55.95,28.983321033210334,0.20645756457564576,2024,12,227,879,-608,1733011200000
2025,5,86,766,31032.579999999998,28889.47,55.6,37.71471279373368,0.07258485639686685,2025,5,86,1398,-632,1746057600000
2016,9,77,108,2520.21,1994.51,261.13,18.467685185185186,2.41787037037037,2016,9,77,826,-718,1472688000000
2017,12,252,99,5879.15,5230.5,368.74,52.833333333333336,3.7246464646464648,2017,12,252,1165,-1066,1512086400000
2023,10,115,5,330.21000000000004,302.65,4.68,60.529999999999994,0.9359999999999999,2023,10,115,46,-41,1696118400000
2021,4,102,207,6444.51,5482.05,43.04,26.483333333333334,0.20792270531400966,2021,4,102,543,-336,1617235200000
2022,12,54,54,1757.82,1407.05,197.62,26.05648148148148,3.6596296296296296,2022,12,54,729,-675,1669852800000
2022,9,124,96,5738.94,4703.42,665.92,48.99395833333333,6.9366666666666665,2022,9,124,605,-509,1661990400000
2024,9,18,263,10315.61,9456.45,64.83,35.956083650190116,0.2465019011406844,2024,9,18,542,-279,1725148800000
2018,1,66,3600,64823.770000000004,52950.6,7642.68,14.708499999999999,2.1229666666666667,2018,1,66,12278,-8678,1514764800000
2019,3,53,183,6680.91,6111.68,96.46000000000001,33.39715846994536,0.527103825136612,2019,3,53,878,-695,1551398400000
2022,3,78,144,5323.79,4695.650000000001,113.14,32.60868055555556,0.7856944444444445,2022,3,78,456,-312,1646092800000
2022,3,190,49,1145.83,919.86,137.12,18.77265306122449,2.7983673469387758,2022,3,190,499,-450,1646092800000
2023,2,255,1193,34778.79,25929.69,4502.75,21.734861693210394,3.77430846605197,2023,2,255,7311,-6118,1675209600000
2022,6,241,101,3469.43,3040.79,155.79,30.106831683168316,1.5424752475247523,2022,6,241,499,-398,1654041600000
2022,10,217,110,3001.88,2422.23,337.55,22.020272727272726,3.068636363636364,2022,10,217,1141,-1031,1664582400000
2020,9,140,38827,676008.55,459555.58,76306.91,11.835979601823475,1.965305328766065,2020,9,140,34868,3959,1598918400000
2023,7,44,45,3473.03,2817.0,0.0,62.6,0.0,2023,7,44,51,-6,1688169600000
2020,2,92,398,14023.37,11969.69,274.07,30.07459798994975,0.6886180904522613,2020,2,92,2331,-1933,1580515200000
2024,8,185,141,5427.59,4916.86,52.56,34.87134751773049,0.3727659574468085,2024,8,185,438,-297,1722470400000
2017,8,250,105,2623.6,2168.09,257.99,20.64847619047619,2.457047619047619,2017,8,250,793,-688,1501545600000
2019,7,84,7,159.89,139.0,4.29,19.857142857142858,0.6128571428571429,2019,7,84,67,-60,1561939200000
2024,1,208,118,4633.88,4189.21,83.23,35.50177966101695,0.7053389830508475,2024,1,208,425,-307,1704067200000
2020,7,67,75,2480.24,2239.2400000000002,107.55,29.856533333333335,1.434,2020,7,67,229,-154,1593561600000
2024,10,195,1398,71305.08,58780.54,5835.14,42.046165951359086,4.173919885550787,2024,10,195,2186,-788,1727740800000
2021,4,215,587,26941.61,23010.73,617.84,39.20056218057922,1.0525383304940374,2021,4,215,1010,-423,1617235200000
2023,9,95,471,17071.18,14337.89,1181.22,30.441380042462843,2.5078980891719747,2023,9,95,3694,-3223,1693526400000
2019,3,136,482,14854.77,13493.5,83.8,27.994813278008298,0.17385892116182572,2019,3,136,1574,-1092,1551398400000
2017,2,23,14,861.65,757.51,45.76,54.10785714285714,3.2685714285714282,2017,2,23,213,-199,1485907200000
2019,8,116,7045,118122.94,94960.87,8967.66,13.47918665720369,1.2729112845990063,2019,8,116,17706,-10661,1564617600000
2022,11,244,2356,59163.72,47297.56,6116.51,20.07536502546689,2.596141765704584,2022,11,244,10744,-8388,1667260800000
2023,7,29,117,6054.76,5364.9800000000005,114.78999999999999,45.85452991452992,0.981111111111111,2023,7,29,433,-316,1688169600000
2020,1,245,2,77.46,70.66,0.66,35.33,0.33,2020,1,245,63,-61,1577836800000
2019,11,32,181,6297.4400000000005,5449.0,27.8,30.104972375690608,0.15359116022099448,2019,11,32,648,-467,1572566400000
2023,12,45,5006,145698.63,106720.97,15550.37,21.3186116660008,3.1063463843387935,2023,12,45,9240,-4234,1701388800000
2024,10,196,471,18432.35,15627.04,1143.41,33.17842887473461,2.4276220806794058,2024,10,196,1265,-794,1727740800000
2018,12,141,204953,2527152.2800000003,1998424.05,290461.78,9.750645513849516,1.4172116534034633,2018,12,141,205830,-877,1543622400000
2018,4,130,973,47619.88,38329.51,4714.9,39.39312435765673,4.845734840698869,2018,4,130,2437,-1464,1522540800000
2025,10,22,620,18545.04,17418.05,181.24,28.093629032258065,0.2923225806451613,2025,10,22,1546,-926,1759276800000
2016,4,150,46,1799.38,1570.8,123.92,34.14782608695652,2.6939130434782608,2016,4,150,617,-571,1459468800000
2024,10,216,1830,111846.14,95306.76,11120.88,52.080196721311474,6.076983606557377,2024,10,216,4517,-2687,1727740800000
2020,6,113,4972,80462.40000000001,53848.09,9053.24,10.830267497988736,1.8208447304907482,2020,6,113,4795,177,1590969600000
2024,11,184,14,557.09,470.74,18.65,33.62428571428571,1.332142857142857,2024,11,184,30,-16,1730419200000
2024,11,92,458,16307.38,14706.87,164.78,32.111069868995635,0.3597816593886463,2024,11,92,2274,-1816,1730419200000
2016,6,231,215307,3586055.13,2896007.32,415719.68,13.450595289516828,1.9308228715276325,2016,6,231,199033,16274,1464739200000
2017,8,138,255913,10719807.89,8146638.19,1363515.4,31.833623887805622,5.3280427332726354,2017,8,138,101326,154587,1501545600000
2025,4,146,2881,71783.79,57572.91,3472.68,19.983654980909407,1.2053731343283582,2025,4,146,3278,-397,1743465600000
2016,1,19,72,2391.89,1834.32,476.65,25.476666666666667,6.620138888888889,2016,1,19,552,-480,1451606400000
2019,12,228,588,17881.75,15335.5,691.06,26.08078231292517,1.1752721088435374,2019,12,228,4170,-3582,1575158400000
2023,6,77,104,3939.69,3532.36,103.73,33.965,0.9974038461538461,2023,6,77,399,-295,1685577600000
2020,8,19,63,3321.89,3018.96,173.56,47.92,2.754920634920635,2020,8,19,116,-53,1596240000000
2023,4,195,180,8774.7,7152.7300000000005,662.9,39.737388888888894,3.6827777777777775,2023,4,195,964,-784,1680307200000
2018,2,113,140897,1846967.2,1449356.48,227349.52,10.286638324449775,1.6135866625975002,2018,2,113,124413,16484,1517443200000
2018,7,234,237892,3228779.18,2530729.7,389958.63,10.63814546096548,1.6392254888773057,2018,7,234,206353,31539,1530403200000
2021,12,233,40194,748402.21,493148.53,93609.09999999999,12.26920759317311,2.328932178932179,2021,12,233,47029,-6835,1638316800000
2021,10,7,2506,47042.15,38002.38,3578.02,15.164557063048681,1.427781324820431,2021,10,7,11476,-8970,1633046400000
2018,11,125,43732,674524.8,533589.29,84495.69,12.20134661117717,1.9321249885667247,2018,11,125,38968,4764,1541030400000
2024,9,31,36,1600.3600000000001,1385.78,42.74,38.49388888888889,1.1872222222222222,2024,9,31,208,-172,1725148800000
2018,7,11,85,2469.16,2180.05,97.16,25.64764705882353,1.1430588235294117,2018,7,11,629,-544,1530403200000
2024,10,236,167226,3513801.3,2281263.0,449587.37,13.641796132180403,2.688501608601533,2024,10,236,174868,-7642,1727740800000
2019,12,32,213,7721.65,6634.41,58.85,31.147464788732393,0.2762910798122066,2019,12,32,691,-478,1575158400000
2022,3,66,996,25769.0,19819.01,3353.64,19.898604417670683,3.3671084337349395,2022,3,66,4453,-3457,1646092800000
2019,4,176,3,50.400000000000006,47.5,0.0,15.833333333333334,0.0,2019,4,176,54,-51,1554076800000
2022,8,263,61495,1046878.05,679498.55,136028.08,11.049655256524922,2.2120185380925275,2022,8,263,63365,-1870,1659312000000
2024,3,10,1304,81688.99,65715.44,8263.87,50.395276073619634,6.337323619631903,2024,3,10,3165,-1861,1709251200000
2016,6,151,94684,1312141.76,1056803.61,138072.31,11.161374783490349,1.4582433146043683,2016,6,151,84739,9945,1464739200000
2019,11,171,231,7990.93,6971.07,47.96,30.177792207792205,0.20761904761904762,2019,11,171,1053,-822,1572566400000
2020,6,262,9397,145311.69,94931.06,16965.88,10.102273065872087,1.8054570607640736,2020,6,262,9087,310,1590969600000
2021,2,6,4,256.97,195.94,18.73,48.985,4.6825,2021,2,6,20,-16,1612137600000
2019,11,87,44423,1067505.28,762664.37,131857.75,17.168231996938523,2.968231546721293,2019,11,87,52368,-7945,1572566400000
2024,2,51,413,18476.21,16776.25,52.28,40.62046004842615,0.1265859564164649,2024,2,51,593,-180,1706745600000
2025,7,265,2252,207709.55,183775.13,16783.89,81.60529751332149,7.45288188277087,2025,7,265,21233,-18981,1751328000000
2022,4,226,2833,74958.94,58967.37,8136.04,20.814461701376633,2.8718813978115074,2022,4,226,7298,-4465,1648771200000
2021,1,179,596,13133.9,10988.32,781.05,18.43677852348993,1.310486577181208,2021,1,179,1732,-1136,1609459200000
2016,10,146,11944,189085.32,158463.27,16537.83,13.267186034829201,1.3846140321500335,2016,10,146,14563,-2619,1475280000000
2022,5,64,75,2739.13,2520.7200000000003,96.96,33.6096,1.2928,2022,5,64,391,-316,1651363200000
2018,12,133,550,14681.73,12893.57,506.53,23.442854545454544,0.9209636363636363,2018,12,133,2552,-2002,1543622400000
2022,1,94,57,1529.05,1408.97,18.130000000000003,24.718771929824563,0.31807017543859656,2022,1,94,273,-216,1640995200000
2016,6,233,152526,2398834.49,1900373.3,271926.04,12.459340046942817,1.7828176179798854,2016,6,233,159053,-6527,1464739200000
2025,11,246,74555,1699599.63,1090527.29,188603.52,14.627151633022601,2.529723291529743,2025,11,246,80041,-5486,1761955200000
2018,1,165,183,3284.31,2884.5,215.04,15.762295081967213,1.1750819672131148,2018,1,165,1676,-1493,1514764800000
2018,7,12,5590,114930.48000000001,99428.8,9136.65,17.78690518783542,1.634463327370304,2018,7,12,8257,-2667,1530403200000
2020,8,73,57,1823.84,1627.13,64.93,28.546140350877195,1.1391228070175439,2020,8,73,121,-64,1596240000000
2021,1,30,6,186.4,158.76999999999998,12.75,26.461666666666662,2.125,2021,1,30,9,-3,1609459200000
2022,12,98,41,1563.12,1388.5,31.22,33.86585365853659,0.7614634146341464,2022,12,98,402,-361,1669852800000
2019,6,189,1357,26820.91,21874.19,2500.6,16.119521002210757,1.8427413411938098,2019,6,189,6593,-5236,1559347200000
2018,8,222,187,6766.93,6148.33,143.17000000000002,32.87877005347593,0.7656149732620322,2018,8,222,527,-340,1533081600000
2019,12,158,63748,1182569.4600000002,790810.42,147769.77,12.405258517914287,2.3180298989772226,2019,12,158,64816,-1068,1575158400000
2020,3,137,40862,671894.78,446170.05,72493.74,10.918947922274974,1.774111399344134,2020,3,137,43109,-2247,1583020800000
2021,12,262,43076,747850.09,489491.49,97129.96,11.363438805831553,2.2548509610920235,2021,12,262,49714,-6638,1638316800000
2021,7,15,103,4027.85,3525.53,41.9,34.22844660194175,0.40679611650485437,2021,7,15,434,-331,1625097600000
2024,1,252,71,2889.54,2483.82,175.94,34.983380281690145,2.4780281690140846,2024,1,252,531,-460,1704067200000
2024,5,212,259,8696.78,7814.83,26.65,30.173088803088802,0.1028957528957529,2024,5,212,369,-110,1714521600000
2024,6,140,64769,1470632.1400000001,994077.6100000001,172696.4,15.348046287575848,2.666343466781948,2024,6,140,67085,-2316,1717200000000
2018,2,41,30763,376182.68000000005,305190.93,33611.4,9.920714169619348,1.0925917498293405,2018,2,41,54408,-23645,1517443200000
2019,7,22,433,12703.76,11547.36,39.0,26.668267898383373,0.09006928406466513,2019,7,22,1456,-1023,1561939200000
2021,3,75,30484,475113.65,354902.95,39547.71,11.642269715260465,1.297326794383939,2021,3,75,40810,-10326,1614556800000
2025,3,130,4933,141685.66,124550.32,3276.53,25.24839245894993,0.6642063652949524,2025,3,130,4866,67,1740787200000
2019,10,14,608,22641.31,19667.89,655.77,32.34850328947368,1.0785690789473683,2019,10,14,5431,-4823,1569888000000
2024,6,98,104,3841.17,3546.59,53.099999999999994,34.10182692307693,0.510576923076923,2024,6,98,613,-509,1717200000000
2024,9,221,25,1204.27,993.83,28.2,39.7532,1.128,2024,9,221,99,-74,1725148800000
2025,2,91,1648,44435.36,41008.31,84.33,24.883683252427183,0.05117111650485437,2025,2,91,1827,-179,1738368000000
2022,6,219,434,27071.489999999998,22399.25,2514.2599999999998,51.611175115207374,5.793225806451613,2022,6,219,1231,-797,1654041600000
2018,3,134,468,16126.03,13158.3,1550.62,28.11602564102564,3.3132905982905982,2018,3,134,2123,-1655,1519862400000
2020,6,143,7653,121648.31000000001,81180.89,13248.08,10.607721155102574,1.7310963021037502,2020,6,143,8209,-556,1590969600000
2023,5,66,1321,43293.27,33944.09,4712.08,25.69575321725965,3.5670552611657835,2023,5,66,4837,-3516,1682899200000
2024,11,145,5000,128428.47,102831.53,9516.83,20.566306,1.903366,2024,11,145,9895,-4895,1730419200000
2025,4,61,6314,163365.24,146710.43,1518.16,23.235734874881214,0.24044345898004435,2025,4,61,9380,-3066,1743465600000
2025,11,131,617,16112.56,13749.49,99.46,22.284424635332254,0.16119935170178282,2025,11,131,1219,-602,1761955200000
2025,4,227,537,15173.45,13432.54,144.38,25.014040968342645,0.26886405959031656,2025,4,227,1204,-667,1743465600000
2023,8,162,102833,2402666.01,1565346.8,308587.14,15.222222438322328,3.0008571178512735,2023,8,162,82318,20515,1690848000000
2019,3,29,290,8244.81,7401.05,56.83,25.520862068965517,0.1959655172413793,2019,3,29,1020,-730,1551398400000
2017,8,154,20,1130.71,955.0,74.68,47.75,3.7340000000000004,2017,8,154,93,-73,1501545600000
2021,12,155,145,6412.67,5775.43,96.19,39.83055172413793,0.6633793103448276,2021,12,155,558,-413,1638316800000
2024,3,152,2805,61955.8,50310.41,3513.53,17.935975044563282,1.2525953654188948,2024,3,152,5591,-2786,1709251200000
2025,2,131,522,16282.47,14648.51,28.75,28.06227969348659,0.05507662835249042,2025,2,131,947,-425,1738368000000
2020,12,257,117,3723.87,3134.71,317.77,26.792393162393164,2.715982905982906,2020,12,257,426,-309,1606780800000
2025,8,134,1232,47792.15,40932.01,3497.91,33.22403409090909,2.8392126623376623,2025,8,134,2122,-890,1754006400000
2020,9,214,6,115.0,93.71000000000001,2.75,15.618333333333334,0.4583333333333333,2020,9,214,17,-11,1598918400000
2017,7,1,728,58131.6,48781.38,6893.47,67.00739010989011,9.469052197802197,2017,7,1,16858,-16130,1498867200000
2019,4,193,5744,63771.03,51634.61,3243.27,8.989312325905292,0.5646361420612813,2019,4,193,7131,-1387,1554076800000
2024,1,262,42802,912343.93,599550.91,113528.69,14.007544273632075,2.6524155413298445,2024,1,262,48328,-5526,1704067200000
2018,12,99,3,74.96,68.0,3.06,22.666666666666668,1.02,2018,12,99,7,-4,1543622400000
2023,5,6,49,1031.79,285.6,0.0,5.828571428571429,0.0,2023,5,6,112,-63,1682899200000
2023,12,192,65,2069.38,1793.55,119.57,27.59307692307692,1.8395384615384613,2023,12,192,305,-240,1701388800000
2025,8,74,15819,326515.7,256404.11,10244.82,16.208616853151273,0.6476275365067324,2025,8,74,28634,-12815,1754006400000
2016,10,137,130538,1787163.35,1422832.73,199002.17,10.899758920774028,1.5244769339196251,2016,10,137,145731,-15193,1475280000000
2016,5,193,4794,58739.63,50005.15,3648.48,10.430778055903213,0.7610513141426783,2016,5,193,6895,-2101,1462060800000
2022,7,248,65,1878.11,1649.5,42.86,25.376923076923077,0.6593846153846153,2022,7,248,384,-319,1656633600000
2016,4,146,12158,187572.45,156851.47,16701.28,12.90109146241158,1.3736864615890771,2016,4,146,14628,-2470,1459468800000
2020,3,124,137,5716.1,5045.49,156.04,36.82839416058394,1.138978102189781,2020,3,124,561,-424,1583020800000
2017,4,258,127,3545.82,2557.2,736.0400000000001,20.13543307086614,5.795590551181103,2017,4,258,1777,-1650,1491004800000
2016,10,29,74,1394.28,1228.51,72.7,16.601486486486486,0.9824324324324325,2016,10,29,1055,-981,1475280000000
2017,12,47,105,1800.08,1559.21,105.33,14.849619047619049,1.0031428571428571,2017,12,47,722,-617,1512086400000
2016,6,195,869,18648.420000000002,14744.55,2118.67,16.967261219792864,2.438055235903337,2016,6,195,4962,-4093,1464739200000
2017,1,9,25,855.0600000000001,707.0,103.99000000000001,28.28,4.1596,2017,1,9,536,-511,1483228800000
2017,11,5,3,104.39999999999999,101.5,0.0,33.833333333333336,0.0,2017,11,5,46,-43,1509494400000
2021,1,23,45,3106.96,2429.29,42.45,53.98422222222222,0.9433333333333334,2021,1,23,82,-37,1609459200000
2018,3,243,1948,37551.97,31315.8,3292.92,16.075872689938397,1.6904106776180698,2018,3,243,16643,-14695,1519862400000
2022,9,61,678,21550.23,18158.53,2282.85,26.78249262536873,3.3670353982300885,2022,9,61,5500,-4822,1661990400000
2016,2,31,40,865.95,733.0,55.21,18.325,1.38025,2016,2,31,280,-240,1454284800000
2025,5,42,14364,312898.0,257044.3,4718.81,17.89503620161515,0.32851642996379843,2025,5,42,25402,-11038,1746057600000
2016,9,245,3,111.30000000000001,87.93,19.97,29.310000000000002,6.656666666666666,2016,9,245,133,-130,1472688000000
2020,2,133,316,7385.4400000000005,6086.04,355.42,19.259620253164556,1.124746835443038,2020,2,133,1793,-1477,1580515200000
2019,3,66,3865,80405.6,61925.93,9192.12,16.022232858990943,2.3782975420439847,2019,3,66,11711,-7846,1551398400000
2018,9,32,176,6962.17,6220.4800000000005,132.95,35.343636363636364,0.7553977272727272,2018,9,32,806,-630,1535760000000
2016,10,90,203778,2794087.04,2214871.49,322014.31,10.869041260587503,1.5802211720597905,2016,10,90,163492,40286,1475280000000
2018,7,74,31848,415357.44,344843.93,27919.93,10.827804885707108,0.8766619567947752,2018,7,74,64325,-32477,1530403200000
2022,7,23,121,7740.71,6440.700000000001,0.0,53.22892561983472,0.0,2022,7,23,178,-57,1656633600000
2020,11,203,195,8201.1,7162.12,505.14,36.72882051282051,2.5904615384615384,2020,11,203,384,-189,1604188800000
2022,3,264,37267,1067139.39,764361.75,141595.97,20.51041806423914,3.7995000939168704,2022,3,264,28796,8471,1646092800000
2019,5,189,1406,26543.48,21534.34,2478.21,15.316031294452348,1.7625960170697013,2019,5,189,7397,-5991,1556668800000
2020,5,161,4613,70010.7,45561.09,7476.6900000000005,9.876672447431172,1.6207869065683937,2020,5,161,5069,-456,1588291200000
2021,4,204,2,177.25,124.0,36.480000000000004,62.0,18.240000000000002,2021,4,204,13,-11,1617235200000
2024,10,142,124800,2809646.98,1852281.0299999998,362279.92000000004,14.841995432692306,2.9028839743589745,2024,10,142,109068,15732,1727740800000
2018,5,7,14753,197092.74,165007.14,13896.55,11.184649901714906,0.941947400528706,2018,5,7,38275,-23522,1525132800000
2020,4,189,45,1046.07,843.64,113.56,18.747555555555554,2.5235555555555558,2020,4,189,142,-97,1585699200000
2024,11,94,149,4734.58,4310.26,5.12,28.92791946308725,0.034362416107382554,2024,11,94,259,-110,1730419200000
2018,4,136,201,4872.5,4408.61,139.08,21.933383084577112,0.6919402985074627,2018,4,136,1258,-1057,1522540800000
2023,2,243,396,12753.49,10378.48,1092.96,26.208282828282826,2.7600000000000002,2023,2,243,5196,-4800,1675209600000
2021,10,66,953,24810.1,19018.28,3142.32,19.956222455403985,3.297292759706191,2021,10,66,4134,-3181,1633046400000
2024,11,181,2293,65748.81,56631.01,2869.16,24.69734409071086,1.2512690798081116,2024,11,181,9281,-6988,1730419200000
2018,4,252,108,4291.84,3735.8,249.65,34.59074074074074,2.3115740740740742,2018,4,252,1335,-1227,1522540800000
2018,9,34,243,3956.88,3200.48,447.04,13.170699588477367,1.8396707818930043,2018,9,34,1137,-894,1535760000000
2023,11,198,161,5398.59,4623.62,417.7,28.718136645962733,2.594409937888199,2023,11,198,1715,-1554,1698796800000
2023,11,11,54,2283.91,1939.97,204.11,35.92537037037037,3.779814814814815,2023,11,11,202,-148,1698796800000
2021,8,111,4,101.85,95.9,0.0,23.975,0.0,2021,8,111,43,-39,1627776000000
2023,5,181,1163,37273.26,29323.6,4226.31,25.213757523645743,3.6339724849527086,2023,5,181,9596,-8433,1682899200000
2019,9,218,438,15261.67,13685.47,66.61,31.24536529680365,0.15207762557077625,2019,9,218,2192,-1754,1567296000000
2016,10,177,301,5758.86,4902.0,404.98,16.285714285714285,1.3454485049833889,2016,10,177,2461,-2160,1475280000000
2020,11,6,26,712.8199999999999,580.93,47.39,22.343461538461536,1.8226923076923076,2020,11,6,24,2,1604188800000
2024,2,201,67,3244.07,2966.02,10.0,44.268955223880596,0.14925373134328357,2024,2,201,305,-238,1706745600000
2016,12,14,477,11259.27,9207.22,1060.21,19.302348008385742,2.2226624737945495,2016,12,14,8841,-8364,1480550400000
2020,1,95,1122,29598.13,24430.96,1379.39,21.77447415329768,1.229402852049911,2020,1,95,8279,-7157,1577836800000
2024,3,239,102407,2187983.52,1433360.49,273958.21,13.996704229203083,2.6751902701963735,2024,3,239,101503,904,1709251200000
2023,1,148,31008,784238.49,534025.7,100057.87,17.222191047471618,3.2268404927760574,2023,1,148,28611,2397,1672531200000
2020,8,96,8,309.82,266.56,15.5,33.32,1.9375,2020,8,96,60,-52,1596240000000
2024,5,48,90582,2166486.34,1461763.69,258494.63,16.137463182530745,2.853708573447263,2024,5,48,86685,3897,1714521600000
2024,11,211,31488,767453.01,530462.2,90023.39,16.846487550813006,2.8589745299796747,2024,11,211,33734,-2246,1730419200000
2019,1,131,361,13619.05,12341.97,194.9,34.18828254847645,0.5398891966759003,2019,1,131,1410,-1049,1546300800000
2025,9,114,61656,1427739.64,941514.02,146084.95,15.270436291682886,2.3693549695082394,2025,9,114,46453,15203,1756684800000
2021,7,62,250,7798.03,6642.79,398.49,26.57116,1.59396,2021,7,62,1383,-1133,1625097600000
2020,7,168,1183,35845.68,31252.61,1002.88,26.418098055790363,0.8477430262045647,2020,7,168,2550,-1367,1593561600000
2017,3,238,189727,2478239.5300000003,1968723.59,279357.02,10.376612659241964,1.4724157341864892,2017,3,238,203002,-13275,1488326400000
2018,2,130,660,32658.66,26119.32,3491.94,39.57472727272727,5.290818181818182,2018,2,130,1861,-1201,1517443200000
2021,10,183,84,5103.8099999999995,4501.06,2.85,53.584047619047624,0.03392857142857143,2021,10,183,201,-117,1633046400000
2017,6,33,12305,232767.59,190548.07,28308.77,15.485418122714345,2.300590816741162,2017,6,33,29337,-17032,1496275200000
2023,3,255,1328,39333.93,29581.92,5083.14,22.275542168674697,3.8276656626506025,2023,3,255,8819,-7491,1677628800000
2025,1,152,2692,55742.94,44226.61,2580.92,16.428904160475483,0.958736998514116,2025,1,152,5038,-2346,1735689600000
2025,1,5,3,188.44,137.94,0.0,45.98,0.0,2025,1,5,8,-5,1735689600000
2017,2,12,2782,54321.67,46069.53,4903.1,16.559859813084113,1.7624370956146658,2017,2,12,5195,-2413,1485907200000
2019,9,180,159,6296.35,5460.29,369.53,34.341446540880504,2.324088050314465,2019,9,180,673,-514,1567296000000
2020,1,198,342,10145.58,8592.2,310.42,25.1233918128655,0.9076608187134504,2020,1,198,3017,-2675,1577836800000
2022,6,264,37255,1202542.4,870397.48,155772.2,23.36323929673869,4.181242786203194,2022,6,264,23339,13916,1654041600000
2019,1,228,792,22406.49,19875.04,836.51,25.094747474747475,1.0561994949494948,2019,1,228,4231,-3439,1546300800000
2022,5,246,55877,1068587.0799999998,712766.26,141085.47,12.755986541868747,2.524929219535766,2022,5,246,68102,-12225,1651363200000
2023,12,96,5,236.86,215.28,2.44,43.056,0.488,2023,12,96,80,-75,1701388800000
2017,6,80,6274,102887.44,83024.85,11315.2,13.233160663053875,1.8035065349059611,2017,6,80,18555,-12281,1496275200000
2019,10,159,510,10575.5,9132.48,131.22,17.906823529411763,0.25729411764705884,2019,10,159,1874,-1364,1569888000000
2025,11,25,4933,100806.32,78037.32,4332.66,15.819444557064667,0.8783012365700384,2025,11,25,7956,-3023,1761955200000
2019,2,106,863,16066.54,13110.53,1186.44,15.191807647740442,1.3747856315179607,2019,2,106,3017,-2154,1548979200000
2018,5,245,5,134.38,104.5,23.88,20.9,4.776,2018,5,245,105,-100,1525132800000
2020,2,37,1022,24497.73,20598.35,1096.05,20.154941291585125,1.0724559686888453,2020,2,37,6721,-5699,1580515200000
2023,11,128,21,973.74,768.63,108.67,36.60142857142857,5.174761904761905,2023,11,128,212,-191,1698796800000
2019,3,194,428,24233.63,18169.15,2805.37,42.45128504672898,6.554602803738318,2019,3,194,899,-471,1551398400000
2024,12,159,581,16259.83,14575.31,125.22,25.08659208261618,0.2155249569707401,2024,12,159,855,-274,1733011200000
2024,3,92,342,11554.9,10065.26,278.01,29.43058479532164,0.8128947368421052,2024,3,92,2127,-1785,1709251200000
2023,6,265,3113,275868.83,246387.15,22323.67,79.14781561194988,7.171111468037263,2023,6,265,15523,-12410,1685577600000
2019,10,27,3,38.150000000000006,18.0,16.06,6.0,5.353333333333333,2019,10,27,86,-83,1569888000000
2016,2,260,6824,110390.58,93447.18,7285.68,13.693900937866353,1.0676553341148887,2016,2,260,13878,-7054,1454284800000
2021,10,179,794,15998.960000000001,12970.039999999999,1058.07,16.33506297229219,1.3325818639798488,2021,10,179,3749,-2955,1633046400000
2022,11,224,4425,91039.85,61910.81,11960.69,13.991143502824858,2.702980790960452,2022,11,224,12601,-8176,1667260800000
2017,7,167,185,2747.46,2206.56,298.09,11.927351351351351,1.6112972972972972,2017,7,167,1470,-1285,1498867200000
2024,10,230,127530,3726465.18,2556519.04,465905.67,20.04641292244962,3.6533025170548106,2024,10,230,120054,7476,1727740800000
2016,9,143,103446,1427999.72,1144384.86,158729.7,11.062630357867874,1.5344208572588598,2016,9,143,112885,-9439,1472688000000
2018,10,178,200,5465.72,4741.23,192.29,23.706149999999997,0.9614499999999999,2018,10,178,736,-536,1538352000000
2024,11,155,506,15959.789999999999,14843.4,131.19,29.33478260869565,0.2592687747035573,2024,11,155,1126,-620,1730419200000
2023,9,209,6544,205578.54,148643.33,24889.38,22.71444529339853,3.8033893643031784,2023,9,209,8507,-1963,1693526400000
2019,12,82,2458,83199.96,65836.73,7183.71,26.78467453213995,2.9225834011391374,2019,12,82,5902,-3444,1575158400000
2022,1,221,7,550.1,450.4,48.5,64.34285714285714,6.928571428571429,2022,1,221,44,-37,1640995200000
2018,7,179,4645,67526.43000000001,56950.29,4947.37,12.260557588805167,1.0650958019375671,2018,7,179,10963,-6318,1530403200000
2019,1,43,106913,1391587.1900000002,1108420.28,159488.04,10.367497685033626,1.49175535248286,2019,1,43,92011,14902,1546300800000
2025,7,25,5072,132951.04,111204.35,3491.24,21.92514787066246,0.6883359621451104,2025,7,25,7697,-2625,1751328000000
2018,1,94,78,1108.51,942.3,78.39,12.08076923076923,1.0050000000000001,2018,1,94,607,-529,1514764800000
2021,2,124,128,4627.15,3891.91,83.22,30.405546875,0.65015625,2021,2,124,348,-220,1612137600000
2019,2,135,632,21394.25,19212.61,140.89,30.39969936708861,0.2229272151898734,2019,2,135,1988,-1356,1548979200000
2022,8,142,89841,1510227.48,976664.23,196948.75,10.871030264578533,2.1921923175387628,2022,8,142,77989,11852,1659312000000
2017,3,81,35,897.7,758.51,65.64,21.671714285714284,1.8754285714285714,2017,3,81,434,-399,1488326400000
2018,6,151,75984,1027919.0499999999,822230.28,113127.59,10.821097599494632,1.4888343598652347,2018,6,151,73159,2825,1527811200000
2019,4,127,770,18593.12,15715.04,1103.56,20.409142857142857,1.4331948051948051,2019,4,127,5308,-4538,1554076800000
2018,4,176,4,1125.7,1095.5,15.0,273.875,3.75,2018,4,176,45,-41,1522540800000
2022,12,9,36,1205.45,1088.72,34.78,30.242222222222225,0.9661111111111111,2022,12,9,303,-267,1669852800000
2017,10,45,22680,379421.73,315291.98,36241.72,13.90176278659612,1.5979594356261024,2017,10,45,27911,-5231,1506816000000
2016,4,261,57865,1167724.33,960751.21,126167.41,16.603321697053484,2.1803751836170395,2016,4,261,53085,4780,1459468800000
2017,12,179,6095,87995.6,73887.95,6971.03,12.122715340442985,1.143729286300246,2017,12,179,14284,-8189,1512086400000
2023,4,240,10,284.74,226.21,23.43,22.621000000000002,2.343,2023,4,240,116,-106,1680307200000
2016,7,14,491,10924.64,8953.58,957.3100000000001,18.23539714867617,1.949714867617108,2016,7,14,8983,-8492,1467331200000
2016,9,226,17245,316491.37,264545.52,27826.54,15.340418672078865,1.6136004639025805,2016,9,226,27578,-10333,1472688000000
2023,4,160,77,3541.79,2902.64,288.54,37.69662337662338,3.7472727272727275,2023,4,160,1039,-962,1680307200000
2023,2,251,1,31.05,20.5,8.05,20.5,8.05,2023,2,251,40,-39,1675209600000
2023,7,60,59,2057.0,1854.37,31.08,31.43,0.5267796610169492,2023,7,60,216,-157,1688169600000
2017,11,118,6,418.28999999999996,361.27,24.92,60.211666666666666,4.153333333333333,2017,11,118,149,-143,1509494400000
2025,3,47,825,22922.31,20857.07,17.88,25.28129696969697,0.02167272727272727,2025,3,47,870,-45,1740787200000
2023,7,149,54,2241.36,1978.23,40.58,36.63388888888889,0.7514814814814814,2023,7,149,440,-386,1688169600000
2017,12,44,2,422.8,386.5,17.42,193.25,8.71,2017,12,44,53,-51,1512086400000
2018,9,133,456,9929.130000000001,8559.29,492.52,18.770372807017544,1.0800877192982457,2018,9,133,2657,-2201,1535760000000
2019,6,209,15419,356224.11,259507.28,37745.9,16.8303573513198,2.448012192749206,2019,6,209,20605,-5186,1559347200000
2020,8,20,208,7722.85,6788.43,355.41,32.636682692307694,1.7087019230769231,2020,8,20,387,-179,1596240000000
2020,9,250,278,9846.59,8244.46,627.49,29.656330935251795,2.257158273381295,2020,9,250,502,-224,1598918400000
2022,4,116,3657,72126.84,56459.97,7462.57,15.43887612797375,2.0406261963357943,2022,4,116,10053,-6396,1648771200000
2023,1,71,128,3782.2400000000002,3280.16,169.38,25.62625,1.32328125,2023,1,71,640,-512,1672531200000
2025,5,29,679,17523.74,15818.65,71.13,23.296980854197347,0.10475699558173784,2025,5,29,1263,-584,1746057600000
2019,7,192,148,4252.4400000000005,3780.54,69.91,25.54418918918919,0.47236486486486484,2019,7,192,651,-503,1561939200000
2021,6,237,149341,2240149.37,1409999.58,285796.39,9.44147675454162,1.91371686275035,2021,6,237,130880,18461,1622505600000
2023,10,71,239,7699.1,7129.63,73.21000000000001,29.83108786610879,0.3063179916317992,2023,10,71,751,-512,1696118400000
2018,12,22,436,14938.86,13225.44,356.07,30.333577981651377,0.8166743119266054,2018,12,22,1781,-1345,1543622400000
2025,9,25,5517,148903.98,124163.11,4470.33,22.505548305238353,0.8102827623708537,2025,9,25,8648,-3131,1756684800000
2022,9,210,142,7006.42,6363.72,155.20000000000002,44.81492957746479,1.0929577464788733,2022,9,210,559,-417,1661990400000
2020,4,51,152,4380.76,3859.11,270.93,25.38888157894737,1.7824342105263158,2020,4,51,269,-117,1585699200000
2016,12,19,47,1364.4,1094.5,199.19,23.28723404255319,4.238085106382979,2016,12,19,516,-469,1480550400000
2016,3,89,1589,31868.93,26333.42,3334.41,16.572322215229704,2.098432976714915,2016,3,89,11716,-10127,1456790400000
2019,3,135,575,21102.18,18902.58,260.24,32.87405217391305,0.45259130434782613,2019,3,135,2262,-1687,1551398400000
2022,11,130,484,26234.88,20503.98,2944.98,42.36359504132231,6.084669421487603,2022,11,130,1647,-1163,1667260800000
2018,7,53,98,3518.97,3202.11,123.91,32.67459183673469,1.2643877551020408,2018,7,53,907,-809,1530403200000
2022,11,217,139,3166.19,2575.41,340.83,18.528129496402876,2.4520143884892085,2022,11,217,1408,-1269,1667260800000
2023,11,116,1912,50404.37,40266.69,4337.31,21.05998430962343,2.2684675732217574,2023,11,116,6772,-4860,1698796800000
2025,1,148,36920,848441.91,565179.69,86074.72,15.30822562296858,2.3313846153846156,2025,1,148,37923,-1003,1735689600000
2017,4,177,234,4846.35,3918.3,439.29,16.744871794871795,1.8773076923076923,2017,4,177,2196,-1962,1491004800000
2023,9,1,340,36371.96,31187.19,3987.02,91.7270294117647,11.726529411764705,2023,9,1,9079,-8739,1693526400000
2025,3,200,356,12242.01,10370.23,136.96,29.129859550561797,0.38471910112359553,2025,3,200,1335,-979,1740787200000
2019,10,59,5,175.66,147.8,0.0,29.560000000000002,0.0,2019,10,59,39,-34,1569888000000
2023,4,22,82,3633.1,3164.93,63.82,38.59670731707317,0.7782926829268293,2023,4,22,501,-419,1680307200000
2025,7,229,59953,1310866.8399999999,835844.3899999999,145879.25,13.94166080096075,2.433226861041149,2025,7,229,70836,-10883,1751328000000
2025,9,71,2443,73483.32,67813.62,74.27,27.75833810888252,0.030401146131805157,2025,9,71,2728,-285,1756684800000
2016,10,192,135,2786.26,2362.0,242.26,17.496296296296297,1.7945185185185184,2016,10,192,884,-749,1475280000000
2023,5,236,152547,3302226.18,2135672.9200000004,434879.86000000004,14.000097805922112,2.8507926081797743,2023,5,236,160616,-8069,1682899200000
2019,7,188,1478,36045.07,32071.25,669.08,21.699086603518268,0.4526928281461435,2019,7,188,5293,-3815,1561939200000
2017,6,62,473,7481.96,6272.3,574.5,13.260676532769557,1.214587737843552,2017,6,62,4574,-4101,1496275200000
2018,9,60,127,3769.35,3401.12,66.95,26.78047244094488,0.5271653543307087,2018,9,60,607,-480,1535760000000
2018,8,15,83,2841.9700000000003,2515.27,97.99000000000001,30.3044578313253,1.1806024096385543,2018,8,15,905,-822,1533081600000
2019,3,166,44325,727375.06,536180.74,82040.27,12.096576198533558,1.8508803158488438,2019,3,166,60180,-15855,1551398400000
2016,12,208,69,2607.3,2163.5,213.4,31.355072463768117,3.092753623188406,2016,12,208,1346,-1277,1480550400000
2020,8,108,190,8261.11,7555.27,330.25,39.76457894736842,1.7381578947368421,2020,8,108,353,-163,1596240000000
2017,3,64,21,684.27,590.35,51.870000000000005,28.111904761904764,2.47,2017,3,64,787,-766,1488326400000
2016,7,71,167,3465.67,2791.9,430.09,16.717964071856287,2.575389221556886,2016,7,71,2118,-1951,1467331200000
2024,7,185,107,4186.33,3850.13,36.26,35.982523364485985,0.33887850467289715,2024,7,185,389,-282,1719792000000
2025,5,144,50549,1183448.22,792576.37,113039.59,15.679367940018595,2.236237907772656,2025,5,144,46596,3953,1746057600000
2018,2,246,124531,1789038.04,1408096.53,221215.5,11.30719684255326,1.776389011571416,2018,2,246,167013,-42482,1517443200000
2017,6,29,61,2762.4,2514.7,143.3,41.22459016393442,2.3491803278688526,2017,6,29,875,-814,1496275200000
2022,5,244,3362,78246.88,61579.02,8545.17,18.316186793575252,2.54169244497323,2022,5,244,12692,-9330,1651363200000
2022,3,218,148,5401.91,4948.32,49.29,33.43459459459459,0.33304054054054055,2022,3,218,863,-715,1646092800000
2024,4,13,21677,682351.34,489236.85,82261.06,22.569398440743644,3.7948544540296165,2024,4,13,27080,-5403,1711929600000
2020,5,128,13,600.89,518.52,14.39,39.886153846153846,1.106923076923077,2020,5,128,54,-41,1588291200000
2021,9,72,313,10750.43,9475.7,143.93,30.27380191693291,0.45984025559105435,2021,9,72,927,-614,1630454400000
2022,11,176,1,80.3,80.0,0.0,80.0,0.0,2022,11,176,28,-27,1667260800000
2023,12,129,945,32261.85,25718.03,2812.43,27.21484656084656,2.976116402116402,2023,12,129,4330,-3385,1701388800000
2024,7,147,148,5062.34,4624.56,19.32,31.24702702702703,0.13054054054054054,2024,7,147,327,-179,1719792000000
2025,10,259,707,26340.88,24326.35,30.02,34.40785007072136,0.04246110325318246,2025,10,259,1031,-324,1759276800000
2022,7,55,177,8268.99,7487.92,204.82,42.304632768361586,1.1571751412429379,2022,7,55,731,-554,1656633600000
2019,9,253,34,1413.0,1171.43,100.78999999999999,34.453823529411764,2.9644117647058823,2019,9,253,158,-124,1567296000000
2023,12,14,353,14964.03,12646.76,506.64,35.82651558073655,1.435240793201133,2023,12,14,2268,-1915,1701388800000
2024,4,194,184,11022.84,7945.7,1349.63,43.183152173913044,7.334945652173913,2024,4,194,656,-472,1711929600000
2024,8,251,9,415.34,332.3,27.4,36.922222222222224,3.0444444444444443,2024,8,251,54,-45,1722470400000
2021,9,50,23915,434524.81,292042.29,52475.15,12.211678444490904,2.1942358352498434,2021,9,50,33316,-9401,1630454400000
2018,10,72,634,20863.96,19061.75,321.2,30.065851735015773,0.5066246056782334,2018,10,72,1864,-1230,1538352000000
2016,10,178,155,1994.91,1653.0,135.59,10.664516129032258,0.8747741935483871,2016,10,178,787,-632,1475280000000
2019,8,138,170442,7510182.91,5560924.05,874824.8400000001,32.62648906959552,5.132683493505122,2019,8,138,74007,96435,1564617600000
2018,11,122,117,5480.99,4895.11,188.42,41.838547008547,1.6104273504273503,2018,11,122,448,-331,1541030400000
2025,7,156,13,854.52,679.02,0.0,52.23230769230769,0.0,2025,7,156,44,-31,1751328000000
2021,8,166,15161,274196.93,201083.33,32759.9,13.263197018666315,2.1608007387375503,2021,8,166,20525,-5364,1627776000000
2021,6,224,4783,88160.18000000001,59670.07,10509.29,12.475448463307547,2.1972172276813717,2021,6,224,10276,-5493,1622505600000
2020,8,202,102,3178.13,2799.5499999999997,198.64000000000001,27.44656862745098,1.947450980392157,2020,8,202,779,-677,1596240000000
2018,12,232,13404,246178.63,205086.67,23008.98,15.300408087138168,1.7165756490599822,2018,12,232,36387,-22983,1543622400000
2020,6,247,497,13120.17,11363.67,577.87,22.86452716297787,1.1627162977867203,2020,6,247,906,-409,1590969600000
2019,11,264,50653,1140209.77,857205.36,137986.81,16.923091623398417,2.724158687540718,2019,11,264,45007,5646,1572566400000
2021,9,138,72649,3226967.56,2253327.53,416173.12999999995,31.016635191124443,5.72854588500874,2021,9,138,30108,42541,1630454400000
2018,2,143,99688,1253056.6199999999,993518.0,146193.82,9.966274777305193,1.4665137228151834,2018,2,143,113893,-14205,1517443200000
2022,5,186,109716,2056651.3199999998,1374437.39,263549.04,12.527228389660577,2.4021021546538335,2022,5,186,78765,30951,1651363200000
2024,9,67,155,5109.81,4597.84,115.14,29.66348387096774,0.7428387096774194,2024,9,67,558,-403,1725148800000
2024,10,80,1989,64887.02,54264.66,3773.89,27.28238310708899,1.8973805932629462,2024,10,80,4808,-2819,1727740800000
2025,11,41,19274,332552.55,241473.2,16215.51,12.528442461346893,0.8413152433329875,2025,11,41,27461,-8187,1761955200000
2018,4,245,6,122.56,86.5,25.0,14.416666666666666,4.166666666666667,2018,4,245,103,-97,1522540800000
2020,11,148,7811,142947.84,99017.3,15991.93,12.676648316476763,2.047360133145564,2020,11,148,9043,-1232,1604188800000
2017,3,147,105,1807.89,1591.5,73.6,15.157142857142857,0.7009523809523809,2017,3,147,1214,-1109,1488326400000
2022,1,195,66,2102.89,1751.15,138.82,26.53257575757576,2.103333333333333,2022,1,195,514,-448,1640995200000
2025,9,265,2135,208480.7,183546.1,18013.54,85.97007025761124,8.437255269320843,2025,9,265,21106,-18971,1756684800000
2017,1,90,184626,2353495.9,1847538.05,279372.19,10.006922372796899,1.5131790213729377,2017,1,90,151426,33200,1483228800000
2018,5,113,142073,1966497.71,1556393.5,234055.98,10.954885868532374,1.6474346286768071,2018,5,113,122423,19650,1525132800000
2016,10,219,625,39213.33,32378.46,3912.4700000000003,51.805536,6.259952,2016,10,219,1954,-1329,1475280000000
2017,5,50,98698,1449919.19,1166441.17,158388.01,11.818285780866885,1.6047742608766136,2017,5,50,115289,-16591,1493596800000
2024,7,237,128578,2533303.66,1609384.46,321680.42,12.516794941591874,2.5018309508625114,2024,7,237,114476,14102,1719792000000
2016,10,215,928,56023.46,45132.8,5479.55,48.63448275862069,5.9046875000000005,2016,10,215,995,-67,1475280000000
2021,8,257,123,4719.37,3788.38,239.57999999999998,30.799837398373985,1.9478048780487804,2021,8,257,1242,-1119,1627776000000
2020,4,227,43,1105.01,896.44,106.68,20.847441860465118,2.4809302325581397,2020,4,227,122,-79,1585699200000
2018,10,238,178659,2372652.3,1877500.42,277338.02999999997,10.508848812542329,1.5523317045320972,2018,10,238,190165,-11506,1538352000000
2020,8,16,154,6061.99,5342.49,305.36,34.69149350649351,1.9828571428571429,2020,8,16,267,-113,1596240000000
2018,8,2,7,288.63,243.0,15.75,34.714285714285715,2.25,2018,8,2,5,2,1533081600000
2018,4,59,6,152.06,139.5,1.0,23.25,0.16666666666666666,2018,4,59,44,-38,1522540800000
2024,1,175,56,1969.49,1818.47,22.88,32.472678571428574,0.40857142857142853,2024,1,175,321,-265,1704067200000
2024,9,187,7,262.61,228.39,0.4,32.62714285714286,0.05714285714285715,2024,9,187,25,-18,1725148800000
2021,1,162,40697,605429.14,379217.41,76492.71,9.318067916554044,1.8795663070988036,2021,1,162,30183,10514,1609459200000
2023,12,229,63148,1442902.92,956100.53,185011.6,15.14063042376639,2.9298093367960982,2023,12,229,70930,-7782,1701388800000
2018,5,56,426,16179.8,13191.8,1409.6,30.966666666666665,3.308920187793427,2018,5,56,2476,-2050,1525132800000
2020,6,22,177,6268.25,5606.28,314.99,31.673898305084744,1.7796045197740114,2020,6,22,317,-140,1590969600000
2021,5,181,1388,37751.01,30796.11,2981.78,22.187399135446686,2.148256484149856,2021,5,181,6001,-4613,1619827200000
2021,7,186,103630,1810742.1900000002,1203780.35,221151.62,11.61613770143781,2.1340501785197334,2021,7,186,69715,33915,1625097600000
2024,8,133,258,8170.04,7397.2,184.74,28.671317829457365,0.716046511627907,2024,8,133,903,-645,1722470400000
2025,5,259,687,21156.16,18999.34,69.64,27.65551673944687,0.10136826783114992,2025,5,259,1030,-343,1746057600000
2020,6,108,75,3410.68,3127.36,134.8,41.69813333333334,1.7973333333333334,2020,6,108,195,-120,1590969600000
2021,3,164,34607,543258.4600000001,349026.25,64171.59,10.085423469240327,1.8542950848094315,2021,3,164,30545,4062,1614556800000
2020,12,231,13920,265766.88999999996,185110.32,30479.300000000003,13.298155172413793,2.1896048850574714,2020,12,231,16453,-2533,1606780800000
2022,5,185,48,1396.81,1237.8700000000001,31.330000000000002,25.788958333333337,0.6527083333333333,2022,5,185,449,-401,1651363200000
2021,6,102,103,3537.22,3010.8,18.77,29.23106796116505,0.18223300970873785,2021,6,102,544,-441,1622505600000
2023,2,37,349,10989.69,8613.66,1241.66,24.680974212034382,3.557765042979943,2023,2,37,3270,-2921,1675209600000
2020,1,10,2375,150294.7,116572.77,15703.72,49.08327157894737,6.612092631578947,2020,1,10,5615,-3240,1577836800000
2021,1,117,227,12371.96,10797.21,420.69,47.564801762114534,1.8532599118942732,2021,1,117,598,-371,1609459200000
2016,11,122,14,248.20000000000002,223.6,10.4,15.971428571428572,0.7428571428571429,2016,11,122,338,-324,1477958400000
2021,11,194,157,7746.63,5569.55,908.62,35.47484076433121,5.787388535031847,2021,11,194,497,-340,1635724800000
2016,4,210,63,1304.8600000000001,1095.5,124.39999999999999,17.38888888888889,1.9746031746031745,2016,4,210,1313,-1250,1459468800000
2024,2,262,42359,928050.99,616924.73,112827.66,14.564194858235558,2.6636053731202343,2024,2,262,47197,-4838,1706745600000
2022,7,254,149,6168.76,5481.51,97.25,36.78865771812081,0.6526845637583892,2022,7,254,533,-384,1656633600000
2024,9,203,270,13335.9,12084.29,297.46,44.756629629629636,1.1017037037037036,2024,9,203,857,-587,1725148800000
2021,1,194,93,3409.29,2474.27,296.69,26.60505376344086,3.190215053763441,2021,1,194,360,-267,1609459200000
2021,4,130,795,31014.13,26637.94,573.4,33.506842767295595,0.7212578616352201,2021,4,130,1592,-797,1617235200000
2024,5,263,68900,1810776.23,1316527.45,168762.81,19.107800435413644,2.449387663280116,2024,5,263,74033,-5133,1714521600000
2025,7,251,22,1051.77,802.25,20.0,36.46590909090909,0.9090909090909091,2025,7,251,55,-33,1751328000000
2025,11,80,6070,118724.31,86800.13,4205.92,14.299856672158155,0.6929028006589786,2025,11,80,7917,-1847,1761955200000
2019,10,166,39913,661764.8200000001,483311.89,78333.55,12.109134617793702,1.9626074211409816,2019,10,166,55499,-15586,1569888000000
2021,1,145,1281,19210.34,14319.44,1604.97,11.17832943013271,1.252903981264637,2021,1,145,3857,-2576,1609459200000
2022,1,239,75560,1179038.3800000001,744396.4,160462.39,9.851725780836421,2.1236420063525676,2022,1,239,75053,507,1640995200000
2017,3,133,597,11680.44,9612.0,1175.36,16.100502512562816,1.9687772194304856,2017,3,133,3333,-2736,1488326400000
2016,8,200,83,1789.77,1531.84,124.82,18.45590361445783,1.5038554216867468,2016,8,200,3006,-2923,1470009600000
2018,3,194,363,20202.05,15377.11,2403.4,42.36118457300276,6.620936639118457,2018,3,194,651,-288,1519862400000
2019,7,155,470,15495.65,13912.09,158.64,29.600191489361702,0.337531914893617,2019,7,155,1387,-917,1561939200000
2021,4,120,46,1749.66,1552.45,11.86,33.74891304347826,0.2578260869565217,2021,4,120,202,-156,1617235200000
2023,3,179,626,15593.24,12647.31,1249.78,20.203370607028752,1.9964536741214056,2023,3,179,3590,-2964,1677628800000
2017,11,240,24,480.11,418.3,24.150000000000002,17.429166666666667,1.00625,2017,11,240,228,-204,1509494400000
2018,4,47,199,4003.36,3572.2,113.52000000000001,17.95075376884422,0.5704522613065327,2018,4,47,888,-689,1522540800000
2024,9,45,6266,173254.53,129075.44,15881.83,20.599336099585063,2.5346042132141715,2024,9,45,10950,-4684,1725148800000
2025,5,258,1810,44127.21,39356.26,144.84,21.74379005524862,0.08002209944751382,2025,5,258,2529,-719,1746057600000
2024,12,90,56691,1316946.55,875518.59,166662.96,15.443696353918611,2.9398486532253796,2024,12,90,51716,4975,1733011200000
2025,3,4,12904,284935.45,200130.35,16202.33,15.509171574705519,1.2556052386856789,2025,3,4,19533,-6629,1740787200000
2018,1,164,204088,2877366.09,2252374.08,335670.0,11.036288659793815,1.6447316843714477,2018,1,164,181011,23077,1514764800000
2022,9,153,38,1262.92,1101.07,90.75,28.975526315789473,2.388157894736842,2022,9,153,166,-128,1661990400000
2024,9,261,20389,645381.54,474355.54,71278.84,23.265267546225907,3.4959458531561136,2024,9,261,19549,840,1725148800000
2022,1,65,1226,29572.22,23300.15,3103.77,19.005016313213705,2.531623164763458,2022,1,65,2864,-1638,1640995200000
2022,5,131,80,3756.77,3462.4100000000003,62.0,43.280125000000005,0.775,2022,5,131,737,-657,1651363200000
2024,12,63,386,12192.26,11234.46,137.32,29.10481865284974,0.35575129533678757,2024,12,63,815,-429,1733011200000
2019,8,165,449,12510.82,10898.11,90.2,24.271959910913143,0.20089086859688196,2019,8,165,1557,-1108,1564617600000
2022,10,205,220,8362.93,7756.54,117.89,35.257,0.5358636363636363,2022,10,205,945,-725,1664582400000
2024,7,65,2330,69669.85,56960.8,5448.19,24.44669527896996,2.338278969957081,2024,7,65,4751,-2421,1719792000000
2017,5,242,163,2966.08,2495.21,234.03,15.30803680981595,1.4357668711656442,2017,5,242,1072,-909,1493596800000
2024,10,53,160,6020.96,5091.6,294.27,31.8225,1.8391875,2024,10,53,606,-446,1727740800000
2025,9,106,1343,35964.77,28552.26,842.77,21.260059568131048,0.6275279225614296,2025,9,106,2322,-979,1756684800000
2019,3,51,1001,42006.56,38059.25,58.16,38.02122877122877,0.0581018981018981,2019,3,51,1755,-754,1551398400000
2021,12,54,46,1580.78,1200.88,220.65,26.106086956521743,4.796739130434783,2021,12,54,621,-575,1638316800000
2018,2,114,117220,1629585.9100000001,1285625.63,198505.56,10.96763035318205,1.6934444634021497,2018,2,114,91856,25364,1517443200000
2022,8,197,329,15673.82,13576.85,1019.13,41.26702127659575,3.0976595744680853,2022,8,197,1408,-1079,1659312000000
2017,2,91,139,3421.9,2968.55,244.38,21.356474820143887,1.7581294964028777,2017,2,91,1485,-1346,1485907200000
2020,7,22,244,9049.57,8010.49,486.73,32.829877049180325,1.9947950819672131,2020,7,22,446,-202,1593561600000
2025,7,171,372,9663.65,8540.85,61.739999999999995,22.95927419354839,0.16596774193548386,2025,7,171,1188,-816,1751328000000
2018,3,260,5287,87849.16,73958.89,6564.65,13.988819746548137,1.2416587857007755,2018,3,260,10595,-5308,1519862400000
2021,10,18,174,6803.74,5740.52,172.82,32.991494252873565,0.9932183908045976,2021,10,18,718,-544,1633046400000
2021,12,180,36,1654.11,1415.49,121.37,39.31916666666667,3.371388888888889,2021,12,180,316,-280,1638316800000
2020,10,73,57,3706.23,3121.79,483.59,54.76824561403509,8.484035087719297,2020,10,73,146,-89,1601510400000
2024,6,158,40528,997371.43,692955.62,110092.23,17.098194334780892,2.7164486281089615,2024,6,158,38974,1554,1717200000000
2018,1,71,162,2906.1,2592.52,135.10999999999999,16.00320987654321,0.8340123456790123,2018,1,71,1282,-1120,1514764800000
2017,11,186,324993,4930647.47,3980750.54,548203.26,12.248727018735789,1.6868155929512327,2017,11,186,246379,78614,1509494400000
2023,9,105,1,81.14,70.2,0.0,70.2,0.0,2023,9,105,7,-6,1693526400000
2020,1,183,151,6622.95,5683.08,14.86,37.63629139072847,0.09841059602649006,2020,1,183,359,-208,1577836800000
2024,4,38,167,7960.44,7449.98,16.0,44.61065868263473,0.09580838323353294,2024,4,38,646,-479,1711929600000
2017,2,157,350,12515.09,10099.15,1256.79,28.854714285714284,3.5908285714285713,2017,2,157,3218,-2868,1485907200000
2018,9,100,162869,2449473.4099999997,1981229.44,245426.19,12.164558264617575,1.5068932086523525,2018,9,100,121602,41267,1535760000000
2021,8,179,815,17217.98,13965.8,1047.32,17.1359509202454,1.2850552147239263,2021,8,179,3516,-2701,1627776000000
2023,11,237,168165,3528879.18,2267501.76,465912.04000000004,13.483791276424938,2.770564861891595,2023,11,237,151882,16283,1698796800000
2020,5,118,14,724.1,529.04,0.0,37.78857142857142,0.0,2020,5,118,35,-21,1588291200000
2024,5,181,1814,55986.95,48224.9,2923.09,26.5848401323043,1.6114057331863287,2024,5,181,8824,-7010,1714521600000
2018,3,120,42,1643.7,1350.25,123.03,32.148809523809526,2.9292857142857143,2018,3,120,392,-350,1519862400000
2019,8,238,107854,1703671.9500000002,1140807.94,193767.08000000002,10.577335472026999,1.7965683238451984,2019,8,238,112064,-4210,1564617600000
2022,9,46,15,656.98,595.4,36.480000000000004,39.693333333333335,2.4320000000000004,2022,9,46,85,-70,1661990400000
2016,2,122,398,5681.89,4582.0,617.45,11.512562814070352,1.5513819095477388,2016,2,122,743,-345,1454284800000
2022,3,235,180,6829.07,6152.51,38.66,34.18061111111111,0.21477777777777776,2022,3,235,666,-486,1646092800000
2024,6,211,30454,729613.76,507076.31,80403.07,16.65056511459907,2.6401480922046368,2024,6,211,31019,-565,1717200000000
2016,3,141,279210,3528616.87,2812671.78,386468.53,10.073678521542924,1.3841500304430359,2016,3,141,276068,3142,1456790400000
2024,2,138,87395,5717156.58,3637713.73,772150.57,41.62381978374049,8.835180159047999,2024,2,138,32665,54730,1706745600000
2025,11,72,2381,55286.24,50357.51,41.17,21.149731205375893,0.017291054178916423,2025,11,72,2610,-229,1761955200000
2017,5,190,591,10302.29,8562.02,1042.36,14.487343485617599,1.7637225042301183,2017,5,190,1998,-1407,1493596800000
2024,1,188,720,22453.8,20619.23,320.88,28.637819444444442,0.44566666666666666,2024,1,188,2287,-1567,1704067200000
2024,12,206,3,96.0,95.0,0.0,31.666666666666668,0.0,2024,12,206,74,-71,1733011200000
2018,5,21,174,5060.52,4560.6,134.19,26.21034482758621,0.7712068965517241,2018,5,21,1181,-1007,1525132800000
2016,3,227,217,4006.31,3304.85,401.46,15.229723502304147,1.8500460829493086,2016,3,227,3096,-2879,1456790400000
2022,4,107,85723,1497121.4100000001,969584.54,199642.77,11.310669715245616,2.3289288755643174,2022,4,107,69688,16035,1648771200000
2024,1,50,16262,372192.97,253876.14,41795.92,15.611618497109827,2.570158652072316,2024,1,50,29785,-13523,1704067200000
2018,10,69,787,19818.78,17509.84,598.55,22.24884371029225,0.760546378653113,2018,10,69,3648,-2861,1538352000000
2022,4,130,345,16792.67,13228.41,1846.1399999999999,38.34321739130435,5.3511304347826085,2022,4,130,1537,-1192,1648771200000
2023,10,187,1,24.4,21.9,0.0,21.9,0.0,2023,10,187,28,-27,1696118400000
2016,7,184,13,450.74,375.0,51.26,28.846153846153847,3.943076923076923,2016,7,184,111,-98,1467331200000
2024,11,158,36583,916472.96,628143.3500000001,112417.12000000001,17.170361916737285,3.0729333296886536,2024,11,158,37799,-1216,1730419200000
2024,12,134,541,30458.08,26103.37,2771.86,48.25022181146026,5.123585951940851,2024,12,134,1264,-723,1733011200000
2025,1,106,523,13280.73,10933.72,347.36,20.905774378585086,0.6641682600382409,2025,1,106,1107,-584,1735689600000
2021,9,151,30551,522654.66000000003,370080.78,64256.32,12.113540636967695,2.10324768420019,2021,9,151,30805,-254,1630454400000
2025,4,175,183,5657.15,5044.32,11.0,27.564590163934426,0.060109289617486336,2025,4,175,534,-351,1743465600000
2019,2,219,918,52322.44,44289.11,3053.6,48.245217864923745,3.3263616557734204,2019,2,219,1698,-780,1548979200000
2021,6,97,1833,44029.43,35402.85,3922.2400000000002,19.314157119476267,2.1397926895799237,2021,6,97,3888,-2055,1622505600000
2023,10,142,119810,2677349.46,1746554.1199999999,351723.34,14.577699023453802,2.9356759869793843,2023,10,142,100387,19423,1696118400000
2022,9,75,20486,365836.64,263901.59,41034.64,12.882045787366984,2.0030576979400565,2022,9,75,38336,-17850,1661990400000
2023,10,84,1,96.79,74.79,0.0,74.79,0.0,2023,10,84,37,-36,1696118400000
2016,3,44,3,45.41,29.009999999999998,0.0,9.67,0.0,2016,3,44,48,-45,1456790400000
2019,4,235,590,18585.06,16660.94,94.15,28.2388813559322,0.1595762711864407,2019,4,235,1792,-1202,1554076800000
2022,2,57,13,742.15,610.69,120.56,46.97615384615385,9.273846153846154,2022,2,57,47,-34,1643673600000
2025,10,57,62,1634.29,1348.74,63.42,21.753870967741936,1.0229032258064517,2025,10,57,133,-71,1759276800000
2021,8,222,195,7810.25,6827.78,44.13,35.01425641025641,0.22630769230769232,2021,8,222,447,-252,1627776000000
2025,4,251,15,969.79,758.41,34.3,50.56066666666666,2.2866666666666666,2025,4,251,42,-27,1743465600000
2017,11,105,16,275.12,225.0,32.32,14.0625,2.02,2017,11,105,17,-1,1509494400000
2017,2,25,9975,157829.67,128578.76,17390.61,12.890101253132832,1.7434195488721804,2017,2,25,17640,-7665,1485907200000
2021,3,11,139,5348.01,4533.24,25.0,32.61323741007194,0.17985611510791366,2021,3,11,241,-102,1614556800000
2021,4,45,2340,52657.04,39646.98,4392.34,16.943153846153848,1.8770683760683762,2021,4,45,4536,-2196,1617235200000
2023,7,97,1099,30800.579999999998,24781.33,2750.0,22.548980891719747,2.5022747952684257,2023,7,97,3819,-2720,1688169600000
2024,10,74,10160,222026.72,177088.49,12989.75,17.429969488188977,1.2785187007874015,2024,10,74,25770,-15610,1727740800000
2019,12,37,1191,27978.98,23626.12,1192.28,19.837212426532325,1.001074727120067,2019,12,37,8235,-7044,1575158400000
2021,5,223,757,25225.77,19449.06,2249.81,25.692285336856013,2.972007926023778,2021,5,223,4022,-3265,1619827200000
2017,3,30,3,75.00999999999999,60.0,7.45,20.0,2.4833333333333334,2017,3,30,35,-32,1488326400000
2020,1,212,264,7588.73,6504.21,18.34,24.63715909090909,0.06946969696969697,2020,1,212,867,-603,1577836800000
2019,5,79,185952,3173883.5700000003,2094548.26,381170.97,11.263918968335915,2.0498352800722768,2019,5,79,159372,26580,1556668800000
2018,8,62,498,10674.35,9602.16,421.39,19.28144578313253,0.8461646586345382,2018,8,62,3570,-3072,1533081600000
2025,9,83,974,31831.34,26278.15,2016.6,26.979620123203286,2.070431211498973,2025,9,83,1777,-803,1756684800000
2017,11,194,469,23520.420000000002,18189.16,2677.06,38.78285714285714,5.708017057569296,2017,11,194,893,-424,1509494400000
2021,2,202,107,3318.45,2848.81,110.32000000000001,26.624392523364484,1.0310280373831777,2021,2,202,796,-689,1612137600000
2018,6,119,311,6824.08,5948.27,325.57,19.126270096463024,1.0468488745980706,2018,6,119,1854,-1543,1527811200000
2020,4,123,45,894.64,764.71,82.5,16.993555555555556,1.8333333333333333,2020,4,123,77,-32,1585699200000
2021,11,191,225,11551.199999999999,10484.31,54.14,46.59693333333333,0.24062222222222224,2021,11,191,823,-598,1635724800000
2024,5,190,128,4064.43,3498.45,233.95999999999998,27.331640625,1.8278124999999998,2024,5,190,511,-383,1714521600000
2022,3,121,62,2169.94,1939.79,71.8,31.286935483870966,1.1580645161290322,2022,3,121,679,-617,1646092800000
2025,2,56,826,26629.99,22630.15,793.42,27.397276029055693,0.9605569007263922,2025,2,56,1763,-937,1738368000000
2022,3,96,2,56.36,49.2,2.06,24.6,1.03,2022,3,96,79,-77,1646092800000
2022,5,220,122,4216.18,3613.83,262.95,29.62155737704918,2.155327868852459,2022,5,220,1418,-1296,1651363200000
2023,1,123,71,2573.25,2216.27,97.53,31.21507042253521,1.373661971830986,2023,1,123,593,-522,1672531200000
2021,1,191,216,9404.82,8333.99,395.21999999999997,38.58328703703704,1.829722222222222,2021,1,191,479,-263,1609459200000
2019,9,196,746,27770.78,22165.7,2378.34,29.712734584450402,3.1881233243967833,2019,9,196,2741,-1995,1567296000000
2023,1,229,62396,1292320.61,831202.2,164560.98,13.321402012949548,2.637364254118854,2023,1,229,68439,-6043,1672531200000
2020,12,16,134,5533.83,4900.17,356.84,36.56843283582089,2.6629850746268655,2020,12,16,295,-161,1606780800000
2021,5,82,647,18439.73,15250.1,649.39,23.57047913446677,1.003693972179289,2021,5,82,2078,-1431,1619827200000
2020,8,2,3,172.67,153.82,2.75,51.27333333333333,0.9166666666666666,2020,8,2,4,-1,1596240000000
2024,7,175,80,3217.63,2979.63,83.48,37.245375,1.0435,2024,7,175,434,-354,1719792000000
2024,6,245,3,116.28,74.58000000000001,0.0,24.860000000000003,0.0,2024,6,245,37,-34,1717200000000
2019,8,159,630,12782.92,11035.49,321.61,17.516650793650793,0.5104920634920636,2019,8,159,2276,-1646,1564617600000
2021,10,153,61,2219.63,1942.44,38.39,31.84327868852459,0.629344262295082,2021,10,153,179,-118,1633046400000
2020,3,187,4,212.89999999999998,124.5,72.46000000000001,31.125,18.115000000000002,2020,3,187,19,-15,1583020800000
2025,5,153,242,5940.14,5286.95,43.15,21.84690082644628,0.17830578512396694,2025,5,153,319,-77,1746057600000
2019,4,217,494,9534.65,8148.11,487.6,16.49414979757085,0.9870445344129555,2019,4,217,2480,-1986,1554076800000
2020,7,142,24463,376574.76,245466.75,43577.63,10.03420471732821,1.7813690062543432,2020,7,142,19994,4469,1593561600000
2017,7,69,429,7635.5,6417.42,558.23,14.959020979020979,1.3012354312354313,2017,7,69,3949,-3520,1498867200000
2016,12,16,74,1549.92,1283.12,151.45000000000002,17.33945945945946,2.0466216216216218,2016,12,16,1462,-1388,1480550400000
2016,12,23,12,559.17,465.5,21.47,38.791666666666664,1.7891666666666666,2016,12,23,257,-245,1480550400000
2019,12,149,265,8152.54,7165.92,24.93,27.04120754716981,0.0940754716981132,2019,12,149,957,-692,1575158400000
2022,9,148,34970,735521.58,507670.18,96481.14,14.517305690591936,2.7589688304260793,2022,9,148,33512,1458,1661990400000
2023,10,264,29298,845548.28,598503.95,107770.13,20.428150385691854,3.678412519625913,2023,10,264,36302,-7004,1696118400000
2025,1,54,258,7317.96,5833.64,184.42,22.611007751937986,0.7148062015503875,2025,1,54,719,-461,1735689600000
2022,2,143,39934,647823.04,418229.63,84774.79,10.473021235037812,2.1228724896078526,2022,2,143,49967,-10033,1643673600000
2018,11,160,261,7241.67,5995.73,507.32,22.97214559386973,1.9437547892720306,2018,11,160,2317,-2056,1541030400000
2020,2,93,2935,197480.47,148952.46,24801.68,50.75041226575809,8.450316865417376,2020,2,93,8614,-5679,1580515200000
2019,2,208,216,7968.7,7034.12,91.73,32.56537037037037,0.42467592592592596,2019,2,208,1066,-850,1548979200000
2023,10,241,163,6128.2,5613.11,54.25,34.436257668711654,0.3328220858895706,2023,10,241,491,-328,1696118400000
2024,3,234,97355,2131224.6599999997,1399165.65,259818.03,14.371790354886754,2.668769246571825,2024,3,234,84977,12378,1709251200000
2021,7,185,194,6803.5,5774.7,115.58,29.766494845360825,0.5957731958762886,2021,7,185,546,-352,1625097600000
2016,10,109,3,478.0,339.0,125.1,113.0,41.699999999999996,2016,10,109,82,-79,1475280000000
2023,6,124,81,4001.35,3490.68,266.87,43.09481481481481,3.2946913580246915,2023,6,124,692,-611,1685577600000
2024,4,264,10892,318982.73,223489.98,40391.02,20.518727506426735,3.7083198677928753,2024,4,264,16947,-6055,1711929600000
2024,11,87,18863,586943.35,429945.06,65657.84,22.793037162699463,3.4807740020145257,2024,11,87,28461,-9598,1730419200000
2019,4,178,181,5117.9,4536.96,44.760000000000005,25.066077348066298,0.24729281767955805,2019,4,178,731,-550,1554076800000
2022,12,22,96,3557.33,3050.63,70.60000000000001,31.777395833333333,0.7354166666666667,2022,12,22,555,-459,1669852800000
2020,9,123,323,9689.64,8412.81,739.21,26.045851393188855,2.288575851393189,2020,9,123,511,-188,1598918400000
2023,5,246,57797,1429584.61,953886.43,184577.75,16.504082045780923,3.1935524335173104,2023,5,246,69248,-11451,1682899200000
2025,1,191,460,15009.81,13641.19,40.75,29.65476086956522,0.08858695652173913,2025,1,191,962,-502,1735689600000
2023,4,136,129,4920.56,4406.11,76.45,34.15589147286821,0.5926356589147287,2023,4,136,396,-267,1680307200000
2016,3,98,86,1907.0900000000001,1555.8,213.09,18.090697674418603,2.477790697674419,2016,3,98,1123,-1037,1456790400000
2025,10,114,63531,1417260.2,905795.39,157635.35,14.257533959799153,2.4812351450473,2025,10,114,45958,17573,1759276800000
2022,10,257,85,2125.25,1580.7,342.9,18.596470588235295,4.034117647058824,2022,10,257,1617,-1532,1664582400000
2019,11,173,289,6771.57,5746.7,66.07,19.88477508650519,0.2286159169550173,2019,11,173,1693,-1404,1572566400000
2021,7,159,402,11010.32,9436.61,111.0,23.474154228855724,0.27611940298507465,2021,7,159,1246,-844,1625097600000
2025,8,183,224,6818.89,6071.8,38.92,27.10625,0.17375000000000002,2025,8,183,506,-282,1754006400000
2021,3,13,6586,146559.52,101855.34,19379.68,15.465432736106893,2.942556938961433,2021,3,13,8806,-2220,1614556800000
2016,12,249,217530,3118655.52,2476840.91,366209.92,11.386203787983268,1.6834915643819242,2016,12,249,173143,44387,1480550400000
2023,1,222,152,6583.19,5692.48,372.31,37.45052631578947,2.4494078947368423,2023,1,222,433,-281,1672531200000
2025,5,74,19173,401638.82,316642.97,13750.86,16.515045637093827,0.7171991863558129,2025,5,74,35815,-16642,1746057600000
2021,1,15,94,3171.02,2706.16,143.76,28.788936170212764,1.5293617021276595,2021,1,15,188,-94,1609459200000
2016,4,246,168458,2484792.81,1979798.51,290057.52,11.752475453822317,1.721838796613993,2016,4,246,212732,-44274,1459468800000
2018,9,246,116348,1769071.51,1410342.73,207937.24,12.121761697665624,1.7872008113590263,2018,9,246,145832,-29484,1535760000000
2020,5,41,5041,67190.92,53829.27,4598.28,10.678292005554454,0.9121761555246974,2020,5,41,6622,-1581,1588291200000
2022,3,59,1,35.3,35.0,0.0,35.0,0.0,2022,3,59,29,-28,1646092800000
2024,11,60,222,7359.06,6635.59,9.71,29.890045045045046,0.04373873873873874,2024,11,60,250,-28,1730419200000
2025,4,240,94,2976.7799999999997,2682.81,14.99,28.540531914893617,0.15946808510638297,2025,4,240,224,-130,1743465600000
2020,8,214,5,275.46,188.26,8.25,37.652,1.65,2020,8,214,21,-16,1596240000000
2020,7,121,185,7488.96,6689.61,312.17,36.16005405405405,1.6874054054054055,2020,7,121,353,-168,1593561600000
2021,9,60,109,4184.13,3473.48,41.96,31.86678899082569,0.38495412844036697,2021,9,60,305,-196,1630454400000
2025,1,204,3,245.66,193.91,0.0,64.63666666666667,0.0,2025,1,204,11,-8,1735689600000
2016,7,208,77,2290.43,2022.4,116.74,26.264935064935067,1.516103896103896,2016,7,208,1518,-1441,1467331200000
2017,1,231,178402,2707164.91,2167397.19,321696.59,12.148951188888017,1.8032117913476309,2017,1,231,168513,9889,1483228800000
2017,5,18,93,1503.16,1274.9,111.43,13.708602150537635,1.1981720430107528,2017,5,18,1480,-1387,1493596800000
2021,2,67,105,3744.18,3072.22,141.86,29.259238095238093,1.3510476190476193,2021,2,67,314,-209,1612137600000
2016,8,187,3,154.6,142.7,10.0,47.56666666666666,3.3333333333333335,2016,8,187,64,-61,1470009600000
2016,6,65,17753,326951.87,271338.87,34814.94,15.284113670928857,1.9610736213597704,2016,6,65,23051,-5298,1464739200000
2017,8,127,783,16480.84,13933.64,1296.09,17.795197956577265,1.6552873563218389,2017,8,127,6162,-5379,1501545600000
2022,3,53,56,3686.8599999999997,3090.98,364.68,55.19607142857143,6.512142857142857,2022,3,53,423,-367,1646092800000
2018,5,161,345215,5531297.180000001,4424261.88,619367.88,12.815960720130933,1.79415112321307,2018,5,161,355890,-10675,1525132800000
2022,1,163,64216,1038152.03,661940.24,135669.38999999998,10.308026660022424,2.1127038432789336,2022,1,163,53170,11046,1640995200000
2023,9,130,539,25507.84,21387.21,1808.01,39.67942486085343,3.354378478664193,2023,9,130,1892,-1353,1693526400000
2024,8,81,173,7812.96,7194.59,2.5,41.587225433526015,0.014450867052023121,2024,8,81,396,-223,1722470400000
2017,10,114,137452,1991269.56,1588579.65,231376.33,11.55734110816867,1.6833245787620406,2017,10,114,109594,27858,1506816000000
2018,7,212,163,3328.27,2946.13,58.6,18.07441717791411,0.35950920245398776,2018,7,212,1113,-950,1530403200000
2018,10,97,8171,143060.12999999998,119569.94,13092.82,14.633452453800025,1.6023522212703463,2018,10,97,14880,-6709,1538352000000
2019,10,245,6,585.52,442.74,98.99,73.79,16.49833333333333,2019,10,245,103,-97,1569888000000
2019,9,178,124,3076.48,2618.64,137.78,21.11806451612903,1.1111290322580645,2019,9,178,541,-417,1567296000000
2020,2,214,37,1925.79,1571.53,75.56,42.47378378378378,2.042162162162162,2020,2,214,129,-92,1580515200000
2017,9,219,562,36442.36,29710.95,4013.58,52.8664590747331,7.141601423487544,2017,9,219,1972,-1410,1504224000000
2019,5,142,237233,3935623.3100000005,2584046.89,464694.12,10.892442830466251,1.9588089346760358,2019,5,142,209230,28003,1556668800000
2019,5,75,56976,883950.5800000001,650613.86,79416.90000000001,11.419086281943274,1.3938658382476834,2019,5,75,94452,-37476,1556668800000
2020,7,201,57,3489.33,3102.57,82.41,54.43105263157895,1.4457894736842105,2020,7,201,126,-69,1593561600000
2017,9,222,24,1233.95,1147.0,12.51,47.791666666666664,0.52125,2017,9,222,301,-277,1504224000000
2017,11,235,155,3023.35,2521.51,299.9,16.267806451612906,1.934838709677419,2017,11,235,1384,-1229,1509494400000
2024,2,70,11813,729851.11,471757.96,96818.66,39.9354914077711,8.19594175907898,2024,2,70,1410,10403,1706745600000
2025,1,222,555,17449.15,16449.78,22.009999999999998,29.639243243243243,0.039657657657657656,2025,1,222,631,-76,1735689600000
2016,9,216,724,40299.54,32538.95,4517.77,44.94330110497238,6.240013812154697,2016,9,216,4120,-3396,1472688000000
2017,9,76,292,9335.12,7845.42,773.54,26.867876712328766,2.6491095890410956,2017,9,76,1953,-1661,1504224000000
2017,3,170,335402,4881338.61,3830167.25,584162.3,11.419631516806698,1.741678046046237,2017,3,170,331484,3918,1488326400000
2018,2,12,2865,56891.98,48435.51,5069.88,16.90593717277487,1.7695916230366493,2018,2,12,4832,-1967,1517443200000
2019,5,190,306,6498.9800000000005,5313.98,602.38,17.3659477124183,1.968562091503268,2019,5,190,1363,-1057,1556668800000
2025,6,200,493,17533.15,14652.61,232.06,29.72131845841785,0.470709939148073,2025,6,200,1623,-1130,1748736000000
2016,4,227,177,4247.6,3398.8,624.08,19.20225988700565,3.5258757062146895,2016,4,227,2990,-2813,1459468800000
2018,3,223,5126,107789.53,85071.53,10513.04,16.596084666406554,2.0509246976199766,2018,3,223,19763,-14637,1519862400000
2024,5,59,15,447.29999999999995,406.41999999999996,0.0,27.094666666666665,0.0,2024,5,59,15,0,1714521600000
2018,5,55,168,7045.5,6313.0,324.73,37.57738095238095,1.9329166666666668,2018,5,55,1083,-915,1525132800000
2025,4,194,250,11845.74,8104.58,1183.54,32.41832,4.73416,2025,4,194,949,-699,1743465600000
2025,6,230,129722,3523552.23,2336110.86,400337.35,18.008594224572548,3.0861176207582366,2025,6,230,131018,-1296,1748736000000
2017,1,249,211642,2850417.24,2249300.98,343500.31,10.627857325105603,1.623025250186636,2017,1,249,168896,42746,1483228800000
2022,3,122,32,1282.65,1133.26,35.64,35.414375,1.11375,2022,3,122,265,-233,1646092800000
2016,2,80,8861,132577.95,105888.79,15147.83,11.949981943347252,1.709494413723056,2016,2,80,26685,-17824,1454284800000
2018,1,86,19,1413.95,1231.52,156.31,64.81684210526316,8.226842105263158,2018,1,86,474,-455,1514764800000
2024,8,53,125,4576.3,3946.55,199.37,31.572400000000002,1.59496,2024,8,53,704,-579,1722470400000
2016,2,233,150749,2226252.54,1751122.35,260659.6,11.61614571240937,1.7290967104259398,2016,2,233,154388,-3639,1454284800000
2018,2,23,7,545.85,489.56,40.17,69.93714285714286,5.738571428571428,2018,2,23,175,-168,1517443200000
2018,12,63,263,8911.99,7912.7300000000005,297.77,30.08642585551331,1.1322053231939162,2018,12,63,951,-688,1543622400000
2024,10,197,1209,49894.79,43275.96,3438.03,35.79483870967742,2.843697270471464,2024,10,197,1774,-565,1727740800000
2025,4,145,6306,173695.21,139228.07,9875.59,22.078666349508406,1.5660624801776086,2025,4,145,10403,-4097,1743465600000
2025,9,63,1178,33833.14,30538.13,214.76,25.923709677419357,0.18230899830220712,2025,9,63,1972,-794,1756684800000
2021,9,62,262,9146.05,7927.66,551.44,30.258244274809158,2.104732824427481,2021,9,62,1428,-1166,1630454400000
2023,2,222,108,4313.52,3990.33,4.49,36.9475,0.041574074074074076,2023,2,222,283,-175,1675209600000
2017,6,206,9,161.36,133.0,12.899999999999999,14.777777777777779,1.4333333333333331,2017,6,206,194,-185,1496275200000
2021,11,247,296,8471.16,7120.73,216.69,24.05652027027027,0.7320608108108108,2021,11,247,1100,-804,1635724800000
2016,10,136,133,2378.2400000000002,2024.34,167.86,15.220601503759397,1.2621052631578948,2016,10,136,1277,-1144,1475280000000
2017,2,175,22,552.15,445.3,79.71000000000001,20.240909090909092,3.6231818181818185,2017,2,175,674,-652,1485907200000
2017,6,48,302069,4374880.0,3507482.55,465771.7,11.61152766420917,1.5419381002353767,2017,6,48,255666,46403,1496275200000
2019,5,202,359,10179.32,8501.75,727.04,23.681754874651812,2.0251810584958214,2019,5,202,3100,-2741,1556668800000
2018,9,83,909,14379.25,12379.71,732.62,13.619042904290428,0.805962596259626,2018,9,83,3314,-2405,1535760000000
2024,12,260,1293,41511.25,33983.14,3203.66,26.282397525135345,2.4776952822892495,2024,12,260,2642,-1349,1733011200000
2018,4,220,298,6738.54,5773.14,357.45,19.37295302013423,1.199496644295302,2018,4,220,3460,-3162,1522540800000
2019,8,76,1374,42386.46,37923.55,495.97999999999996,27.600836972343526,0.36097525473071324,2019,8,76,3403,-2029,1564617600000
2020,6,213,426,13899.06,11860.4,540.54,27.84131455399061,1.2688732394366196,2020,6,213,735,-309,1590969600000
2017,6,50,93137,1356314.21,1090361.66,147387.74,11.707073021463005,1.5824832236382962,2017,6,50,108887,-15750,1496275200000
2022,7,27,2,9.600000000000001,8.5,0.0,4.25,0.0,2022,7,27,71,-69,1656633600000
2024,7,197,900,33235.87,29359.77,1630.34,32.621966666666665,1.8114888888888887,2024,7,197,1851,-951,1719792000000
2023,9,258,93,3650.35,3148.18,146.88,33.851397849462366,1.5793548387096774,2023,9,258,770,-677,1693526400000
2018,7,119,334,7072.75,5982.87,491.27,17.912784431137723,1.4708682634730539,2018,7,119,1833,-1499,1530403200000
2021,6,158,18753,353664.65,235283.72,47470.240000000005,12.546457633445316,2.531341118754333,2021,6,158,29024,-10271,1622505600000
2019,2,174,346,10416.59,9437.78,71.14,27.276820809248555,0.20560693641618497,2019,2,174,1160,-814,1548979200000
2021,1,166,10266,156925.54,117336.45,16747.72,11.429617182933956,1.6313773621663745,2021,1,166,12679,-2413,1609459200000
2018,1,149,64,994.37,847.5,85.27000000000001,13.2421875,1.3323437500000002,2018,1,149,956,-892,1514764800000
2023,10,43,58843,1373730.78,920252.39,177248.79,15.639114083238448,3.012232381081862,2023,10,43,43076,15767,1696118400000
2017,8,88,37815,801024.81,655971.97,89170.55,17.346872140684912,2.358073515800608,2017,8,88,40147,-2332,1501545600000
2018,9,36,968,19582.34,16447.56,1685.45,16.99128099173554,1.741167355371901,2018,9,36,6585,-5617,1535760000000
2022,10,186,113772,2204256.53,1486400.48,284932.49,13.064730162078543,2.5044166402981403,2022,10,186,79136,34636,1664582400000
2021,11,5,1,103.35,96.0,0.0,96.0,0.0,2021,11,5,15,-14,1635724800000
2025,2,34,387,9390.71,7881.82,197.64,20.36645994832041,0.5106976744186046,2025,2,34,534,-147,1738368000000
2025,10,68,112353,2833268.12,1853923.74,333904.8,16.50088328749566,2.9719259832848253,2025,10,68,111647,706,1759276800000
2024,4,231,50143,1322013.13,929750.66,151094.52,18.541983128253197,3.013272440819257,2024,4,231,57431,-7288,1711929600000
2024,10,34,387,12276.37,10445.86,557.65,26.991886304909563,1.4409560723514212,2024,10,34,580,-193,1727740800000
2018,3,213,239,6294.9400000000005,5469.5,203.82,22.884937238493723,0.8528033472803347,2018,3,213,1578,-1339,1519862400000
2018,1,2,4,148.01,121.5,17.049999999999997,30.375,4.262499999999999,2018,1,2,5,-1,1514764800000
2017,12,108,57,2258.5,2010.3,120.38,35.26842105263158,2.1119298245614035,2017,12,108,500,-443,1512086400000
2020,5,25,379,8317.33,7214.71,486.93,19.03617414248021,1.2847757255936676,2020,5,25,593,-214,1588291200000
2025,7,187,11,689.42,514.84,10.0,46.803636363636365,0.9090909090909091,2025,7,187,28,-17,1751328000000
2017,5,153,107,1768.39,1471.0,148.72,13.74766355140187,1.3899065420560748,2017,5,153,438,-331,1493596800000
2018,5,246,130568,1959820.04,1555600.78,234949.33,11.914104374731942,1.7994403682372402,2018,5,246,164935,-34367,1525132800000
2024,12,54,183,6137.86,5081.74,363.86,27.769071038251365,1.9883060109289619,2024,12,54,921,-738,1733011200000
2016,2,162,386293,5569490.03,4363392.73,671918.88,11.295552158594644,1.7394021636426236,2016,2,162,334022,52271,1454284800000
2022,2,63,79,3019.04,2596.1400000000003,120.95,32.862531645569625,1.531012658227848,2022,2,63,493,-414,1643673600000
2017,2,121,63,1454.41,1215.52,144.43,19.293968253968252,2.2925396825396827,2017,2,121,1206,-1143,1485907200000
2016,7,64,30,1570.87,1286.12,206.13,42.870666666666665,6.8709999999999996,2016,7,64,822,-792,1467331200000
2022,10,107,85676,1534114.86,999807.04,205402.94,11.669627900462206,2.397438489191839,2022,10,107,70325,15351,1664582400000
2019,11,188,1353,33115.31,28643.3,642.52,21.17021433850702,0.4748854397634885,2019,11,188,5532,-4179,1572566400000
2020,11,100,24216,384740.59,255969.48,41124.89,10.570262636273538,1.6982528080607862,2020,11,100,18263,5953,1604188800000
2025,4,241,709,21263.77,19303.96,73.47,27.227023977433003,0.10362482369534555,2025,4,241,1046,-337,1743465600000
2016,4,208,97,3441.9,2879.52,309.32,29.685773195876287,3.1888659793814433,2016,4,208,1546,-1449,1459468800000
2019,11,149,269,8303.29,7349.26,44.52,27.320669144981412,0.1655018587360595,2019,11,149,901,-632,1572566400000
2016,4,26,253,4035.58,3328.3,294.45,13.155335968379447,1.1638339920948617,2016,4,26,2387,-2134,1459468800000
2019,7,77,364,11933.97,10800.06,42.79,29.670494505494503,0.11755494505494506,2019,7,77,906,-542,1561939200000
2017,9,188,1033,17308.26,14888.29,1043.73,14.41267182962246,1.0103872216844143,2017,9,188,6568,-5535,1504224000000
2023,8,206,1,50.0,47.0,2.0,47.0,2.0,2023,8,206,73,-72,1690848000000
2022,12,160,78,3113.95,2506.98,359.42,32.14076923076923,4.607948717948718,2022,12,160,1022,-944,1669852800000
2024,2,136,128,5145.83,4689.7,54.19,36.63828125,0.423359375,2024,2,136,343,-215,1706745600000
2024,11,114,56199,1277556.34,855043.65,157581.28,15.214570543959857,2.803987259559779,2024,11,114,38489,17710,1730419200000
2022,1,168,435,9949.74,8815.8,286.14,20.266206896551722,0.6577931034482758,2022,1,168,1835,-1400,1640995200000
2018,6,112,3967,67785.05,54874.66,7116.45,13.832785480211747,1.7939122762793043,2018,6,112,19941,-15974,1527811200000
2020,3,65,3725,77470.36,60580.96,7966.52,16.263344966442954,2.138663087248322,2020,3,65,5391,-1666,1583020800000
2023,3,65,1998,63123.73,49123.92,6829.66,24.586546546546547,3.4182482482482484,2023,3,65,4694,-2696,1677628800000
2022,10,178,23,832.85,740.54,51.71,32.197391304347825,2.2482608695652173,2022,10,178,269,-246,1664582400000
2024,8,114,43509,960922.14,643904.15,110645.43,14.799332322048313,2.5430469558022475,2024,8,114,29965,13544,1722470400000
2016,6,259,83,1949.92,1566.81,258.14,18.87722891566265,3.110120481927711,2016,6,259,1381,-1298,1464739200000
2016,8,164,265664,3844669.65,3055111.26,403271.0,11.499906874849433,1.5179738316068416,2016,8,164,233634,32030,1470009600000
2018,6,174,193,4966.64,4432.2,140.75,22.96476683937824,0.7292746113989638,2018,6,174,1234,-1041,1527811200000
2018,10,150,155,6089.38,5327.0,333.09999999999997,34.36774193548387,2.149032258064516,2018,10,150,656,-501,1538352000000
2019,9,162,227037,4124355.5999999996,2721480.26,512015.97000000003,11.986946004395758,2.255209371159767,2019,9,162,187915,39122,1567296000000
2020,12,87,5155,113891.23000000001,81523.88,13296.75,15.814525703200777,2.5793889427740058,2020,12,87,6534,-1379,1606780800000
2022,11,166,17354,337795.98,244413.83,45172.89,14.084005416618647,2.6030246629019245,2022,11,166,24217,-6863,1667260800000
2017,10,178,124,1527.87,1327.0,71.75,10.701612903225806,0.5786290322580645,2017,10,178,686,-562,1506816000000
2016,8,204,2,210.44,178.5,29.84,89.25,14.92,2016,8,204,42,-40,1470009600000
2018,6,239,223044,2943127.74,2320174.98,347155.93,10.40231963200086,1.5564459478847223,2018,6,239,212847,10197,1527811200000
2019,9,83,608,15929.26,13996.81,790.65,23.021069078947367,1.3004111842105264,2019,9,83,2478,-1870,1567296000000
2023,4,189,402,13258.21,10501.28,1615.13,26.12258706467662,4.017736318407961,2023,4,189,2984,-2582,1680307200000
2022,12,59,3,72.9,62.440000000000005,4.359999999999999,20.813333333333336,1.4533333333333331,2022,12,59,16,-13,1669852800000
2023,10,251,4,526.12,474.68,40.0,118.67,10.0,2023,10,251,39,-35,1696118400000
2022,7,143,34169,580600.92,379953.89,75006.87,11.11984225467529,2.195173110129064,2022,7,143,44049,-9880,1656633600000
2024,1,162,106718,2441747.33,1577920.5599999998,322256.39,14.785889540658557,3.019700425420267,2024,1,162,85238,21480,1704067200000
2024,12,83,377,14528.54,11889.29,1107.3,31.536578249336873,2.9371352785145888,2024,12,83,883,-506,1733011200000
2024,2,119,181,6014.7,5441.92,55.64,30.065856353591162,0.3074033149171271,2024,2,119,464,-283,1706745600000
2021,10,136,184,8652.63,7596.1900000000005,76.47,41.28364130434783,0.4155978260869565,2021,10,136,486,-302,1633046400000
2022,11,127,174,5915.33,4986.08,492.75,28.655632183908047,2.831896551724138,2022,11,127,2448,-2274,1667260800000
2025,11,147,566,13877.4,12213.72,21.68,21.579010600706713,0.038303886925795054,2025,11,147,827,-261,1761955200000
2021,4,168,1077,30668.16,25806.02,714.73,23.961021355617458,0.6636304549675024,2021,4,168,3123,-2046,1617235200000
2022,8,180,44,2249.44,1975.89,119.05,44.90659090909091,2.705681818181818,2022,8,180,481,-437,1659312000000
2017,8,133,366,7095.15,5787.06,656.63,15.811639344262296,1.794071038251366,2017,8,133,2555,-2189,1501545600000
2019,8,184,25,1108.49,964.1700000000001,19.16,38.5668,0.7664,2019,8,184,80,-55,1564617600000
2021,4,209,2961,66252.78000000001,47899.68,7367.389999999999,16.176859169199595,2.488142519419115,2021,4,209,4378,-1417,1617235200000
2018,6,254,308,10533.14,9509.3,244.57,30.874350649350646,0.7940584415584415,2018,6,254,1094,-786,1527811200000
2023,10,191,300,11669.24,10617.96,143.57999999999998,35.3932,0.47859999999999997,2023,10,191,885,-585,1696118400000
2016,10,144,130099,1989989.47,1616425.82,213375.02,12.42458297142945,1.6400973105096888,2016,10,144,109199,20900,1475280000000
2018,2,193,4950,60942.27,52942.63,2844.47,10.695480808080807,0.574640404040404,2018,2,193,6153,-1203,1517443200000
2020,12,246,14420,237689.39,156170.39,29014.61,10.830124133148406,2.0121088765603328,2020,12,246,19765,-5345,1606780800000
2021,9,135,180,7471.63,6560.55,96.03,36.4475,0.5335,2021,9,135,825,-645,1630454400000
2025,11,155,913,25923.61,23882.21,121.52000000000001,26.157951807228915,0.13309967141292445,2025,11,155,1927,-1014,1761955200000
2020,4,228,120,3329.3,2961.56,186.1,24.679666666666666,1.5508333333333333,2020,4,228,257,-137,1585699200000
2021,6,238,69325,1158151.36,766854.84,146878.33,11.061735881716553,2.118692102416156,2021,6,238,72693,-3368,1622505600000
2023,5,187,5,162.09,134.78,3.21,26.956,0.642,2023,5,187,23,-18,1682899200000
2017,7,216,704,36993.38,30098.56,3815.48,42.75363636363637,5.419715909090909,2017,7,216,4020,-3316,1498867200000
2024,3,150,107,4521.0,4070.06,135.58,38.03794392523364,1.2671028037383179,2024,3,150,323,-216,1709251200000
2025,3,53,373,11060.98,9730.99,214.3,26.088445040214477,0.5745308310991958,2025,3,53,1010,-637,1740787200000
2019,5,20,167,5533.97,4835.16,92.89,28.953053892215568,0.5562275449101797,2019,5,20,774,-607,1556668800000
2016,1,81,31,890.64,749.5,84.68,24.177419354838708,2.7316129032258067,2016,1,81,449,-418,1451606400000
2018,4,15,80,3002.27,2636.5,129.09,32.95625,1.613625,2018,4,15,860,-780,1522540800000
2019,6,235,504,15395.33,14018.87,80.92,27.815218253968254,0.16055555555555556,2019,6,235,1584,-1080,1559347200000
2022,7,21,69,3153.89,2695.5,192.14,39.06521739130435,2.78463768115942,2022,7,21,398,-329,1656633600000
2025,8,89,4447,116338.01,102096.74,815.5,22.95856532493816,0.18338205531819204,2025,8,89,6865,-2418,1754006400000
2017,10,87,77111,1621685.03,1314654.84,198778.00999999998,17.0488625487933,2.5778165242313027,2017,10,87,82630,-5519,1506816000000
2018,5,177,416,11295.5,10231.43,396.85,24.594783653846154,0.9539663461538462,2018,5,177,2043,-1627,1525132800000
2019,5,235,519,16280.11,14644.11,62.57,28.216011560693644,0.1205587668593449,2019,5,235,1791,-1272,1556668800000
2024,2,221,2,106.7,80.38,0.0,40.19,0.0,2024,2,221,38,-36,1706745600000
2025,9,150,379,11368.35,10633.02,33.46,28.055461741424804,0.08828496042216359,2025,9,150,648,-269,1756684800000
2016,3,66,5178,95548.46,78433.82,11183.5,15.14751255310931,2.159810737736578,2016,3,66,18443,-13265,1456790400000
2016,8,264,129969,2427758.94,2003642.65,241955.05,15.41631196669975,1.8616366210404018,2016,8,264,118787,11182,1470009600000
2020,4,84,4,399.5,336.84000000000003,11.0,84.21000000000001,2.75,2020,4,84,6,-2,1585699200000
2017,1,149,52,1776.8700000000001,1582.01,120.37,30.42326923076923,2.3148076923076926,2017,1,149,1095,-1043,1483228800000
2025,5,237,207286,4293273.16,2693231.3,536051.09,12.992827783834894,2.5860458014530647,2025,5,237,188616,18670,1746057600000
2016,9,206,23,454.65999999999997,361.0,63.18,15.695652173913043,2.7469565217391305,2016,9,206,197,-174,1472688000000
2018,12,204,1,130.34,107.82,21.72,107.82,21.72,2018,12,204,60,-59,1543622400000
2020,2,191,318,14929.74,13406.65,54.0,42.15927672955975,0.16981132075471697,2020,2,191,954,-636,1580515200000
2020,9,176,4,186.5,160.24,5.5,40.06,1.375,2020,9,176,12,-8,1598918400000
2021,2,68,29145,472846.97000000003,311916.2,54954.75,10.702219934808715,1.8855635615028308,2021,2,68,27795,1350,1612137600000
2021,4,74,14538,234407.63,186092.49,13693.14,12.80041890218737,0.9418860916219562,2021,4,74,26049,-11511,1617235200000
2021,11,195,131,4785.21,3784.78,272.23,28.89145038167939,2.0780916030534353,2021,11,195,903,-772,1635724800000
2021,6,170,91342,1540568.3199999998,997533.16,193394.83,10.920859626458803,2.1172607343828687,2021,6,170,85438,5904,1622505600000
2022,7,93,409,25719.0,19789.78,3209.61,48.38577017114914,7.847457212713937,2022,7,93,861,-452,1656633600000
2022,11,136,96,3618.83,3239.2400000000002,137.74,33.74208333333333,1.4347916666666667,2022,11,136,381,-285,1667260800000
2023,1,79,77956,1783045.94,1175772.88,231848.68,15.082519369900968,2.974096669916363,2023,1,79,64400,13556,1672531200000
2023,3,40,414,12970.57,9521.11,1594.91,22.997850241545894,3.8524396135265704,2023,3,40,2977,-2563,1677628800000
2023,12,109,3,125.74,88.86,15.0,29.62,5.0,2023,12,109,40,-37,1701388800000
2024,2,193,1727,23866.89,20344.41,860.04,11.780202663578459,0.49799652576722636,2024,2,193,2126,-399,1706745600000
2024,6,170,103868,2489187.51,1668321.92,303011.77999999997,16.06194323564524,2.9172775060653904,2024,6,170,107001,-3133,1717200000000
2025,10,96,51,1097.56,900.41,31.5,17.655098039215687,0.6176470588235294,2025,10,96,195,-144,1759276800000
2020,7,244,2380,54160.87,45551.82,3417.86,19.139420168067225,1.436075630252101,2020,7,244,5981,-3601,1593561600000
2023,1,60,50,1586.62,1388.41,20.94,27.7682,0.4188,2023,1,60,205,-155,1672531200000
2023,5,235,196,8352.89,7485.900000000001,51.88,38.19336734693878,0.2646938775510204,2023,5,235,579,-383,1682899200000
2022,1,236,120814,1833105.4900000002,1154226.56,244573.02,9.553748406641615,2.0243764795470724,2022,1,236,123469,-2655,1640995200000
2016,8,78,101,2584.12,2205.81,201.33,21.83970297029703,1.9933663366336636,2016,8,78,1078,-977,1470009600000
2023,3,184,2,173.55,164.5,0.0,82.25,0.0,2023,3,184,24,-22,1677628800000
2020,9,42,6033,105581.56,88158.17,6852.01,14.61265871042599,1.1357550140891763,2020,9,42,12876,-6843,1598918400000
2016,10,123,125,2609.09,2231.51,187.82,17.85208,1.50256,2016,10,123,1239,-1114,1475280000000
2022,3,178,33,1025.03,953.24,15.190000000000001,28.886060606060607,0.4603030303030303,2022,3,178,338,-305,1646092800000
2019,6,65,8985,187667.52,147546.59,18727.26,16.421434613244294,2.0842804674457427,2019,6,65,12701,-3716,1559347200000
2022,5,258,66,2177.89,1966.49,96.4,29.79530303030303,1.4606060606060607,2022,5,258,827,-761,1651363200000
2016,6,147,110,2368.7200000000003,1949.3,239.2,17.72090909090909,2.1745454545454543,2016,6,147,1221,-1111,1464739200000
2024,12,181,2482,75917.68,64559.11,4430.13,26.010922643029815,1.7849033037872684,2024,12,181,10017,-7535,1733011200000
2024,3,15,68,2972.5,2602.82,69.8,38.27676470588236,1.026470588235294,2024,3,15,403,-335,1709251200000
2016,9,3,29,715.64,628.08,30.35,21.65793103448276,1.0465517241379312,2016,9,3,558,-529,1472688000000
2024,12,2,11,800.98,605.6,93.98,55.054545454545455,8.543636363636365,2024,12,2,11,0,1733011200000
2016,12,243,2337,44495.28,36761.76,4074.53,15.730320924261875,1.743487376979033,2016,12,243,20301,-17964,1480550400000
2016,3,216,778,34792.58,28501.89,3614.97,36.63482005141388,4.646491002570694,2016,3,216,4379,-3601,1456790400000
2024,10,259,211,8850.21,8133.59,41.5,38.547819905213274,0.1966824644549763,2024,10,259,428,-217,1727740800000
2025,2,32,335,11042.39,9985.2,45.519999999999996,29.806567164179107,0.13588059701492536,2025,2,32,433,-98,1738368000000
2025,7,56,1366,41703.68,36110.96,703.93,26.43554904831625,0.5153221083455344,2025,7,56,3067,-1701,1751328000000
2016,6,113,181750,2558918.71,2037584.46,293632.65,11.210918624484181,1.6155854195323247,2016,6,113,152435,29315,1464739200000
2017,8,176,8,249.09,161.57999999999998,80.61,20.197499999999998,10.07625,2017,8,176,67,-59,1501545600000
2017,1,181,12131,192728.55,155778.15,21457.67,12.84132800263787,1.7688294452229822,2017,1,181,34457,-22326,1483228800000
2019,3,78,489,16247.34,14329.04,132.52999999999997,29.30274028629857,0.2710224948875255,2019,3,78,1133,-644,1551398400000
2017,5,211,82887,1271569.8900000001,1025509.44,143818.63,12.372379745919142,1.7351168458262454,2017,5,211,85990,-3103,1493596800000
2018,4,229,174362,2293761.49,1816077.83,264805.06,10.415559754992488,1.5187085488810634,2018,4,229,164433,9929,1522540800000
2023,1,263,66126,1378614.39,888623.53,175097.68,13.438337870126729,2.647939993346036,2023,1,263,69318,-3192,1672531200000
2020,9,105,3,66.92,46.5,9.52,15.5,3.1733333333333333,2020,9,105,2,1,1598918400000
2018,5,165,350,9834.31,8859.01,232.86,25.311457142857144,0.6653142857142857,2018,5,165,1991,-1641,1525132800000
2020,11,130,523,20592.93,17834.34,1419.01,34.100076481835565,2.7132122370936904,2020,11,130,1099,-576,1604188800000
2020,2,224,11719,198104.41,133029.53,22568.96,11.351611058964075,1.9258435020052904,2020,2,224,24686,-12967,1580515200000
2018,9,55,212,10096.42,9111.21,293.02,42.97740566037736,1.3821698113207546,2018,9,55,1213,-1001,1535760000000
2023,3,247,416,11552.9,10014.43,372.57,24.07314903846154,0.8956009615384615,2023,3,247,1145,-729,1677628800000
2017,10,182,70,1628.54,1411.0,142.98000000000002,20.15714285714286,2.0425714285714287,2017,10,182,938,-868,1506816000000
2020,8,138,13828,524623.69,398123.35,58485.1,28.791101388487125,4.229469192941857,2020,8,138,3162,10666,1596240000000
2021,5,176,4,259.2,222.75,0.0,55.6875,0.0,2021,5,176,27,-23,1619827200000
2025,9,44,5,526.86,476.48,30.0,95.296,6.0,2025,9,44,29,-24,1756684800000
2020,5,121,342,9768.89,8750.55,191.34,25.586403508771927,0.5594736842105263,2020,5,121,412,-70,1588291200000
2017,10,221,3,157.89999999999998,155.5,0.0,51.833333333333336,0.0,2017,10,221,200,-197,1506816000000
2018,1,177,200,3991.82,3531.0,222.35,17.655,1.11175,2018,1,177,1554,-1354,1514764800000
2023,2,194,75,4986.86,3689.04,618.62,49.1872,8.248266666666666,2023,2,194,179,-104,1675209600000
2025,8,50,26251,561565.48,375330.97,44846.18,14.297777989409926,1.7083608243495485,2025,8,50,39913,-13662,1754006400000
2016,5,35,242,4377.8,3660.31,425.51,15.125247933884298,1.758305785123967,2016,5,35,1860,-1618,1462060800000
2018,5,71,342,10240.61,9402.72,152.78,27.493333333333332,0.4467251461988304,2018,5,71,1735,-1393,1525132800000
2020,7,198,176,6362.43,5576.93,311.58,31.687102272727273,1.770340909090909,2020,7,198,647,-471,1593561600000
2017,2,222,16,716.75,604.5,85.50999999999999,37.78125,5.344374999999999,2017,2,222,226,-210,1485907200000
2018,12,4,16797,252329.9,204864.73,25825.12,12.19650711436566,1.5374840745371197,2018,12,4,38517,-21720,1543622400000
2023,12,106,211,6723.44,5575.67,495.28,26.424976303317536,2.347298578199052,2023,12,106,961,-750,1701388800000
2021,4,238,61131,971087.26,640383.91,121720.32,10.4756001046932,1.9911390292977378,2021,4,238,61657,-526,1617235200000
2024,6,123,267,8220.81,7725.46,74.87,28.93430711610487,0.2804119850187266,2024,6,123,620,-353,1717200000000
2016,1,46,8,296.14,237.0,44.2,29.625,5.525,2016,1,46,162,-154,1451606400000
2017,6,176,1,65.8,64.5,0.0,64.5,0.0,2017,6,176,60,-59,1496275200000
2017,2,47,117,1852.06,1614.01,70.9,13.794957264957265,0.605982905982906,2017,2,47,797,-680,1485907200000
2016,12,45,23729,385500.04,321148.1,36050.78,13.53399216149016,1.5192709342998019,2016,12,45,29700,-5971,1480550400000
2019,2,65,7745,162737.41999999998,129677.64,14774.99,16.743400903808908,1.9076810845706906,2019,2,65,12161,-4416,1548979200000
2017,9,183,12,366.57,306.3,36.96,25.525000000000002,3.08,2017,9,183,385,-373,1504224000000
2019,5,26,602,16467.25,14736.87,122.79,24.479850498338873,0.2039700996677741,2019,5,26,2110,-1508,1556668800000
2022,7,48,99956,1851650.8099999998,1233626.42,226667.18,12.341694545600063,2.2676695746128295,2022,7,48,91178,8778,1656633600000
2023,12,190,83,2469.31,2142.06,109.37,25.807951807228914,1.317710843373494,2023,12,190,413,-330,1701388800000
2021,4,181,1351,35869.44,29726.49,1947.48,22.003323464100667,1.4415099925980754,2021,4,181,4882,-3531,1617235200000
2020,9,33,1048,26073.96,21593.73,2625.63,20.604704198473282,2.50537213740458,2020,9,33,3252,-2204,1598918400000
2025,6,188,5221,145927.48,130551.0,794.33,25.00497988891017,0.15214135223137332,2025,6,188,6992,-1771,1748736000000
2016,10,81,21,635.8199999999999,516.3,86.28,24.585714285714282,4.1085714285714285,2016,10,81,409,-388,1475280000000
2023,2,92,146,5276.07,4467.81,267.31,30.601438356164387,1.8308904109589041,2023,2,92,1582,-1436,1675209600000
2016,4,80,10142,155851.08000000002,124664.55,18012.39,12.291909879708145,1.7760195227765727,2016,4,80,27674,-17532,1459468800000
2022,6,190,103,2964.7200000000003,2337.75,412.32,22.696601941747574,4.003106796116505,2022,6,190,589,-486,1654041600000
2016,4,224,40431,571917.99,457533.03,66615.2,11.31639163018476,1.6476268210036853,2016,4,224,53450,-13019,1459468800000
2016,10,4,33291,505576.91000000003,410944.01,53749.61,12.343997176414046,1.6145387642305729,2016,10,4,55106,-21815,1475280000000
2022,12,151,31512,603313.3500000001,421377.05,78452.0,13.371955128205128,2.4895912668189895,2022,12,151,33498,-1986,1669852800000
2021,7,207,359,4674.45,3733.4,266.02,10.399442896935934,0.7410027855153203,2021,7,207,359,0,1625097600000
2022,4,140,69784,1243379.42,824509.43,158656.76,11.8151643643242,2.2735406396881808,2022,4,140,70237,-453,1648771200000
2024,7,99,1,37.59,36.09,0.0,36.09,0.0,2024,7,99,1,0,1719792000000
2025,1,209,6075,161374.49,113566.48,15140.86,18.694070781893004,2.492322633744856,2025,1,209,8991,-2916,1735689600000
2018,1,5,2,221.76,190.0,30.16,95.0,15.08,2018,1,5,55,-53,1514764800000
2016,6,135,250,5085.8,4403.0,368.49,17.612,1.47396,2016,6,135,2311,-2061,1464739200000
2016,1,162,363725,5174060.43,4067298.56,609134.35,11.182345343322565,1.6747112516324145,2016,1,162,321907,41818,1451606400000
2021,12,13,19185,468887.34,333736.75,60590.83,17.395712796455566,3.158239770654157,2021,12,13,25807,-6622,1638316800000
2016,12,9,31,689.73,534.0,102.46,17.225806451612904,3.3051612903225807,2016,12,9,571,-540,1480550400000
2017,10,118,7,330.86,240.0,55.36,34.285714285714285,7.908571428571428,2017,10,118,152,-145,1506816000000
2020,6,250,146,5772.37,4932.66,209.09,33.78534246575342,1.4321232876712329,2020,6,250,294,-148,1590969600000
2021,5,26,394,12442.84,10477.9,157.33,26.593654822335026,0.3993147208121828,2021,5,26,1021,-627,1619827200000
2023,10,238,68006,1492892.12,987855.86,193240.05,14.526010352027763,2.8415147192894743,2023,10,238,79125,-11119,1696118400000
2017,10,164,235465,3555172.77,2815529.34,395936.72,11.957315694476886,1.6815098634616608,2017,10,164,210978,24487,1506816000000
2018,3,32,125,3394.58,3114.5,43.86,24.916,0.35087999999999997,2018,3,32,765,-640,1519862400000
2020,3,27,7,388.71000000000004,333.05,20.0,47.57857142857143,2.857142857142857,2020,3,27,35,-28,1583020800000
2021,6,25,1591,38880.3,31561.12,3630.27,19.83728472658705,2.2817536140791956,2021,6,25,4383,-2792,1622505600000
2024,5,218,438,17704.3,16564.49,39.39,37.818470319634706,0.08993150684931507,2024,5,218,998,-560,1714521600000
2020,7,13,2071,47146.48,33453.18,5911.11,16.153153066151617,2.8542298406566875,2020,7,13,3119,-1048,1593561600000
2020,8,146,1216,23297.15,19245.97,1382.61,15.827277960526317,1.137014802631579,2020,8,146,1318,-102,1596240000000
2021,1,54,27,749.61,577.69,66.97,21.395925925925926,2.48037037037037,2021,1,54,223,-196,1609459200000
2020,1,44,41,1548.62,1437.92,1.66,35.07121951219512,0.04048780487804878,2020,1,44,68,-27,1577836800000
2021,8,163,72250,1204383.2200000002,781517.33,150188.49,10.816848858131488,2.0787334256055363,2021,8,163,63731,8519,1627776000000
2017,8,67,71,1715.55,1432.1,107.85,20.170422535211266,1.5190140845070421,2017,8,67,1347,-1276,1501545600000
2021,7,132,108884,6251280.13,4873499.3,690660.17,44.75863579589288,6.343082271040741,2021,7,132,24475,84409,1625097600000
2024,3,187,3,79.04,68.1,0.0,22.7,0.0,2024,3,187,25,-22,1709251200000
2021,5,6,6,513.6,454.3,20.0,75.71666666666667,3.3333333333333335,2021,5,6,41,-35,1619827200000
2016,9,237,386977,4881383.85,3910113.27,514807.52,10.104252371587975,1.3303310532667316,2016,9,237,334705,52272,1472688000000
2022,7,17,393,11402.64,9427.57,1197.92,23.988727735368958,3.048142493638677,2022,7,17,3886,-3493,1656633600000
2019,12,70,1035,34887.22,29369.52,2319.05,28.376347826086956,2.2406280193236716,2019,12,70,3986,-2951,1575158400000
2021,4,201,110,5642.42,4684.97,248.45,42.590636363636364,2.2586363636363633,2021,4,201,389,-279,1617235200000
2022,10,189,452,12956.59,10197.05,1803.54,22.559845132743362,3.9901327433628317,2022,10,189,3206,-2754,1664582400000
2025,4,160,778,22323.25,18715.42,1020.7,24.05580976863753,1.3119537275064268,2025,4,160,1617,-839,1743465600000
2020,4,237,6995,96422.84,60918.07,10545.560000000001,8.708802001429593,1.5075854181558257,2020,4,237,5888,1107,1585699200000
2024,9,184,19,918.32,757.61,52.19,39.87421052631579,2.7468421052631578,2024,9,184,45,-26,1725148800000
2024,1,260,813,25159.79,20491.7,1949.68,25.205043050430504,2.398130381303813,2024,1,260,2200,-1387,1704067200000
2018,1,248,104,1888.06,1646.0,97.37,15.826923076923077,0.93625,2018,1,248,1017,-913,1514764800000
2024,6,24,8982,200824.44,146041.35,21867.47,16.25933533734135,2.434588065018927,2024,6,24,11340,-2358,1717200000000
2018,1,240,18,296.8,259.5,21.0,14.416666666666666,1.1666666666666667,2018,1,240,202,-184,1514764800000
2018,10,124,279,12807.67,11095.65,769.25,39.769354838709674,2.757168458781362,2018,10,124,1001,-722,1538352000000
2018,1,264,155090,2532454.4499999997,2029283.3399999999,292724.26,13.084553098201043,1.887447675543233,2018,1,264,141293,13797,1514764800000
2016,10,221,125,2193.25,1737.5,291.56,13.9,2.33248,2016,10,221,305,-180,1475280000000
2019,5,200,243,9740.210000000001,8528.87,256.48,35.0982304526749,1.0554732510288067,2019,5,200,2554,-2311,1556668800000
2023,10,121,199,6190.63,5669.14,114.83,28.48814070351759,0.577035175879397,2023,10,121,713,-514,1696118400000
2017,2,105,3,71.89999999999999,67.0,2.0,22.333333333333332,0.6666666666666666,2017,2,105,3,0,1485907200000
2017,10,162,334840,5078073.09,3995855.81,607204.3,11.933627433998328,1.813416258511528,2017,10,162,300046,34794,1506816000000
2023,7,218,261,10241.65,9289.41,76.79,35.5916091954023,0.2942145593869732,2023,7,218,977,-716,1688169600000
2018,12,106,1094,18723.86,15348.22,1719.31,14.02945155393053,1.571581352833638,2018,12,106,3904,-2810,1543622400000
2019,4,263,133999,2066354.36,1330752.58,240403.55000000002,9.93106351539937,1.7940697318636707,2019,4,263,135635,-1636,1554076800000
2017,7,98,48,1420.91,1239.01,121.14,25.812708333333333,2.52375,2017,7,98,1661,-1613,1498867200000
2024,2,118,2,63.72,46.839999999999996,0.0,23.419999999999998,0.0,2024,2,118,50,-48,1706745600000
2022,5,212,49,1552.95,1327.48,71.97,27.091428571428573,1.4687755102040816,2022,5,212,341,-292,1651363200000
2019,11,53,163,6183.9,5426.14,44.77,33.289202453987734,0.2746625766871166,2019,11,53,637,-474,1572566400000
2016,6,216,1003,43965.18,35892.11,4461.19,35.78475573280159,4.447846460618146,2016,6,216,4701,-3698,1464739200000
2016,8,145,11910,243915.56,195981.23,24005.39,16.455183039462636,2.01556591099916,2016,8,145,31355,-19445,1470009600000
2024,4,181,1738,54589.53,46349.42,2972.61,26.66825086306099,1.7103624856156503,2024,4,181,8654,-6916,1711929600000
2022,12,198,145,5291.33,4379.73,601.6,30.205034482758617,4.148965517241379,2022,12,198,2097,-1952,1669852800000
2018,2,125,51610,763325.0800000001,600355.44,96516.72,11.632540980430148,1.8701166440612285,2018,2,125,45445,6165,1517443200000
2024,4,260,924,30388.35,24519.87,2427.75,26.536655844155842,2.627435064935065,2024,4,260,2382,-1458,1711929600000
2024,12,74,8206,180971.48,142135.5,13028.95,17.32092371435535,1.5877345844504023,2024,12,74,22640,-14434,1733011200000
2021,11,57,8,260.13,177.73,52.6,22.21625,6.575,2021,11,57,66,-58,1635724800000
2020,7,93,54,3305.03,2737.7,297.98,50.69814814814814,5.518148148148149,2020,7,93,160,-106,1593561600000
2021,7,193,2535,20226.93,16584.56,893.13,6.542232741617357,0.35231952662721894,2021,7,193,3049,-514,1625097600000
2018,8,233,110408,1650999.21,1297216.2,191671.42,11.749295340917325,1.7360283675096009,2018,8,233,123279,-12871,1533081600000
2017,3,145,14382,243852.04,195651.29,22887.56,13.603900013906273,1.5914031428174107,2017,3,145,36611,-22229,1488326400000
2024,5,261,19557,646296.36,475771.28,73245.7,24.327416270389122,3.7452421127984863,2024,5,261,18722,835,1714521600000
2023,12,194,97,6938.0599999999995,5255.62,887.1,54.18164948453608,9.145360824742268,2023,12,194,229,-132,1701388800000
2017,6,132,231840,13022071.03,10745710.46,1343497.09,46.349682798481716,5.794932237750173,2017,6,132,91097,140743,1496275200000
2019,2,238,141411,2139850.36,1418402.53,250816.82,10.030354993600215,1.7736726280133794,2019,2,238,153563,-12152,1548979200000
2024,10,232,5847,159118.14,121612.39,12543.96,20.799108944757997,2.1453668547973317,2024,10,232,17607,-11760,1727740800000
2016,9,136,114,1977.3,1654.5,163.4,14.513157894736842,1.4333333333333333,2016,9,136,1336,-1222,1472688000000
2024,11,45,5616,154139.52,114245.66,14868.44,20.342888176638176,2.647514245014245,2024,11,45,10049,-4433,1730419200000
2018,8,127,721,16362.380000000001,13719.71,1399.98,19.02872399445215,1.9417198335644938,2018,8,127,5498,-4777,1533081600000
2024,1,243,495,17115.37,14427.93,1245.09,29.147333333333332,2.515333333333333,2024,1,243,5077,-4582,1704067200000
2022,2,18,96,3623.06,3318.58,42.08,34.56854166666667,0.4383333333333333,2022,2,18,495,-399,1643673600000
2023,9,153,44,1428.31,1254.82,45.67,28.51863636363636,1.0379545454545456,2023,9,153,137,-93,1693526400000
2024,1,41,6832,142264.34,108993.69,12386.26,15.953408957845433,1.8129771662763465,2024,1,41,17183,-10351,1704067200000
2018,11,88,29257,653685.9800000001,535528.27,74424.75,18.304278292374477,2.543827118296476,2018,11,88,31117,-1860,1541030400000
2019,6,106,913,18398.37,14833.25,1565.03,16.24671412924425,1.7141621029572836,2019,6,106,3472,-2559,1559347200000
2024,7,194,259,13680.1,9895.47,1554.86,38.206447876447875,6.003320463320463,2024,7,194,787,-528,1719792000000
2016,12,96,21,532.5,456.0,40.12,21.714285714285715,1.9104761904761904,2016,12,96,176,-155,1480550400000
2019,4,126,251,7991.76,6989.3,89.89,27.84581673306773,0.3581274900398406,2019,4,126,1171,-920,1554076800000
2019,10,211,55470,998336.61,674292.96,117160.84999999999,12.155993510005407,2.1121480079322152,2019,10,211,57623,-2153,1569888000000
2023,7,37,439,14949.53,12415.52,1071.91,28.281366742596813,2.441708428246014,2023,7,37,3510,-3071,1688169600000
2017,11,128,31,554.48,469.5,50.59,15.14516129032258,1.6319354838709679,2017,11,128,493,-462,1509494400000
2019,3,231,131471,2555249.57,1755806.48,305875.45999999996,13.355085760357797,2.3265622076351438,2019,3,231,129419,2052,1551398400000
2020,8,69,584,16978.69,14735.15,850.17,25.231421232876713,1.4557705479452054,2020,8,69,1516,-932,1596240000000
2021,1,46,16,586.06,507.04,27.990000000000002,31.69,1.7493750000000001,2021,1,46,47,-31,1609459200000
2019,8,15,116,3662.62,3268.81,20.21,28.17939655172414,0.1742241379310345,2019,8,15,862,-746,1564617600000
2016,3,120,100,1893.42,1597.5,152.72,15.975,1.5272,2016,3,120,651,-551,1456790400000
2024,10,155,440,15109.35,14039.58,124.71,31.908136363636363,0.2834318181818182,2024,10,155,1100,-660,1727740800000
2024,12,164,86028,2189954.36,1486478.13,268466.68,17.279003696470916,3.120689542939508,2024,12,164,82813,3215,1733011200000
2020,9,173,117,3849.25,3291.71,248.93,28.134273504273505,2.1276068376068378,2020,9,173,543,-426,1598918400000
2024,8,158,31871,765551.11,522707.92,88522.56,16.40073797496156,2.7775269053371403,2024,8,158,30449,1422,1722470400000
2022,11,153,27,601.03,534.69,23.39,19.803333333333335,0.8662962962962963,2022,11,153,122,-95,1667260800000
2025,9,82,2401,64873.51,55793.07,1617.85,23.23743023740108,0.6738234069137858,2025,9,82,5106,-2705,1756684800000
2025,11,61,7491,160503.86,136361.51,1781.19,18.203378721132026,0.23777733279935923,2025,11,61,11311,-3820,1761955200000
2016,8,65,15079,277844.28,232381.55,27836.96,15.410939054313946,1.8460746733868294,2016,8,65,21205,-6126,1470009600000
2025,4,26,831,20427.3,18177.02,297.5,21.87367027677497,0.35800240673886885,2025,4,26,1719,-888,1743465600000
2021,5,241,273,10328.49,8990.13,89.3,32.93087912087912,0.3271062271062271,2021,5,241,741,-468,1619827200000
2025,6,131,773,22487.92,19792.22,196.46,25.604424320827945,0.2541526520051747,2025,6,131,1415,-642,1748736000000
2019,11,241,231,8235.66,7210.12,93.86,31.212640692640694,0.4063203463203463,2019,11,241,1021,-790,1572566400000
2022,12,172,11,331.28,274.3,4.83,24.936363636363637,0.4390909090909091,2022,12,172,37,-26,1669852800000
2016,11,46,5,171.49,161.84,4.65,32.368,0.93,2016,11,46,135,-130,1477958400000
2017,4,112,6370,101259.5,81672.47,11004.96,12.821423861852434,1.7276232339089481,2017,4,112,27469,-21099,1491004800000
2020,8,133,251,8505.460000000001,7603.58,347.53,30.293147410358564,1.3845816733067728,2020,8,133,504,-253,1596240000000
2019,11,18,226,7620.03,6612.72,122.41,29.25982300884956,0.5416371681415929,2019,11,18,1072,-846,1572566400000
2017,10,167,156,2807.85,2403.56,225.41,15.407435897435898,1.4449358974358975,2017,10,167,1204,-1048,1506816000000
2017,3,150,23,1040.69,858.04,91.82000000000001,37.30608695652174,3.992173913043479,2017,3,150,476,-453,1488326400000
2019,11,43,110034,1829167.7900000003,1225426.02,211455.05,11.136794263591254,1.9217246487449333,2019,11,43,90261,19773,1572566400000
2023,8,22,98,4388.29,3876.95,60.49,39.56071428571428,0.6172448979591837,2023,8,22,587,-489,1690848000000
2024,4,120,27,779.66,654.85,28.69,24.253703703703703,1.0625925925925925,2024,4,120,234,-207,1711929600000
2021,10,173,99,3192.33,2668.86,136.77,26.95818181818182,1.3815151515151516,2021,10,173,848,-749,1633046400000
2019,8,102,185,5070.72,4430.96,91.97,23.951135135135136,0.49713513513513513,2019,8,102,1132,-947,1564617600000
2023,5,169,154,4619.6,4103.38,46.92,26.645324675324677,0.3046753246753247,2023,5,169,553,-399,1682899200000
2016,11,240,35,770.5,642.5,49.46,18.357142857142858,1.4131428571428573,2016,11,240,364,-329,1477958400000
2016,2,255,19034,296300.36,236415.32,35497.24,12.420685089839235,1.8649385310497004,2016,2,255,40083,-21049,1454284800000
2024,11,12,1219,38318.43,29034.36,4086.11,23.818178835110746,3.3520180475799837,2024,11,12,2004,-785,1730419200000
2025,1,232,5996,140346.44,101224.88,8615.21,16.882068045363578,1.4368262174783186,2025,1,232,16984,-10988,1735689600000
2024,11,81,227,9338.289999999999,8583.05,0.0,37.81079295154185,0.0,2024,11,81,305,-78,1730419200000
2021,6,186,93582,1632144.04,1084255.01,201115.95,11.58614915261482,2.149087965634417,2021,6,186,61492,32090,1622505600000
2018,10,130,1323,62803.86,51615.2,5363.68,39.01375661375661,4.054179894179894,2018,10,130,2777,-1454,1538352000000
2020,8,209,1771,40551.68,30186.02,4098.23,17.044618859401467,2.3140767927724446,2020,8,209,2227,-456,1596240000000
2024,3,140,70384,1577897.57,1061534.55,186023.78,15.082043504205503,2.6429839167992726,2024,3,140,72014,-1630,1709251200000
2025,7,127,1873,52250.62,44916.98,406.14,23.981302722904434,0.2168392952482648,2025,7,127,5610,-3737,1751328000000
2022,2,127,186,5538.55,4621.36,444.84,24.846021505376342,2.3916129032258064,2022,2,127,2135,-1949,1643673600000
2025,6,113,58176,1294000.66,833023.95,138097.45,14.319031043729373,2.3737873006050605,2025,6,113,49876,8300,1748736000000
2019,2,30,7,356.40999999999997,325.87,0.0,46.55285714285714,0.0,2019,2,30,37,-30,1548979200000
2023,11,13,18442,616458.85,438229.21,82068.11,23.762564255503744,4.450065611105086,2023,11,13,24184,-5742,1698796800000
2024,3,16,97,4749.7,4344.73,120.37,44.791030927835045,1.2409278350515465,2024,3,16,551,-454,1709251200000
2022,9,98,38,1379.8600000000001,1280.2,36.76,33.689473684210526,0.9673684210526315,2022,9,98,482,-444,1661990400000
2024,5,121,285,9610.97,8704.27,137.98,30.541298245614037,0.4841403508771929,2024,5,121,803,-518,1714521600000
2020,2,171,183,7228.26,6207.97,49.66,33.92333333333333,0.2713661202185792,2020,2,171,936,-753,1580515200000
2017,9,46,6,199.45999999999998,183.0,9.66,30.5,1.61,2017,9,46,114,-108,1504224000000
2019,10,109,5,509.51,504.0,0.01,100.8,0.002,2019,10,109,85,-80,1569888000000
2018,9,115,12,654.67,515.57,19.64,42.96416666666667,1.6366666666666667,2018,9,115,160,-148,1535760000000
2019,12,31,43,1271.62,1070.61,66.21000000000001,24.897906976744185,1.5397674418604652,2019,12,31,408,-365,1575158400000
2021,2,158,5105,88280.54000000001,57431.65,12044.76,11.25007835455436,2.3594045053868755,2021,2,158,9503,-4398,1612137600000
2022,7,112,758,19187.65,14424.68,2592.77,19.029920844327176,3.4205408970976254,2022,7,112,6933,-6175,1656633600000
2023,9,86,132,6816.37,6293.01,45.2,47.67431818181819,0.34242424242424246,2023,9,86,429,-297,1693526400000
2018,9,237,333896,4076027.7,3220605.8,466763.47000000003,9.645535735678175,1.397930702973381,2018,9,237,292128,41768,1535760000000
2021,1,53,62,2370.79,2082.46,85.44,33.58806451612903,1.3780645161290321,2021,1,53,240,-178,1609459200000
2016,11,30,2,113.25999999999999,97.5,13.16,48.75,6.58,2016,11,30,46,-44,1477958400000
2020,4,260,220,4430.9800000000005,3634.46,276.82,16.520272727272726,1.2582727272727272,2020,4,260,479,-259,1585699200000
2021,1,19,94,3556.02,3139.07,170.33,33.39436170212766,1.8120212765957449,2021,1,19,208,-114,1609459200000
2021,3,16,215,9280.8,8147.65,185.21,37.89604651162791,0.8614418604651163,2021,3,16,475,-260,1614556800000
2024,2,95,584,19296.56,16902.12,678.14,28.941986301369862,1.1611986301369863,2024,2,95,3673,-3089,1706745600000
2016,8,258,149,3378.82,2755.54,315.69,18.493557046979866,2.118724832214765,2016,8,258,2228,-2079,1470009600000
2018,5,31,37,877.44,727.0,75.68,19.64864864864865,2.0454054054054054,2018,5,31,447,-410,1525132800000
2017,11,212,95,1892.53,1635.56,114.76,17.216421052631578,1.208,2017,11,212,1065,-970,1509494400000
2019,8,245,8,425.39,348.14,16.62,43.5175,2.0775,2019,8,245,97,-89,1564617600000
2025,11,109,4,168.22,138.89999999999998,0.0,34.724999999999994,0.0,2025,11,109,38,-34,1761955200000
2022,1,117,100,5696.9800000000005,5279.13,0.0,52.7913,0.0,2022,1,117,347,-247,1640995200000
2017,7,82,2483,45163.770000000004,38067.4,2790.65,15.331212243254129,1.1239025372533227,2017,7,82,8291,-5808,1498867200000
2018,2,255,7606,114686.36,91010.11,13723.49,11.965567972653169,1.804297922692611,2018,2,255,21646,-14040,1517443200000
2019,11,207,372,4358.43,3504.55,365.6,9.420833333333334,0.9827956989247313,2019,11,207,484,-112,1572566400000
2020,8,239,29649,448202.59,286869.89,55347.75,9.675533407534825,1.8667661641202065,2020,8,239,26187,3462,1596240000000
2018,7,117,40,2270.09,1901.93,191.32999999999998,47.54825,4.78325,2018,7,117,524,-484,1530403200000
2016,5,230,360574,6215602.83,5003388.96,632788.5,13.876177871948615,1.754947666775752,2016,5,230,351186,9388,1462060800000
2022,5,263,73166,1285802.49,839016.61,169142.61,11.467301888855479,2.3117651641472814,2022,5,263,73764,-598,1651363200000
2022,3,101,70,3046.62,2772.6000000000004,29.319999999999997,39.60857142857143,0.4188571428571428,2022,3,101,324,-254,1646092800000
2023,6,16,48,1807.81,1608.72,46.09,33.515,0.9602083333333334,2023,6,16,629,-581,1685577600000
2016,11,258,163,6611.94,5558.45,813.13,34.100920245398775,4.988527607361963,2016,11,258,1715,-1552,1477958400000
2025,2,59,16,383.71000000000004,304.22,12.54,19.01375,0.78375,2025,2,59,26,-10,1738368000000
2024,9,77,479,14808.32,13815.21,34.93,28.841774530271397,0.07292275574112735,2024,9,77,762,-283,1725148800000
2025,10,167,1042,29430.88,26775.14,80.01,25.69591170825336,0.07678502879078695,2025,10,167,1469,-427,1759276800000
2019,3,124,402,17279.26,15752.5,286.75,39.18532338308458,0.7133084577114428,2019,3,124,1219,-817,1551398400000
2018,7,235,265,6300.35,5568.81,255.0,21.014377358490567,0.9622641509433962,2018,7,235,1720,-1455,1530403200000
2016,5,264,146646,2643624.32,2147382.02,291221.01,14.643304420168297,1.985877623665153,2016,5,264,135742,10904,1462060800000
2019,5,206,45,2773.14,2275.7,5.92,50.57111111111111,0.13155555555555556,2019,5,206,197,-152,1556668800000
2019,12,48,220397,3955448.13,2674376.87,433964.73,12.134361493123773,1.9690137796793967,2019,12,48,194541,25856,1575158400000
2020,6,159,845,19926.86,17415.59,487.17,20.610165680473372,0.5765325443786983,2020,6,159,1263,-418,1590969600000
2024,9,119,394,15074.83,13176.67,559.6,33.443324873096444,1.4203045685279188,2024,9,119,815,-421,1725148800000
2025,1,182,590,19406.07,17067.14,48.88,28.92735593220339,0.08284745762711865,2025,1,182,592,-2,1735689600000
2016,7,111,22,382.28000000000003,322.5,28.28,14.659090909090908,1.2854545454545454,2016,7,111,150,-128,1467331200000
2022,5,76,280,9438.76,8478.44,350.57,30.28014285714286,1.2520357142857144,2022,5,76,1447,-1167,1651363200000
2022,1,45,2632,54432.22,38922.27,5986.7,14.788096504559268,2.274582066869301,2022,1,45,5752,-3120,1640995200000
2025,9,142,111679,2475859.56,1596998.84,293886.99,14.299902757008928,2.6315331441005023,2025,9,142,100884,10795,1756684800000
2017,10,25,10173,163902.86000000002,134359.28,17551.94,13.20743930010813,1.7253455224614174,2017,10,25,18596,-8423,1506816000000
2018,1,78,117,1873.91,1637.27,65.03,13.993760683760684,0.5558119658119658,2018,1,78,834,-717,1514764800000
2024,1,229,55219,1152628.17,743618.53,148471.83,13.466714898857278,2.688781578804397,2024,1,229,63990,-8771,1704067200000
2017,2,136,111,1897.3700000000001,1680.5,73.66,15.13963963963964,0.6636036036036036,2017,2,136,1088,-977,1485907200000
2017,6,1,729,65082.84,54390.82,7528.33,74.61017832647462,10.326927297668039,2017,6,1,19792,-19063,1496275200000
2018,11,92,500,15008.0,12816.31,781.62,25.63262,1.56324,2018,11,92,3363,-2863,1541030400000
2017,10,146,9706,149586.94,125564.76,12757.42,12.93681846280651,1.314384916546466,2017,10,146,12583,-2877,1506816000000
2016,12,55,90,1937.0,1723.64,103.58,19.151555555555557,1.1508888888888889,2016,12,55,869,-779,1480550400000
2018,2,24,25652,344455.72000000003,276148.31,37894.939999999995,10.76517659441759,1.4772703882738185,2018,2,24,28458,-2806,1517443200000
2018,1,203,61,3782.75,3519.0,165.63,57.68852459016394,2.715245901639344,2018,1,203,708,-647,1514764800000
2020,1,8,86,4956.74,3592.51,720.01,41.773372093023255,8.372209302325581,2020,1,8,141,-55,1577836800000
2016,1,255,17956,283397.56,227327.27,33000.41,12.660240031187346,1.8378486299844066,2016,1,255,38325,-20369,1451606400000
2018,6,97,8908,144368.24000000002,120196.91,13410.06,13.493142119443197,1.5053951504265828,2018,6,97,14919,-6011,1527811200000
2020,6,254,420,18683.83,16545.12,512.94,39.393142857142855,1.2212857142857143,2020,6,254,609,-189,1590969600000
2021,1,203,188,7622.75,6742.73,263.71,35.86558510638297,1.4027127659574468,2021,1,203,419,-231,1609459200000
2021,7,162,90737,1494773.1700000002,960262.97,190773.25,10.582926149200436,2.1024857555352283,2021,7,162,74558,16179,1625097600000
2016,10,49,5109,78411.48,63831.24,8231.17,12.493881385789782,1.6111117635545116,2016,10,49,23027,-17918,1475280000000
2018,6,13,83806,1679513.18,1351433.45,210053.58,16.125736224136695,2.506426508841849,2018,6,13,85671,-1865,1527811200000
2021,9,40,640,17272.92,12783.28,2296.84,19.973875,3.5888125000000004,2021,9,40,2578,-1938,1630454400000
2022,9,229,62863,1090365.42,712820.73,141726.49,11.339273181362646,2.2545295324753827,2022,9,229,62758,105,1661990400000
2023,7,100,53553,1292832.58,877387.34,145592.85,16.383532948667675,2.7186684219371466,2023,7,100,43928,9625,1688169600000
2024,7,3,149,5893.0,5436.41,87.35,36.48597315436241,0.586241610738255,2024,7,3,332,-183,1719792000000
2024,11,147,184,5723.99,4922.24,154.63,26.751304347826085,0.8403804347826087,2024,11,147,346,-162,1730419200000
2022,9,77,74,2219.68,2044.3,26.28,27.625675675675677,0.35513513513513517,2022,9,77,366,-292,1661990400000
2016,3,150,61,1740.67,1422.0,198.49,23.311475409836067,3.2539344262295082,2016,3,150,603,-542,1456790400000
2024,4,157,443,21640.72,17458.96,2049.35,39.410744920993224,4.6260722347629795,2024,4,157,1098,-655,1711929600000
2020,8,40,188,3784.05,3085.41,317.81,16.411755319148934,1.6904787234042553,2020,8,40,695,-507,1596240000000
2022,9,43,51850,935180.39,623223.69,121813.1,12.019743297974927,2.3493365477338477,2022,9,43,39208,12642,1661990400000
2025,8,179,3110,75076.11,60412.32,1424.99,19.425183279742765,0.4581961414790997,2025,8,179,4842,-1732,1754006400000
2019,2,77,445,14072.22,12860.01,26.98,28.898898876404495,0.060629213483146066,2019,2,77,958,-513,1548979200000
2019,10,152,6743,100927.66,79389.65,8598.66,11.773639329675218,1.2751979830935785,2019,10,152,11050,-4307,1569888000000
2019,11,161,290666,5364829.13,3589341.95,643260.02,12.348681820371148,2.21305560333854,2019,11,161,266016,24650,1572566400000
2020,1,179,2961,48283.770000000004,39040.24,3535.06,13.18481594056062,1.1938736913205,2020,1,179,7372,-4411,1577836800000
2016,5,87,93141,1989793.74,1616811.99,240965.47,17.358757045769316,2.58710417539,2016,5,87,96053,-2912,1462060800000
2019,3,132,226778,13182117.94,10519621.33,1444186.05,46.38730974785914,6.368281094286042,2019,3,132,66743,160035,1551398400000
2019,3,151,67330,1007356.25,715114.92,110382.71,10.621044408139017,1.6394283380365366,2019,3,151,65550,1780,1551398400000
2025,2,173,546,13842.65,12121.99,127.58,22.201446886446885,0.23366300366300366,2025,2,173,944,-398,1738368000000
2024,7,59,10,377.71999999999997,337.96,0.0,33.796,0.0,2024,7,59,24,-14,1719792000000
2025,2,125,19291,438239.3,284866.08,46932.03,14.766786584417606,2.4328458866829092,2025,2,125,20706,-1415,1738368000000
2020,1,166,33159,530861.1900000001,388826.79,62375.03,11.72613136704967,1.8810889954461836,2020,1,166,46901,-13742,1577836800000
2019,4,56,651,31045.37,24661.22,2337.46,37.882058371735795,3.590568356374808,2019,4,56,2599,-1948,1554076800000
2017,1,158,108797,1574902.23,1248580.89,187813.88,11.476243738338372,1.7262781142862396,2017,1,158,104351,4446,1483228800000
2018,6,167,252,4992.19,4436.0,130.89,17.603174603174605,0.5194047619047618,2018,6,167,1366,-1114,1527811200000
2019,8,147,176,5632.74,4831.0,13.82,27.448863636363637,0.07852272727272727,2019,8,147,905,-729,1564617600000
2021,9,39,419,17979.42,15927.61,122.69,38.01338902147972,0.2928162291169451,2021,9,39,1446,-1027,1630454400000
2018,4,4,20106,295434.06,240301.26,30545.89,11.951718889883617,1.519242514672237,2018,4,4,43154,-23048,1522540800000
2017,3,165,198,3839.68,3280.76,287.01,16.56949494949495,1.4495454545454545,2017,3,165,2052,-1854,1488326400000
2020,7,107,18669,301956.70999999996,201631.78,32934.47,10.800352455943006,1.7641260913814345,2020,7,107,14328,4341,1593561600000
2021,9,76,631,26175.76,22635.16,339.69,35.87188589540412,0.5383359746434231,2021,9,76,1914,-1283,1630454400000
2022,9,175,21,712.62,670.9000000000001,12.32,31.947619047619053,0.5866666666666667,2022,9,175,299,-278,1661990400000
2018,10,142,274637,3806930.42,3016666.69,445570.27,10.984196193520901,1.6223970914334194,2018,10,142,244097,30540,1538352000000
2017,3,1,698,58830.369999999995,49134.27,7101.66,70.39293696275071,10.17429799426934,2017,3,1,19124,-18426,1488326400000
2018,4,217,637,9424.99,7753.8,874.99,12.1723704866562,1.3736106750392465,2018,4,217,2849,-2212,1522540800000
2016,7,192,143,2454.43,2078.82,210.33,14.537202797202799,1.4708391608391609,2016,7,192,926,-783,1467331200000
2019,9,139,257,10179.3,9071.87,75.57,35.29910505836576,0.2940466926070039,2019,9,139,1000,-743,1567296000000
2019,12,212,239,6896.2,5946.73,23.450000000000003,24.881715481171547,0.0981171548117155,2019,12,212,929,-690,1575158400000
2019,12,56,888,47489.86,36439.62,4739.72,41.035608108108114,5.337522522522523,2019,12,56,3195,-2307,1575158400000
2022,7,142,96990,1632936.05,1056951.79,214310.55,10.897533663264255,2.2096149087534798,2022,7,142,82092,14898,1656633600000
2018,1,155,88,2198.82,1974.52,74.6,22.437727272727273,0.8477272727272727,2018,1,155,939,-851,1514764800000
2024,10,183,82,3644.16,3282.72,52.2,40.033170731707315,0.6365853658536585,2024,10,183,182,-100,1727740800000
2025,6,237,180070,3649556.94,2276726.62,447900.06,12.64356428055756,2.487366357527628,2025,6,237,163708,16362,1748736000000
2018,6,7,14265,193649.31,162492.27,13551.81,11.39097581493165,0.9500042060988433,2018,6,7,36621,-22356,1527811200000
2019,12,20,139,4495.09,3785.7,130.37,27.23525179856115,0.9379136690647483,2019,12,20,660,-521,1575158400000
2017,7,97,7875,122742.1,101254.23,11871.42,12.85768,1.5074819047619048,2017,7,97,14719,-6844,1498867200000
2020,1,190,160,3243.42,2604.83,285.87,16.2801875,1.7866875,2020,1,190,795,-635,1577836800000
2018,10,155,441,17467.42,15521.89,529.65,35.19702947845805,1.2010204081632652,2018,10,155,1421,-980,1538352000000
2019,12,222,389,14020.09,12447.29,67.35,31.998174807197945,0.17313624678663236,2019,12,222,641,-252,1575158400000
2022,1,231,28343,530343.47,358023.08,68475.42,12.631799033271003,2.4159552623222664,2022,1,231,33263,-4920,1640995200000
2025,1,261,16651,469114.75,326131.67,51464.52,19.58631133265269,3.090776529938142,2025,1,261,16521,130,1735689600000
2025,11,16,330,9342.8,8005.19,76.35,24.258151515151514,0.23136363636363635,2025,11,16,1030,-700,1761955200000
2025,6,108,525,15704.75,14512.96,52.5,27.64373333333333,0.1,2025,6,108,833,-308,1748736000000
2025,7,90,57265,1253520.1,801631.24,133573.37,13.998624639832359,2.3325481533222736,2025,7,90,52518,4747,1751328000000
2025,6,94,497,12994.83,11803.16,25.68,23.748812877263582,0.051670020120724344,2025,6,94,701,-204,1748736000000
2016,5,32,47,951.3100000000001,853.02,25.53,18.14936170212766,0.5431914893617021,2016,5,32,842,-795,1462060800000
2017,10,230,326428,5509522.46,4402332.68,583887.73,13.48638192802088,1.7887182778438124,2017,10,230,298286,28142,1506816000000
2018,6,125,50027,768845.5800000001,607122.19,96098.56,12.135890419173645,1.920933895696324,2018,6,125,44710,5317,1527811200000
2021,9,194,202,8705.58,6234.49,935.47,30.863811881188116,4.631039603960396,2021,9,194,1160,-958,1630454400000
2021,10,185,118,4395.95,3723.7400000000002,59.269999999999996,31.5571186440678,0.5022881355932203,2021,10,185,471,-353,1633046400000
2024,6,159,483,14754.23,13441.76,61.67,27.829730848861285,0.12768115942028985,2024,6,159,871,-388,1717200000000
2021,4,64,147,6756.11,6049.66,84.78,41.15414965986395,0.576734693877551,2021,4,64,309,-162,1617235200000
2022,9,54,68,1908.5,1510.57,221.98,22.214264705882353,3.264411764705882,2022,9,54,725,-657,1661990400000
2019,9,120,31,1225.91,1008.85,92.31,32.54354838709678,2.9777419354838712,2019,9,120,273,-242,1567296000000
2017,7,54,411,7265.25,5785.5,881.01,14.076642335766424,2.1435766423357663,2017,7,54,2420,-2009,1498867200000
2021,3,149,337,12951.69,11347.35,69.7,33.67166172106825,0.20682492581602374,2021,3,149,604,-267,1614556800000
2024,1,234,76158,1634768.28,1044890.44,216876.86,13.720035189999736,2.8477226292707263,2024,1,234,68254,7904,1704067200000
2022,12,44,35,2355.7,2068.0,0.0,59.08571428571429,0.0,2022,12,44,49,-14,1669852800000
2025,9,121,682,20557.95,18043.39,339.45,26.45658357771261,0.4977272727272727,2025,9,121,1598,-916,1756684800000
2022,8,164,76483,1387479.04,906142.83,173956.69,11.847637121974817,2.274449093262555,2022,8,164,69388,7095,1659312000000
2018,10,79,233292,3383868.2199999997,2688204.65,401957.97,11.522918274094268,1.7229822282804381,2018,10,79,196614,36678,1538352000000
2025,4,247,1972,55870.97,48459.51,865.54,24.573788032454363,0.4389148073022312,2025,4,247,2115,-143,1743465600000
2016,7,69,524,8956.19,7628.97,624.02,14.559103053435114,1.1908778625954197,2016,7,69,4633,-4109,1467331200000
2020,7,130,479,20954.19,18476.23,890.87,38.57250521920668,1.8598538622129437,2020,7,130,779,-300,1593561600000
2018,6,248,125,3654.46,3157.64,99.25,25.26112,0.794,2018,6,248,1012,-887,1527811200000
2023,11,228,178,7329.41,6176.45,497.74,34.69915730337078,2.796292134831461,2023,11,228,1381,-1203,1698796800000
2024,2,30,4,93.92,71.32,0.0,17.83,0.0,2024,2,30,26,-22,1706745600000
2022,2,168,394,8977.57,7706.96,408.56,19.560812182741117,1.0369543147208122,2022,2,168,1951,-1557,1643673600000
2017,12,243,1944,36725.83,30539.14,3480.95,15.7094341563786,1.7906121399176953,2017,12,243,17705,-15761,1512086400000
2023,12,224,4480,109116.71,76519.77,11671.66,17.08030580357143,2.60528125,2023,12,224,13767,-9287,1701388800000
2018,9,231,149640,2506035.6999999997,2020004.31,295090.69,13.499093223736969,1.972004076450147,2018,9,231,138842,10798,1535760000000
2021,6,76,1012,38703.13,32950.33,214.22,32.55961462450593,0.2116798418972332,2021,6,76,2321,-1309,1622505600000
2016,2,36,2589,38404.64,30656.42,4364.02,11.841027423715719,1.6856006179992278,2016,2,36,13892,-11303,1454284800000
2025,8,158,37243,848069.61,550692.71,88046.48,14.786475579303492,2.3641081545525333,2025,8,158,35554,1689,1754006400000
2020,9,162,39627,606432.26,386001.9,74594.39,9.740881217351806,1.8824132535897242,2020,9,162,30561,9066,1598918400000
2020,6,40,131,2826.59,2294.7400000000002,238.9,17.517099236641222,1.8236641221374046,2020,6,40,361,-230,1590969600000
2025,9,168,2647,72106.98,62664.24,558.22,23.673683415187003,0.21088779750661127,2025,9,168,3998,-1351,1756684800000
2019,4,82,2378,63248.93,51096.61,4244.45,21.487220353238015,1.7848822539949536,2019,4,82,5990,-3612,1554076800000
2020,6,67,56,1723.73,1483.35,100.24,26.488392857142856,1.7899999999999998,2020,6,67,180,-124,1590969600000
2020,8,153,102,3498.14,3138.98,167.21,30.774313725490195,1.6393137254901962,2020,8,153,166,-64,1596240000000
2021,10,160,76,2904.37,2398.33,86.24,31.556973684210526,1.134736842105263,2021,10,160,1090,-1014,1633046400000
2022,10,95,387,14036.14,11641.02,1417.8700000000001,30.080155038759692,3.66374677002584,2022,10,95,4412,-4025,1664582400000
2023,6,10,1054,79964.92,62716.52,9084.04,59.50333965844402,8.618633776091082,2023,6,10,3402,-2348,1685577600000
2021,9,188,643,23663.87,20130.8,1044.97,31.307620528771384,1.6251477449455678,2021,9,188,2555,-1912,1630454400000
2020,5,221,16,1035.22,821.78,5.5,51.36125,0.34375,2020,5,221,58,-42,1588291200000
2025,2,73,106,2427.21,2158.09,11.979999999999999,20.35933962264151,0.11301886792452828,2025,2,73,374,-268,1738368000000
2023,8,152,1664,38763.1,30026.08,3449.34,18.044519230769232,2.072920673076923,2023,8,152,3693,-2029,1690848000000
2022,6,129,1020,30849.93,24757.62,3565.7400000000002,24.272176470588235,3.4958235294117648,2022,6,129,5600,-4580,1654041600000
2025,8,90,51506,1083927.55,676507.77,120720.98,13.134542965868054,2.3438236321981902,2025,8,90,48022,3484,1754006400000
2022,11,220,111,3717.18,3160.9,204.43,28.476576576576576,1.8417117117117117,2022,11,220,1279,-1168,1667260800000
2016,4,14,581,13705.92,11191.22,1327.68,19.261996557659206,2.2851635111876076,2016,4,14,10582,-10001,1459468800000
2017,11,232,15427,258360.35,212173.13,27120.629999999997,13.753362935113762,1.757997666428988,2017,11,232,41638,-26211,1509494400000
2024,7,60,154,5645.26,5200.78,0.0,33.7712987012987,0.0,2024,7,60,262,-108,1719792000000
2025,1,30,12,462.3,413.11,2.0,34.42583333333334,0.16666666666666666,2025,1,30,41,-29,1735689600000
2022,5,1,1126,113959.85,95439.85,13116.87,84.76007992895205,11.649085257548846,2022,5,1,12602,-11476,1651363200000
2023,7,124,92,5363.39,4585.74,377.15,49.845,4.09945652173913,2023,7,124,744,-652,1688169600000
2023,10,120,13,552.26,463.59,61.230000000000004,35.660769230769226,4.71,2023,10,120,191,-178,1696118400000
2018,9,27,12,537.22,473.55,19.8,39.4625,1.6500000000000001,2018,9,27,115,-103,1535760000000
2019,4,261,43281,1026930.1,744217.39,111304.15,17.195013747371828,2.571663085418544,2019,4,261,34288,8993,1554076800000
2018,5,54,395,7322.17,5905.8,882.81,14.951392405063292,2.2349620253164555,2018,5,54,2535,-2140,1525132800000
2022,4,53,30,1298.6699999999998,1124.8400000000001,42.33,37.494666666666674,1.411,2022,4,53,448,-418,1648771200000
2019,2,214,14,762.52,596.34,10.01,42.59571428571429,0.715,2019,2,214,137,-123,1548979200000
2020,1,21,261,6911.07,5950.28,20.98,22.798007662835246,0.0803831417624521,2020,1,21,908,-647,1577836800000
2016,4,243,2557,47486.12,39200.34,4570.38,15.330598357450135,1.7873992960500587,2016,4,243,22997,-20440,1459468800000
2017,9,252,39,2222.2400000000002,1985.8,112.71000000000001,50.91794871794872,2.89,2017,9,252,1179,-1140,1504224000000
2024,2,135,143,5211.09,4649.46,97.37,32.51370629370629,0.6809090909090909,2024,2,135,819,-676,1706745600000
2025,6,207,399,10250.14,8213.53,1042.58,20.58528822055138,2.6129824561403505,2025,6,207,319,80,1748736000000
2022,5,158,27719,560157.5,375998.32,76444.13,13.564642303113388,2.757824236083553,2022,5,158,36081,-8362,1651363200000
2025,6,264,6634,213841.76,148674.53,27107.24,22.410993367500755,4.086107928851372,2025,6,264,9250,-2616,1748736000000
2017,8,239,188530,2475079.83,1965624.63,274957.18,10.426057550522463,1.458426669495571,2017,8,239,178442,10088,1501545600000
2020,11,78,423,13362.19,11049.62,1003.81,26.122033096926717,2.3730732860520094,2020,11,78,734,-311,1604188800000
2020,4,73,18,704.68,619.99,23.549999999999997,34.44388888888889,1.3083333333333331,2020,4,73,38,-20,1585699200000
2020,4,24,1657,21605.420000000002,16056.01,2006.97,9.68980687990344,1.2112070006035003,2020,4,24,1789,-132,1585699200000
2017,5,221,7,222.78,169.5,24.16,24.214285714285715,3.4514285714285715,2017,5,221,182,-175,1493596800000
2020,11,108,177,6423.1,5573.66,493.59,31.489604519774012,2.7886440677966102,2020,11,108,302,-125,1604188800000
2020,2,136,352,12857.16,11404.48,102.32000000000001,32.39909090909091,0.2906818181818182,2020,2,136,999,-647,1580515200000
2018,5,82,2786,52601.38,44372.04,3224.79,15.926791098348888,1.1574982053122755,2018,5,82,7764,-4978,1525132800000
2025,7,123,639,17126.27,16070.05,61.26,25.148748043818465,0.09586854460093897,2025,7,123,1204,-565,1751328000000
2018,4,46,13,664.05,602.0,18.85,46.30769230769231,1.4500000000000002,2018,4,46,126,-113,1522540800000
2019,8,158,64640,1171322.7400000002,782958.8,140421.82,12.112605198019804,2.172367264851485,2019,8,158,62330,2310,1564617600000
2024,8,179,783,20382.83,17071.49,901.91,21.802669220945084,1.1518646232439336,2024,8,179,2733,-1950,1722470400000
2019,11,262,86703,1423883.69,936001.1,170469.27,10.795486892033724,1.9661288536728831,2019,11,262,93719,-7016,1572566400000
2023,10,62,281,8862.22,8009.63,331.36,28.504021352313167,1.1792170818505339,2023,10,62,1496,-1215,1696118400000
2017,10,163,266797,4142917.43,3311066.82,457904.0,12.410434974906014,1.7163011578091207,2017,10,163,241940,24857,1506816000000
2025,10,141,94387,1937449.54,1234044.59,222745.46,13.0743067371566,2.359916725820293,2025,10,141,105442,-11055,1759276800000
2022,3,60,50,1428.55,1266.6000000000001,13.0,25.332000000000004,0.26,2022,3,60,277,-227,1646092800000
2022,10,207,443,5435.75,4215.7,495.38,9.51625282167043,1.1182392776523702,2022,10,207,397,46,1664582400000
2025,3,86,757,34453.77,32528.99,84.4,42.97092470277411,0.11149273447820345,2025,3,86,1278,-521,1740787200000
2017,5,249,209780,2973241.7800000003,2356150.35,354516.77,11.23152993612356,1.689945514348365,2017,5,249,168747,41033,1493596800000
2022,9,108,77,3737.25,3340.6000000000004,77.5,43.38441558441559,1.0064935064935066,2022,9,108,258,-181,1661990400000
2021,8,102,79,3047.86,2570.7,85.87,32.540506329113924,1.0869620253164558,2021,8,102,749,-670,1627776000000
2024,3,216,997,55440.0,46836.47,5077.48,46.977402206619864,5.092758274824473,2024,3,216,3257,-2260,1709251200000
2017,4,28,604,27747.58,22831.14,2437.22,37.79990066225165,4.035132450331125,2017,4,28,2502,-1898,1491004800000
2016,10,8,135,4640.86,3671.8,490.79,27.19851851851852,3.6354814814814818,2016,10,8,177,-42,1475280000000
2018,11,190,287,5095.82,4266.24,478.66,14.864947735191636,1.6678048780487806,2018,11,190,1167,-880,1541030400000
2025,9,201,249,11107.73,10342.37,76.8,41.53562248995984,0.308433734939759,2025,9,201,554,-305,1756684800000
2024,4,21,187,6494.09,5957.83,7.89,31.86005347593583,0.042192513368983955,2024,4,21,454,-267,1711929600000
2018,2,170,274908,3790331.1900000004,2957172.43,465130.49,10.756952980633521,1.6919496340593945,2018,2,170,272391,2517,1517443200000
2017,3,12,3394,70712.65,59860.44,6571.72,17.637136122569242,1.936275780789629,2017,3,12,6186,-2792,1488326400000
2020,2,209,12101,274092.55,196428.25,31368.56,16.232398148913312,2.5922287414263283,2020,2,209,17465,-5364,1580515200000
2021,12,186,101242,1858312.24,1243774.04,231464.74000000002,12.2851587285909,2.286252148317892,2021,12,186,71652,29590,1638316800000
2022,2,111,3,66.14999999999999,57.2,0.0,19.066666666666666,0.0,2022,2,111,22,-19,1643673600000
2018,5,6,27,886.47,486.0,49.29,18.0,1.8255555555555556,2018,5,6,175,-148,1525132800000
2021,2,119,311,9220.25,7810.72,146.25,25.11485530546624,0.4702572347266881,2021,2,119,779,-468,1612137600000
2018,7,237,292639,3484130.61,2754700.31,385078.89999999997,9.413305506101374,1.315883733883727,2018,7,237,253295,39344,1530403200000
2024,11,93,721,50130.78,39823.11,5804.88,55.233162274618586,8.05115117891817,2024,11,93,1537,-816,1730419200000
2016,5,173,506,7053.110000000001,5973.31,358.59,11.8049604743083,0.7086758893280632,2016,5,173,3815,-3309,1462060800000
2022,2,157,144,5590.44,4386.82,612.72,30.464027777777776,4.255,2022,2,157,928,-784,1643673600000
2018,4,180,99,4581.18,3991.0,332.56,40.313131313131315,3.359191919191919,2018,4,180,702,-603,1522540800000
2025,5,17,5010,117690.94,101019.23,1258.09,20.163518962075848,0.2511157684630738,2025,5,17,7819,-2809,1746057600000
2021,7,114,32423,571329.3200000001,375033.41,75454.99,11.566894180057366,2.3272056873207294,2021,7,114,28959,3464,1625097600000
2019,8,71,518,15912.92,14223.15,122.96000000000001,27.457818532818532,0.2373745173745174,2019,8,71,1752,-1234,1564617600000
2024,9,169,334,10934.62,9863.14,39.44,29.530359281437125,0.11808383233532933,2024,9,169,616,-282,1725148800000
2021,11,80,730,21450.3,16640.95,2585.02,22.79582191780822,3.541123287671233,2021,11,80,4325,-3595,1635724800000
2024,2,37,599,18417.95,16083.03,668.06,26.849799666110183,1.1152921535893154,2024,2,37,2783,-2184,1706745600000
2019,11,65,7174,149958.44,117309.74,15242.45,16.3520685809869,2.124679397825481,2019,11,65,11445,-4271,1572566400000
2020,7,184,21,746.07,653.14,30.29,31.101904761904763,1.4423809523809523,2020,7,184,49,-28,1593561600000
2018,2,109,4,415.83000000000004,338.5,46.85,84.625,11.7125,2018,2,109,72,-68,1517443200000
2019,4,170,225374,3961714.49,2600154.14,473850.30000000005,11.53706345896155,2.102506500306158,2019,4,170,230919,-5545,1554076800000
2020,12,94,211,6129.63,5196.81,465.19,24.629431279620857,2.204691943127962,2020,12,94,379,-168,1606780800000
2021,1,31,29,1055.15,830.77,137.09,28.647241379310344,4.727241379310345,2021,1,31,149,-120,1609459200000
2018,12,131,337,13703.59,12427.47,179.66,36.876765578635016,0.5331157270029674,2018,12,131,1344,-1007,1543622400000
2021,1,25,929,24062.44,20880.48,1358.01,22.476297093649084,1.4617976318622175,2021,1,25,1994,-1065,1609459200000
2016,7,29,96,2318.7,2038.5,151.87,21.234375,1.5819791666666667,2016,7,29,1095,-999,1467331200000
2016,4,95,1930,42241.47,34994.7,3582.83,18.131968911917095,1.8563886010362693,2016,4,95,15096,-13166,1459468800000
2022,10,144,29674,587980.02,403418.25,74871.61,13.595007413897688,2.52313843768956,2022,10,144,31977,-2303,1664582400000
2016,12,73,23,377.04,310.5,36.15,13.5,1.5717391304347825,2016,12,73,548,-525,1480550400000
2024,5,11,116,4311.13,4057.16,31.55,34.97551724137931,0.27198275862068966,2024,5,11,283,-167,1714521600000
2024,5,124,256,10242.9,9225.55,382.99,36.0373046875,1.4960546875,2024,5,124,828,-572,1714521600000
2024,9,226,3558,122567.3,101558.85,9248.84,28.543802698145026,2.5994491287240025,2024,9,226,5466,-1908,1725148800000
2025,7,2,7,433.76,340.25,24.0,48.607142857142854,3.4285714285714284,2025,7,2,11,-4,1751328000000
2017,12,58,4,50.370000000000005,30.0,2.15,7.5,0.5375,2017,12,58,169,-165,1512086400000
2023,12,53,56,1971.43,1696.11,93.11,30.287678571428568,1.6626785714285715,2023,12,53,380,-324,1701388800000
2019,9,21,245,6893.33,6047.12,93.78,24.68212244897959,0.3827755102040816,2019,9,21,945,-700,1567296000000
2019,2,261,35312,817175.52,590255.33,91873.91,16.715431864521975,2.6017758835523335,2019,2,261,29466,5846,1548979200000
2022,6,119,186,6583.17,5619.31,399.86,30.21134408602151,2.1497849462365592,2022,6,119,927,-741,1654041600000
2025,11,118,22,787.99,432.18,43.26,19.644545454545455,1.9663636363636363,2025,11,118,97,-75,1761955200000
2016,10,128,78,1607.41,1348.5,163.94,17.28846153846154,2.101794871794872,2016,10,128,672,-594,1475280000000
2023,9,203,129,5136.47,4585.63,130.14,35.547519379844964,1.0088372093023255,2023,9,203,666,-537,1693526400000
2021,10,75,26884,461946.47000000003,337487.81,46611.97,12.553481996726678,1.7338182562118734,2021,10,75,46882,-19998,1633046400000
2020,5,262,5570,83714.57,54932.95,9035.54,9.862289048473967,1.6221795332136446,2020,5,262,5255,315,1588291200000
2021,2,245,2,228.36,182.25,22.06,91.125,11.03,2021,2,245,13,-11,1612137600000
2023,9,120,15,747.78,573.54,79.54,38.236,5.302666666666667,2023,9,120,166,-151,1693526400000
2019,9,256,3851,76540.41,59458.91,7988.07,15.439862373409506,2.074284601402233,2019,9,256,15703,-11852,1567296000000
2023,4,220,142,5702.16,4806.46,288.55,33.84830985915493,2.032042253521127,2023,4,220,1311,-1169,1680307200000
2024,7,146,1623,40116.12,32096.47,2838.24,19.776013555144793,1.7487615526802216,2024,7,146,2561,-938,1719792000000
2021,10,122,94,4024.74,3573.29,14.55,38.013723404255316,0.1547872340425532,2021,10,122,303,-209,1633046400000
2022,7,46,11,417.59,363.37,18.72,33.03363636363636,1.7018181818181817,2022,7,46,66,-55,1656633600000
2017,4,238,185694,2414548.05,1917769.67,272474.06,10.327580158755802,1.46732829278275,2017,4,238,195455,-9761,1491004800000
2025,6,97,6386,171721.7,145319.09,4393.01,22.755886313811462,0.6879126213592234,2025,6,97,7641,-1255,1748736000000
2023,1,151,25852,550895.75,381575.04,70071.82,14.759981432771157,2.7104989942751048,2023,1,151,29324,-3472,1672531200000
2022,4,100,57915,1069293.66,711051.27,129045.48999999999,12.27749753949754,2.2281876888543555,2022,4,100,50106,7809,1648771200000
2018,4,70,1242,48911.23,40668.19,4905.71,32.74411433172303,3.9498470209339773,2018,4,70,3377,-2135,1522540800000
2018,9,140,136510,1935132.26,1554502.96,215068.87999999998,11.387465826679364,1.5754807706395133,2018,9,140,140396,-3886,1535760000000
2020,4,102,43,1050.0,941.7,52.14,21.900000000000002,1.2125581395348837,2020,4,102,115,-72,1585699200000
2021,12,53,57,2362.56,1956.07,106.49,34.31701754385965,1.8682456140350876,2021,12,53,388,-331,1638316800000
2016,7,248,81,1654.29,1368.0,160.21,16.88888888888889,1.9779012345679012,2016,7,248,1233,-1152,1467331200000
2022,5,254,156,6501.05,5717.320000000001,53.72,36.64948717948718,0.34435897435897433,2022,5,254,516,-360,1651363200000
2022,8,97,1158,25294.08,20200.87,2707.41,17.444620034542314,2.33800518134715,2022,8,97,4147,-2989,1659312000000
2022,11,59,2,39.7,32.66,5.94,16.33,2.97,2022,11,59,27,-25,1667260800000
2021,6,69,481,14568.26,12329.55,344.03,25.63316008316008,0.7152390852390852,2021,6,69,1702,-1221,1622505600000
2017,4,250,107,2659.66,2349.8,142.08,21.960747663551402,1.3278504672897198,2017,4,250,905,-798,1491004800000
2020,10,76,1666,53661.35,46207.65,4115.49,27.735684273709484,2.4702821128451378,2020,10,76,2418,-752,1601510400000
2024,4,226,3137,104171.61,85318.02,8893.89,27.19732865795346,2.835157794070768,2024,4,226,5452,-2315,1711929600000
2021,5,214,5,278.6,169.25,83.2,33.85,16.64,2021,5,214,38,-33,1619827200000
2017,7,58,2,36.1,33.5,0.0,16.75,0.0,2017,7,58,182,-180,1498867200000
2022,9,122,49,1904.43,1768.79,17.84,36.097755102040814,0.3640816326530612,2022,9,122,235,-186,1661990400000
2020,6,24,3252,48694.33,36065.08,4939.07,11.090123001230014,1.5187792127921278,2020,6,24,3275,-23,1590969600000
2016,3,40,7783,138783.6,109418.94,16835.6,14.05871000899396,2.163124759090325,2016,3,40,14318,-6535,1456790400000
2017,5,143,108775,1442114.44,1146860.11,165456.14,10.543416318087797,1.5210860951505403,2017,5,143,121474,-12699,1493596800000
2023,2,14,242,10225.12,8677.66,350.16,35.85809917355372,1.4469421487603307,2023,2,14,1914,-1672,1675209600000
2018,8,48,256553,3636732.06,2918610.3,375624.73999999993,11.376247013287703,1.4641214096112691,2018,8,48,226653,29900,1533081600000
2018,1,261,47427,911225.12,745135.79,99813.96,15.71121491977144,2.1045809349104942,2018,1,261,40271,7156,1514764800000
2021,1,228,585,20764.91,17270.51,1622.17,29.522239316239315,2.772940170940171,2021,1,228,1034,-449,1609459200000
2022,3,107,87409,1489734.56,958233.74,198554.65,10.962643892505348,2.2715584207575876,2022,3,107,73971,13438,1646092800000
2021,4,16,216,8432.91,7489.19,102.53999999999999,34.67217592592593,0.4747222222222222,2021,4,16,562,-346,1617235200000
2023,11,265,2194,198689.12,173232.88,19247.62,78.95755697356427,8.772844120328168,2023,11,265,13587,-11393,1698796800000
2018,1,116,9520,144274.07,119825.07,12433.04,12.586667016806723,1.3059915966386555,2018,1,116,23342,-13822,1514764800000
2016,6,54,887,15850.11,12692.5,1960.89,14.30947012401353,2.2106989853438557,2016,6,54,3551,-2664,1464739200000
2021,6,126,157,5323.92,4384.42,103.13,27.92624203821656,0.6568789808917197,2021,6,126,437,-280,1622505600000
2024,6,257,203,6741.7,5974.47,207.65,29.43088669950739,1.0229064039408868,2024,6,257,1434,-1231,1717200000000
2020,7,190,69,1705.63,1523.69,72.26,22.082463768115943,1.0472463768115943,2020,7,190,136,-67,1593561600000
2021,8,204,1,36.96,30.0,6.16,30.0,6.16,2021,8,204,11,-10,1627776000000
2023,10,154,42,1710.98,1182.95,409.93,28.16547619047619,9.760238095238096,2023,10,154,228,-186,1696118400000
2025,9,34,1116,32919.08,27017.38,1015.99,24.209121863799282,0.9103853046594982,2025,9,34,1067,49,1756684800000
2022,7,149,42,1293.23,1165.77,38.21,27.75642857142857,0.9097619047619048,2022,7,149,458,-416,1656633600000
2022,8,179,554,10716.43,8736.73,853.75,15.770270758122743,1.5410649819494584,2022,8,179,3701,-3147,1659312000000
2024,12,197,1128,49441.13,43380.39,2990.69,38.45779255319149,2.651320921985816,2024,12,197,1666,-538,1733011200000
2017,8,96,25,528.3,467.0,29.880000000000003,18.68,1.1952,2017,8,96,179,-154,1501545600000
2016,8,60,72,2104.41,1792.42,200.27,24.894722222222224,2.781527777777778,2016,8,60,632,-560,1470009600000
2016,9,48,321362,4839420.22,3910106.74,494842.21,12.167296506743176,1.5398280132685258,2016,9,48,271290,50072,1472688000000
2022,9,185,86,2368.6,2170.17,35.03,25.23453488372093,0.40732558139534886,2022,9,185,417,-331,1661990400000
2020,5,213,398,10784.04,9002.89,542.96,22.620326633165828,1.3642211055276383,2020,5,213,671,-273,1588291200000
2022,4,64,80,3296.08,2941.55,68.43,36.769375000000004,0.8553750000000001,2022,4,64,360,-280,1648771200000
2022,12,90,53672,1093925.45,725010.44,142053.98,13.508168877627067,2.64670554479058,2022,12,90,43249,10423,1669852800000
2016,7,125,58481,909557.18,725157.54,108101.99,12.399882696944307,1.8484976317094441,2016,7,125,54653,3828,1467331200000
2020,11,232,2038,50065.75,38961.82,4808.52,19.11767419038273,2.3594308145240435,2020,11,232,7912,-5874,1604188800000
2021,12,197,280,13897.619999999999,11756.81,1077.49,41.98860714285714,3.8481785714285714,2021,12,197,1173,-893,1638316800000
2016,12,156,9,821.16,759.8,14.0,84.42222222222222,1.5555555555555556,2016,12,156,114,-105,1480550400000
2019,3,61,2931,73374.41,66383.05,1617.75,22.648601160013648,0.5519447287615148,2019,3,61,13031,-10100,1551398400000
2018,9,175,92,3400.08,2930.57,89.7,31.854021739130438,0.975,2018,9,175,701,-609,1535760000000
2022,4,157,266,11338.68,8558.99,1349.8899999999999,32.176654135338346,5.074774436090225,2022,4,157,1181,-915,1648771200000
2023,6,188,479,16588.46,14521.8,771.51,30.316910229645092,1.6106680584551147,2023,6,188,2856,-2377,1685577600000
2024,9,208,206,8409.11,7448.11,92.06,36.15587378640777,0.4468932038834952,2024,9,208,602,-396,1725148800000
2022,6,130,466,22945.35,18423.62,2160.37,39.5356652360515,4.635987124463519,2022,6,130,2021,-1555,1654041600000
2017,9,170,282031,4163345.0500000003,3281975.11,487339.33,11.636930372902269,1.7279636990259937,2017,9,170,282903,-872,1504224000000
2025,2,241,462,14635.33,13231.99,25.28,28.640670995670995,0.05471861471861472,2025,2,241,698,-236,1738368000000
2022,12,27,4,116.39,106.9,5.1899999999999995,26.725,1.2974999999999999,2022,12,27,36,-32,1669852800000
2020,9,209,2394,54137.58,39854.3,5887.25,16.647577276524647,2.459168755221387,2020,9,209,2886,-492,1598918400000
2020,3,148,33793,616255.05,417673.8,72968.92,12.359772733998165,2.1592909774213593,2020,3,148,26368,7425,1583020800000
2021,10,4,4956,103082.08,71558.32,12725.95,14.438724778046813,2.5677865213882165,2021,10,4,15018,-10062,1633046400000
2022,3,157,202,8966.2,6874.87,1158.55,34.0340099009901,5.73539603960396,2022,3,157,1156,-954,1646092800000
2017,6,157,456,15263.36,12212.0,1456.41,26.780701754385966,3.1938815789473685,2017,6,157,3261,-2805,1496275200000
2019,9,46,37,1461.72,1288.95,27.479999999999997,34.836486486486486,0.7427027027027027,2019,9,46,133,-96,1567296000000
2021,9,119,245,9126.56,7752.55,269.01,31.643061224489795,1.0979999999999999,2021,9,119,902,-657,1630454400000
2022,12,149,57,2208.85,1990.1000000000001,37.400000000000006,34.9140350877193,0.6561403508771931,2022,12,149,419,-362,1669852800000
2024,10,223,1098,48424.96,37722.91,5132.21,34.356020036429875,4.674143897996357,2024,10,223,4561,-3463,1727740800000
2021,11,242,311,10118.68,8907.76,36.78,28.642315112540192,0.11826366559485531,2021,11,242,647,-336,1635724800000
2023,5,121,169,5569.25,4996.37,115.88,29.56431952662722,0.685680473372781,2023,5,121,717,-548,1682899200000
2022,8,172,4,270.45,199.7,31.3,49.925,7.825,2022,8,172,40,-36,1659312000000
2016,11,203,36,1223.52,1116.18,57.96,31.005000000000003,1.61,2016,11,203,817,-781,1477958400000
2017,9,185,44,1060.38,894.3,84.49,20.325,1.9202272727272727,2017,9,185,921,-877,1504224000000
2021,7,163,74032,1240566.24,805983.23,154943.2,10.886957396801384,2.092921979684461,2021,7,163,65233,8799,1625097600000
2022,6,184,6,162.65,151.8,0.0,25.3,0.0,2022,6,184,48,-42,1654041600000
2018,4,128,64,1542.07,1303.0,96.83,20.359375,1.51296875,2018,4,128,590,-526,1522540800000
2016,2,123,165,2702.09,2209.6,279.0,13.39151515151515,1.690909090909091,2016,2,123,1870,-1705,1454284800000
2018,4,98,92,2896.08,2678.0,79.38,29.108695652173914,0.8628260869565217,2018,4,98,863,-771,1522540800000
2021,8,87,16012,372002.98,263707.37,46399.19,16.469358606045464,2.897776042967774,2021,8,87,19625,-3613,1627776000000
2023,1,85,76,2474.77,2204.85,61.370000000000005,29.011184210526313,0.8075000000000001,2023,1,85,558,-482,1672531200000
2016,12,188,1311,21992.79,18573.24,1666.0,14.167231121281466,1.270785659801678,2016,12,188,8219,-6908,1480550400000
2017,12,209,17797,337111.42,276731.37,37473.77,15.549326852840366,2.10562285778502,2017,12,209,24296,-6499,1512086400000
2020,11,169,425,13042.210000000001,11267.43,969.72,26.5116,2.281694117647059,2020,11,169,886,-461,1604188800000
2022,7,132,167484,10012410.43,7704440.01,1156716.6900000002,46.00105090635523,6.906431002364406,2022,7,132,43586,123898,1656633600000
2019,10,122,148,6103.41,5481.45,0.8,37.03682432432432,0.005405405405405406,2019,10,122,485,-337,1569888000000
2023,7,71,187,7324.98,6821.04,39.84,36.47614973262032,0.213048128342246,2023,7,71,893,-706,1688169600000
2018,11,171,194,7997.14,7082.5,178.55,36.50773195876289,0.9203608247422681,2018,11,171,1224,-1030,1541030400000
2020,4,47,132,3209.84,2762.2200000000003,186.48,20.925909090909094,1.4127272727272726,2020,4,47,293,-161,1585699200000
2020,10,154,17,689.5899999999999,615.74,34.31,36.22,2.0182352941176473,2020,10,154,60,-43,1601510400000
2025,8,156,9,729.23,601.21,30.0,66.80111111111111,3.3333333333333335,2025,8,156,47,-38,1754006400000
2020,1,81,246,9825.95,8486.72,25.72,34.49886178861788,0.10455284552845528,2020,1,81,537,-291,1577836800000
2020,2,138,122432,5018999.04,3576223.15,661158.93,29.209872827365395,5.400213424594877,2020,2,138,61742,60690,1580515200000
2023,1,51,248,11057.6,9857.49,102.31,39.7479435483871,0.41254032258064516,2023,1,51,469,-221,1672531200000
2020,2,109,7,447.16999999999996,409.8,28.77,58.542857142857144,4.11,2020,2,109,74,-67,1580515200000
2025,8,138,100929,6376821.82,4115425.0900000003,852929.68,40.77544699739421,8.450788970464385,2025,8,138,36297,64632,1754006400000
2025,8,265,2225,203918.68,180259.36,17002.28,81.01544269662921,7.64147415730337,2025,8,265,22420,-20195,1754006400000
2021,11,206,13,866.59,747.75,6.09,57.51923076923077,0.46846153846153843,2021,11,206,103,-90,1635724800000
2018,4,133,356,7273.03,6122.0,576.76,17.196629213483146,1.6201123595505618,2018,4,133,2659,-2303,1522540800000
2022,1,114,29869,493573.72000000003,315796.4,67679.91,10.572714185275705,2.2658913924135393,2022,1,114,23394,6475,1640995200000
2019,3,50,74150,1282343.83,862716.53,144926.9,11.634747538772759,1.9545097774780849,2019,3,50,99346,-25196,1551398400000
2017,12,150,33,1294.88,1133.1,99.8,34.336363636363636,3.024242424242424,2017,12,150,435,-402,1512086400000
2020,9,129,766,19110.54,15927.24,1359.14,20.792741514360312,1.7743342036553527,2020,9,129,2637,-1871,1598918400000
2023,8,142,80236,1740978.53,1128671.74,223846.28,14.066899396779501,2.789848447081111,2023,8,142,70828,9408,1690848000000
2025,3,194,317,13746.83,9619.35,904.11,30.344952681388015,2.8520820189274447,2025,3,194,666,-349,1740787200000
2019,10,67,128,4119.5,3595.94,126.77,28.09328125,0.990390625,2019,10,67,1106,-978,1569888000000
2021,6,181,1446,37079.87,29450.58,3825.81,20.366929460580913,2.6457883817427383,2021,6,181,6799,-5353,1622505600000
2016,6,223,8840,163734.99,129902.32,15811.47,14.69483257918552,1.7886278280542987,2016,6,223,25473,-16633,1464739200000
2018,4,191,179,6397.19,5628.2,359.71999999999997,31.442458100558657,2.009608938547486,2018,4,191,1141,-962,1522540800000
2021,5,41,13853,219831.07,169326.83,19798.43,12.22311629249982,1.429179961019274,2021,5,41,22000,-8147,1619827200000
2022,10,3,51,1240.54,1141.98,8.66,22.391764705882352,0.16980392156862745,2022,10,3,232,-181,1664582400000
2018,1,195,331,7659.05,6287.0,709.02,18.993957703927492,2.1420543806646526,2018,1,195,3091,-2760,1514764800000
2017,4,138,260743,11367996.09,8635690.31,1490559.99,33.1195480223822,5.716586792358759,2017,4,138,114262,146481,1491004800000
2024,10,164,86564,2156818.11,1443928.49,266132.5,16.68047329143755,3.0744015988170603,2024,10,164,82588,3976,1727740800000
2018,11,184,15,747.32,626.44,73.08,41.76266666666667,4.872,2018,11,184,67,-52,1541030400000
2018,2,71,145,2671.68,2414.3,79.67,16.65034482758621,0.549448275862069,2018,2,71,1140,-995,1517443200000
2016,5,198,549,8832.57,7237.74,853.41,13.183497267759563,1.5544808743169398,2016,5,198,8339,-7790,1462060800000
2020,3,130,712,32673.03,26064.9,2889.34,36.60800561797753,4.058061797752809,2020,3,130,2407,-1695,1583020800000
2021,11,134,252,12880.949999999999,10600.9,1283.69,42.06706349206349,5.0940079365079365,2021,11,134,1005,-753,1635724800000
2020,2,248,188,6049.04,5116.78,164.5,27.21691489361702,0.875,2020,2,248,648,-460,1580515200000
2022,5,79,91002,1709929.07,1135959.47,230427.52000000002,12.482796751719743,2.532114898573658,2022,5,79,71642,19360,1651363200000
2016,11,70,1456,48671.17,40348.17,4906.0,27.71165521978022,3.3695054945054945,2016,11,70,3986,-2530,1477958400000
2023,1,145,2434,55070.3,41352.01,5675.39,16.98932210353328,2.33171322925226,2023,1,145,8829,-6395,1672531200000
2025,1,101,185,6702.85,6019.83,48.64,32.53962162162162,0.26291891891891894,2025,1,101,336,-151,1735689600000
2019,10,134,635,30053.41,23568.94,2895.97,37.11644094488189,4.560582677165354,2019,10,134,2258,-1623,1569888000000
2018,5,126,151,4100.33,3615.0,134.5,23.94039735099338,0.890728476821192,2018,5,126,1186,-1035,1525132800000
2021,10,233,45816,818445.3200000001,536764.08,102289.85,11.71564693556836,2.232622882835691,2021,10,233,53075,-7259,1633046400000
2016,10,52,7030,132668.58,107564.34,16847.18,15.30075960170697,2.396469416785206,2016,10,52,9189,-2159,1475280000000
2020,7,160,87,3101.0,2734.84,113.9,31.434942528735633,1.3091954022988506,2020,7,160,383,-296,1593561600000
2024,4,112,1309,38661.8,31928.83,1690.8700000000001,24.39177234530176,1.2917265087853325,2024,4,112,6916,-5607,1711929600000
2025,6,19,546,18784.66,16864.69,339.85,30.88771062271062,0.6224358974358974,2025,6,19,907,-361,1748736000000
2020,10,189,332,8537.95,7105.88,876.06,21.403253012048193,2.638734939759036,2020,10,189,1036,-704,1601510400000
2020,12,167,462,13235.48,11067.79,1033.86,23.956255411255412,2.2377922077922077,2020,12,167,922,-460,1606780800000
2024,9,229,57551,1305127.46,874444.11,159527.92,15.194247015690431,2.7719400184184466,2024,9,229,69136,-11585,1725148800000
2016,11,241,103,1613.29,1358.0,105.98,13.184466019417476,1.0289320388349514,2016,11,241,1662,-1559,1477958400000
2016,8,169,145,2344.29,1926.3,209.35,13.284827586206896,1.4437931034482758,2016,8,169,2004,-1859,1470009600000
2018,4,175,107,3628.2599999999998,3251.31,167.42,30.38607476635514,1.5646728971962616,2018,4,175,823,-716,1522540800000
2019,2,121,433,13679.37,12343.44,141.66,28.506789838337184,0.3271593533487298,2019,2,121,1233,-800,1548979200000
2021,4,186,69683,1150605.35,759082.33,136709.30000000002,10.893364665700386,1.961874488756225,2021,4,186,39876,29807,1617235200000
2019,4,173,352,9149.84,7946.31,75.06,22.574744318181818,0.21323863636363638,2019,4,173,2031,-1679,1554076800000
2025,4,116,6430,151325.65,124982.1,3796.97,19.437340590979783,0.5905085536547433,2025,4,116,11492,-5062,1743465600000
2022,4,91,157,6085.13,5544.54,101.09,35.31554140127388,0.6438853503184714,2022,4,91,757,-600,1648771200000
2023,7,8,14,961.68,713.6,122.13,50.971428571428575,8.723571428571429,2023,7,8,64,-50,1688169600000
2023,8,89,521,18202.98,16018.71,649.98,30.746084452975047,1.2475623800383877,2023,8,89,2911,-2390,1690848000000
2025,7,91,2611,66584.11,61484.16,120.35,23.548127154346997,0.04609345078513979,2025,7,91,3004,-393,1751328000000
2020,11,93,73,4043.25,3267.73,402.14,44.763424657534244,5.508767123287671,2020,11,93,211,-138,1604188800000
2021,3,116,3886,71648.43000000001,58073.39,5153.27,14.944258878023675,1.3261116829644881,2021,3,116,7642,-3756,1614556800000
2021,8,14,305,13957.36,11838.14,333.01,38.8135737704918,1.0918360655737704,2021,8,14,2356,-2051,1627776000000
2024,4,251,2,463.58,309.2,105.0,154.6,52.5,2024,4,251,35,-33,1711929600000
2019,2,29,250,6976.96,6362.77,53.25,25.45108,0.213,2019,2,29,927,-677,1548979200000
2016,8,206,44,794.15,620.0,95.76,14.090909090909092,2.1763636363636363,2016,8,206,190,-146,1470009600000
2020,8,57,39,1563.26,1392.85,61.25,35.71410256410256,1.5705128205128205,2020,8,57,49,-10,1596240000000
2019,2,81,389,14713.85,13297.0,13.05,34.18251928020565,0.03354755784061697,2019,2,81,769,-380,1548979200000
2022,2,253,3,300.44,258.25,18.14,86.08333333333333,6.046666666666667,2022,2,253,26,-23,1643673600000
2022,1,259,46,2030.26,1815.41,60.690000000000005,39.465434782608696,1.3193478260869567,2022,1,259,360,-314,1640995200000
2023,8,236,96450,2003390.79,1290288.88,257342.38,13.377800725764644,2.6681428719543807,2023,8,236,103543,-7093,1690848000000
2024,10,243,1062,35172.69,30237.89,1720.79,28.47258945386064,1.6203295668549906,2024,10,243,7862,-6800,1727740800000
2016,8,79,308527,4475465.19,3568631.1,512671.83,11.566673581242485,1.6616757366454151,2016,8,79,254939,53588,1470009600000
2023,4,11,60,2643.4,2372.0,87.2,39.53333333333333,1.4533333333333334,2023,4,11,215,-155,1680307200000
2025,4,164,84059,1989992.13,1267886.6,232372.56,15.083293876919784,2.764398339261709,2025,4,164,81255,2804,1743465600000
2023,2,173,43,1141.39,977.26,35.28,22.726976744186047,0.8204651162790698,2023,2,173,591,-548,1675209600000
2020,3,83,350,6369.47,5464.31,311.33,15.612314285714287,0.8895142857142857,2020,3,83,1170,-820,1583020800000
2021,10,217,164,3971.2,3294.8,273.8,20.090243902439024,1.6695121951219514,2021,10,217,1694,-1530,1633046400000
2023,6,68,84171,2146639.8400000003,1447794.47,273193.02999999997,17.200632878307257,3.245690677311663,2023,6,68,82128,2043,1685577600000
2020,2,261,34205,787186.22,559556.14,93406.62999999999,16.35889899137553,2.730788773571115,2020,2,261,28176,6029,1580515200000
2022,12,196,202,9116.619999999999,7462.06,883.33,36.940891089108916,4.372920792079208,2022,12,196,1207,-1005,1669852800000
2019,12,30,3,119.69,104.77000000000001,0.0,34.92333333333334,0.0,2019,12,30,36,-33,1575158400000
2022,7,131,82,2678.0,2451.18,42.07,29.892439024390242,0.5130487804878049,2022,7,131,691,-609,1656633600000
2022,5,164,76047,1460471.73,962081.6,187459.85,12.651144686838402,2.465052533301774,2022,5,164,70147,5900,1651363200000
2020,4,91,170,4149.61,3670.61,234.29,21.591823529411766,1.3781764705882353,2020,4,91,286,-116,1585699200000
2022,9,198,148,5556.86,4676.0,544.81,31.594594594594593,3.6811486486486484,2022,9,198,1956,-1808,1661990400000
2023,9,28,289,14545.51,11728.8,1238.72,40.5840830449827,4.286228373702422,2023,9,28,1222,-933,1693526400000
2023,7,226,2164,67187.92,54316.409999999996,5961.68,25.100004621072088,2.754935304990758,2023,7,226,5487,-3323,1688169600000
2025,6,153,221,6275.53,5637.06,41.78,25.507058823529412,0.18904977375565613,2025,6,153,330,-109,1748736000000
2018,6,159,504,9994.59,8972.21,321.1,17.802003968253967,0.6371031746031747,2018,6,159,2838,-2334,1527811200000
2019,4,113,115008,1918480.78,1257141.46,232402.61,10.930904458820256,2.0207516868391764,2019,4,113,101560,13448,1554076800000
2021,9,13,18097,436944.73,308239.78,57562.89,17.032645189810466,3.1807973697297895,2021,9,13,22765,-4668,1630454400000
2020,1,35,994,30308.13,26790.95,52.300000000000004,26.952665995975856,0.05261569416498994,2020,1,35,1656,-662,1577836800000
2018,7,258,160,4131.59,3611.4,195.56,22.57125,1.22225,2018,7,258,1576,-1416,1530403200000
2016,1,55,96,2252.34,1988.53,140.51,20.713854166666668,1.4636458333333333,2016,1,55,933,-837,1451606400000
2024,1,122,79,2985.24,2755.58,0.0,34.88075949367089,0.0,2024,1,122,233,-154,1704067200000
2017,6,86,7,193.9,180.3,5.0,25.75714285714286,0.7142857142857143,2017,6,86,468,-461,1496275200000
2023,1,58,2,50.58,43.98,3.6,21.99,1.8,2023,1,58,77,-75,1672531200000
2024,5,223,1041,43468.1,34423.24,3904.78,33.067473583093175,3.750989433237272,2024,5,223,4179,-3138,1714521600000
2016,7,3,38,980.02,825.5,99.14,21.723684210526315,2.6089473684210525,2016,7,3,689,-651,1467331200000
2023,2,18,102,4145.39,3614.8,98.98,35.43921568627451,0.9703921568627452,2023,2,18,346,-244,1675209600000
2025,11,81,711,23609.55,21564.41,36.21,30.329690576652602,0.05092827004219409,2025,11,81,985,-274,1761955200000
2016,1,146,11040,169113.55000000002,140903.92,15403.81,12.76303623188406,1.395272644927536,2016,1,146,11979,-939,1451606400000
2025,2,221,33,1403.36,1147.1,12.2,34.76060606060606,0.3696969696969697,2025,2,221,60,-27,1738368000000
2016,5,48,365368,5467256.59,4412304.86,563809.45,12.076330877362004,1.5431276138030696,2016,5,48,308174,57194,1462060800000
2019,8,167,271,6617.62,5810.63,52.42,21.441439114391144,0.19343173431734317,2019,8,167,1200,-929,1564617600000
2023,6,69,200,6632.0599999999995,5919.82,150.79,29.5991,0.75395,2023,6,69,1096,-896,1685577600000
2018,10,99,2,61.29,48.0,10.690000000000001,24.0,5.345000000000001,2018,10,99,6,-4,1538352000000
2018,2,18,98,1748.5900000000001,1508.3,116.84,15.390816326530611,1.1922448979591838,2018,2,18,1112,-1014,1517443200000
2024,7,161,156024,3743079.78,2486373.12,461037.75,15.935837563451777,2.9549155899092447,2024,7,161,124614,31410,1719792000000
2025,11,143,48203,937393.36,593525.16,99483.01,12.313033628612327,2.063834408646765,2025,11,143,58852,-10649,1761955200000
2020,4,213,236,5779.95,4776.85,354.51,20.240889830508475,1.5021610169491526,2020,4,213,397,-161,1585699200000
2020,11,208,252,8906.34,7291.83,688.14,28.93583333333333,2.730714285714286,2020,11,208,542,-290,1604188800000
2024,12,212,243,8601.73,7729.93,74.36,31.810411522633746,0.3060082304526749,2024,12,212,368,-125,1733011200000
2016,8,98,65,1888.76,1513.5,279.7,23.284615384615385,4.303076923076923,2016,8,98,1657,-1592,1470009600000
2018,8,207,448,6527.6,5225.2,613.08,11.663392857142856,1.368482142857143,2018,8,207,447,1,1533081600000
2018,12,55,344,15312.38,13883.23,266.02,40.35822674418605,0.7733139534883721,2018,12,55,1299,-955,1543622400000
2022,11,128,19,598.2,488.33,52.97,25.70157894736842,2.787894736842105,2022,11,128,202,-183,1667260800000
2016,9,161,329711,5145413.32,4101561.98,573196.88,12.439870007370091,1.738482731846981,2016,9,161,351874,-22163,1472688000000
2024,3,22,232,9010.37,8172.13,98.67,35.22469827586207,0.42530172413793105,2024,3,22,532,-300,1709251200000
2019,9,136,287,9133.93,8210.23,58.89,28.607073170731706,0.20519163763066203,2019,9,136,986,-699,1567296000000
2016,4,125,70917,1103963.84,873082.11,137947.44,12.311323237023563,1.9451956512542832,2016,4,125,62704,8213,1459468800000
2020,9,213,722,22982.69,19064.51,1672.39,26.405138504155122,2.316329639889197,2020,9,213,1249,-527,1598918400000
2025,4,179,2223,59059.2,49007.2,1406.26,22.045524066576696,0.63259559154296,2025,4,179,3668,-1445,1743465600000
2025,6,210,1033,29109.53,26537.14,268.96000000000004,25.689390125847048,0.2603678606001936,2025,6,210,1691,-658,1748736000000
2025,7,81,754,23137.18,21010.35,34.1,27.86518567639257,0.04522546419098143,2025,7,81,971,-217,1751328000000
2019,6,84,5,229.5,214.5,0.0,42.9,0.0,2019,6,84,60,-55,1559347200000
2017,12,63,105,2792.55,2327.5,310.71,22.166666666666668,2.959142857142857,2017,12,63,836,-731,1512086400000
2020,2,247,714,13747.32,11802.37,418.51,16.529929971988796,0.5861484593837535,2020,2,247,1998,-1284,1580515200000
2020,8,59,17,635.14,539.18,30.07,31.716470588235293,1.7688235294117647,2020,8,59,34,-17,1596240000000
2023,7,120,31,1607.19,1248.67,185.97,40.27967741935484,5.999032258064516,2023,7,120,170,-139,1688169600000
2018,2,39,214,5646.3099999999995,5057.8,267.53,23.634579439252338,1.2501401869158877,2018,2,39,1346,-1132,1517443200000
2019,9,248,186,6081.86,5248.33,91.45,28.216827956989246,0.4916666666666667,2019,9,248,807,-621,1567296000000
2021,11,122,71,2570.87,2303.26,6.56,32.44028169014085,0.0923943661971831,2021,11,122,289,-218,1635724800000
2017,10,50,98079,1475131.6300000001,1194110.5,153593.36,12.174986490482162,1.5660167823897062,2017,10,50,116829,-18750,1506816000000
2018,6,137,111245,1541571.11,1224195.82,172578.86,11.004501955144052,1.5513403748483077,2018,6,137,123030,-11785,1527811200000
2024,12,75,21857,477114.52999999997,347730.65,47667.8,15.909349407512469,2.180893992771195,2024,12,75,40002,-18145,1733011200000
2020,11,231,16126,302050.31,207972.11,36356.32,12.89669539873496,2.2545156889495224,2020,11,231,18425,-2299,1604188800000
2017,10,125,57383,889733.43,707077.38,108146.13,12.322070648101354,1.8846370876391965,2017,10,125,53298,4085,1506816000000
2016,6,262,136729,1960087.86,1572713.24,219316.81,11.50241163176795,1.604025554198451,2016,6,262,138983,-2254,1464739200000
2021,7,79,79024,1397136.75,918763.72,181735.77000000002,11.626388438955253,2.2997541253290144,2021,7,79,64202,14822,1625097600000
2021,4,217,218,6366.25,5511.8,97.35,25.28348623853211,0.4465596330275229,2021,4,217,1625,-1407,1617235200000
2022,10,130,493,25558.079999999998,20297.45,2567.46,41.17129817444219,5.207829614604463,2022,10,130,1826,-1333,1664582400000
2020,2,188,1060,26571.38,23027.05,537.84,21.7236320754717,0.5073962264150944,2020,2,188,4661,-3601,1580515200000
2024,5,80,1712,56126.63,47559.13,2677.59,27.779865654205604,1.5640128504672899,2024,5,80,4529,-2817,1714521600000
2025,6,109,10,513.25,424.04,0.0,42.404,0.0,2025,6,109,48,-38,1748736000000
2020,8,198,227,7724.02,6773.9800000000005,377.4,29.841321585903085,1.6625550660792952,2020,8,198,746,-519,1596240000000
2019,8,190,211,4400.42,3639.22,378.28,17.247488151658768,1.7927962085308056,2019,8,190,1027,-816,1564617600000
2021,6,198,222,7533.2,6245.63,458.82,28.133468468468468,2.0667567567567566,2021,6,198,1489,-1267,1622505600000
2025,7,222,869,25935.66,24238.21,16.56,27.892071346375143,0.019056386651323358,2025,7,222,1215,-346,1751328000000
2016,7,1,709,61434.54,51175.18,7814.91,72.17937940761637,11.022440056417489,2016,7,1,19103,-18394,1467331200000
2022,9,262,41688,777982.43,513932.47,103939.55,12.328067309537516,2.493272644406064,2022,9,262,47865,-6177,1661990400000
2016,8,63,114,3132.45,2543.0,407.66,22.30701754385965,3.575964912280702,2016,8,63,1393,-1279,1470009600000
2018,6,32,143,4689.33,4075.0,214.84,28.496503496503497,1.5023776223776224,2018,6,32,834,-691,1527811200000
2016,5,114,170032,2516335.19,2016741.24,283432.02,11.86095111508422,1.6669334007716197,2016,5,114,133260,36772,1462060800000
2022,3,224,5614,105254.03,70145.05,13724.21,12.49466512290702,2.4446401852511577,2022,3,224,14301,-8687,1646092800000
2025,6,30,26,693.4200000000001,613.89,0.0,23.611153846153847,0.0,2025,6,30,59,-33,1748736000000
2021,7,238,58957,987797.28,656154.52,124179.22,11.129374289736589,2.1062676187730043,2021,7,238,62462,-3505,1625097600000
2025,4,207,211,7297.06,5771.72,877.72,27.354123222748818,4.159810426540284,2025,4,207,182,29,1743465600000
2016,3,254,80,1376.97,1240.2,49.77,15.502500000000001,0.622125,2016,3,254,1046,-966,1456790400000
2016,11,156,19,468.65999999999997,374.0,59.84,19.68421052631579,3.1494736842105264,2016,11,156,93,-74,1477958400000
2017,11,191,62,1289.22,1159.5,40.58,18.701612903225808,0.6545161290322581,2017,11,191,846,-784,1509494400000
2019,11,155,377,13094.3,11552.56,100.12,30.64339522546419,0.2655702917771883,2019,11,155,1108,-731,1572566400000
2019,8,193,5459,60558.23,49672.02,3189.31,9.099106063381571,0.5842297124015388,2019,8,193,6874,-1415,1564617600000
2024,1,66,705,22157.62,17770.31,2059.79,25.206113475177307,2.921687943262411,2024,1,66,3489,-2784,1704067200000
2022,11,39,186,8927.35,7983.4400000000005,281.56,42.92172043010753,1.513763440860215,2022,11,39,1031,-845,1667260800000
2019,9,6,10,625.41,391.5,164.81,39.15,16.481,2019,9,6,129,-119,1567296000000
2019,11,71,605,19854.0,17432.79,40.18,28.814528925619836,0.06641322314049587,2019,11,71,1486,-881,1572566400000
2020,11,210,350,12921.77,11338.33,881.94,32.39522857142857,2.5198285714285715,2020,11,210,587,-237,1604188800000
2023,12,33,1713,56542.1,45026.71,5734.17,26.28529480443666,3.347443082311734,2023,12,33,8167,-6454,1701388800000
2022,11,207,347,4583.98,3581.21,472.62,10.32048991354467,1.3620172910662824,2022,11,207,322,25,1667260800000
2023,12,19,94,3656.98,3375.53,75.55,35.909893617021275,0.8037234042553191,2023,12,19,360,-266,1701388800000
2017,4,7,17848,245143.14,204500.94,18870.17,11.457919094576424,1.0572708426714477,2017,4,7,47254,-29406,1491004800000
2020,6,206,54,4214.76,3507.57,4.75,64.955,0.08796296296296297,2020,6,206,91,-37,1590969600000
2022,8,251,4,473.01,443.2,0.05,110.8,0.0125,2022,8,251,52,-48,1659312000000
2020,6,128,27,1164.54,1038.03,38.41,38.44555555555556,1.4225925925925924,2020,6,128,66,-39,1590969600000
2024,6,129,1582,55312.7,45569.61,3565.95,28.80506321112516,2.2540771175726926,2024,6,129,4551,-2969,1717200000000
2018,9,234,247655,3512594.89,2763758.31,429241.32999999996,11.159711332296945,1.7332229512830346,2018,9,234,215492,32163,1535760000000
2017,4,165,147,2557.21,2290.0,79.93,15.578231292517007,0.5437414965986395,2017,4,165,1819,-1672,1491004800000
2017,10,259,37,692.52,634.1,19.32,17.13783783783784,0.5221621621621622,2017,10,259,950,-913,1506816000000
2020,4,53,11,362.86,296.86,58.2,26.987272727272728,5.290909090909091,2020,4,53,40,-29,1585699200000
2016,4,41,39716,536123.48,436865.25,49419.06,10.999729328230437,1.2443111088729983,2016,4,41,74725,-35009,1459468800000
2025,3,141,88445,1767361.68,1121939.1,203368.84,12.685161399739952,2.2993819888066027,2025,3,141,101130,-12685,1740787200000
2016,5,122,61,1106.1200000000001,907.0,112.08,14.868852459016393,1.8373770491803278,2016,5,122,546,-485,1462060800000
2023,5,209,6482,208949.96,150281.24,25946.03,23.184393705646404,4.002781548904659,2023,5,209,8868,-2386,1682899200000
2016,5,24,36331,527225.95,425974.28,55553.53,11.724815722110595,1.5290944372574384,2016,5,24,39336,-3005,1462060800000
2021,3,190,72,2166.43,1834.78,115.32,25.483055555555556,1.6016666666666666,2021,3,190,260,-188,1614556800000
2024,10,81,221,8696.07,8017.53,2.0,36.27841628959276,0.00904977375565611,2024,10,81,312,-91,1727740800000
2025,7,86,775,33077.55,31315.92,69.92,40.407638709677414,0.09021935483870967,2025,7,86,1430,-655,1751328000000
2022,2,210,152,7062.38,6523.88,29.05,42.92026315789474,0.19111842105263158,2022,2,210,496,-344,1643673600000
2020,6,186,19863,333974.02999999997,226747.47,34814.87,11.415570155565625,1.7527498363791976,2020,6,186,9441,10422,1590969600000
2025,8,173,805,19736.67,16762.76,517.28,20.823304347826085,0.642583850931677,2025,8,173,1546,-741,1754006400000
2022,5,50,28281,530729.9,357591.69,66117.2,12.644237827516708,2.337866412078781,2022,5,50,39834,-11553,1651363200000
2020,10,83,178,4495.52,3862.63,338.63,21.700168539325844,1.9024157303370786,2020,10,83,683,-505,1601510400000
2023,5,127,217,7326.61,6225.27,421.39,28.6878801843318,1.941889400921659,2023,5,127,2321,-2104,1682899200000
2019,2,45,14020,281742.55,205587.73,27002.25,14.663889443651927,1.9259807417974322,2019,2,45,18777,-4757,1548979200000
2023,5,133,169,5156.38,4323.54,331.74,25.583076923076923,1.962958579881657,2023,5,133,974,-805,1682899200000
2020,3,107,68572,1119501.55,725104.5,137572.93,10.574352505395789,2.0062551770401913,2020,3,107,61661,6911,1583020800000
2021,2,89,796,26491.22,22524.35,476.0,28.296922110552764,0.5979899497487438,2021,2,89,1686,-890,1612137600000
2022,4,54,61,1789.16,1444.97,185.19,23.688032786885245,3.0359016393442624,2022,4,54,759,-698,1648771200000
2025,6,244,10644,286535.69,236908.29,5721.28,22.257449267192786,0.5375122134535889,2025,6,244,22423,-11779,1748736000000
2020,3,159,548,10514.29,9218.44,153.85,16.821970802919708,0.28074817518248174,2020,3,159,1551,-1003,1583020800000
2017,12,264,173052,2902374.57,2341670.79,323914.58999999997,13.531602004021913,1.8717760557520282,2017,12,264,157602,15450,1512086400000
2016,5,213,131,2650.9900000000002,2231.8,156.46,17.036641221374047,1.194351145038168,2016,5,213,1772,-1641,1462060800000
2022,11,135,150,4197.83,3716.08,113.2,24.773866666666667,0.7546666666666667,2022,11,135,887,-737,1667260800000
2018,7,32,136,4248.94,3769.5,165.64000000000001,27.716911764705884,1.2179411764705883,2018,7,32,787,-651,1530403200000
2016,10,179,7235,110375.23,91469.05,9981.51,12.642577747062889,1.379614374568072,2016,10,179,15597,-8362,1475280000000
2018,4,156,9,397.64,298.0,0.0,33.111111111111114,0.0,2018,4,156,80,-71,1522540800000
2021,9,136,219,9715.28,8531.77,67.27,38.95785388127854,0.30716894977168946,2021,9,136,551,-332,1630454400000
2016,3,57,14,283.64,225.0,32.86,16.071428571428573,2.347142857142857,2016,3,57,480,-466,1456790400000
2022,2,256,1075,25199.56,18936.68,3417.38,17.61551627906977,3.178958139534884,2022,2,256,6762,-5687,1643673600000
2021,6,28,196,8300.47,6801.8,493.78,34.703061224489794,2.519285714285714,2021,6,28,892,-696,1622505600000
2025,3,265,1548,138939.95,120522.04,13295.44,77.85661498708009,8.588785529715762,2025,3,265,14203,-12655,1740787200000
2017,11,136,90,1572.28,1366.0,92.88,15.177777777777777,1.032,2017,11,136,974,-884,1509494400000
2018,6,63,139,4066.29,3544.01,275.52,25.496474820143888,1.9821582733812948,2018,6,63,928,-789,1527811200000
2016,2,86,18,1476.73,1204.5,233.05,66.91666666666667,12.947222222222223,2016,2,86,454,-436,1454284800000
2022,1,154,9,1121.13,1058.48,12.0,117.60888888888888,1.3333333333333333,2022,1,154,19,-10,1640995200000
2017,6,145,12457,215999.57,173006.36,20723.96,13.888284498675443,1.6636397206389981,2017,6,145,30449,-17992,1496275200000
2024,3,153,64,1981.02,1775.66,72.53999999999999,27.7446875,1.1334374999999999,2024,3,153,143,-79,1709251200000
2022,1,33,1006,23184.12,17666.93,3222.29,17.561560636182904,3.2030715705765407,2022,1,33,5962,-4956,1640995200000
2023,3,200,88,4064.16,3541.5299999999997,137.18,40.24465909090909,1.5588636363636363,2023,3,200,1144,-1056,1677628800000
2024,8,164,69536,1637955.74,1091573.6500000001,192100.35,15.697964363782791,2.7626028244362635,2024,8,164,68918,618,1722470400000
2017,9,223,5141,114833.64,91267.21,10993.35,17.75281268235752,2.1383680217856447,2017,9,223,18850,-13709,1504224000000
2019,3,27,11,608.44,529.34,12.0,48.121818181818185,1.0909090909090908,2019,3,27,99,-88,1551398400000
2019,9,87,48953,1187766.48,854274.6,142699.07,17.450914142136334,2.9150219598390295,2019,9,87,54026,-5073,1567296000000
2024,11,146,1911,50435.32,41322.93,3172.71,21.623720565149135,1.6602354788069074,2024,11,146,2551,-640,1730419200000
2018,4,24,28444,397172.15,319401.66,43164.3,11.22914006468851,1.5175186331036423,2018,4,24,31253,-2809,1522540800000
2023,10,68,96890,2581697.81,1765811.38,331138.42,18.224908452884712,3.4176738569511818,2023,10,68,91532,5358,1696118400000
2022,2,85,84,3032.71,2642.32,138.29,31.45619047619048,1.6463095238095238,2022,2,85,462,-378,1643673600000
2019,9,215,1142,65903.31,51573.9,6132.7300000000005,45.16103327495622,5.370166374781086,2019,9,215,2310,-1168,1567296000000
2025,4,242,668,18894.66,16913.51,65.58,25.319625748502993,0.09817365269461077,2025,4,242,1233,-565,1743465600000
2020,2,259,182,6973.29,6119.1,111.51,33.621428571428574,0.6126923076923078,2020,2,259,712,-530,1580515200000
2021,4,13,7817,176834.6,123194.94,23583.54,15.759874632211845,3.0169553537162597,2021,4,13,10904,-3087,1617235200000
2021,5,198,266,9680.72,8107.24,315.54,30.47834586466165,1.1862406015037594,2021,5,198,1365,-1099,1619827200000
2017,6,182,109,1890.47,1573.83,100.6,14.438807339449541,0.9229357798165138,2017,6,182,1205,-1096,1496275200000
2017,8,251,3,76.16,60.0,10.31,20.0,3.436666666666667,2017,8,251,126,-123,1501545600000
2023,2,140,61638,1383032.1,911719.52,174556.08,14.79151692137967,2.8319556117979165,2023,2,140,61052,586,1675209600000
2022,9,263,64127,1131073.8199999998,738906.23,147998.99,11.522544793924556,2.307904470815725,2022,9,263,65140,-1013,1661990400000
2024,12,207,184,4628.31,3674.0,474.84,19.967391304347824,2.5806521739130432,2024,12,207,186,-2,1733011200000
2023,1,117,113,6951.65,6250.6,5.0,55.31504424778761,0.04424778761061947,2023,1,117,271,-158,1672531200000
2025,6,34,828,24144.36,20242.9,558.91,24.447946859903382,0.6750120772946859,2025,6,34,909,-81,1748736000000
2016,2,58,5,116.21,108.50999999999999,5.2,21.701999999999998,1.04,2016,2,58,306,-301,1454284800000
2019,7,64,88,3047.89,2770.83,26.33,31.486704545454543,0.29920454545454545,2019,7,64,658,-570,1561939200000
2021,2,263,38896,590148.62,380614.03,71352.96,9.785428578774168,1.834454956807898,2021,2,263,35750,3146,1612137600000
2023,12,57,12,807.5600000000001,667.72,109.9,55.64333333333334,9.158333333333333,2023,12,57,59,-47,1701388800000
2024,10,215,882,46159.0,38804.51,3594.91,43.996043083900226,4.075861678004535,2024,10,215,1169,-287,1727740800000
2017,12,27,2,65.99,52.8,11.59,26.4,5.795,2017,12,27,56,-54,1512086400000
2016,6,106,2618,42488.32,33790.7,4857.09,12.907066462948816,1.8552673796791443,2016,6,106,7239,-4621,1464739200000
2018,4,125,53026,814254.17,643073.64,101593.03,12.12751555840531,1.9159097423905254,2018,4,125,47514,5512,1522540800000
2018,12,121,351,11669.4,10328.47,301.97,29.425840455840454,0.8603133903133904,2018,12,121,1398,-1047,1543622400000
2022,6,257,88,2958.52,2357.46,327.71,26.78931818181818,3.7239772727272724,2022,6,257,1563,-1475,1654041600000
2023,9,218,238,9065.96,8280.52,51.81,34.79210084033614,0.2176890756302521,2023,9,218,784,-546,1693526400000
2018,9,81,200,7513.18,6745.5,140.01,33.7275,0.70005,2018,9,81,608,-408,1535760000000
2018,9,97,7492,121944.7,101934.95,10897.49,13.605839562199678,1.4545501868659905,2018,9,97,13730,-6238,1535760000000
2019,2,158,69573,1214505.6199999999,811100.76,151101.59,11.658269156138157,2.1718423813835828,2019,2,158,71214,-1641,1548979200000
2016,4,35,223,3671.17,2993.66,394.81,13.424484304932735,1.7704484304932735,2016,4,35,1822,-1599,1459468800000
2018,8,220,310,8238.21,7221.93,248.01,23.296548387096774,0.800032258064516,2018,8,220,3126,-2816,1533081600000
2017,10,74,31846,412683.02999999997,340059.39,30493.05,10.678244991521698,0.9575158575645293,2017,10,74,69778,-37932,1506816000000
2016,1,72,337,6431.2,5262.6,783.44,15.616023738872405,2.3247477744807123,2016,1,72,1907,-1570,1451606400000
2016,12,18,143,2476.16,2147.84,123.24,15.01986013986014,0.8618181818181818,2016,12,18,1571,-1428,1480550400000
2016,6,53,93,2188.61,1803.8,189.26999999999998,19.39569892473118,2.0351612903225806,2016,6,53,1209,-1116,1464739200000
2021,2,108,166,6203.23,5253.56,149.02,31.647951807228917,0.897710843373494,2021,2,108,293,-127,1612137600000
2024,11,86,390,21099.84,19785.04,50.04,50.730871794871796,0.12830769230769232,2024,11,86,768,-378,1730419200000
2019,8,264,51423,1148705.3,869262.22,132072.17,16.904152227602435,2.5683482099449666,2019,8,264,50679,744,1564617600000
2020,2,67,108,3137.33,2670.54,137.31,24.72722222222222,1.271388888888889,2020,2,67,1001,-893,1580515200000
2025,10,80,5829,136265.13,105748.75,3747.84,18.141833933779377,0.6429644879053011,2025,10,80,8297,-2468,1759276800000
2017,7,66,3747,69079.08,57277.44,7493.38,15.286212970376301,1.999834534294102,2017,7,66,13180,-9433,1498867200000
2021,8,63,144,5704.05,4873.47,129.91,33.84354166666667,0.9021527777777778,2021,8,63,735,-591,1627776000000
2019,9,109,9,533.6800000000001,400.0,68.75999999999999,44.44444444444444,7.639999999999999,2019,9,109,86,-77,1567296000000
2017,7,156,8,491.21000000000004,450.62,15.32,56.3275,1.915,2017,7,156,91,-83,1498867200000
2021,10,3,99,3930.91,3452.51,0.0,34.87383838383838,0.0,2021,10,3,275,-176,1633046400000
2024,12,231,47961,1315215.6,926287.03,159277.71,19.31333854590188,3.320983924438606,2024,12,231,55887,-7926,1733011200000
2021,8,248,182,8188.849999999999,7047.95,98.86,38.725,0.5431868131868132,2021,8,248,477,-295,1627776000000
2020,12,28,222,8247.84,6954.91,593.66,31.328423423423423,2.674144144144144,2020,12,28,486,-264,1606780800000
2018,1,260,5308,87648.96,73725.7,6525.26,13.889544084400903,1.2293255463451394,2018,1,260,9734,-4426,1514764800000
2019,3,233,104901,2969262.36,2193596.95,360834.17000000004,20.911115718629947,3.439759106204898,2019,3,233,120663,-15762,1551398400000
2017,8,253,45,1989.27,1607.3600000000001,227.75,35.71911111111111,5.061111111111111,2017,8,253,95,-50,1501545600000
2016,10,5,2,126.6,126.0,0.0,63.0,0.0,2016,10,5,58,-56,1475280000000
2020,4,180,11,245.94,213.67000000000002,18.75,19.424545454545456,1.7045454545454546,2020,4,180,27,-16,1585699200000
2025,7,128,156,4894.86,4020.13,167.81,25.770064102564103,1.0757051282051282,2025,7,128,588,-432,1751328000000
2025,8,163,83888,1975373.6199999999,1260658.74,239112.83,15.027879315277513,2.8503818186152965,2025,8,163,80076,3812,1754006400000
2021,5,213,679,22360.21,18618.97,119.68,27.42116347569956,0.17625920471281298,2021,5,213,1167,-488,1619827200000
2023,11,238,64673,1414460.02,934959.06,184601.2,14.456713930079014,2.8543781794566514,2023,11,238,75451,-10778,1698796800000
2024,9,200,190,7833.87,6904.2,145.88,36.3378947368421,0.7677894736842105,2024,9,200,1134,-944,1725148800000
2020,7,152,1964,33080.67,27292.74,2062.2,13.896507128309572,1.0499999999999998,2020,7,152,3012,-1048,1593561600000
2022,12,173,59,1634.56,1394.3700000000001,98.99,23.633389830508477,1.6777966101694914,2022,12,173,741,-682,1669852800000
2017,4,141,226487,2808730.52,2230399.39,313396.17,9.847803141019131,1.3837269688768008,2017,4,141,228647,-2160,1491004800000
2020,9,15,99,3673.12,3120.93,275.96,31.524545454545454,2.7874747474747474,2020,9,15,171,-72,1598918400000
2017,4,199,2,18.6,16.0,0.0,8.0,0.0,2017,4,199,1,1,1491004800000
2024,6,262,48777,1094961.77,743782.64,123220.01,15.248634397359412,2.5261908276441765,2024,6,262,51085,-2308,1717200000000
2021,9,164,60383,1076688.29,704873.88,135128.97,11.673382905784742,2.2378644651640363,2021,9,164,55310,5073,1630454400000
2017,12,211,78409,1163455.57,938164.18,129810.02,11.965006313050798,1.655550000637682,2017,12,211,80977,-2568,1512086400000
2024,11,48,91517,2152306.56,1451880.29,262293.74,15.864596632319678,2.8660657582744187,2024,11,48,87662,3855,1730419200000
2020,4,252,27,751.91,650.68,30.25,24.099259259259256,1.1203703703703705,2020,4,252,73,-46,1585699200000
2021,10,119,179,6293.6,5498.52,27.66,30.717988826815645,0.15452513966480447,2021,10,119,777,-598,1633046400000
2021,2,193,1298,16830.98,13829.3,760.5699999999999,10.654314329738058,0.58595531587057,2021,2,193,1594,-296,1612137600000
2022,12,85,125,6603.33,5942.26,324.82,47.53808,2.59856,2022,12,85,674,-549,1669852800000
2019,9,250,234,7771.99,6518.48,222.42000000000002,27.856752136752135,0.9505128205128206,2019,9,250,808,-574,1567296000000
2017,7,13,86971,1702988.04,1381849.14,203103.89,15.88861965482747,2.335305906566557,2017,7,13,91643,-4672,1498867200000
2024,3,136,173,5762.35,5224.65,45.510000000000005,30.20028901734104,0.2630635838150289,2024,3,136,420,-247,1709251200000
2019,12,120,42,1434.77,1143.16,173.07,27.21809523809524,4.1207142857142856,2019,12,120,274,-232,1575158400000
2024,9,42,5857,139770.95,120750.48,3763.08,20.616438449718284,0.6424927437254567,2024,9,42,15825,-9968,1725148800000
2018,1,246,118526,1680457.84,1321639.54,208234.74000000002,11.150629735247962,1.7568697163491556,2018,1,246,160997,-42471,1514764800000
2018,1,197,310,9436.24,7814.87,816.72,25.209258064516128,2.6345806451612903,2018,1,197,1930,-1620,1514764800000
2025,3,241,737,22468.44,20339.16,72.02,27.597232021709633,0.09772048846675711,2025,3,241,1051,-314,1740787200000
2023,4,61,765,23379.97,20410.61,1314.56,26.680535947712418,1.7183790849673202,2023,4,61,5178,-4413,1680307200000
2017,2,246,138410,2013014.9000000001,1590072.64,245171.69,11.488134094357344,1.7713437612889242,2017,2,246,180273,-41863,1485907200000
2018,7,220,245,5839.07,4990.0,291.73,20.367346938775512,1.1907346938775512,2018,7,220,2893,-2648,1530403200000
2020,4,129,201,4300.69,3581.52,311.85,17.81850746268657,1.551492537313433,2020,4,129,691,-490,1585699200000
2021,3,170,60756,961083.51,616491.88,115935.71,10.147012311541246,1.9082182829679375,2021,3,170,57581,3175,1614556800000
2021,9,79,81987,1498347.82,991383.11,197492.06,12.0919549440765,2.408821642455511,2021,9,79,65549,16438,1630454400000
2018,8,59,12,395.56,353.69,1.32,29.474166666666665,0.11,2018,8,59,92,-80,1533081600000
2020,9,113,18264,293251.02,191175.73,36470.22,10.467352715724925,1.9968363994743759,2020,9,113,15884,2380,1598918400000
2018,9,75,57929,771154.26,628980.47,70058.86,10.857782285211206,1.209391841737299,2018,9,75,95309,-37380,1535760000000
2016,6,234,357779,5080522.73,3999892.66,604003.28,11.179786013153372,1.6882021583156084,2016,6,234,307567,50212,1464739200000
2017,10,124,111,5283.9,4316.51,600.09,38.88747747747748,5.406216216216216,2017,10,124,879,-768,1506816000000
2020,1,45,12156,247599.26,177877.04,24721.29,14.63285949325436,2.0336697926949654,2020,1,45,16404,-4248,1577836800000
2018,8,235,376,9796.3,8950.72,160.35999999999999,23.80510638297872,0.42648936170212765,2018,8,235,1755,-1379,1533081600000
2018,8,45,18990,322262.26,269690.33,28842.02,14.201702474986837,1.5188004212743549,2018,8,45,23824,-4834,1533081600000
2021,11,18,172,6397.55,5626.01,57.39,32.70936046511628,0.3336627906976744,2021,11,18,614,-442,1635724800000
2023,7,208,103,4014.79,3399.52,235.82,33.00504854368932,2.289514563106796,2023,7,208,514,-411,1688169600000
2024,12,53,94,3634.58,2962.19,251.76,31.512659574468085,2.6782978723404254,2024,12,53,547,-453,1733011200000
2023,2,31,17,1258.81,1035.1,157.06,60.88823529411764,9.238823529411764,2023,2,31,133,-116,1675209600000
2024,12,194,124,7244.12,5331.29,896.98,42.994274193548385,7.2337096774193546,2024,12,194,287,-163,1733011200000
2022,12,51,263,10844.03,9648.26,201.12,36.68539923954373,0.7647148288973384,2022,12,51,513,-250,1669852800000
2022,3,256,1380,33937.87,25750.11,4485.41,18.6595,3.2502971014492754,2022,3,256,7685,-6305,1646092800000
2024,5,95,953,33742.91,29845.6,1157.55,31.317523609653723,1.2146379853095488,2024,5,95,4512,-3559,1714521600000
2018,12,38,220,10196.26,9249.58,172.45,42.04354545454545,0.7838636363636363,2018,12,38,721,-501,1543622400000
2023,1,193,2713,18227.37,14133.61,885.86,5.209587172871361,0.3265241430151124,2023,1,193,3298,-585,1672531200000
2020,4,63,89,3207.31,2748.33,131.34,30.880112359550562,1.4757303370786516,2020,4,63,108,-19,1585699200000
2017,8,198,225,4110.94,3433.05,341.5,15.258000000000001,1.5177777777777777,2017,8,198,5098,-4873,1501545600000
2024,2,89,700,22861.35,20806.78,420.51,29.723971428571428,0.6007285714285714,2024,2,89,2393,-1693,1706745600000
2023,10,89,543,19841.2,17636.93,856.25,32.48053406998159,1.5768876611418048,2023,10,89,3082,-2539,1696118400000
2020,6,16,65,2628.31,2365.12,102.74,36.38646153846154,1.5806153846153845,2020,6,16,137,-72,1590969600000
2021,4,55,682,30996.16,27428.33,209.48,40.2174926686217,0.3071554252199413,2021,4,55,1116,-434,1617235200000
2018,7,256,5963,97730.66,79771.5,10194.02,13.377746100955894,1.709545530773101,2018,7,256,18465,-12502,1530403200000
2019,10,84,5,331.87,281.0,10.82,56.2,2.164,2019,10,84,66,-61,1569888000000
2023,12,119,181,5794.59,5104.02,252.27,28.19900552486188,1.393756906077348,2023,12,119,533,-352,1701388800000
2025,2,185,287,8814.49,7898.35,34.29,27.520383275261324,0.1194773519163763,2025,2,185,504,-217,1738368000000
2021,9,128,30,807.12,676.62,40.05,22.554,1.335,2021,9,128,200,-170,1630454400000
2019,10,154,30,1819.7,1451.88,156.5,48.396,5.216666666666667,2019,10,154,126,-96,1569888000000
2025,3,60,685,19962.55,17667.27,38.59,25.791635036496352,0.05633576642335767,2025,3,60,603,82,1740787200000
2020,5,193,747,9342.02,7935.54,421.53,10.623212851405622,0.56429718875502,2020,5,193,804,-57,1588291200000
2019,1,236,323289,3797460.77,2970715.04,458489.23000000004,9.1890384145455,1.4182023823885133,2019,1,236,334465,-11176,1546300800000
2017,3,241,141,2611.8,2268.34,134.19,16.087517730496455,0.9517021276595744,2017,3,241,1828,-1687,1488326400000
2017,11,58,7,219.06,211.56,1.4,30.222857142857144,0.19999999999999998,2017,11,58,175,-168,1509494400000
2022,6,100,56544,1080004.64,722529.57,130917.54,12.778182831069609,2.315321519524618,2022,6,100,50092,6452,1654041600000
2022,7,165,136,4146.99,3787.58,95.66,27.84985294117647,0.7033823529411765,2022,7,165,805,-669,1656633600000
2022,9,134,338,18459.44,15256.36,2049.56,45.13715976331361,6.06378698224852,2022,9,134,1093,-755,1661990400000
2023,5,139,125,5729.12,5198.47,31.3,41.58776,0.2504,2023,5,139,647,-522,1682899200000
2024,5,242,255,8843.98,8044.86,1.94,31.548470588235293,0.0076078431372549014,2024,5,242,627,-372,1714521600000
2024,9,173,225,6349.56,5622.31,111.81,24.988044444444448,0.49693333333333334,2024,9,173,728,-503,1725148800000
2021,2,152,2220,37717.03,29997.82,3173.18,13.51253153153153,1.4293603603603602,2021,2,152,3598,-1378,1612137600000
2016,10,78,107,3161.0,2781.6,216.48,25.99626168224299,2.0231775700934578,2016,10,78,1015,-908,1475280000000
2019,2,32,334,12140.47,10851.78,16.92,32.49035928143713,0.05065868263473054,2019,2,32,953,-619,1548979200000
2022,4,253,12,812.6,653.03,110.72,54.41916666666666,9.226666666666667,2022,4,253,30,-18,1648771200000
2018,2,186,284061,4028888.9499999997,3222733.05,459179.57,11.345214760209954,1.6164822696533492,2018,2,186,222097,61964,1517443200000
2024,9,59,9,341.09,303.83,0.0,33.75888888888889,0.0,2024,9,59,29,-20,1725148800000
2016,10,101,25,1014.79,918.0,70.85,36.72,2.8339999999999996,2016,10,101,525,-500,1475280000000
2016,10,264,150797,2665355.0,2164983.19,294168.25,14.356938069059728,1.950756646352381,2016,10,264,135873,14924,1475280000000
2017,4,156,279,4781.45,3986.02,453.65,14.286810035842294,1.6259856630824372,2017,4,156,357,-78,1491004800000
2017,5,128,66,1242.47,1016.5,130.6,15.401515151515152,1.9787878787878788,2017,5,128,574,-508,1493596800000
2017,2,119,233,3484.27,3016.62,155.07,12.9468669527897,0.6655364806866952,2017,2,119,1758,-1525,1485907200000
2017,7,150,41,1320.8799999999999,1075.5,125.98,26.23170731707317,3.0726829268292684,2017,7,150,484,-443,1498867200000
2022,8,246,47908,866889.18,575332.56,109141.78,12.009112465558989,2.278153544293229,2022,8,246,57027,-9119,1659312000000
2023,6,250,73,2559.95,2173.17,112.53,29.76945205479452,1.5415068493150685,2023,6,250,318,-245,1685577600000
2024,10,112,1723,48528.13,40045.05,2407.3,23.241468369123623,1.3971561230412073,2024,10,112,8861,-7138,1727740800000
2017,4,227,133,2634.26,2238.79,210.91,16.833007518796993,1.5857894736842104,2017,4,227,2527,-2394,1491004800000
2022,8,98,46,1377.52,1254.8,33.72,27.278260869565216,0.7330434782608696,2022,8,98,730,-684,1659312000000
2017,4,81,28,463.33,386.0,23.47,13.785714285714286,0.8382142857142857,2017,4,81,417,-389,1491004800000
2024,3,142,114980,2445393.8,1590683.57,310552.17,13.834437032527397,2.700923377978779,2024,3,142,99047,15933,1709251200000
2024,12,180,188,7710.32,6775.35,393.96,36.03909574468085,2.095531914893617,2024,12,180,476,-288,1733011200000
2021,5,5,21,2008.45,1767.5,0.0,84.16666666666667,0.0,2021,5,5,33,-12,1619827200000
2020,3,139,170,5916.08,5552.82,0.0,32.66364705882353,0.0,2020,3,139,560,-390,1583020800000
2022,1,61,457,12916.7,11374.2,884.85,24.888840262582058,1.936214442013129,2022,1,61,3806,-3349,1640995200000
2022,3,147,80,2248.27,1981.56,15.21,24.7695,0.19012500000000002,2022,3,147,340,-260,1646092800000
2024,3,19,148,5628.97,4942.31,101.34,33.39398648648649,0.6847297297297298,2024,3,19,418,-270,1709251200000
2016,2,47,169,2277.09,1939.31,137.54,11.475207100591716,0.8138461538461538,2016,2,47,1178,-1009,1454284800000
2016,2,94,82,1338.27,1163.0,44.51,14.182926829268293,0.5428048780487804,2016,2,94,785,-703,1454284800000
2024,7,262,38037,837257.87,564697.9,95634.03,14.846015721534297,2.514236927202461,2024,7,262,41084,-3047,1719792000000
2020,6,6,17,947.76,732.9,14.27,43.11176470588235,0.8394117647058823,2020,6,6,24,-7,1590969600000
2017,7,96,47,967.55,720.5,109.17,15.329787234042554,2.3227659574468085,2017,7,96,207,-160,1498867200000
2022,11,75,20611,354299.09,255734.11,40044.85,12.407651739362475,1.942887293192955,2022,11,75,40016,-19405,1667260800000
2016,3,15,12,537.29,454.0,58.61,37.833333333333336,4.884166666666666,2016,3,15,942,-930,1456790400000
2021,3,179,816,17372.27,14350.49,673.25,17.586384803921568,0.8250612745098039,2021,3,179,2208,-1392,1614556800000
2025,7,214,28,949.9,709.6899999999999,0.0,25.346071428571427,0.0,2025,7,214,119,-91,1751328000000
2016,7,68,260410,3734530.61,2985593.56,405467.04,11.464972773703007,1.5570332936523175,2016,7,68,241764,18646,1467331200000
2016,8,70,1986,64019.69,52644.57,6487.34,26.50783987915408,3.2665357502517622,2016,8,70,5259,-3273,1470009600000
2024,4,208,186,6559.69,5837.61,58.089999999999996,31.384999999999998,0.31231182795698925,2024,4,208,536,-350,1711929600000
2020,1,98,159,5973.7,5333.09,57.12,33.54144654088051,0.35924528301886793,2020,1,98,779,-620,1577836800000
2020,10,111,1,27.68,24.13,2.75,24.13,2.75,2020,10,111,22,-21,1601510400000
2020,6,112,303,10541.73,9439.03,349.69,31.151914191419145,1.1540924092409242,2020,6,112,964,-661,1590969600000
2017,12,138,248883,10816215.76,8210432.81,1419566.3199999998,32.989126657907526,5.70374963336186,2017,12,138,105829,143054,1512086400000
2025,6,55,1416,51551.82,48202.91,163.26,34.041603107344635,0.11529661016949153,2025,6,55,2486,-1070,1748736000000
2016,1,63,172,3978.03,3454.6,287.25,20.084883720930232,1.6700581395348837,2016,1,63,1299,-1127,1451606400000
2017,1,47,120,1813.68,1605.8,77.39,13.381666666666666,0.6449166666666667,2017,1,47,844,-724,1483228800000
2017,4,253,23,1672.51,1404.0,165.26,61.04347826086956,7.185217391304348,2017,4,253,76,-53,1491004800000
2018,3,67,96,1914.78,1679.5,65.58,17.494791666666668,0.683125,2018,3,67,1404,-1308,1519862400000
2018,2,221,6,135.03,104.0,5.0,17.333333333333332,0.8333333333333334,2018,2,221,163,-157,1517443200000
2024,1,54,62,2585.51,2068.27,235.09,33.3591935483871,3.7917741935483873,2024,1,54,590,-528,1704067200000
2022,10,136,116,4446.35,4101.93,40.42,35.361465517241385,0.348448275862069,2022,10,136,440,-324,1664582400000
2020,5,211,495,8588.38,5851.63,910.47,11.821474747474747,1.8393333333333335,2020,5,211,795,-300,1588291200000
2019,10,96,23,786.65,687.24,37.41,29.88,1.6265217391304347,2019,10,96,177,-154,1569888000000
2021,12,177,176,6666.87,5894.15,137.12,33.48948863636363,0.7790909090909092,2021,12,177,756,-580,1638316800000
2024,2,81,131,5855.43,5361.11,0.0,40.92450381679389,0.0,2024,2,81,209,-78,1706745600000
2017,8,255,8878,140776.69,113292.45,15852.43,12.761032890290606,1.7855857175039425,2017,8,255,25194,-16316,1501545600000
2018,9,11,125,4116.9800000000005,3682.68,180.93,29.46144,1.44744,2018,9,11,589,-464,1535760000000
2025,10,51,1347,52800.92,48182.98,76.9,35.77058648849295,0.0570898292501856,2025,10,51,1703,-356,1759276800000
2019,3,246,120914,2121014.5500000003,1409160.59,257641.81999999998,11.65423846700961,2.1307856823858278,2019,3,246,149216,-28302,1551398400000
2018,12,207,457,5203.18,4245.67,404.89,9.290306345733041,0.8859737417943107,2018,12,207,466,-9,1543622400000
2017,6,255,14224,235892.49,189937.44,27065.03,13.353307086614173,1.9027720753655792,2017,6,255,29870,-15646,1496275200000
2018,9,152,7963,115040.91,95468.76,9443.34,11.98904433002637,1.1859022981288458,2018,9,152,13509,-5546,1535760000000
2019,8,117,160,8145.52,7139.7,28.55,44.623125,0.1784375,2019,8,117,744,-584,1564617600000
2025,1,154,55,1794.88,1595.84,61.91,29.015272727272727,1.1256363636363635,2025,1,154,365,-310,1735689600000
2019,11,81,219,8496.54,7352.24,35.5,33.57187214611872,0.16210045662100456,2019,11,81,528,-309,1572566400000
2017,1,229,186314,2413119.56,1919657.59,269954.61,10.30334591066694,1.4489228399368808,2017,1,229,175428,10886,1483228800000
2021,7,147,101,3185.5,2645.31,43.09,26.19118811881188,0.4266336633663367,2021,7,147,446,-345,1625097600000
2025,4,167,1080,29242.42,26140.54,95.12,24.204203703703705,0.08807407407407408,2025,4,167,1067,13,1743465600000
2024,1,82,531,19744.77,16333.09,1391.1200000000001,30.759114877589454,2.619811676082863,2024,1,82,1824,-1293,1704067200000
2023,9,52,656,21520.38,16587.85,2739.06,25.286356707317072,4.175396341463415,2023,9,52,1802,-1146,1693526400000
2023,12,208,126,5253.12,4804.65,79.73,38.13214285714285,0.6327777777777778,2023,12,208,400,-274,1701388800000
2024,4,263,65794,1369725.64,902963.12,156700.46,13.72409520624981,2.3816831322005045,2024,4,263,71658,-5864,1711929600000
2022,12,215,537,34546.979999999996,27425.78,3448.43,51.07221601489758,6.421657355679701,2022,12,215,1176,-639,1669852800000
2018,2,161,340384,4847775.99,3780757.18,594276.2499999999,11.107329310425872,1.7458994841120614,2018,2,161,318835,21549,1517443200000
2016,10,167,268,4437.18,3709.7,397.99,13.842164179104477,1.4850373134328358,2016,10,167,1670,-1402,1475280000000
2025,6,212,868,26491.26,22594.98,102.06,26.031082949308754,0.11758064516129033,2025,6,212,928,-60,1748736000000
2024,10,97,2918,83144.36,70343.32,4741.42,24.10668951336532,1.6248869088416724,2024,10,97,5488,-2570,1727740800000
2021,4,169,544,17176.56,14907.039999999999,151.21,27.40264705882353,0.2779595588235294,2021,4,169,1032,-488,1617235200000
2020,9,14,489,17657.68,15441.8,1152.01,31.578323108384456,2.355848670756646,2020,9,14,1277,-788,1598918400000
2021,10,98,47,1699.54,1431.17,59.120000000000005,30.450425531914895,1.257872340425532,2021,10,98,457,-410,1633046400000
2020,8,197,564,24230.25,21064.36,989.56,37.3481560283688,1.7545390070921985,2020,8,197,828,-264,1596240000000
2018,10,95,1499,40238.54,33779.07,2234.5,22.534402935290192,1.490660440293529,2018,10,95,10236,-8737,1538352000000
2022,9,160,88,4283.14,3453.23,567.46,39.24125,6.448409090909092,2022,9,160,983,-895,1661990400000
2017,4,169,219,3804.05,3286.62,239.74,15.007397260273972,1.094703196347032,2017,4,169,2054,-1835,1491004800000
2020,11,75,24075,369829.19,277905.65,33505.04,11.543329179646937,1.3916942886812047,2020,11,75,32606,-8531,1604188800000
2018,9,188,1278,26915.96,23810.87,1187.19,18.63135367762128,0.928943661971831,2018,9,188,6035,-4757,1535760000000
2020,1,147,268,9166.76,7813.56,25.73,29.155074626865673,0.09600746268656717,2020,1,147,786,-518,1577836800000
2024,10,90,60825,1381991.5799999998,917530.65,171303.3,15.084762022194822,2.81633045622688,2024,10,90,55895,4930,1727740800000
2023,7,145,3053,72151.58,55193.15,6720.13,18.07833278742221,2.2011562397641664,2023,7,145,9242,-6189,1688169600000
2025,3,19,403,11875.89,10625.92,130.82,26.367047146401987,0.3246153846153846,2025,3,19,712,-309,1740787200000
2020,7,203,204,9599.35,8785.98,323.25,43.0685294117647,1.5845588235294117,2020,7,203,279,-75,1593561600000
2022,10,238,76030,1345323.57,891391.48,180872.24,11.724207286597396,2.378958832039984,2022,10,238,84396,-8366,1664582400000
2023,4,94,69,2557.59,2233.27,72.67,32.36623188405797,1.0531884057971015,2023,4,94,205,-136,1680307200000
2025,2,166,21817,459174.18,335841.63,39091.83,15.393575193656323,1.7918059311546042,2025,2,166,29007,-7190,1738368000000
2016,7,234,333150,4604360.8100000005,3628979.07,540003.81,10.892928320576317,1.6209029266096355,2016,7,234,288136,45014,1467331200000
2018,9,229,151060,2043067.18,1623794.91,236075.80000000002,10.749337415596452,1.5627949159274461,2018,9,229,143503,7557,1535760000000
2019,4,102,220,7832.05,6854.93,96.88,31.15877272727273,0.44036363636363635,2019,4,102,1200,-980,1554076800000
2023,10,102,108,3560.06,3150.48,185.0,29.171111111111113,1.712962962962963,2023,10,102,568,-460,1696118400000
2024,11,257,272,8890.07,7746.73,204.86,28.480625,0.7531617647058824,2024,11,257,1511,-1239,1730419200000
2017,1,22,90,3408.9,3070.0,216.24,34.111111111111114,2.4026666666666667,2017,1,22,1558,-1468,1483228800000
2018,12,243,1636,39096.75,33375.94,2626.67,20.4009413202934,1.6055440097799512,2018,12,243,14243,-12607,1543622400000
2022,8,119,179,5339.23,4546.66,397.62,25.400335195530726,2.221340782122905,2022,8,119,788,-609,1659312000000
2023,10,31,24,864.8100000000001,686.29,94.02,28.595416666666665,3.9175,2023,10,31,183,-159,1696118400000
2024,8,209,7684,226070.54,164353.41,25067.11,21.3890434669443,3.262247527329516,2024,8,209,9337,-1653,1722470400000
2022,7,226,2646,72690.31999999999,58070.0,7765.85,21.946334089191232,2.934939531368103,2022,7,226,6659,-4013,1656633600000
2024,10,27,13,552.67,490.83,15.0,37.75615384615384,1.1538461538461537,2024,10,27,74,-61,1727740800000
2016,6,39,297,8162.51,6679.51,956.28,22.48993265993266,3.21979797979798,2016,6,39,2308,-2011,1464739200000
2018,12,236,333295,4101102.29,3228965.42,485742.26,9.688010381193838,1.4573943803537408,2018,12,236,338181,-4886,1543622400000
2022,8,129,852,25265.72,20414.82,2862.04,23.96105633802817,3.359201877934272,2022,8,129,5407,-4555,1659312000000
2024,8,152,2062,45549.75,36851.4,2791.19,17.87167798254122,1.3536323957322989,2024,8,152,3986,-1924,1722470400000
2022,6,29,80,3542.14,3115.1800000000003,143.96,38.939750000000004,1.7995,2022,6,29,476,-396,1654041600000
2025,2,181,3354,86038.8,71538.65,2572.54,21.329353011329754,0.7670065593321407,2025,2,181,9301,-5947,1738368000000
2025,5,192,327,8405.15,7258.63,111.92,22.197645259938838,0.34226299694189605,2025,5,192,831,-504,1746057600000
2017,4,54,602,10993.8,8806.5,1313.82,14.628737541528238,2.182425249169435,2017,4,54,3114,-2512,1491004800000
2019,2,18,338,10362.87,9318.710000000001,53.11,27.570147928994086,0.15713017751479288,2019,2,18,1403,-1065,1548979200000
2019,10,54,252,5372.46,3989.73,695.6,15.832261904761905,2.7603174603174603,2019,10,54,1855,-1603,1569888000000
2019,10,42,10227,152883.6,125849.77,8328.39,12.30563899481764,0.81435318275154,2019,10,42,28655,-18428,1569888000000
2024,1,56,270,12066.47,9966.88,954.33,36.91437037037037,3.534555555555556,2024,1,56,895,-625,1704067200000
2024,1,159,289,8912.94,8109.5199999999995,51.42,28.06062283737024,0.17792387543252597,2024,1,159,758,-469,1704067200000
2025,8,217,700,16023.84,13753.06,225.19,19.64722857142857,0.3217,2025,8,217,1423,-723,1754006400000
2021,10,42,4349,84120.75,68801.87,5322.56,15.820158657162565,1.2238583582432745,2021,10,42,15296,-10947,1633046400000
2017,2,208,49,1387.39,1171.7,121.75,23.912244897959184,2.4846938775510203,2017,2,208,1076,-1027,1485907200000
2020,1,173,240,5885.91,4971.09,125.57000000000001,20.712875,0.5232083333333334,2020,1,173,1867,-1627,1577836800000
2023,1,45,3889,108777.67,78051.99,12245.53,20.069938287477502,3.148760606839805,2023,1,45,7719,-3830,1672531200000
2016,6,154,30,2368.93,2025.1100000000001,177.22,67.50366666666667,5.907333333333333,2016,6,154,151,-121,1464739200000
2018,8,121,204,6716.5,5912.95,257.9,28.985049019607843,1.2642156862745098,2018,8,121,1492,-1288,1533081600000
2019,4,122,208,9313.38,8428.52,16.56,40.52173076923077,0.07961538461538462,2019,4,122,482,-274,1554076800000
2018,11,250,249,7659.01,6732.49,212.04,27.038112449799197,0.8515662650602409,2018,11,250,947,-698,1541030400000
2016,7,258,189,5730.6,5068.95,314.45,26.81984126984127,1.6637566137566138,2016,7,258,2234,-2045,1467331200000
2019,11,112,1882,35410.07,27978.77,3313.54,14.866509032943677,1.7606482465462274,2019,11,112,13826,-11944,1572566400000
2020,1,265,3159,277818.28,239697.69,27267.18,75.87771130104464,8.631585944919278,2020,1,265,15100,-11941,1577836800000
2020,2,167,241,6234.49,5335.25,40.3,22.137966804979254,0.16721991701244812,2020,2,167,1027,-786,1580515200000
2023,5,122,81,3135.08,2814.46,20.32,34.74641975308642,0.2508641975308642,2023,5,122,282,-201,1682899200000
2018,6,129,5145,83752.3,70952.37,5224.05,13.790548104956267,1.0153644314868806,2018,6,129,15454,-10309,1527811200000
2024,6,246,64771,1586146.42,1089509.23,183269.34,16.82094193389017,2.8294968427228233,2024,6,246,73398,-8627,1717200000000
2021,7,33,1871,48628.78,37903.48,5739.66,20.258407268840195,3.067696419027258,2021,7,33,6777,-4906,1625097600000
2024,7,198,260,8544.84,7564.24,223.66,29.093230769230768,0.8602307692307692,2024,7,198,1881,-1621,1719792000000
2023,12,22,172,6615.59,6112.14,75.23,35.53569767441861,0.4373837209302326,2023,12,22,521,-349,1701388800000
2018,1,112,3178,47761.69,38303.59,5042.33,12.052734424166141,1.5866362492133417,2018,1,112,19223,-16045,1514764800000
2021,1,81,329,12904.1,10952.98,520.28,33.29173252279635,1.5813981762917932,2021,1,81,537,-208,1609459200000
2017,4,78,121,2671.84,2275.65,243.42,18.80702479338843,2.0117355371900825,2017,4,78,1027,-906,1491004800000
2018,12,195,503,14901.7,12485.64,1105.49,24.82234592445328,2.1977932405566603,2018,12,195,2831,-2328,1543622400000
2024,9,144,40452,980446.04,685702.56,106622.01,16.95101750222486,2.635766093147434,2024,9,144,38404,2048,1725148800000
2018,6,56,387,14178.3,11540.36,1208.53,29.820051679586566,3.1228165374677004,2018,6,56,2475,-2088,1527811200000
2018,8,120,36,1494.31,1283.25,117.66,35.645833333333336,3.268333333333333,2018,8,120,327,-291,1533081600000
2018,3,156,5,274.8,230.0,10.0,46.0,2.0,2018,3,156,67,-62,1519862400000
2020,9,56,253,8271.53,6895.57,623.55,27.255217391304345,2.4646245059288536,2020,9,56,693,-440,1598918400000
2024,7,71,770,21716.49,20455.98,90.66,26.56620779220779,0.11774025974025974,2024,7,71,1301,-531,1719792000000
2019,6,25,6263,118963.59999999999,97033.26,10258.0,15.493095960402362,1.6378732236947149,2019,6,25,12623,-6360,1559347200000
2017,8,162,306356,4513692.95,3540551.46,536196.14,11.556984227500033,1.7502387418558802,2017,8,162,277102,29254,1501545600000
2017,9,182,95,1554.2,1318.52,93.55,13.879157894736842,0.9847368421052631,2017,9,182,1006,-911,1504224000000
2018,3,221,15,272.49,233.01,8.7,15.533999999999999,0.58,2018,3,221,169,-154,1519862400000
2021,6,140,65061,1144636.8,766923.03,136040.35,11.787753492875916,2.0909661702094957,2021,6,140,63556,1505,1622505600000
2024,6,255,3820,118722.77,99819.18,5276.77,26.130675392670156,1.3813534031413615,2024,6,255,9210,-5390,1717200000000
2018,3,115,5,176.51999999999998,161.0,0.0,32.2,0.0,2018,3,115,138,-133,1519862400000
2018,7,87,64233,1316351.05,1070538.75,156389.15,16.6664915230489,2.4347165787056495,2018,7,87,69278,-5045,1530403200000
2023,2,45,3793,107185.43,76389.05,12612.97,20.13948062219879,3.325328236224624,2023,2,45,7268,-3475,1675209600000
2019,9,182,306,9977.16,8414.29,94.97,27.497679738562095,0.310359477124183,2019,9,182,1045,-739,1567296000000
2025,7,262,45840,1005252.05,669463.69,99709.6,14.604356239092494,2.175165794066318,2025,7,262,47862,-2022,1751328000000
2017,2,107,220758,2943513.21,2311878.07,354771.17,10.47245431649136,1.6070591779233367,2017,2,107,197192,23566,1485907200000
2024,8,23,18,1128.54,933.51,44.61,51.861666666666665,2.4783333333333335,2024,8,23,92,-74,1722470400000
2016,2,186,376271,5208368.37,4173344.32,570136.15,11.091325985792155,1.515227455743334,2016,2,186,308844,67427,1454284800000
2016,9,155,71,2359.69,2075.2,131.49,29.228169014084504,1.8519718309859157,2016,9,155,1215,-1144,1472688000000
2024,11,262,50510,1116033.7,751188.14,131248.38,14.872067709364483,2.5984632745990894,2024,11,262,55315,-4805,1730419200000
2020,5,202,48,1248.31,1102.26,67.28999999999999,22.96375,1.4018749999999998,2020,5,202,277,-229,1588291200000
2020,11,184,9,346.13,292.45,22.0,32.49444444444444,2.4444444444444446,2020,11,184,46,-37,1604188800000
2025,6,164,90733,2162079.46,1403926.88,226306.67,15.473167204875843,2.4942046443961954,2025,6,164,88616,2117,1748736000000
2019,8,151,50292,765963.27,546886.97,83191.62,10.874233874174818,1.6541720353137674,2019,8,151,49374,918,1564617600000
2016,6,191,60,1867.38,1591.84,188.94,26.530666666666665,3.149,2016,6,191,1119,-1059,1464739200000
2025,5,215,1793,62887.13,54025.3,2900.2,30.131232571109873,1.6175125488008923,2025,5,215,2244,-451,1746057600000
2025,5,15,199,5530.34,4758.9,61.64,23.91407035175879,0.30974874371859296,2025,5,15,715,-516,1746057600000
2020,4,62,113,2906.29,2510.31,245.32,22.21513274336283,2.1709734513274337,2020,4,62,243,-130,1585699200000
2019,7,161,269289,4830535.2700000005,3209814.31,566387.46,11.919589400235434,2.103269944186357,2019,7,161,259466,9823,1561939200000
2025,5,225,5197,128489.09,110993.85,896.16,21.357292668847414,0.1724379449682509,2025,5,225,7996,-2799,1746057600000
2018,4,42,16732,215454.91,180986.22,13455.53,10.8167714558929,0.8041794166865887,2018,4,42,41213,-24481,1522540800000
2018,6,263,160097,2074093.6300000001,1631594.36,240974.86,10.191286282691118,1.5051803594071094,2018,6,263,163709,-3612,1527811200000
2020,11,5,9,782.54,676.15,24.75,75.12777777777778,2.75,2020,11,5,22,-13,1604188800000
2025,1,79,81581,1710000.28,1086864.88,186498.67,13.32252460744536,2.286055208933453,2025,1,79,76008,5573,1735689600000
2017,5,251,11,388.84999999999997,377.59,0.76,34.32636363636363,0.06909090909090909,2017,5,251,163,-152,1493596800000
2017,9,152,8149,117536.54000000001,97200.22,9866.61,11.927870904405449,1.210775555282857,2017,9,152,14832,-6683,1504224000000
2025,2,187,3,51.09,49.58,0.01,16.526666666666667,0.0033333333333333335,2025,2,187,17,-14,1738368000000
2018,2,95,1154,23652.46,19477.12,1805.5,16.877920277296358,1.5645580589254766,2018,2,95,9974,-8820,1517443200000
2024,7,144,32432,772924.05,536117.0,83669.72,16.530494573260977,2.5798507646768623,2024,7,144,30510,1922,1719792000000
2023,2,196,166,8177.04,6688.47,804.01,40.29198795180723,4.843433734939759,2023,2,196,1040,-874,1675209600000
2022,6,235,196,8375.449999999999,7473.530000000001,53.22,38.13025510204082,0.27153061224489794,2022,6,235,603,-407,1654041600000
2020,7,143,10687,172988.25,116712.43,18425.09,10.920972209226163,1.7240656872836155,2020,7,143,12185,-1498,1593561600000
2017,7,137,110216,1483692.21,1176925.77,165779.78,10.678356772156492,1.5041353342527402,2017,7,137,125777,-15561,1498867200000
2016,12,21,69,1809.46,1451.0,235.4,21.028985507246375,3.411594202898551,2016,12,21,1281,-1212,1480550400000
2018,5,58,18,695.57,660.0699999999999,6.08,36.67055555555555,0.3377777777777778,2018,5,58,202,-184,1525132800000
2019,12,230,232981,4666809.0,3202689.26,515888.07999999996,13.746568432618968,2.2142924959546058,2019,12,230,213986,18995,1575158400000
2020,12,263,40714,610992.66,393598.37,73485.47,9.667396227341946,1.8049189467996267,2020,12,263,37470,3244,1606780800000
2019,3,59,34,1304.8700000000001,1147.99,17.57,33.76441176470588,0.5167647058823529,2019,3,59,61,-27,1551398400000
2023,8,117,163,8609.47,7807.05,12.01,47.89601226993865,0.07368098159509202,2023,8,117,439,-276,1690848000000
2020,11,143,22691,348534.12,227263.45,42070.71,10.015576660349918,1.8540703362566655,2020,11,143,26099,-3408,1604188800000
2016,10,213,70,1473.6100000000001,1279.0,73.03,18.271428571428572,1.0432857142857144,2016,10,213,1424,-1354,1475280000000
2016,5,134,547,15304.07,12668.56,1317.55,23.160073126142596,2.4086837294332724,2016,5,134,2898,-2351,1462060800000
2016,11,8,102,3133.26,2441.3,382.67,23.9343137254902,3.751666666666667,2016,11,8,183,-81,1477958400000
2017,9,229,161485,2198748.2800000003,1755681.84,245028.84,10.872104777533517,1.5173473697247422,2017,9,229,153245,8240,1504224000000
2020,4,69,236,4311.15,3776.87,218.99,16.003686440677967,0.9279237288135593,2020,4,69,598,-362,1585699200000
2025,3,172,31,1275.82,864.98,42.97,27.90258064516129,1.3861290322580644,2025,3,172,59,-28,1740787200000
2025,4,88,12918,396816.57,283393.6,39108.29,21.93788512153584,3.0274260721473913,2025,4,88,17174,-4256,1743465600000
2018,12,27,3,45.620000000000005,38.5,1.56,12.833333333333334,0.52,2018,12,27,83,-80,1543622400000
2018,5,52,5425,97153.81,78649.35,12465.06,14.497576036866361,2.297706912442396,2018,5,52,7703,-2278,1525132800000
2020,11,114,13859,229778.44,150061.37,29716.879999999997,10.827719893210189,2.1442297424056567,2020,11,114,11519,2340,1604188800000
2021,3,93,190,10123.92,7930.4,1060.92,41.73894736842105,5.583789473684211,2021,3,93,348,-158,1614556800000
2025,10,89,3889,108694.1,93250.61,583.09,23.97804319876575,0.14993314476729236,2025,10,89,6383,-2494,1759276800000
2023,3,213,259,8861.07,7710.99,140.23,29.77216216216216,0.5414285714285714,2023,3,213,661,-402,1677628800000
2021,2,129,713,19223.41,15583.52,1038.95,21.856269284712482,1.4571528751753156,2021,2,129,2389,-1676,1612137600000
2024,11,4,6717,157121.21,114619.86,12833.83,17.064144707458688,1.910649099300283,2024,11,4,13872,-7155,1730419200000
2019,3,220,616,19623.27,17475.47,282.78,28.36926948051948,0.4590584415584415,2019,3,220,3566,-2950,1551398400000
2019,9,172,6,319.37,282.81,18.77,47.135,3.1283333333333334,2019,9,172,94,-88,1567296000000
2016,12,64,24,860.83,616.0,204.28,25.666666666666668,8.511666666666667,2016,12,64,733,-709,1480550400000
2021,6,68,62874,1119527.85,742819.97,138875.2,11.814422018640455,2.208785825619493,2021,6,68,60373,2501,1622505600000
2022,6,244,3057,70531.0,56148.04,7219.51,18.367039581288847,2.3616323192672555,2022,6,244,12406,-9349,1654041600000
2019,10,221,6,500.40999999999997,256.0,209.87,42.666666666666664,34.97833333333333,2019,10,221,141,-135,1569888000000
2025,10,205,1348,47914.32,43549.74,32.7,32.30692878338279,0.024258160237388728,2025,10,205,2306,-958,1759276800000
2019,10,66,3873,82469.91,63034.45,9694.79,16.27535502194681,2.503173250710044,2019,10,66,10577,-6704,1569888000000
2023,1,108,70,3831.71,3297.56,185.35,47.108,2.6478571428571427,2023,1,108,251,-181,1672531200000
2023,1,87,13946,445874.45,318635.67,56329.3,22.847818012333285,4.039100817438692,2023,1,87,21154,-7208,1672531200000
2023,2,12,844,26413.06,19856.35,2655.01,23.526481042654027,3.1457464454976307,2023,2,12,1114,-270,1675209600000
2024,2,206,2,153.64,117.88,0.0,58.94,0.0,2024,2,206,57,-55,1706745600000
2025,3,23,33,1659.45,1326.01,98.52,40.18212121212121,2.9854545454545454,2025,3,23,66,-33,1740787200000
2021,10,56,200,7660.1,6148.81,282.49,30.74405,1.41245,2021,10,56,1023,-823,1633046400000
2018,2,50,73776,1009010.67,805186.07,113081.70999999999,10.913929597701149,1.5327709553242246,2018,2,50,95806,-22030,1517443200000
2025,8,180,600,18533.14,16317.92,700.41,27.196533333333335,1.1673499999999999,2025,8,180,1248,-648,1754006400000
2019,3,196,879,27438.84,22882.35,1530.1200000000001,26.03225255972696,1.740750853242321,2019,3,196,3222,-2343,1551398400000
2021,7,138,67733,2913028.87,2046768.1,365673.13,30.218181683964982,5.398744039094681,2021,7,138,23980,43753,1625097600000
2021,10,48,104979,1888737.08,1252371.96,234658.38,11.929737947589517,2.235288772040122,2021,10,48,90943,14036,1633046400000
2019,6,39,1005,34307.53,31762.4,153.59,31.60437810945274,0.15282587064676617,2019,6,39,2410,-1405,1559347200000
2020,3,252,92,3942.82,3371.8,182.55,36.65,1.9842391304347828,2020,3,252,563,-471,1583020800000
2025,10,145,8686,249948.17,190582.5,16186.93,21.94134239005296,1.863565507713562,2025,10,145,13286,-4600,1759276800000
2021,4,60,219,7024.05,5919.38,51.51,27.029132420091326,0.23520547945205478,2021,4,60,510,-291,1617235200000
2016,6,137,134190,1882518.81,1497330.62,208758.18,11.158287651836948,1.5556910350994857,2016,6,137,148929,-14739,1464739200000
2023,2,136,122,4999.69,4514.9800000000005,83.06,37.00803278688525,0.6808196721311476,2023,2,136,347,-225,1675209600000
2024,3,145,4062,107726.45,85068.28,8804.74,20.94246184145741,2.167587395371738,2024,3,145,9360,-5298,1709251200000
2023,2,79,74620,1700888.56,1116876.22,222164.17,14.967518359689091,2.9772737871884214,2023,2,79,62734,11886,1675209600000
2025,4,254,995,31883.91,29118.97,26.53,29.26529648241206,0.026663316582914574,2025,4,254,1248,-253,1743465600000
2019,5,201,60,3464.15,3161.71,10.91,52.695166666666665,0.18183333333333335,2019,5,201,432,-372,1556668800000
2021,7,251,3,280.72,231.82,5.0,77.27333333333333,1.6666666666666667,2021,7,251,39,-36,1625097600000
2022,12,41,9739,188497.99,141846.33,19817.18,14.564773590717731,2.034826984289968,2022,12,41,21791,-12052,1669852800000
2019,1,224,15569,210476.13,168702.82,23631.36,10.83581604470422,1.5178470036611216,2019,1,224,31966,-16397,1546300800000
2020,4,52,54,1325.94,909.35,202.98000000000002,16.839814814814815,3.7588888888888894,2020,4,52,102,-48,1585699200000
2022,3,143,45770,762127.28,494290.07,99829.37,10.799433471706358,2.1811092418614813,2022,3,143,58228,-12458,1646092800000
2016,3,260,7442,119983.55,101263.81,8211.5,13.607069336199945,1.1033996237570545,2016,3,260,16062,-8620,1456790400000
2018,2,228,761,14520.07,12056.91,1286.16,15.843508541392904,1.6900919842312747,2018,2,228,4941,-4180,1517443200000
2020,10,162,51095,787783.1000000001,500735.54,98981.13,9.800088854095312,1.9371979645757902,2020,10,162,39363,11732,1601510400000
2016,3,55,89,2541.15,2086.5,342.53,23.4438202247191,3.848651685393258,2016,3,55,1012,-923,1456790400000
2022,10,219,410,25818.03,20657.79,2794.65,50.384853658536585,6.816219512195122,2022,10,219,1373,-963,1664582400000
2023,4,252,42,2134.91,1788.5,175.21,42.583333333333336,4.171666666666667,2023,4,252,647,-605,1680307200000
2020,9,95,582,17134.16,14319.56,1251.97,24.604054982817868,2.151151202749141,2020,9,95,1955,-1373,1598918400000
2016,3,81,32,492.16,433.01,21.009999999999998,13.5315625,0.6565624999999999,2016,3,81,543,-511,1456790400000
2017,11,79,255394,3621569.66,2877021.72,427787.53,11.265032537960955,1.6750101020384192,2017,11,79,212061,43333,1509494400000
2020,8,238,28462,440995.23,299086.25,49071.87,10.508265406506922,1.7241188251001336,2020,8,238,26421,2041,1596240000000
2021,3,115,35,1988.5900000000001,1596.73,40.0,45.62085714285714,1.1428571428571428,2021,3,115,82,-47,1614556800000
2021,8,250,200,8382.68,7071.17,118.26,35.355850000000004,0.5913,2021,8,250,469,-269,1627776000000
2024,6,138,116103,7784559.76,5032019.83,1042220.62,43.34099747637873,8.976689835749292,2024,6,138,44234,71869,1717200000000
2022,8,254,178,7477.71,6735.820000000001,76.89,37.84168539325843,0.43196629213483145,2022,8,254,536,-358,1659312000000
2025,2,142,104361,2171317.96,1362942.69,269572.24,13.059885301980625,2.583074520175161,2025,2,142,93561,10800,1738368000000
2025,10,152,5465,109498.03,83794.92,3860.74,15.333013723696249,0.7064483074107959,2025,10,152,7711,-2246,1759276800000
2020,7,132,13213,680775.76,559548.42,66209.4,42.3483251343374,5.010928630893816,2020,7,132,2580,10633,1593561600000
2024,8,22,288,9713.83,8988.18,58.39,31.208958333333335,0.20274305555555555,2024,8,22,728,-440,1722470400000
2017,6,82,2989,51412.82,43609.42,3176.0,14.589969889595181,1.0625627300100369,2017,6,82,8689,-5700,1496275200000
2022,11,32,57,1925.49,1722.53,29.1,30.21982456140351,0.5105263157894737,2022,11,32,230,-173,1667260800000
2017,5,175,29,828.44,689.5,73.04,23.775862068965516,2.518620689655173,2017,5,175,767,-738,1493596800000
2016,6,81,33,594.8,541.9,9.51,16.421212121212122,0.28818181818181815,2016,6,81,514,-481,1464739200000
2017,8,116,8906,142791.45,118937.63,12030.51,13.354775432292836,1.3508320233550415,2017,8,116,22873,-13967,1501545600000
2020,12,130,559,20979.84,18236.82,1470.42,32.62400715563506,2.6304472271914134,2020,12,130,1087,-528,1606780800000
2021,1,34,42,1468.19,1194.61,166.9,28.443095238095236,3.973809523809524,2021,1,34,184,-142,1609459200000
2023,8,261,16530,529889.58,386704.77,58677.23,23.394117967332125,3.549741681790684,2023,8,261,14714,1816,1690848000000
2024,10,260,1212,41461.73,33991.78,3143.78,28.04602310231023,2.593877887788779,2024,10,260,2495,-1283,1727740800000
2018,11,173,307,5960.88,5124.57,164.44,16.692410423452767,0.5356351791530944,2018,11,173,2286,-1979,1541030400000
2022,4,147,53,1327.81,1168.82,23.89,22.05320754716981,0.45075471698113206,2022,4,147,311,-258,1648771200000
2023,8,116,1868,49095.82,39066.28,4071.75,20.913426124197002,2.179737687366167,2023,8,116,6316,-4448,1690848000000
2020,6,181,589,14880.19,12529.03,1347.79,21.271697792869272,2.2882682512733448,2020,6,181,1283,-694,1590969600000
2019,11,214,27,1519.06,1362.88,14.0,50.47703703703704,0.5185185185185185,2019,11,214,142,-115,1572566400000
2017,6,73,20,531.78,483.51,17.75,24.1755,0.8875,2017,6,73,551,-531,1496275200000
2021,12,139,135,6082.89,5449.03,39.86,40.36318518518518,0.2952592592592593,2021,12,139,611,-476,1638316800000
2018,9,243,1673,36301.28,30588.36,3008.16,18.28353855349671,1.7980633592349073,2018,9,243,14340,-12667,1535760000000
2019,6,4,11702,212332.21,147274.03,21848.65,12.585372585882755,1.8670868227653394,2019,6,4,30043,-18341,1559347200000
2023,3,35,260,8662.94,7813.31,203.38,30.051192307692308,0.7822307692307692,2023,3,35,635,-375,1677628800000
2025,4,173,556,14458.45,12838.23,148.87,23.090341726618703,0.2677517985611511,2025,4,173,1098,-542,1743465600000
2019,5,88,29332,751814.83,546581.33,87499.69,18.63430144552025,2.983079571798718,2019,5,88,30135,-803,1556668800000
2018,6,62,540,11158.27,10006.3,498.98,18.530185185185182,0.9240370370370371,2018,6,62,3996,-3456,1527811200000
2019,5,41,29718,423211.08999999997,327095.4,35381.03999999999,11.006642438925905,1.1905592570159498,2019,5,41,49337,-19619,1556668800000
2019,7,117,223,11179.61,9842.26,42.35,44.13569506726458,0.1899103139013453,2019,7,117,824,-601,1561939200000
2022,8,212,79,2281.6,1876.7,154.85,23.755696202531645,1.960126582278481,2022,8,212,375,-296,1659312000000
2017,11,55,45,1254.33,982.3,184.87,21.828888888888887,4.108222222222222,2017,11,55,649,-604,1509494400000
2018,12,224,17638,252022.66,202130.45,28276.94,11.45994160335639,1.6031829005556184,2018,12,224,33708,-16070,1543622400000
2017,10,264,135889,2395055.68,1937309.66,269029.68,14.25655983928059,1.9797752577471317,2017,10,264,120753,15136,1506816000000
2020,1,144,58351,1009860.65,672323.2,121148.12,11.522051035971963,2.076196123459752,2020,1,144,52505,5846,1577836800000
2025,1,218,536,18853.53,17365.37,150.55,32.398078358208956,0.28087686567164183,2025,1,218,1118,-582,1735689600000
2019,11,82,2202,72877.97,57559.77,6555.46,26.13976839237057,2.9770481380563125,2019,11,82,5699,-3497,1572566400000
2025,7,109,5,344.5,306.85,0.0,61.370000000000005,0.0,2025,7,109,48,-43,1751328000000
2020,3,56,441,21658.85,16534.24,2331.84,37.49260770975057,5.287619047619048,2020,3,56,1612,-1171,1583020800000
2020,4,245,2,78.52,55.56,0.0,27.78,0.0,2020,4,245,6,-4,1585699200000
2021,4,121,370,13197.58,11404.95,181.78,30.82418918918919,0.4912972972972973,2021,4,121,809,-439,1617235200000
2024,9,146,2053,55264.66,44998.31,3604.5099999999998,21.91831953239162,1.755728202630297,2024,9,146,2833,-780,1725148800000
2025,1,249,77356,1628426.02,1020492.61,190837.44,13.192158462174879,2.467002430322147,2025,1,249,62838,14518,1735689600000
2016,4,206,315,5007.28,4057.5,561.68,12.880952380952381,1.7831111111111109,2016,4,206,537,-222,1459468800000
2022,2,60,40,1401.19,1270.45,3.69,31.76125,0.09225,2022,2,60,216,-176,1643673600000
2024,4,160,196,7627.19,6670.98,352.99,34.035612244897955,1.800969387755102,2024,4,160,1071,-875,1711929600000
2017,12,34,196,3346.51,2748.5,340.13,14.02295918367347,1.7353571428571428,2017,12,34,973,-777,1512086400000
2016,5,248,88,1565.16,1338.01,109.09,15.204659090909091,1.239659090909091,2016,5,248,1275,-1187,1462060800000
2022,8,2,4,166.62,135.5,18.369999999999997,33.875,4.592499999999999,2022,8,2,4,0,1659312000000
2017,1,243,1921,34849.15,28735.67,3194.81,14.95870380010411,1.6630973451327433,2017,1,243,18127,-16206,1483228800000
2025,8,129,4933,137239.22,111218.88,5914.17,22.54589093857693,1.198899249949321,2025,8,129,7048,-2115,1754006400000
2016,4,235,211,4380.67,3882.02,215.37,18.3981990521327,1.0207109004739336,2016,4,235,2265,-2054,1459468800000
2025,8,30,28,586.25,485.37,0.0,17.334642857142857,0.0,2025,8,30,59,-31,1754006400000
2017,3,194,522,30060.13,22845.81,3713.43,43.76591954022989,7.113850574712643,2017,3,194,635,-113,1488326400000
2016,12,5,3,138.48,121.5,14.58,40.5,4.86,2016,12,5,67,-64,1480550400000
2018,7,16,126,3923.33,3522.89,180.73,27.959444444444443,1.4343650793650793,2018,7,16,1373,-1247,1530403200000
2020,11,20,178,5850.49,4938.1,466.57,27.742134831460675,2.6211797752808987,2020,11,20,381,-203,1604188800000
2023,3,170,102012,2388007.27,1558378.93,307457.61000000004,15.276427577147786,3.0139357134454774,2023,3,170,103142,-1130,1677628800000
2021,12,80,526,16344.1,12961.42,1797.83,24.64148288973384,3.417927756653992,2021,12,80,3767,-3241,1638316800000
2023,4,166,16333,392127.67,280024.16,50601.68,17.144686218086083,3.0981252678626094,2023,4,166,24356,-8023,1680307200000
2018,10,81,257,9668.23,8641.83,171.74,33.625797665369646,0.6682490272373541,2018,10,81,676,-419,1538352000000
2023,11,143,36511,793714.85,523254.23,100317.16,14.331413272712332,2.747587302456794,2023,11,143,49584,-13073,1698796800000
2024,10,224,5701,128548.26,93095.89,10306.81,16.32974741273461,1.807895106121733,2024,10,224,14424,-8723,1727740800000
2024,11,239,104494,2289107.85,1509468.39,293120.12999999995,14.445502995387294,2.80513838115107,2024,11,239,102316,2178,1730419200000
2025,4,89,3558,98659.83,87228.68,485.65999999999997,24.516211354693645,0.13649803260258572,2025,4,89,5319,-1761,1743465600000
2020,6,45,597,14465.55,11687.83,932.32,19.57760469011725,1.561675041876047,2020,6,45,1233,-636,1590969600000
2017,1,74,32166,401776.14,332354.65,28387.32,10.332483056643662,0.8825256481999627,2017,1,74,73041,-40875,1483228800000
2022,6,213,216,7448.33,6549.16,73.87,30.320185185185185,0.34199074074074076,2022,6,213,698,-482,1654041600000
2025,11,173,579,10666.45,8679.86,149.74,14.99112262521589,0.2586183074265976,2025,11,173,1320,-741,1761955200000
2020,3,189,542,9784.41,7766.05,1004.36,14.328505535055351,1.8530627306273062,2020,3,189,2788,-2246,1583020800000
2024,3,170,103756,2421850.11,1609984.22,295216.3,15.517022822776514,2.8452937661436444,2024,3,170,106874,-3118,1709251200000
2019,7,74,25404,368731.38,289176.83,23835.8,11.383121949299323,0.9382695638482128,2019,7,74,53319,-27915,1561939200000
2020,1,195,465,15372.93,12576.34,779.64,27.04589247311828,1.6766451612903226,2020,1,195,1982,-1517,1577836800000
2024,5,151,30667,666679.07,476815.73,73539.22,15.548170019891087,2.3979919783480614,2024,5,151,33001,-2334,1714521600000
2020,8,107,24366,389129.12,257480.7,43833.26,10.56721250923418,1.7989518181071986,2020,8,107,19352,5014,1596240000000
2016,8,22,135,3064.27,2429.2,407.87,17.994074074074074,3.021259259259259,2016,8,22,2128,-1993,1470009600000
2017,12,230,323319,5385291.09,4343420.85,544916.78,13.433855882271068,1.6853843417800995,2017,12,230,300007,23312,1512086400000
2022,12,179,629,14450.32,11889.86,1095.81,18.902798092209856,1.7421462639109697,2022,12,179,4071,-3442,1669852800000
2025,5,20,595,16463.6,14023.8,185.87,23.56941176470588,0.3123865546218487,2025,5,20,1298,-703,1746057600000
2018,2,258,103,2103.62,1774.5,170.48000000000002,17.228155339805824,1.6551456310679613,2018,2,258,1302,-1199,1517443200000
2019,11,88,23267,582972.99,422099.18,68170.79000000001,18.141538659904587,2.929934671423046,2019,11,88,25691,-2424,1572566400000
2024,6,214,13,732.23,551.04,45.69,42.387692307692305,3.5146153846153845,2024,6,214,56,-43,1717200000000
2016,7,169,198,4778.75,4270.65,218.41,21.56893939393939,1.103080808080808,2016,7,169,2304,-2106,1467331200000
2024,4,8,18,1525.7,1264.33,108.21000000000001,70.24055555555555,6.011666666666667,2024,4,8,50,-32,1711929600000
2020,8,93,92,4458.24,3483.7,487.88,37.86630434782609,5.30304347826087,2020,8,93,225,-133,1596240000000
2021,3,165,529,17496.19,15227.07,187.01,28.784631379962192,0.35351606805293007,2021,3,165,1023,-494,1614556800000
2022,4,144,31730,610036.38,414643.74,78056.34000000001,13.067877087929404,2.4600170185943906,2022,4,144,34189,-2459,1648771200000
2021,8,155,173,7608.71,6676.41,95.0,38.591965317919076,0.5491329479768786,2021,8,155,774,-601,1627776000000
2023,12,212,117,3688.28,3293.7400000000002,47.62,28.151623931623934,0.407008547008547,2023,12,212,314,-197,1701388800000
2025,2,208,360,11094.24,9762.54,44.32,27.11816666666667,0.12311111111111112,2025,2,208,633,-273,1738368000000
2025,5,220,908,25147.39,21211.17,217.83,23.36031938325991,0.23990088105726873,2025,5,220,2177,-1269,1746057600000
2016,1,243,2350,42749.04,35128.87,4135.35,14.948455319148938,1.7597234042553194,2016,1,243,20321,-17971,1451606400000
2025,8,212,805,20717.44,17840.17,41.26,22.161701863354036,0.05125465838509317,2025,8,212,982,-177,1754006400000
2016,4,200,80,1789.81,1368.51,267.8,17.106375,3.3475,2016,4,200,4017,-3937,1459468800000
2020,4,206,4,303.13,243.47,0.0,60.8675,0.0,2020,4,206,11,-7,1585699200000
2023,8,193,2269,23186.69,18889.7,865.34,8.325121198765977,0.3813750550903482,2023,8,193,2843,-574,1690848000000
2017,2,156,4,44.0,38.0,2.3,9.5,0.575,2017,2,156,80,-76,1485907200000
2023,7,164,70331,1680236.09,1110544.5,206018.36,15.790256074846084,2.9292681747735707,2023,7,164,67284,3047,1688169600000
2018,12,176,3,178.66,173.5,2.76,57.833333333333336,0.9199999999999999,2018,12,176,78,-75,1543622400000
2021,9,36,450,15313.81,11902.34,1769.26,26.449644444444445,3.931688888888889,2021,9,36,2365,-1915,1630454400000
2020,7,136,322,13814.68,12199.0,544.78,37.88509316770186,1.691863354037267,2020,7,136,617,-295,1593561600000
2017,8,188,921,14352.52,12078.55,1080.55,13.114603691639521,1.1732356134636264,2017,8,188,6584,-5663,1501545600000
2019,7,3,200,6145.1,5471.87,78.32,27.35935,0.39159999999999995,2019,7,3,690,-490,1561939200000
2020,3,188,850,18133.3,16227.210000000001,368.3,19.09083529411765,0.43329411764705883,2020,3,188,2790,-1940,1583020800000
2020,5,36,149,4320.66,3832.71,118.66,25.72288590604027,0.7963758389261745,2020,5,36,345,-196,1588291200000
2024,7,92,279,10757.19,9352.46,463.09,33.521362007168456,1.6598207885304659,2024,7,92,2528,-2249,1719792000000
2019,3,249,158875,2637804.69,1715276.92,330063.13,10.796392887490164,2.077501998426436,2019,3,249,129514,29361,1551398400000
2019,2,185,229,6213.7300000000005,5502.94,144.94,24.030305676855892,0.6329257641921398,2019,2,185,894,-665,1548979200000
2018,2,127,749,14501.19,12196.6,1208.4,16.283845126835782,1.613351134846462,2018,2,127,6255,-5506,1517443200000
2017,1,139,19,890.97,721.53,140.01,37.97526315789474,7.368947368421052,2017,1,139,611,-592,1483228800000
2018,3,239,237680,3017971.6999999997,2373929.11,356841.77999999997,9.987921196566813,1.5013538370918882,2018,3,239,231164,6516,1519862400000
2019,2,126,251,8318.15,7409.62,56.64,29.5203984063745,0.22565737051792828,2019,2,126,1065,-814,1548979200000
2020,6,62,298,11062.25,9649.74,541.45,32.38167785234899,1.8169463087248323,2020,6,62,641,-343,1590969600000
2021,5,114,25901,448238.14,293381.48,59128.719999999994,11.327032933091386,2.282874020308096,2021,5,114,24042,1859,1619827200000
2017,3,86,13,466.96,302.0,146.56,23.23076923076923,11.273846153846154,2017,3,86,481,-468,1488326400000
2016,9,149,67,1331.42,1038.21,184.82999999999998,15.495671641791045,2.75865671641791,2016,9,149,1292,-1225,1472688000000
2021,2,92,366,13405.05,11164.97,429.73,30.5053825136612,1.1741256830601094,2021,2,92,925,-559,1612137600000
2018,5,236,361828,4582065.23,3616734.15,536221.5,9.995727666183932,1.4819790065998208,2018,5,236,372139,-10311,1525132800000
2019,10,162,262152,4761395.8,3139287.77,593519.6000000001,11.975067022185602,2.2640285025481406,2019,10,162,220771,41381,1569888000000
2023,12,171,61,2324.74,2088.42,27.28,34.236393442622955,0.44721311475409836,2023,12,171,509,-448,1701388800000
2021,8,29,155,10694.83,9400.8,482.87,60.65032258064516,3.115290322580645,2021,8,29,557,-402,1627776000000
2022,6,148,35342,736977.49,507387.03,96754.05,14.356488880086017,2.7376506705902326,2022,6,148,35819,-477,1654041600000
2019,3,48,256540,4341287.06,2894787.62,478047.19000000006,11.283962033211196,1.86344113978327,2019,3,48,223660,32880,1551398400000
2018,9,29,164,5828.59,5237.19,143.69,31.934085365853655,0.8761585365853658,2018,9,29,971,-807,1535760000000
2016,8,197,375,11758.67,9737.12,968.1,25.965653333333336,2.5816,2016,8,197,2616,-2241,1470009600000
2019,4,222,428,18104.21,16629.37,73.64,38.853668224299064,0.17205607476635515,2019,4,222,666,-238,1554076800000
2018,8,18,165,4707.07,4152.93,147.47,25.16927272727273,0.8937575757575758,2018,8,18,1230,-1065,1533081600000
2019,12,94,137,4385.72,3832.01,54.94,27.97087591240876,0.40102189781021896,2019,12,94,561,-424,1575158400000
2024,8,201,136,6436.75,5785.09,122.8,42.53742647058824,0.9029411764705882,2024,8,201,446,-310,1722470400000
2025,1,65,2766,74880.23,60970.17,4050.57,22.04272234273319,1.46441431670282,2025,1,65,4302,-1536,1735689600000
2025,9,177,2816,84395.5,76721.1,301.88,27.244708806818185,0.10720170454545454,2025,9,177,3286,-470,1756684800000
2023,5,160,92,4012.02,3293.14,363.43,35.795,3.950326086956522,2023,5,160,1073,-981,1682899200000
2025,11,113,58932,1253214.52,778697.21,146986.79,13.213486900156111,2.4941761691440982,2025,11,113,51762,7170,1761955200000
2019,8,121,241,7777.1,6753.62,122.81,28.02331950207469,0.5095850622406639,2019,8,121,1230,-989,1564617600000
2025,2,258,1030,28247.31,25499.86,61.41,24.75714563106796,0.05962135922330097,2025,2,258,1472,-442,1738368000000
2025,4,195,1236,47529.88,39056.21,2038.05,31.598875404530745,1.6489077669902912,2025,4,195,1798,-562,1743465600000
2023,2,204,2,171.5,148.0,20.0,74.0,10.0,2023,2,204,15,-13,1675209600000
2023,4,90,53225,1217975.0799999998,797606.94,157271.73,14.985569563175199,2.9548469704086426,2023,4,90,45913,7312,1680307200000
2017,7,227,108,2501.41,2036.06,231.41,18.85240740740741,2.142685185185185,2017,7,227,2050,-1942,1498867200000
2023,5,197,449,23708.19,20200.170000000002,1575.32,44.98924276169265,3.5085077951002224,2023,5,197,1383,-934,1682899200000
2024,5,4,6297,153296.51,114671.99,11294.86,18.21057487692552,1.7936890582817215,2024,5,4,14653,-8356,1714521600000
2022,12,170,97432,2060460.9500000002,1372601.79,263644.67000000004,14.087792409064784,2.7059351137203387,2022,12,170,96318,1114,1669852800000
2024,12,143,39750,879214.12,589065.78,106411.1,14.819264905660377,2.6770088050314467,2024,12,143,53673,-13923,1733011200000
2017,10,257,303,5600.37,4491.86,585.46,14.824620462046203,1.9322112211221123,2017,10,257,4916,-4613,1506816000000
2016,7,203,69,2928.87,2592.55,200.76,37.573188405797104,2.9095652173913042,2016,7,203,1071,-1002,1467331200000
2019,3,20,228,6856.4800000000005,6067.74,131.32,26.612894736842104,0.5759649122807017,2019,3,20,944,-716,1551398400000
2021,1,37,690,21251.28,18186.0,1175.75,26.356521739130436,1.7039855072463768,2021,1,37,1854,-1164,1609459200000
2016,3,160,258,6456.11,4866.5,545.05,18.862403100775193,2.112596899224806,2016,3,160,3912,-3654,1456790400000
2018,7,108,101,3682.39,3433.07,60.370000000000005,33.99079207920792,0.5977227722772278,2018,7,108,610,-509,1530403200000
2022,2,132,106112,6309775.91,4855723.64,738434.42,45.760363012665856,6.959009537092883,2022,2,132,23500,82612,1643673600000
2019,5,169,370,13478.97,12122.52,57.49,32.76356756756757,0.1553783783783784,2019,5,169,1452,-1082,1556668800000
2019,11,167,302,7833.18,6713.5,49.36,22.230132450331126,0.16344370860927152,2019,11,167,1114,-812,1572566400000
2020,6,138,8642,323127.41,246104.57,36015.53,28.477733163619533,4.167499421430224,2020,6,138,1905,6737,1590969600000
2016,1,248,77,1374.3400000000001,1180.0,66.96,15.324675324675324,0.8696103896103895,2016,1,248,1111,-1034,1451606400000
2020,4,210,76,3091.28,2714.85,156.82,35.72171052631579,2.063421052631579,2020,4,210,147,-71,1585699200000
2021,3,55,646,28632.97,25134.77,347.16,38.90831269349845,0.5373993808049536,2021,3,55,1121,-475,1614556800000
2022,4,7,2277,42514.37,34034.64,3870.23,14.947140974967061,1.699705753184014,2022,4,7,11906,-9629,1648771200000
2018,10,77,298,10386.23,9337.72,218.55,31.33463087248322,0.7333892617449664,2018,10,77,829,-531,1538352000000
2020,9,259,253,9545.03,8215.74,588.48,32.47328063241107,2.32600790513834,2020,9,259,506,-253,1598918400000
2021,5,222,412,15180.3,13056.08,92.37,31.689514563106798,0.22419902912621362,2021,5,222,695,-283,1619827200000
2023,8,80,816,28922.51,22562.0,2947.94,27.649509803921568,3.612671568627451,2023,8,80,3817,-3001,1690848000000
2020,8,4,1089,23400.34,17941.49,1882.53,16.475197428833795,1.7286776859504132,2020,8,4,5276,-4187,1596240000000
2018,11,240,44,1356.24,1155.44,103.89,26.26,2.361136363636364,2018,11,240,256,-212,1541030400000
2024,8,184,16,645.58,565.08,17.36,35.3175,1.085,2024,8,184,56,-40,1722470400000
2021,5,256,1037,25179.72,19512.29,2631.86,18.816094503375123,2.5379556412729025,2021,5,256,4995,-3958,1619827200000
2022,8,122,29,1528.8,1434.9,0.0,49.47931034482759,0.0,2022,8,122,303,-274,1659312000000
2016,8,212,117,2038.55,1565.7,309.31,13.382051282051282,2.6436752136752135,2016,8,212,1287,-1170,1470009600000
2017,7,224,24227,336757.07,270716.09,37816.83,11.174148264333184,1.5609373839105132,2017,7,224,36021,-11794,1498867200000
2024,3,237,155631,3129794.63,1996563.95,401157.97,12.828831980775037,2.577622517364792,2024,3,237,140360,15271,1709251200000
2024,8,130,1031,43537.06,37334.62,2609.02,36.21204655674103,2.530572259941804,2024,8,130,2610,-1579,1722470400000
2019,1,208,243,8740.45,7701.45,176.8,31.69320987654321,0.7275720164609054,2019,1,208,1150,-907,1546300800000
2019,5,237,348334,5253715.43,3359498.28,610869.98,9.644474211532609,1.7536903661428398,2019,5,237,306966,41368,1556668800000
2021,6,127,423,12444.65,10404.98,881.75,24.598061465721038,2.08451536643026,2021,6,127,2233,-1810,1622505600000
2022,3,154,3,297.1,244.25,25.1,81.41666666666667,8.366666666666667,2022,3,154,36,-33,1646092800000
2016,6,130,1099,54009.22,43517.61,5356.71,39.597461328480435,4.874167424931756,2016,6,130,3167,-2068,1464739200000
2020,3,88,10773,266822.02999999997,192501.1,31315.05,17.86884804604103,2.9068086883876356,2020,3,88,10555,218,1583020800000
2019,10,126,114,3204.07,2733.14,53.730000000000004,23.974912280701755,0.47131578947368424,2019,10,126,818,-704,1569888000000
2020,8,245,3,175.38,148.5,0.0,49.5,0.0,2020,8,245,17,-14,1596240000000
2022,6,70,13971,641085.55,457511.5,82992.87,32.74722639753776,5.940367189177582,2022,6,70,2051,11920,1654041600000
2024,10,32,167,6901.18,6290.94,2.6,37.6702994011976,0.015568862275449102,2024,10,32,297,-130,1727740800000
2020,6,241,205,7292.33,6380.31,338.02,31.12346341463415,1.6488780487804877,2020,6,241,502,-297,1590969600000
2021,6,227,145,5059.7,4326.27,138.43,29.83634482758621,0.9546896551724139,2021,6,227,619,-474,1622505600000
2016,6,115,16,749.13,616.0,91.13,38.5,5.695625,2016,6,115,120,-104,1464739200000
2018,1,12,2934,56421.71,47944.0,4951.37,16.340831629175188,1.6875835037491478,2018,1,12,4821,-1887,1514764800000
2025,3,215,1895,69240.67,60119.15,3299.35,31.72514511873351,1.7410817941952506,2025,3,215,2150,-255,1740787200000
2023,11,17,411,12615.13,10853.78,799.75,26.40822384428224,1.9458637469586375,2023,11,17,3275,-2864,1698796800000
2024,8,56,385,17621.76,14846.79,1087.89,38.56309090909091,2.825688311688312,2024,8,56,1096,-711,1722470400000
2025,6,193,3789,85966.14,72589.65,1036.0,19.15799683293745,0.27342306677223543,2025,6,193,4335,-546,1748736000000
2021,5,173,140,4380.36,3745.04,59.92,26.750285714285713,0.428,2021,5,173,729,-589,1619827200000
2020,1,55,239,10166.22,8984.72,197.26,37.59297071129707,0.8253556485355649,2020,1,55,980,-741,1577836800000
2023,12,176,3,208.76,197.82,0.0,65.94,0.0,2023,12,176,41,-38,1701388800000
2025,4,21,468,12137.32,11110.33,62.06,23.74002136752137,0.1326068376068376,2025,4,21,859,-391,1743465600000
2020,10,240,73,2727.53,2328.76,198.95,31.900821917808223,2.7253424657534246,2020,10,240,160,-87,1601510400000
2020,3,183,99,3920.5,3419.38,7.51,34.53919191919192,0.07585858585858586,2020,3,183,237,-138,1583020800000
2023,4,12,1576,50138.8,37636.29,5247.8099999999995,23.88089467005076,3.3298286802030455,2023,4,12,1808,-232,1680307200000
2021,3,71,580,18588.67,15732.27,112.32,27.124603448275863,0.1936551724137931,2021,3,71,1092,-512,1614556800000
2020,12,106,235,6085.34,5233.15,568.99,22.26872340425532,2.4212340425531917,2020,12,106,505,-270,1606780800000
2025,11,197,2326,92838.65,79607.28,6348.94,34.224969905417026,2.729552880481513,2025,11,197,2827,-501,1761955200000
2018,8,54,328,6195.67,4820.52,872.67,14.696707317073171,2.660579268292683,2018,8,54,2059,-1731,1533081600000
2021,2,215,407,17902.95,15401.42,419.07,37.84132678132678,1.0296560196560196,2021,2,215,736,-329,1612137600000
2024,11,170,99215,2351550.9,1569060.8199999998,295500.17,15.814754019049538,2.978381998689714,2024,11,170,103806,-4591,1730419200000
2025,4,35,2636,70873.77,65966.8,18.3,25.025341426403642,0.006942336874051594,2025,4,35,2718,-82,1743465600000
2023,10,25,1458,42198.75,33835.1,4141.4,23.206515775034294,2.840466392318244,2023,10,25,5712,-4254,1696118400000
2020,1,249,123081,1989148.2999999998,1276234.13,255340.14,10.369058831176217,2.074569917371487,2020,1,249,102889,20192,1577836800000
2024,2,55,273,11617.72,10938.58,43.89,40.06805860805861,0.16076923076923078,2024,2,55,435,-162,1706745600000
2024,4,220,256,9950.55,8780.77,183.32,34.2998828125,0.71609375,2024,4,220,1266,-1010,1711929600000
2022,7,106,209,6255.25,5061.61,591.64,24.218229665071767,2.8308133971291864,2022,7,106,1310,-1101,1656633600000
2017,9,43,122588,1700006.94,1376600.1,177905.3,11.229484941429831,1.4512456357881685,2017,9,43,102639,19949,1504224000000
2018,7,59,5,141.45,115.0,10.43,23.0,2.086,2018,7,59,52,-47,1530403200000
2019,2,191,619,22911.31,21042.73,108.61,33.99471728594507,0.1754604200323102,2019,2,191,1429,-810,1548979200000
2022,3,241,120,4105.75,3733.83,40.22,31.11525,0.33516666666666667,2022,3,241,558,-438,1646092800000
2023,7,19,75,2803.13,2501.95,118.73,33.35933333333333,1.5830666666666666,2023,7,19,402,-327,1688169600000
2019,7,159,689,14887.28,12920.54,201.79,18.75259796806967,0.29287373004354134,2019,7,159,2267,-1578,1561939200000
2023,8,20,94,3883.33,3339.07,157.21,35.522021276595744,1.6724468085106383,2023,8,20,390,-296,1690848000000
2023,10,50,23790,605696.85,417857.81,70192.64,17.564430853299704,2.9505102984447245,2023,10,50,39567,-15777,1696118400000
2017,10,139,24,1017.39,854.0,122.77000000000001,35.583333333333336,5.115416666666667,2017,10,139,652,-628,1506816000000
2024,1,128,22,933.51,831.39,40.74,37.790454545454544,1.8518181818181818,2024,1,128,204,-182,1704067200000
2021,12,19,56,9089.9,8945.19,2.51,159.73553571428573,0.04482142857142857,2021,12,19,281,-225,1638316800000
2016,8,263,164487,2219769.2,1767768.19,247122.59,10.747160505085509,1.5023837142144971,2016,8,263,167557,-3070,1470009600000
2019,1,222,546,21272.829999999998,19584.93,70.44,35.869835164835166,0.129010989010989,2019,1,222,786,-240,1546300800000
2025,7,215,1864,64758.86,56577.08,2441.53,30.352510729613734,1.3098336909871247,2025,7,215,2391,-527,1751328000000
2025,6,1,486,41946.19,36244.08,4175.23,74.5762962962963,8.591008230452674,2025,6,1,7539,-7053,1748736000000
2022,3,138,100235,4524710.01,3086702.72,619238.68,30.79465974958847,6.177868808300494,2022,3,138,41754,58481,1646092800000
2023,7,198,133,4421.9,3680.85,316.25,27.675563909774436,2.3778195488721803,2023,7,198,1749,-1616,1688169600000
2020,2,21,199,5260.9,4553.49,40.59,22.88185929648241,0.20396984924623118,2020,2,21,888,-689,1580515200000
2019,3,242,648,17746.32,15780.130000000001,48.0,24.352052469135803,0.07407407407407407,2019,3,242,1475,-827,1551398400000
2020,6,146,764,14825.06,12405.88,835.57,16.23806282722513,1.0936780104712043,2020,6,146,757,7,1590969600000
2018,5,109,3,93.91999999999999,78.5,0.0,26.166666666666668,0.0,2018,5,109,92,-89,1525132800000
2020,8,8,13,458.48,309.47,63.4,23.805384615384618,4.8769230769230765,2020,8,8,37,-24,1596240000000
2016,1,265,6723,442701.83,374667.05,47011.28,55.72914621448758,6.9926044920422425,2016,1,265,25983,-19260,1451606400000
2019,5,117,204,11700.93,10716.54,12.98,52.53205882352942,0.06362745098039216,2019,5,117,829,-625,1556668800000
2020,9,5,9,754.9499999999999,723.5,19.25,80.38888888888889,2.138888888888889,2020,9,5,17,-8,1598918400000
2022,7,220,132,3720.32,3305.42,118.05,25.041060606060608,0.8943181818181818,2022,7,220,1311,-1179,1656633600000
2023,10,105,1,36.9,14.9,18.0,14.9,18.0,2023,10,105,3,-2,1696118400000
2018,9,86,70,3667.73,3429.86,51.15,48.998000000000005,0.7307142857142856,2018,9,86,568,-498,1535760000000
2020,2,151,55657,816032.3500000001,573530.95,94010.33,10.304740643584813,1.6891016404046213,2020,2,151,54820,837,1580515200000
2017,5,144,114180,1755251.95,1419204.41,194003.21,12.429535908215097,1.6990997547731652,2017,5,144,97334,16846,1493596800000
2022,7,242,138,4032.84,3658.43,55.1,26.510362318840578,0.3992753623188406,2022,7,242,468,-330,1656633600000
2023,9,34,69,2165.5099999999998,1686.54,249.03,24.442608695652172,3.6091304347826085,2023,9,34,367,-298,1693526400000
2018,12,230,263850,4531726.3,3643143.01,473336.64,13.807629372749668,1.7939611142694714,2018,12,230,247717,16133,1543622400000
2017,7,261,60796,1189407.31,991169.01,116320.06,16.303194453582474,1.9132847555760246,2017,7,261,49338,11458,1498867200000
2025,9,21,501,15138.53,14265.5,14.100000000000001,28.474051896207584,0.0281437125748503,2025,9,21,1052,-551,1756684800000
2019,6,108,197,8270.61,7300.39,486.18,37.05781725888325,2.4679187817258885,2019,6,108,593,-396,1559347200000
2017,1,218,60,1299.42,1086.05,83.0,18.100833333333334,1.3833333333333333,2017,1,218,1005,-945,1483228800000
2017,6,171,67,1240.0,998.3,143.60999999999999,14.899999999999999,2.1434328358208954,2017,6,171,1283,-1216,1496275200000
2020,2,154,24,1508.37,1124.78,177.17,46.865833333333335,7.382083333333333,2020,2,154,100,-76,1580515200000
2024,10,8,24,1188.93,889.84,164.94,37.07666666666667,6.8725,2024,10,8,65,-41,1727740800000
2025,2,229,56521,1203946.35,754850.49,142494.13,13.35522177597707,2.521082960315635,2025,2,229,71049,-14528,1738368000000
2023,7,108,57,2604.62,2306.91,47.46,40.47210526315789,0.8326315789473684,2023,7,108,207,-150,1688169600000
2016,9,85,299,5352.83,4514.0,376.44,15.096989966555183,1.2589966555183947,2016,9,85,1768,-1469,1472688000000
2016,11,28,750,33399.45,27067.87,3421.65,36.090493333333335,4.5622,2016,11,28,2136,-1386,1477958400000
2019,3,133,598,14781.72,12970.42,442.66,21.689665551839465,0.7402341137123746,2019,3,133,2550,-1952,1551398400000
2021,5,66,698,18447.98,14470.72,2003.11,20.731690544412608,2.8697851002865327,2021,5,66,2952,-2254,1619827200000
2021,7,52,721,16842.55,12848.64,2183.01,17.820582524271845,3.0277531206657424,2021,7,52,1731,-1010,1625097600000
2022,8,167,128,4022.7,3408.8500000000004,84.69,26.631640625000003,0.661640625,2022,8,167,518,-390,1659312000000
2024,12,27,12,672.53,586.02,26.13,48.835,2.1774999999999998,2024,12,27,63,-51,1733011200000
2021,11,204,3,321.15,275.5,16.05,91.83333333333333,5.3500000000000005,2021,11,204,12,-9,1635724800000
2018,6,38,118,5296.51,4781.8,209.97,40.52372881355932,1.779406779661017,2018,6,38,891,-773,1527811200000
2017,3,111,15,320.17,270.0,29.63,18.0,1.9753333333333332,2017,3,111,124,-109,1488326400000
2021,11,159,251,6897.01,5778.52,118.24,23.02199203187251,0.47107569721115533,2021,11,159,942,-691,1635724800000
2018,5,2,4,106.38000000000001,82.5,14.419999999999998,20.625,3.6049999999999995,2018,5,2,2,2,1525132800000
2023,1,233,37886,894537.32,588211.83,111231.36,15.525836192788892,2.9359488993295675,2023,1,233,47696,-9810,1672531200000
2023,4,81,105,4292.47,3893.23,23.69,37.078380952380954,0.22561904761904764,2023,4,81,227,-122,1680307200000
2022,7,196,154,7144.26,5733.91,851.7,37.23318181818182,5.530519480519481,2022,7,196,1215,-1061,1656633600000
2016,2,24,34002,465768.91000000003,376261.0,48897.86,11.0658490677019,1.4380877595435564,2016,2,24,35724,-1722,1454284800000
2024,5,20,189,6946.09,6351.77,48.64,33.60724867724868,0.25735449735449734,2024,5,20,453,-264,1714521600000
2023,7,207,322,4329.32,3160.59,405.51,9.815496894409938,1.2593478260869564,2023,7,207,329,-7,1688169600000
2018,4,184,13,483.94,462.02,0.0,35.54,0.0,2018,4,184,59,-46,1522540800000
2019,2,39,1111,40340.34,37466.1,82.69,33.72286228622862,0.07442844284428443,2019,2,39,2338,-1227,1548979200000
2021,11,126,68,2267.89,1944.59,12.18,28.59691176470588,0.17911764705882352,2021,11,126,386,-318,1635724800000
2023,10,9,58,1809.65,1649.19,48.64,28.434310344827587,0.8386206896551724,2023,10,9,400,-342,1696118400000
2022,3,233,46939,846010.35,549337.72,109834.13,11.703225888919661,2.3399333177102197,2022,3,233,56155,-9216,1646092800000
2016,1,228,1497,32104.77,25262.48,4780.47,16.875404141616567,3.193366733466934,2016,1,228,8208,-6711,1451606400000
2017,10,243,1712,35047.62,28944.88,3460.29,16.907056074766356,2.021197429906542,2017,10,243,17049,-15337,1506816000000
2019,6,181,6288,118977.51000000001,95870.16,11198.41,15.246526717557252,1.7809176208651398,2019,6,181,21434,-15146,1559347200000
2018,7,120,46,1473.3,1258.8,113.05,27.36521739130435,2.4576086956521737,2018,7,120,337,-291,1530403200000
2016,9,174,90,1835.49,1560.0,143.17000000000002,17.333333333333332,1.5907777777777778,2016,9,174,1285,-1195,1472688000000
2019,7,243,1296,30520.07,25523.06,2077.71,19.69371913580247,1.6031712962962963,2019,7,243,11362,-10066,1561939200000
2019,7,18,293,9761.95,8688.04,38.73,29.652013651877137,0.1321843003412969,2019,7,18,1215,-922,1561939200000
2021,8,235,340,12162.7,10676.97,118.63,31.40285294117647,0.34891176470588237,2021,8,235,1044,-704,1627776000000
2025,6,69,1576,45803.61,41123.78,309.36,26.093769035532993,0.19629441624365482,2025,6,69,2553,-977,1748736000000
2017,9,212,90,1701.97,1460.55,58.05,16.22833333333333,0.645,2017,9,212,1115,-1025,1504224000000
2018,5,18,180,3808.69,3281.0,223.7,18.227777777777778,1.2427777777777778,2018,5,18,1509,-1329,1525132800000
2020,12,121,279,10005.52,8753.02,694.8,31.37283154121864,2.490322580645161,2020,12,121,495,-216,1606780800000
2021,4,42,7674,143554.98,119214.36,6356.59,15.534839718530101,0.8283281209278082,2021,4,42,16299,-8625,1617235200000
2017,10,85,168,2803.49,2406.3,203.19,14.323214285714286,1.2094642857142857,2017,10,85,1338,-1170,1506816000000
2016,1,51,60,1687.3600000000001,1502.18,114.16000000000001,25.036333333333335,1.902666666666667,2016,1,51,837,-777,1451606400000
2020,11,49,594,16560.14,13951.15,1622.1,23.48678451178451,2.730808080808081,2020,11,49,2093,-1499,1604188800000
2016,1,124,100,4903.57,4105.0,536.09,41.05,5.3609,2016,1,124,977,-877,1451606400000
2021,2,45,1375,31070.94,23284.64,2653.89,16.934283636363634,1.9301018181818181,2021,2,45,2768,-1393,1612137600000
2017,4,74,36725,473060.4,390475.21,33669.9,10.632408713410484,0.9168114363512594,2017,4,74,77806,-41081,1491004800000
2022,12,156,8,530.06,436.40000000000003,5.0,54.550000000000004,0.625,2022,12,156,40,-32,1669852800000
2021,12,184,8,243.09,204.69,11.7,25.58625,1.4625,2021,12,184,28,-20,1638316800000
2024,6,154,60,2704.6,2320.57,211.79,38.67616666666667,3.5298333333333334,2024,6,154,177,-117,1717200000000
2023,8,223,666,31167.239999999998,24287.46,3155.5,36.467657657657654,4.737987987987988,2023,8,223,4285,-3619,1690848000000
2023,3,33,1614,52652.14,40363.3,6844.14,25.00824039653036,4.2404832713754645,2023,3,33,8685,-7071,1677628800000
2016,3,132,255319,14403232.68,11838509.83,1467553.73,46.36752388188893,5.747922128787908,2016,3,132,102719,152600,1456790400000
2018,11,195,524,15784.05,13192.35,1229.37,25.17624045801527,2.346125954198473,2018,11,195,3126,-2602,1541030400000
2022,2,142,98237,1578437.95,1004259.96,213804.27000000002,10.22282805867443,2.176412858698861,2022,2,142,84241,13996,1643673600000
2022,3,82,383,11083.83,8880.08,998.29,23.185587467362925,2.606501305483029,2022,3,82,2265,-1882,1646092800000
2023,9,204,3,290.84000000000003,270.4,10.0,90.13333333333333,3.3333333333333335,2023,9,204,24,-21,1693526400000
2017,3,15,18,393.56,339.8,34.86,18.87777777777778,1.9366666666666665,2017,3,15,887,-869,1488326400000
2016,9,67,97,1915.13,1455.5,295.35,15.005154639175258,3.0448453608247426,2016,9,67,1771,-1674,1472688000000
2021,11,20,83,3681.58,3055.18,153.65,36.80939759036144,1.8512048192771084,2021,11,20,392,-309,1635724800000
2024,4,34,162,4641.98,3911.75,216.33,24.146604938271604,1.3353703703703705,2024,4,34,396,-234,1711929600000
2018,12,201,37,2145.87,1843.17,133.99,49.81540540540541,3.6213513513513518,2018,12,201,405,-368,1543622400000
2017,3,106,2099,33088.0,26454.35,3632.71,12.603311100524058,1.7306860409718914,2017,3,106,6041,-3942,1488326400000
2021,7,27,4,159.31,128.65,8.73,32.1625,2.1825,2021,7,27,78,-74,1625097600000
2017,11,258,108,2548.66,2161.1,208.47,20.010185185185183,1.9302777777777778,2017,11,258,1376,-1268,1509494400000
2020,6,72,440,16157.45,14886.5,468.74,33.83295454545455,1.0653181818181818,2020,6,72,618,-178,1590969600000
2022,4,123,53,1789.02,1569.3700000000001,104.9,29.610754716981134,1.979245283018868,2022,4,123,567,-514,1648771200000
2021,2,214,6,375.03999999999996,276.42,20.0,46.07,3.3333333333333335,2021,2,214,27,-21,1612137600000
2021,7,258,157,5852.98,4977.47,59.84,31.70363057324841,0.3811464968152867,2021,7,258,930,-773,1625097600000
2024,9,90,59625,1362245.42,912061.35,163360.63,15.29662641509434,2.739800922431866,2024,9,90,55171,4454,1725148800000
2025,6,10,2393,118882.75,99613.42,9624.17,41.627003760969494,4.021801086502299,2025,6,10,5363,-2970,1748736000000
2022,7,139,94,3840.14,3503.15,53.79,37.26755319148936,0.5722340425531914,2022,7,139,667,-573,1656633600000
2024,9,154,61,2461.72,2006.69,127.9,32.896557377049184,2.09672131147541,2024,9,154,323,-262,1725148800000
2016,7,191,90,2283.0299999999997,1821.49,328.01,20.238777777777777,3.6445555555555553,2016,7,191,1293,-1203,1467331200000
2019,2,112,2085,36095.79,28050.12,3719.86,13.453294964028776,1.78410551558753,2019,2,112,14441,-12356,1548979200000
2019,9,11,120,4924.26,4384.24,136.43,36.535333333333334,1.1369166666666668,2019,9,11,542,-422,1567296000000
2019,12,225,1147,31439.97,27487.53,593.76,23.964716652136005,0.5176634699215344,2019,12,225,6549,-5402,1575158400000
2022,4,137,43463,751271.1,491980.89,92545.91,11.319533626302833,2.1293033154637278,2022,4,137,46001,-2538,1648771200000
2016,1,100,202904,2882435.86,2337118.45,280086.75,11.51834586799669,1.3803904802271025,2016,1,100,160383,42521,1451606400000
2022,12,25,1526,42233.95,34166.09,4606.56,22.3893119266055,3.0187155963302756,2022,12,25,5306,-3780,1669852800000
2022,7,50,25091,447546.89,300320.52,53514.21,11.96925272009884,2.1328049898369934,2022,7,50,37905,-12814,1656633600000
2025,3,157,2279,76276.82,63087.73,3666.94,27.68219833260202,1.6090127248793331,2025,3,157,2577,-298,1740787200000
2020,5,116,1543,24820.5,20274.33,1612.1,13.13955281918341,1.0447828904731042,2020,5,116,2883,-1340,1588291200000
2023,2,190,37,981.0,785.65,100.25,21.23378378378378,2.7094594594594597,2023,2,190,314,-277,1675209600000
2025,8,19,475,16472.04,14915.75,286.53,31.40157894736842,0.6032210526315789,2025,8,19,1002,-527,1754006400000
2020,8,261,3039,68367.56,51026.01,6258.35,16.790394866732477,2.059345179335308,2020,8,261,2768,271,1596240000000
2023,8,248,105,3616.93,3245.45,14.2,30.909047619047616,0.13523809523809524,2023,8,248,306,-201,1690848000000
2016,5,211,106236,1617194.2,1309115.59,177904.22,12.322711604352575,1.674613313754283,2016,5,211,108564,-2328,1462060800000
2017,9,249,189393,2663213.75,2111689.41,315389.16,11.149775387685924,1.6652630245046014,2017,9,249,154203,35190,1504224000000
2018,4,107,214460,2913448.66,2288683.47,351341.68999999994,10.671843094283318,1.6382621001585376,2018,4,107,193736,20724,1522540800000
2017,6,160,136,3677.94,3016.15,406.58,22.177573529411767,2.9895588235294115,2017,6,160,2887,-2751,1496275200000
2018,11,66,4040,77720.45,64119.45,8790.45,15.871150990099009,2.1758539603960396,2018,11,66,11666,-7626,1541030400000
2022,9,133,88,2724.15,2313.77,175.67,26.29284090909091,1.9962499999999999,2022,9,133,1023,-935,1661990400000
2024,9,50,24443,590239.33,417209.65,57660.3,17.06867610358794,2.358969848218304,2024,9,50,39298,-14855,1725148800000
2017,4,251,9,535.41,499.56,18.65,55.50666666666667,2.072222222222222,2017,4,251,168,-159,1491004800000
2020,4,10,128,4344.41,3654.92,261.53,28.5540625,2.043203125,2020,4,10,268,-140,1585699200000
2024,5,221,25,1012.46,751.86,39.64,30.0744,1.5856000000000001,2024,5,221,101,-76,1714521600000
2018,1,56,300,11619.68,9149.5,1384.44,30.498333333333335,4.6148,2018,1,56,2245,-1945,1514764800000
2018,12,193,5507,59823.96,51285.96,2917.55,9.312867259851098,0.5297893589976393,2018,12,193,7266,-1759,1543622400000
2025,5,151,35716,727257.79,507942.14,71060.34,14.22169727853063,1.9895940194870645,2025,5,151,37406,-1690,1746057600000
2018,3,160,167,4983.02,3921.23,612.13,23.480419161676647,3.665449101796407,2018,3,160,2640,-2473,1519862400000
2018,4,140,155568,2169863.92,1736809.84,243993.35,11.164312969248176,1.5684032063149234,2018,4,140,163158,-7590,1522540800000
2023,1,90,48889,1077459.61,698678.25,138657.32,14.291113542923766,2.836166008713617,2023,1,90,41706,7183,1672531200000
2020,1,28,1352,80057.44,61521.05,8631.47,45.5037352071006,6.384223372781064,2020,1,28,4264,-2912,1577836800000
2019,6,42,12795,193444.87,160092.98,10605.25,12.512151621727238,0.8288589292692458,2019,6,42,31570,-18775,1559347200000
2017,12,220,223,3517.65,2966.89,205.25,13.304439461883408,0.9204035874439462,2017,12,220,3350,-3127,1512086400000
2020,7,64,115,5069.12,4384.85,221.05,38.12913043478261,1.9221739130434783,2020,7,64,147,-32,1593561600000
2022,8,59,4,154.70999999999998,134.9,10.06,33.725,2.515,2022,8,59,29,-25,1659312000000
2019,2,51,819,34188.82,30943.71,15.64,37.78230769230769,0.019096459096459097,2019,2,51,1756,-937,1548979200000
2021,6,145,2714,48356.88,37065.37,4668.53,13.657100221075904,1.720165806927045,2021,6,145,8278,-5564,1622505600000
2017,9,162,295162,4897825.919999999,3943046.64,536199.6500000001,13.358923709691627,1.8166283261395442,2017,9,162,263735,31427,1504224000000
2022,2,240,15,348.95,328.62,8.33,21.908,0.5553333333333333,2022,2,240,100,-85,1643673600000
2016,2,142,316104,4136628.5,3285382.77,465124.54,10.393360318123149,1.4714288335484524,2016,2,142,279347,36757,1454284800000
2018,2,189,1920,29599.54,23783.21,3463.2,12.387088541666666,1.80375,2018,2,189,8486,-6566,1517443200000
2018,8,57,45,1301.92,973.5,196.21,21.633333333333333,4.360222222222222,2018,8,57,558,-513,1533081600000
2022,7,154,15,715.9499999999999,566.8100000000001,86.53999999999999,37.787333333333336,5.769333333333333,2022,7,154,48,-33,1656633600000
2025,11,130,3629,86743.64,72019.39,3118.04,19.84551942683935,0.8592008817856158,2025,11,130,4683,-1054,1761955200000
2017,9,54,480,8822.44,7175.1,987.65,14.948125000000001,2.0576041666666667,2017,9,54,2682,-2202,1504224000000
2016,6,32,51,1134.54,988.1,82.25,19.37450980392157,1.6127450980392157,2016,6,32,852,-801,1464739200000
2023,8,29,112,5528.33,4882.84,75.91,43.596785714285716,0.6777678571428571,2023,8,29,446,-334,1690848000000
2017,11,217,785,10078.33,8293.8,809.9,10.565350318471337,1.0317197452229299,2017,11,217,3206,-2421,1509494400000
2021,12,75,24362,401509.34,291183.46,41478.13,11.952362696001972,1.702574911747804,2021,12,75,43961,-19599,1638316800000
2020,5,169,284,8802.39,7896.36,187.51,27.80408450704225,0.6602464788732394,2020,5,169,575,-291,1588291200000
2019,1,137,101145,1344421.53,1067456.34,145555.63,10.553723268574819,1.439078847199565,2019,1,137,115326,-14181,1546300800000
2023,1,242,169,5381.24,4903.7,5.04,29.015976331360946,0.029822485207100593,2023,1,242,502,-333,1672531200000
2019,3,165,646,19832.03,17655.5,168.12,27.33049535603715,0.26024767801857585,2019,3,165,2188,-1542,1551398400000
2024,1,3,105,4582.08,4195.75,36.47,39.95952380952381,0.3473333333333333,2024,1,3,247,-142,1704067200000
2017,8,233,119749,1823851.1700000002,1439169.86,207118.34,12.01822027741359,1.7296039215358792,2017,8,233,132666,-12917,1501545600000
2022,2,73,26,794.02,648.6,93.17,24.946153846153848,3.5834615384615387,2022,2,73,226,-200,1643673600000
2018,1,29,90,2747.93,2500.4,110.59,27.782222222222224,1.2287777777777777,2018,1,29,795,-705,1514764800000
2024,2,114,46014,1021309.12,670170.74,130241.95,14.56449645759986,2.830485287086539,2024,2,114,30889,15125,1706745600000
2019,8,247,1112,24491.21,21043.87,971.54,18.924343525179854,0.8736870503597122,2019,8,247,3548,-2436,1564617600000
2022,9,240,10,285.8,263.7,0.0,26.369999999999997,0.0,2022,9,240,123,-113,1661990400000
2022,9,12,1419,35296.45,26258.32,3966.23,18.504806201550387,2.795088090204369,2022,9,12,1841,-422,1661990400000
2023,7,263,50999,1077611.76,698415.35,135757.86,13.694687150728445,2.661971019039589,2023,7,263,56096,-5097,1688169600000
2023,1,186,109226,2515365.44,1679589.37,319629.96,15.377193800010987,2.9263175434420376,2023,1,186,67274,41952,1672531200000
2017,11,88,34875,758705.38,618570.41,88897.3,17.73678594982079,2.549026523297491,2017,11,88,38781,-3906,1509494400000
2024,8,230,102922,2833957.07,1949071.15,328446.76,18.937361788538894,3.1912201472960104,2024,8,230,103612,-690,1722470400000
2021,2,242,609,18970.31,16336.72,75.53999999999999,26.825484400656812,0.12403940886699506,2021,2,242,872,-263,1612137600000
2021,3,120,30,1339.74,1101.85,69.16,36.72833333333333,2.305333333333333,2021,3,120,153,-123,1614556800000
2021,5,89,921,32566.41,27567.95,633.68,29.932627578718783,0.6880347448425623,2021,5,89,2568,-1647,1619827200000
2018,5,264,124525,2237749.23,1800733.38,258990.31,14.46081814896607,2.0798258181088136,2018,5,264,109642,14883,1525132800000
2016,7,172,3,133.85,103.5,27.95,34.5,9.316666666666666,2016,7,172,123,-120,1467331200000
2018,6,249,168357,2360945.05,1862159.87,287196.66,11.060780781315895,1.7058789358327837,2018,6,249,136861,31496,1527811200000
2022,4,83,152,3641.29,2916.31,397.58,19.18625,2.615657894736842,2022,4,83,925,-773,1648771200000
2022,10,261,19583,514450.93,371361.48,64315.79,18.96346218659041,3.2842664555992442,2022,10,261,18443,1140,1664582400000
2017,2,134,399,12418.86,9748.05,1601.35,24.431203007518796,4.0134085213032575,2017,2,134,1944,-1545,1485907200000
2017,6,2,11,553.52,459.5,55.42,41.77272727272727,5.038181818181818,2017,6,2,10,1,1496275200000
2017,5,55,89,3171.62,2687.0,341.77,30.191011235955056,3.8401123595505617,2017,5,55,979,-890,1493596800000
2019,12,86,207,11148.32,10126.51,22.740000000000002,48.920338164251206,0.10985507246376812,2019,12,86,942,-735,1575158400000
2021,1,148,5531,99573.23,69024.07,10842.54,12.47949195443862,1.9603218224552523,2021,1,148,7653,-2122,1609459200000
2021,6,24,10877,187481.5,133670.67,23039.21,12.289295761698998,2.1181584995862828,2021,6,24,11843,-966,1622505600000
2022,2,44,32,2154.45,1896.3000000000002,3.0,59.259375000000006,0.09375,2022,2,44,47,-15,1643673600000
2023,7,194,125,8457.64,6298.47,981.27,50.38776,7.85016,2023,7,194,293,-168,1688169600000
2025,1,194,120,5582.64,4160.4800000000005,517.65,34.67066666666667,4.31375,2025,1,194,218,-98,1735689600000
2019,3,40,3659,65562.83,49221.92,7905.33,13.452287510248702,2.1605165345722877,2019,3,40,8262,-4603,1551398400000
2017,12,74,35360,442621.85,366313.28,30516.67,10.359538461538463,0.8630279977375566,2017,12,74,72868,-37508,1512086400000
2024,6,193,1650,24926.51,21437.64,835.05,12.99250909090909,0.506090909090909,2024,6,193,2379,-729,1717200000000
2024,6,19,177,7143.51,6633.49,76.32,37.47734463276836,0.4311864406779661,2024,6,19,516,-339,1717200000000
2024,8,194,127,8297.4,6275.23,959.8100000000001,49.411259842519684,7.55755905511811,2024,8,194,329,-202,1722470400000
2021,10,156,9,339.85,299.9,13.45,33.32222222222222,1.4944444444444445,2021,10,156,45,-36,1633046400000
2025,6,256,8962,248411.68,206859.74,5477.27,23.08187234992189,0.6111660343673287,2025,6,256,12070,-3108,1748736000000
2024,2,157,487,21247.54,16925.96,1983.6000000000001,34.75556468172484,4.073100616016427,2024,2,157,1031,-544,1706745600000
2019,4,169,348,10573.06,9436.0,91.95,27.114942528735632,0.2642241379310345,2019,4,169,1396,-1048,1554076800000
2020,12,137,27507,467558.02999999997,314943.33,51443.37,11.449570291198604,1.87019195113971,2020,12,137,24729,2778,1606780800000
2021,8,215,434,25110.62,20459.11,1582.83,47.1408064516129,3.647073732718894,2021,8,215,1105,-671,1627776000000
2017,3,60,84,1162.82,1004.5,36.84,11.958333333333334,0.4385714285714286,2017,3,60,676,-592,1488326400000
2016,7,113,169457,2337717.24,1864220.03,264615.07,11.001139109036512,1.5615470001239253,2016,7,113,142929,26528,1467331200000
2023,9,12,1308,43771.82,33190.65,4678.6,25.375114678899084,3.57691131498471,2023,9,12,1550,-242,1693526400000
2023,12,136,155,6213.56,5762.38,24.68,37.176645161290324,0.1592258064516129,2023,12,136,358,-203,1701388800000
2016,7,215,911,58269.26,46928.86,5661.17,51.51356750823271,6.214237102085621,2016,7,215,1267,-356,1467331200000
2020,3,226,4933,110717.92,88500.36,9361.12,17.940474356375432,1.8976525440908172,2020,3,226,7574,-2641,1583020800000
2021,11,117,128,7064.59,6115.77,6.27,47.779453125,0.048984375,2021,11,117,449,-321,1635724800000
2022,12,209,6071,163397.67,117927.78,20512.44,19.424770219074286,3.3787580299785867,2022,12,209,9298,-3227,1669852800000
2016,11,151,88701,1197261.35,964075.57,127421.9,10.86882413952492,1.4365328463038747,2016,11,151,81489,7212,1477958400000
2017,11,10,2412,152482.66,121210.26,16556.21,50.25300995024875,6.864100331674958,2017,11,10,3163,-751,1509494400000
2025,4,210,686,20547.73,18861.66,104.78,27.495131195335276,0.15274052478134112,2025,4,210,1194,-508,1743465600000
2020,1,73,88,2809.85,2378.67,31.259999999999998,27.03034090909091,0.3552272727272727,2020,1,73,404,-316,1577836800000
2023,3,58,4,142.9,121.6,14.3,30.4,3.575,2023,3,58,100,-96,1677628800000
2018,9,184,12,556.52,490.5,38.14,40.875,3.1783333333333332,2018,9,184,80,-68,1535760000000
2020,1,177,576,17532.77,15290.74,271.25,26.54642361111111,0.4709201388888889,2020,1,177,1629,-1053,1577836800000
2022,6,77,61,1824.85,1651.72,75.48,27.077377049180328,1.237377049180328,2022,6,77,407,-346,1654041600000
2023,1,134,283,16098.15,12989.7,1695.58,45.900000000000006,5.991448763250883,2023,1,134,1259,-976,1672531200000
2016,11,189,3179,48997.04,39593.91,5535.5,12.454831708084305,1.741270839886757,2016,11,189,11118,-7939,1477958400000
2021,4,206,15,1067.26,915.47,34.83,61.031333333333336,2.322,2021,4,206,80,-65,1617235200000
2023,6,78,140,4711.99,4168.29,54.7,29.7735,0.39071428571428574,2023,6,78,336,-196,1685577600000
2024,5,155,371,12403.1,11595.74,180.4,31.255363881401617,0.4862533692722372,2024,5,155,968,-597,1714521600000
2016,2,149,77,1262.52,1019.51,136.37,13.24038961038961,1.7710389610389612,2016,2,149,1351,-1274,1454284800000
2024,11,65,3005,90462.46,75451.57,5935.93,25.108675540765393,1.9753510815307822,2024,11,65,5237,-2232,1730419200000
2022,2,67,32,1161.01,984.21,57.650000000000006,30.7565625,1.8015625000000002,2022,2,67,326,-294,1643673600000
2023,10,185,127,4110.8,3699.56,73.38,29.1303937007874,0.5777952755905511,2023,10,185,391,-264,1696118400000
2021,5,150,111,4219.96,3678.19,13.0,33.13684684684685,0.11711711711711711,2021,5,150,329,-218,1619827200000
2023,5,79,80376,1897056.3,1260781.04,245143.65000000002,15.686038618493082,3.0499608091967754,2023,5,79,67069,13307,1682899200000
2020,5,250,152,4052.77,3465.64,146.61,22.800263157894737,0.9645394736842107,2020,5,250,276,-124,1588291200000
2016,3,36,2853,43202.61,34753.89,4715.18,12.181524710830704,1.6527094286715738,2016,3,36,14982,-12129,1456790400000
2023,10,28,301,15913.51,13184.45,1296.1100000000001,43.80215946843854,4.306013289036545,2023,10,28,1266,-965,1696118400000
2021,1,146,1225,23731.87,19153.96,1550.77,15.635885714285713,1.265934693877551,2021,1,146,1320,-95,1609459200000
2022,5,20,61,2881.06,2462.08,201.63,40.36196721311475,3.3054098360655737,2022,5,20,348,-287,1651363200000
2019,7,223,3683,121699.41,94921.69,11211.5,25.772926961715992,3.044121639967418,2019,7,223,12363,-8680,1561939200000
2020,7,100,17129,273997.07,187347.98,24328.06,10.937473290910154,1.4202848969583748,2020,7,100,11323,5806,1593561600000
2019,3,4,15604,277691.67,191910.48,28832.35,12.298800307613433,1.847753781081774,2019,3,4,36506,-20902,1551398400000
2018,6,238,168070,2212931.9,1750949.2,256205.28,10.417975843398583,1.5243962634616528,2018,6,238,178446,-10376,1527811200000
2022,7,52,638,15119.91,11382.84,2186.52,17.84144200626959,3.4271473354231974,2022,7,52,1779,-1141,1656633600000
2018,3,19,134,3526.31,3293.0,62.86,24.574626865671643,0.4691044776119403,2018,3,19,545,-411,1519862400000
2020,9,72,636,20151.43,17306.86,1546.99,27.212044025157233,2.432374213836478,2020,9,72,1028,-392,1598918400000
2018,6,161,326368,5020356.21,3962169.62,590486.7200000001,12.140190276007452,1.8092665947641928,2018,6,161,334295,-7927,1527811200000
2019,11,233,85091,1585207.27,1056781.98,189072.34,12.419433077528764,2.222001621793139,2019,11,233,99082,-13991,1572566400000
2021,3,260,892,23768.94,19909.66,1209.4,22.3202466367713,1.3558295964125562,2021,3,260,2022,-1130,1614556800000
2017,9,248,66,1289.04,1146.36,46.58,17.369090909090907,0.7057575757575757,2017,9,248,924,-858,1504224000000
2023,9,79,64779,1531255.63,1028713.08,190347.24,15.880348261010512,2.9384096698003983,2023,9,79,57176,7603,1693526400000
2025,9,113,59183,1347501.35,875458.42,144437.43,14.792396803136036,2.4405222783569607,2025,9,113,53793,5390,1756684800000
2016,4,1,801,68588.42,57875.59,7816.22,72.25416978776529,9.758077403245943,2016,4,1,21392,-20591,1459468800000
2025,10,225,4693,118532.04,100915.41,950.0,21.50339015555082,0.20242914979757085,2025,10,225,7542,-2849,1759276800000
2016,7,243,2394,47989.63,39688.56,4599.85,16.578345864661653,1.9214076858813702,2016,7,243,19881,-17487,1467331200000
2022,8,260,744,20719.46,15771.03,2573.13,21.197620967741937,3.458508064516129,2022,8,260,2926,-2182,1659312000000
2025,2,186,113389,2601099.2199999997,1666669.5399999998,327276.72,14.698688056160648,2.8863180731817017,2025,2,186,77778,35611,1738368000000
2018,12,25,8438,144925.02,120640.87,13771.47,14.297329936003791,1.632077506518132,2018,12,25,15182,-6744,1543622400000
2025,10,236,180362,3775351.2,2394886.82,475629.02,13.278222796376175,2.6370799835885608,2025,10,236,185811,-5449,1759276800000
2017,11,197,319,12064.82,9850.8,1170.31,30.880250783699058,3.668683385579937,2017,11,197,1896,-1577,1509494400000
2016,7,32,42,780.87,715.0,16.97,17.023809523809526,0.40404761904761904,2016,7,32,859,-817,1467331200000
2022,7,126,54,1694.83,1436.52,87.36,26.60222222222222,1.6177777777777778,2022,7,126,298,-244,1656633600000
2025,1,255,3143,77480.36,61270.47,3336.57,19.494263442570794,1.0615876551065861,2025,1,255,7167,-4024,1735689600000
2021,2,237,72885,1046665.13,653993.15,132793.81,8.97294573643411,1.821963504150374,2021,2,237,61974,10911,1612137600000
2020,4,159,573,13726.54,11655.74,713.23,20.341605584642235,1.2447294938917977,2020,4,159,820,-247,1585699200000
2021,6,49,731,22537.34,18538.95,1722.42,25.36108071135431,2.3562517099863203,2021,6,49,3843,-3112,1622505600000
2022,5,172,5,534.0600000000001,383.5,83.11,76.7,16.622,2022,5,172,29,-24,1651363200000
2016,3,210,114,5209.31,4642.01,398.34000000000003,40.719385964912284,3.49421052631579,2016,3,210,1353,-1239,1456790400000
2017,1,144,109872,1573874.41,1260459.78,178988.44,11.472074595893403,1.629063273627494,2017,1,144,93050,16822,1483228800000
2018,6,164,207097,3077069.04,2421887.09,351263.44,11.694457621307889,1.6961300260264514,2018,6,164,184807,22290,1527811200000
2020,5,254,413,13665.7,11821.01,441.12,28.622300242130752,1.068087167070218,2020,5,254,608,-195,1588291200000
2023,8,54,76,2767.36,2222.97,288.76,29.249605263157893,3.7994736842105263,2023,8,54,634,-558,1690848000000
2017,12,66,4318,79334.35,65127.51,9173.94,15.082795275590552,2.1245808244557667,2017,12,66,13429,-9111,1512086400000
2019,2,115,20,1089.83,920.17,2.66,46.0085,0.133,2019,2,115,163,-143,1548979200000
2019,6,247,1334,29421.02,25342.1,1140.37,18.997076461769115,0.8548500749625186,2019,6,247,3472,-2138,1559347200000
2023,11,91,301,9774.62,9018.63,83.63,29.96222591362126,0.27784053156146177,2023,11,91,744,-443,1698796800000
2018,6,92,424,11045.31,9772.6,459.48,23.048584905660377,1.0836792452830188,2018,6,92,3845,-3421,1527811200000
2020,3,100,57485,980531.17,651456.63,108185.32,11.332636861790032,1.8819747760285293,2020,3,100,43648,13837,1583020800000
2018,2,198,200,3529.79,3073.36,200.59,15.366800000000001,1.00295,2018,2,198,3816,-3616,1517443200000
2023,11,86,229,11545.85,10881.5,14.0,47.5174672489083,0.0611353711790393,2023,11,86,476,-247,1698796800000
2017,9,236,319023,3999225.2600000002,3172771.96,452707.23,9.94527654745896,1.4190426082132008,2017,9,236,325687,-6664,1504224000000
2019,3,178,191,5243.14,4718.72,28.4,24.705340314136127,0.14869109947643977,2019,3,178,805,-614,1551398400000
2016,3,94,93,1263.1100000000001,1071.6,75.79,11.52258064516129,0.8149462365591399,2016,3,94,924,-831,1456790400000
2017,4,79,303072,4430079.99,3529339.92,520095.35,11.645219353816914,1.7160785225952908,2017,4,79,249421,53651,1491004800000
2017,9,227,99,1891.26,1577.5,102.22,15.934343434343434,1.0325252525252526,2017,9,227,2141,-2042,1504224000000
2020,2,28,1072,65924.79,50796.06,7386.14,47.38438432835821,6.890055970149254,2020,2,28,3702,-2630,1580515200000
2021,10,65,2535,63697.71,49904.03,7159.93,19.68600788954635,2.8244299802761343,2021,10,65,4613,-2078,1633046400000
2019,7,232,8608,184426.78,136401.01,16826.27,15.845842239776953,1.9547246747211897,2019,7,232,25982,-17374,1561939200000
2024,1,153,49,1646.31,1474.4,45.33,30.089795918367347,0.9251020408163265,2024,1,153,143,-94,1704067200000
2018,4,19,130,3279.71,2920.11,167.1,22.462384615384618,1.2853846153846153,2018,4,19,666,-536,1522540800000
2017,1,188,1189,18464.81,15668.53,1325.26,13.177905803195964,1.114600504625736,2017,1,188,7198,-6009,1483228800000
2021,12,11,47,1983.6299999999999,1775.72,31.96,37.78127659574468,0.68,2021,12,11,219,-172,1638316800000
2021,7,81,175,9657.5,8282.87,53.53,47.33068571428572,0.3058857142857143,2021,7,81,457,-282,1625097600000
2021,1,133,170,5463.17,4623.01,302.61,27.194176470588236,1.780058823529412,2021,1,133,482,-312,1609459200000
2016,2,136,123,1993.89,1759.85,85.62,14.307723577235771,0.6960975609756098,2016,2,136,1451,-1328,1454284800000
2022,12,111,3,190.51,95.9,69.21000000000001,31.96666666666667,23.070000000000004,2022,12,111,18,-15,1669852800000
2016,10,14,476,10749.3,8541.2,1194.67,17.9436974789916,2.509810924369748,2016,10,14,8808,-8332,1475280000000
2023,1,160,72,2679.29,2222.62,236.62,30.869722222222222,3.286388888888889,2023,1,160,898,-826,1672531200000
2021,3,248,327,13684.4,11894.46,85.74,36.374495412844034,0.2622018348623853,2021,3,248,579,-252,1614556800000
2025,5,159,1811,42901.44,37678.49,118.47,20.80535063500828,0.06541689674213141,2025,5,159,2014,-203,1746057600000
2016,2,19,96,3038.28,2473.37,415.46,25.76427083333333,4.327708333333333,2016,2,19,580,-484,1454284800000
2019,9,98,132,5509.32,4870.7,186.75,36.89924242424242,1.4147727272727273,2019,9,98,936,-804,1567296000000
2019,9,26,496,13209.83,11793.04,107.09,23.776290322580646,0.21590725806451613,2019,9,26,1770,-1274,1567296000000
2021,1,132,32371,1690079.27,1384350.65,172711.96,42.76514936208334,5.335391554168854,2021,1,132,2849,29522,1609459200000
2020,11,229,35083,512779.68,325267.94,63215.020000000004,9.271383291052647,1.8018704215717014,2020,11,229,34117,966,1604188800000
2022,12,259,52,2069.8,1898.8,19.85,36.51538461538461,0.38173076923076926,2022,12,259,440,-388,1669852800000
2022,9,233,38987,953757.52,694295.1699999999,98066.05,17.80837638187088,2.515352553415241,2022,9,233,45219,-6232,1661990400000
2021,12,7,2208,41087.520000000004,33755.64,3163.48,15.287880434782608,1.4327355072463768,2021,12,7,10754,-8546,1638316800000
2021,8,146,1703,32438.12,25413.1,2731.75,14.922548443922489,1.6040810334703464,2021,8,146,3147,-1444,1627776000000
2020,1,136,442,15385.1,13548.31,143.15,30.6522850678733,0.323868778280543,2020,1,136,1107,-665,1577836800000
2018,4,213,313,9371.78,8297.5,239.71,26.509584664536742,0.7658466453674122,2018,4,213,1558,-1245,1522540800000
2020,2,202,235,6876.45,5716.17,555.05,24.32412765957447,2.361914893617021,2020,2,202,2479,-2244,1580515200000
2017,10,233,125491,1965755.2000000002,1554920.45,225386.55,12.390692958060738,1.7960375644468527,2017,10,233,140972,-15481,1506816000000
2020,11,43,29888,461816.66000000003,301100.79,59400.99,10.074303733940042,1.987452823875803,2020,11,43,21575,8313,1604188800000
2020,12,147,213,7164.6,5907.89,572.89,27.736572769953053,2.68962441314554,2020,12,147,461,-248,1606780800000
2019,1,265,3890,270545.59,231739.59,27023.18,59.57315938303342,6.946832904884319,2019,1,265,16901,-13011,1546300800000
2019,7,160,209,6218.74,5232.7699999999995,258.0,25.03717703349282,1.2344497607655502,2019,7,160,2069,-1860,1561939200000
2020,7,251,1,6.8,6.0,0.0,6.0,0.0,2020,7,251,18,-17,1593561600000
2018,4,1,698,62027.01,52258.24,6764.01,74.86853868194842,9.690558739255014,2018,4,1,17298,-16600,1522540800000
2019,1,9,167,4241.32,3932.8,33.61,23.549700598802396,0.20125748502994012,2019,1,9,628,-461,1546300800000
2020,7,228,460,21668.24,19597.16,856.1,42.60252173913043,1.8610869565217392,2020,7,228,959,-499,1593561600000
2020,9,122,124,5046.4,4508.04,291.5,36.35516129032258,2.350806451612903,2020,9,122,229,-105,1598918400000
2018,9,66,5450,106661.12,88081.5,12124.07,16.161743119266056,2.2246,2018,9,66,14094,-8644,1535760000000
2021,9,129,1117,29659.8,24448.71,1905.12,21.887833482542526,1.7055684870188002,2021,9,129,5154,-4037,1630454400000
2019,7,142,172883,2777744.62,1810934.13,321905.7,10.474911529762903,1.861985851703175,2019,7,142,158408,14475,1561939200000
2018,7,39,411,13654.26,12499.62,332.03000000000003,30.41270072992701,0.8078588807785889,2018,7,39,2023,-1612,1530403200000
2017,1,129,5713,84766.04000000001,71825.28,4995.84,12.572252756870295,0.8744687554699808,2017,1,129,17167,-11454,1483228800000
2017,9,216,776,43160.01,35160.4,4341.07,45.30979381443299,5.59416237113402,2017,9,216,3544,-2768,1504224000000
2022,12,47,140,3952.73,3458.37,129.11,24.702642857142855,0.9222142857142858,2022,12,47,348,-208,1669852800000
2024,4,156,8,450.92,375.95,32.71,46.99375,4.08875,2024,4,156,38,-30,1711929600000
2024,11,190,139,3963.57,3442.25,148.6,24.764388489208635,1.0690647482014388,2024,11,190,416,-277,1730419200000
2025,1,160,430,11537.31,9554.52,430.15,22.219813953488373,1.0003488372093023,2025,1,160,1114,-684,1735689600000
2017,8,263,138268,1786961.44,1410477.35,201649.49,10.201039647640814,1.4583959412156102,2017,8,263,143432,-5164,1501545600000
2017,6,164,227794,3408842.79,2691077.44,381451.08,11.813644959919927,1.6745440178406807,2017,6,164,203234,24560,1496275200000
2022,5,80,1260,37907.68,28673.25,5335.48,22.75654761904762,4.234507936507936,2022,5,80,5240,-3980,1651363200000
2018,3,245,3,108.9,97.7,8.3,32.56666666666667,2.766666666666667,2018,3,245,104,-101,1519862400000
2025,4,232,8773,219285.26,161903.42,11127.66,18.454738401914966,1.2683984953835632,2025,4,232,20144,-11371,1743465600000
2024,4,185,164,5584.39,5093.19,19.0,31.056036585365852,0.11585365853658537,2024,4,185,418,-254,1711929600000
2020,10,129,886,21038.28,17504.48,1582.04,19.756749435665913,1.7855981941309256,2020,10,129,3001,-2115,1601510400000
2024,3,27,4,169.98,156.38,0.0,39.095,0.0,2024,3,27,66,-62,1709251200000
2017,10,34,299,4562.32,3708.0,493.12,12.40133779264214,1.6492307692307693,2017,10,34,1353,-1054,1506816000000
2018,3,131,97,2309.78,2077.5,93.86,21.417525773195877,0.9676288659793815,2018,3,131,1111,-1014,1519862400000
2019,1,63,247,7603.22,6884.4800000000005,91.50999999999999,27.872388663967612,0.3704858299595141,2019,1,63,984,-737,1546300800000
2022,9,111,4,87.07,69.2,4.62,17.3,1.155,2022,9,111,33,-29,1661990400000
2018,6,257,374,8800.89,7293.5,579.9,19.50133689839572,1.5505347593582888,2018,6,257,4418,-4044,1527811200000
2019,6,193,5177,53105.44,44061.84,2364.62,8.511075912690746,0.45675487734208997,2019,6,193,6721,-1544,1559347200000
2020,6,194,70,3010.8,2410.46,120.91,34.43514285714286,1.7272857142857143,2020,6,194,162,-92,1590969600000
2018,3,75,70086,884007.0800000001,720779.36,77352.64,10.284213109608196,1.1036817624061868,2018,3,75,116279,-46193,1519862400000
2025,9,75,31661,715443.96,539081.52,43671.35,17.02667382584252,1.3793420927955529,2025,9,75,47418,-15757,1756684800000
2017,8,221,7,202.91,127.7,2.55,18.242857142857144,0.36428571428571427,2017,8,221,211,-204,1501545600000
2024,11,100,54218,1318373.35,898828.36,155639.25999999998,16.5780434542034,2.8706197203880626,2024,11,100,47452,6766,1730419200000
2016,9,188,1526,27011.420000000002,22695.9,2280.8,14.872804718217564,1.4946264744429882,2016,9,188,8631,-7105,1472688000000
2023,11,4,3935,99099.02,69248.89,11371.13,17.598193138500637,2.8897407878017787,2023,11,4,12626,-8691,1698796800000
2024,10,47,259,9011.67,8248.42,12.4,31.847181467181468,0.047876447876447875,2024,10,47,391,-132,1727740800000
2025,5,243,4817,117212.19,95060.31,2048.75,19.734338800083037,0.4253165870873988,2025,5,243,14838,-10021,1746057600000
2025,6,50,33014,765305.05,526847.72,55700.63,15.958312231174652,1.687182104561701,2025,6,50,46758,-13744,1748736000000
2020,9,1,45,3670.33,3159.0,434.08,70.2,9.646222222222223,2020,9,1,749,-704,1598918400000
2016,12,182,110,1805.15,1592.7,67.25,14.47909090909091,0.6113636363636363,2016,12,182,1296,-1186,1480550400000
2021,3,84,8,900.78,786.13,27.06,98.26625,3.3825,2021,3,84,16,-8,1614556800000
2018,11,150,139,5832.82,5139.42,296.61,36.974244604316546,2.133884892086331,2018,11,150,539,-400,1541030400000
2020,4,113,1609,24361.670000000002,15888.07,2753.01,9.87449968924798,1.7110068365444377,2020,4,113,1567,42,1585699200000
2021,3,77,452,16153.14,13809.86,74.44,30.552787610619472,0.16469026548672566,2021,3,77,743,-291,1614556800000
2023,7,130,525,24756.079999999998,20719.41,1731.92,39.46554285714286,3.298895238095238,2023,7,130,2057,-1532,1688169600000
2022,4,15,19,933.4,861.0,10.05,45.31578947368421,0.5289473684210527,2022,4,15,377,-358,1648771200000
2023,8,50,19539,451553.02,307885.35,50224.04,15.757477352986333,2.570450893085624,2023,8,50,33517,-13978,1690848000000
2016,12,169,215,3343.19,2922.31,138.88,13.59213953488372,0.645953488372093,2016,12,169,2029,-1814,1480550400000
2019,6,258,353,12244.15,10863.58,179.03,30.775014164305947,0.5071671388101983,2019,6,258,1537,-1184,1559347200000
2024,1,109,1,111.48,72.01,18.58,72.01,18.58,2024,1,109,27,-26,1704067200000
2020,5,178,27,519.4,450.18,19.259999999999998,16.673333333333332,0.7133333333333333,2020,5,178,68,-41,1588291200000
2020,11,243,537,15140.8,12842.18,1245.59,23.91467411545624,2.3195344506517688,2020,11,243,3618,-3081,1604188800000
2021,12,84,1,133.9,120.0,0.0,120.0,0.0,2021,12,84,19,-18,1638316800000
2022,1,214,3,182.31,64.27000000000001,100.03999999999999,21.423333333333336,33.346666666666664,2022,1,214,39,-36,1640995200000
2022,4,98,19,811.4,688.75,103.7,36.25,5.457894736842105,2022,4,98,409,-390,1648771200000
2025,3,148,52221,1254745.6,853989.16,115875.58,16.3533666532621,2.218946017885525,2025,3,148,51433,788,1740787200000
2018,11,133,493,12814.5,10994.89,737.74,22.30200811359026,1.4964300202839758,2018,11,133,2456,-1963,1541030400000
2020,5,15,21,675.94,581.92,33.0,27.71047619047619,1.5714285714285714,2020,5,15,53,-32,1588291200000
2021,3,239,61490,936108.61,591615.9,123773.48,9.621335176451456,2.012904212067003,2021,3,239,57553,3937,1614556800000
2025,4,40,1383,36965.78,28125.1,1454.85,20.33629790310918,1.0519522776572667,2025,4,40,3462,-2079,1743465600000
2025,10,206,22,766.0,532.9,9.91,24.222727272727273,0.45045454545454544,2025,10,206,120,-98,1759276800000
2018,7,189,1569,26109.44,21460.48,2657.31,13.67780752071383,1.6936328871892925,2018,7,189,7553,-5984,1530403200000
2021,9,222,199,8478.11,7397.62,69.94,37.173969849246234,0.3514572864321608,2021,9,222,421,-222,1630454400000
2022,9,142,97774,1729712.01,1127764.89,231613.78,11.534404749728965,2.368868819931679,2022,9,142,81400,16374,1661990400000
2024,7,47,214,7352.7699999999995,6746.32,55.11,31.52485981308411,0.2575233644859813,2024,7,47,379,-165,1719792000000
2018,3,183,38,1082.68,990.06,11.95,26.05421052631579,0.3144736842105263,2018,3,183,467,-429,1519862400000
2018,12,65,10140,196233.38,164738.16,19125.69,16.246366863905326,1.886162721893491,2018,12,65,14469,-4329,1543622400000
2020,4,90,3985,58454.08,37919.42,6393.91,9.5155382685069,1.6044943538268506,2020,4,90,2692,1293,1585699200000
2021,12,228,249,9464.24,7702.84,803.4,30.935100401606427,3.2265060240963854,2021,12,228,1692,-1443,1638316800000
2017,3,14,542,11142.5,9050.07,1084.05,16.697546125461255,2.000092250922509,2017,3,14,8673,-8131,1488326400000
2020,8,158,2974,53173.43,35401.43,6859.59,11.903641560188298,2.3065198386012105,2020,8,158,5607,-2633,1596240000000
2019,4,145,9680,619737.17,567352.96,22023.12,58.61084297520661,2.2751157024793387,2019,4,145,23533,-13853,1554076800000
2025,9,252,276,8757.57,7701.28,164.84,27.9031884057971,0.5972463768115942,2025,9,252,1074,-798,1756684800000
2019,1,29,331,8139.83,7225.39,226.16,21.828972809667675,0.683262839879154,2019,1,29,1096,-765,1546300800000
2025,10,168,2583,62793.67,53370.27,720.05,20.66212543554007,0.2787650019357336,2025,10,168,4026,-1443,1759276800000
2016,7,239,233251,3559388.31,2928722.76,341817.69,12.556099480816801,1.4654500516610862,2016,7,239,216286,16965,1467331200000
2023,8,8,16,572.21,396.09,71.09,24.755625,4.443125,2023,8,8,62,-46,1690848000000
2022,6,242,160,4764.0599999999995,4255.84,59.51,26.599,0.3719375,2022,6,242,502,-342,1654041600000
2022,3,173,67,1948.36,1712.21,84.2,25.55537313432836,1.2567164179104477,2022,3,173,867,-800,1646092800000
2025,2,60,417,12015.23,10635.2,36.21,25.504076738609115,0.08683453237410071,2025,2,60,360,57,1738368000000
2022,2,150,37,1190.01,977.4000000000001,120.11,26.41621621621622,3.246216216216216,2022,2,150,212,-175,1643673600000
2018,9,265,4201,344181.64,299953.64,31869.76,71.40053320637944,7.586231849559629,2018,9,265,20248,-16047,1535760000000
2022,9,162,98385,1842070.9200000002,1210335.97,243871.75,12.302037607358844,2.478749301214616,2022,9,162,82347,16038,1661990400000
2017,3,240,24,711.2,578.5,90.74,24.104166666666668,3.7808333333333333,2017,3,240,328,-304,1488326400000
2019,1,56,526,22095.78,18537.18,1412.16,35.24178707224335,2.6847148288973384,2019,1,56,2208,-1682,1546300800000
2022,4,8,21,1212.06,859.5,190.46,40.92857142857143,9.06952380952381,2022,4,8,77,-56,1648771200000
2016,11,212,112,2960.95,2513.0,286.17,22.4375,2.5550892857142857,2016,11,212,1195,-1083,1477958400000
2020,7,51,359,14865.82,13235.14,603.12,36.8666852367688,1.68,2020,7,51,598,-239,1593561600000
2019,8,211,48339,849915.78,572443.94,97157.57999999999,11.842279318976395,2.0099211816545646,2019,8,211,49317,-978,1564617600000
2023,12,155,193,6619.7,6040.5599999999995,166.96,31.298238341968908,0.8650777202072539,2023,12,155,711,-518,1701388800000
2024,5,29,283,11098.119999999999,10346.19,47.47,36.55897526501767,0.16773851590106006,2024,5,29,600,-317,1714521600000
2016,8,51,56,2740.2,2495.54,154.54000000000002,44.56321428571429,2.7596428571428575,2016,8,51,965,-909,1470009600000
2021,8,148,28487,565666.9,386842.27,72338.63,13.579607189244218,2.539355846526486,2021,8,148,30515,-2028,1627776000000
2022,4,177,140,4858.73,4377.56,169.1,31.268285714285717,1.2078571428571427,2022,4,177,837,-697,1648771200000
2020,8,123,318,10339.2,9312.13,601.53,29.283427672955973,1.8916037735849056,2020,8,123,417,-99,1596240000000
2022,6,201,53,2432.79,2141.52,131.32,40.406037735849054,2.4777358490566037,2022,6,201,348,-295,1654041600000
2019,5,106,1030,19296.46,15510.88,1782.6,15.059106796116504,1.7306796116504854,2019,5,106,3723,-2693,1556668800000
2023,1,97,904,24856.51,19724.13,2456.38,21.818727876106195,2.7172345132743363,2023,1,97,3950,-3046,1672531200000
2017,1,200,72,1819.91,1503.98,162.65,20.88861111111111,2.259027777777778,2017,1,200,2893,-2821,1483228800000
2023,3,142,110163,2396241.69,1543066.23,316800.14999999997,14.00711881484709,2.8757400397592656,2023,3,142,94463,15700,1677628800000
2024,1,81,127,5474.0199999999995,5053.06,0.0,39.78787401574804,0.0,2024,1,81,243,-116,1704067200000
2020,4,198,69,1307.18,1043.76,144.05,15.12695652173913,2.08768115942029,2020,4,198,210,-141,1585699200000
2025,1,228,913,26700.69,22974.63,507.74,25.163888280394307,0.5561226725082147,2025,1,228,1813,-900,1735689600000
2017,1,11,50,2247.23,1967.5,157.37,39.35,3.1474,2017,1,11,648,-598,1483228800000
2025,9,68,113102,2897236.39,1931708.25,322245.02,17.07934651907128,2.849154037948047,2025,9,68,109166,3936,1756684800000
2018,3,152,10039,137011.04,113638.51,11107.22,11.31970415380018,1.1064070126506624,2018,3,152,17292,-7253,1519862400000
2022,7,31,28,1437.08,1165.38,134.7,41.62071428571429,4.810714285714285,2022,7,31,203,-175,1656633600000
2025,10,179,3038,72386.04,56232.79,1692.14,18.509805793285057,0.5569914417379855,2025,10,179,4646,-1608,1759276800000
2019,6,144,66381,1210327.0,825664.59,137298.72999999998,12.438266823338003,2.0683438031966976,2019,6,144,60198,6183,1559347200000
2021,3,72,817,25901.28,22348.55,142.77,27.35440636474908,0.17474908200734396,2021,3,72,1413,-596,1614556800000
2023,1,73,19,693.9,623.2,10.0,32.800000000000004,0.5263157894736842,2023,1,73,202,-183,1672531200000
2025,10,212,730,19848.88,17278.36,15.2,23.668986301369863,0.020821917808219178,2025,10,212,924,-194,1759276800000
2016,11,153,118,1561.51,1337.0,76.38,11.330508474576272,0.6472881355932203,2016,11,153,467,-349,1477958400000
2016,8,8,152,4283.45,3429.01,416.58,22.559276315789475,2.740657894736842,2016,8,8,212,-60,1470009600000
2019,10,57,22,515.79,421.35,29.59,19.152272727272727,1.345,2019,10,57,221,-199,1569888000000
2021,12,15,40,1652.66,1411.65,47.06,35.291250000000005,1.1765,2021,12,15,328,-288,1638316800000
2018,10,43,133559,1892618.6600000001,1524239.32,207086.30000000002,11.412479278820596,1.5505229898396964,2018,10,43,112958,20601,1538352000000
2024,4,95,750,25242.59,22258.98,712.76,29.678639999999998,0.9503466666666667,2024,4,95,4123,-3373,1711929600000
2017,11,189,2182,33668.42,27297.66,3637.79,12.51038496791934,1.6671814848762603,2017,11,189,9843,-7661,1509494400000
2020,6,116,2112,37907.21,30988.25,2660.09,14.672466856060606,1.2595123106060606,2020,6,116,3933,-1821,1590969600000
2021,5,3,147,5716.31,4795.98,39.34,32.62571428571428,0.26761904761904765,2021,5,3,372,-225,1619827200000
2023,10,158,33088,866433.84,589093.36,112441.82,17.803837040618955,3.3982658365570604,2023,10,158,35675,-2587,1696118400000
2025,9,231,65221,1737779.09,1198242.88,173919.59,18.372040907069806,2.666619493721347,2025,9,231,75542,-10321,1756684800000
2023,7,46,17,742.14,678.51,15.48,39.91235294117647,0.9105882352941177,2023,7,46,87,-70,1688169600000
2020,8,222,373,14754.47,13188.79,603.94,35.35868632707775,1.6191420911528152,2020,8,222,420,-47,1596240000000
2024,12,8,22,1258.6699999999998,987.0799999999999,110.05,44.86727272727273,5.002272727272727,2024,12,8,50,-28,1733011200000
2020,1,121,306,9891.82,8522.28,106.79,27.85058823529412,0.3489869281045752,2020,1,121,1245,-939,1577836800000
2016,7,137,128689,1764070.97,1402538.95,195050.42,10.898670049499179,1.5156728236290593,2016,7,137,141483,-12794,1467331200000
2018,2,185,60,981.46,832.5,63.18,13.875,1.053,2018,2,185,839,-779,1517443200000
2024,5,47,272,9725.85,8854.46,35.09,32.55316176470588,0.1290073529411765,2024,5,47,463,-191,1714521600000
2023,5,46,13,592.75,523.4,0.0,40.26153846153846,0.0,2023,5,46,77,-64,1682899200000
2025,6,141,87791,1817758.8,1175684.83,194491.3,13.391860555182195,2.2153899602464944,2025,6,141,98482,-10691,1748736000000
2018,12,85,593,16073.710000000001,14302.23,393.07,24.118431703204045,0.6628499156829679,2018,12,85,1586,-993,1543622400000
2025,9,257,612,18304.07,14543.58,380.87,23.76401960784314,0.6223366013071896,2025,9,257,2184,-1572,1756684800000
2023,9,46,9,342.9,308.61,14.85,34.29,1.65,2023,9,46,76,-67,1693526400000
2024,7,25,1496,44430.55,37953.14,2813.96,25.369745989304814,1.8809893048128343,2024,7,25,4969,-3473,1719792000000
2016,9,209,20981,406205.22000000003,334587.32,44626.46,15.947157904770984,2.126993946904342,2016,9,209,27075,-6094,1472688000000
2021,8,221,11,514.86,439.59000000000003,14.73,39.96272727272728,1.339090909090909,2021,8,221,74,-63,1627776000000
2017,8,206,6,254.33999999999997,206.0,20.0,34.333333333333336,3.3333333333333335,2017,8,206,162,-156,1501545600000
2016,3,99,10,138.44,110.5,14.4,11.05,1.44,2016,3,99,15,-5,1456790400000
2023,1,6,48,1116.68,400.90000000000003,169.92000000000002,8.352083333333335,3.5400000000000005,2023,1,6,82,-34,1672531200000
2020,10,138,16630,636488.61,478760.24,72907.98,28.788950090198437,4.384123872519543,2020,10,138,3578,13052,1601510400000
2022,11,88,8293,217598.06,157861.25,27242.96,19.03548173158085,3.285054865549258,2022,11,88,11603,-3310,1667260800000
2024,6,131,240,8125.93,7410.97,63.17,30.87904166666667,0.2632083333333333,2024,6,131,716,-476,1717200000000
2018,1,111,13,142.13,107.5,16.07,8.26923076923077,1.2361538461538462,2018,1,111,80,-67,1514764800000
2016,4,225,2292,35291.54,29002.88,3374.42,12.653961605584643,1.472260034904014,2016,4,225,16250,-13958,1459468800000
2019,8,215,1098,64181.81,50531.65,5847.2,46.02153916211294,5.325318761384335,2019,8,215,2277,-1179,1564617600000
2018,4,174,202,4859.93,4344.8,122.22,21.50891089108911,0.605049504950495,2018,4,174,1181,-979,1522540800000
2024,1,111,1,90.0,89.0,0.0,89.0,0.0,2024,1,111,24,-23,1704067200000
2022,4,214,5,163.06,142.9,15.66,28.580000000000002,3.132,2022,4,214,57,-52,1648771200000
2019,12,188,1357,35480.85,30494.64,1124.82,22.4721002210759,0.8289019896831245,2019,12,188,5593,-4236,1575158400000
2024,9,217,349,10157.7,9078.02,297.39,26.011518624641834,0.8521203438395415,2024,9,217,1512,-1163,1725148800000
2020,7,237,36245,517674.93,328945.55,59101.26,9.075611808525313,1.6306044971720237,2020,7,237,30031,6214,1593561600000
2023,1,167,141,4145.52,3529.21,163.26,25.029858156028368,1.1578723404255318,2023,1,167,408,-267,1672531200000
2024,2,252,56,2131.33,1838.37,36.16,32.82803571428571,0.6457142857142857,2024,2,252,559,-503,1706745600000
2016,10,39,205,5615.29,4533.1,586.27,22.11268292682927,2.8598536585365855,2016,10,39,2017,-1812,1475280000000
2019,8,43,92731,1528526.6700000002,1033558.98,161174.74999999997,11.145776277620213,1.7380892042574756,2019,8,43,73120,19611,1564617600000
2019,6,222,410,14637.22,13584.04,61.4,33.13180487804878,0.1497560975609756,2019,6,222,675,-265,1559347200000
2022,8,230,99890,2054589.9200000002,1390938.45,245196.93,13.924701671839022,2.454669436380018,2022,8,230,100014,-124,1659312000000
2018,2,1,497,45718.729999999996,37972.51,5538.96,76.40344064386318,11.144788732394366,2018,2,1,13645,-13148,1517443200000
2023,10,177,252,9110.21,8221.85,248.91,32.62638888888889,0.9877380952380952,2023,10,177,870,-618,1696118400000
2023,8,79,63844,1459838.04,967365.28,182796.79,15.152015537873567,2.8631788421778084,2023,8,79,56744,7100,1690848000000
2017,3,53,77,1724.0800000000002,1444.0,137.78,18.753246753246753,1.7893506493506495,2017,3,53,1023,-946,1488326400000
2017,1,256,11052,169148.5,136618.21,18464.07,12.361401556279406,1.6706541802388708,2017,1,256,27878,-16826,1483228800000
2017,7,49,2956,43748.4,35717.73,4351.65,12.083129228687417,1.4721414073071717,2017,7,49,15743,-12787,1498867200000
2018,10,50,84309,1274494.47,1026820.41,136596.58,12.179250257979575,1.6201897780782595,2018,10,50,105567,-21258,1538352000000
2024,10,120,31,1147.53,968.03,102.12,31.226774193548387,3.294193548387097,2024,10,120,231,-200,1727740800000
2022,9,196,245,10568.57,8640.41,1101.11,35.26697959183674,4.494326530612245,2022,9,196,1260,-1015,1661990400000
2022,11,113,42019,769041.12,509428.08,103475.75,12.123755443965825,2.4625943025774055,2022,11,113,39039,2980,1667260800000
2023,11,121,162,5245.18,4733.07,93.39,29.21648148148148,0.5764814814814815,2023,11,121,629,-467,1698796800000
2024,5,27,9,345.33,319.34,0.0,35.48222222222222,0.0,2024,5,27,74,-65,1714521600000
2023,5,180,63,2662.57,2266.3,178.77,35.973015873015875,2.837619047619048,2023,5,180,389,-326,1682899200000
2019,9,145,9071,215122.9,164530.38,21668.81,18.138064160511522,2.3888005732554296,2019,9,145,21487,-12416,1567296000000
2018,2,187,1,113.35,94.5,0.0,94.5,0.0,2018,2,187,29,-28,1517443200000
2023,7,245,1,145.2,120.0,24.2,120.0,24.2,2023,7,245,49,-48,1688169600000
2018,9,65,11514,219300.33000000002,184135.01,21570.58,15.992271148167449,1.8734219211394825,2018,9,65,16127,-4613,1535760000000
2022,1,101,56,2699.89,2515.94,21.95,44.9275,0.3919642857142857,2022,1,101,231,-175,1640995200000
2025,1,94,160,5477.36,4963.28,0.0,31.0205,0.0,2025,1,94,303,-143,1735689600000
2018,10,232,14270,259293.96000000002,214902.47,25549.1,15.059738612473721,1.7904064470918009,2018,10,232,39119,-24849,1538352000000
2016,1,28,823,33145.14,27034.28,3520.46,32.84845686512758,4.277594167679222,2016,1,28,2806,-1983,1451606400000
2021,5,231,31732,620731.6799999999,425520.48,77915.59,13.409822261439556,2.45542638346149,2021,5,231,34424,-2692,1619827200000
2017,11,54,382,7328.95,5867.5,942.75,15.359947643979057,2.467931937172775,2017,11,54,2568,-2186,1509494400000
2024,9,72,1123,31552.3,29668.51,115.55,26.418975957257345,0.1028940338379341,2024,9,72,1445,-322,1725148800000
2016,4,195,886,18086.73,14424.1,2093.99,16.280022573363432,2.3634198645598192,2016,4,195,5218,-4332,1459468800000
2024,7,16,73,3311.45,2912.98,164.48,39.90383561643836,2.253150684931507,2024,7,16,615,-542,1719792000000
2025,2,261,16089,455411.41,317451.73,46788.59,19.730979551246193,2.908110510286531,2025,2,261,16990,-901,1738368000000
2017,11,78,90,2989.35,2699.0,148.87,29.988888888888887,1.654111111111111,2017,11,78,741,-651,1509494400000
2019,2,24,20677,314135.43,227930.38,33982.869999999995,11.023377666005707,1.643510664022827,2019,2,24,23905,-3228,1548979200000
2019,1,171,230,9678.41,8268.41,272.17,35.949608695652174,1.1833478260869565,2019,1,171,1331,-1101,1546300800000
2016,6,6,63,1438.82,866.53,91.71,13.754444444444443,1.4557142857142855,2016,6,6,253,-190,1464739200000
2017,2,85,219,3533.77,2958.5,285.35,13.509132420091325,1.3029680365296805,2017,2,85,1288,-1069,1485907200000
2019,11,106,736,14345.4,11649.72,1077.21,15.828423913043478,1.4636005434782609,2019,11,106,2962,-2226,1572566400000
2017,1,163,250973,3533381.98,2803649.37,395157.45,11.171119482972273,1.5745018388432221,2017,1,163,224618,26355,1483228800000
2017,7,106,1577,23655.98,18840.51,2503.29,11.94705770450222,1.5873747622067216,2017,7,106,4673,-3096,1498867200000
2018,8,173,306,5820.88,4984.97,285.62,16.29075163398693,0.9333986928104575,2018,8,173,2516,-2210,1533081600000
2016,5,171,78,1395.3,1119.5,173.32,14.352564102564102,2.222051282051282,2016,5,171,1541,-1463,1462060800000
2020,12,146,1328,25529.37,20548.75,1849.02,15.473456325301205,1.3923343373493975,2020,12,146,1367,-39,1606780800000
2021,4,38,215,9662.49,8593.91,57.54,39.97167441860465,0.26762790697674416,2021,4,38,477,-262,1617235200000
2021,9,167,225,7004.17,5807.53,163.55,25.811244444444444,0.7268888888888889,2021,9,167,698,-473,1630454400000
2022,6,71,131,4871.13,4315.42,235.01,32.94213740458015,1.793969465648855,2022,6,71,770,-639,1654041600000
2023,1,261,12842,404108.46,291312.94,48291.38,22.684390281887556,3.7604251674194047,2023,1,261,12426,416,1672531200000
2025,11,54,411,9273.38,6381.05,364.25,15.52566909975669,0.8862530413625304,2025,11,54,964,-553,1761955200000
2024,7,142,88935,1914043.14,1252163.52,238923.13,14.079535840782594,2.6864915949851014,2024,7,142,78908,10027,1719792000000
2019,1,66,2985,56433.020000000004,46375.39,6494.05,15.53614405360134,2.175561139028476,2019,1,66,10303,-7318,1546300800000
2018,3,210,143,5050.08,4523.3,201.13,31.63146853146853,1.4065034965034964,2018,3,210,1069,-926,1519862400000
2021,12,102,33,1238.82,1041.18,89.69,31.550909090909094,2.717878787878788,2021,12,102,488,-455,1638316800000
2024,3,80,1265,39295.39,33153.2,1796.68,26.208063241106718,1.420300395256917,2024,3,80,4351,-3086,1709251200000
2024,2,232,4163,113882.99,85081.26,10580.44,20.437487388902234,2.5415421570982466,2024,2,232,14886,-10723,1706745600000
2016,10,153,107,1756.29,1522.5,84.48,14.228971962616823,0.7895327102803739,2016,10,153,472,-365,1475280000000
2021,6,179,811,17228.97,14207.84,972.23,17.518914919852033,1.1988039457459927,2021,6,179,3299,-2488,1622505600000
2019,6,135,417,16082.16,14167.56,236.26,33.97496402877698,0.5665707434052758,2019,6,135,1914,-1497,1559347200000
2019,2,243,1389,33557.13,28271.39,2063.55,20.353772498200144,1.485637149028078,2019,2,243,11961,-10572,1548979200000
2024,12,81,217,8635.59,7919.57,0.9,36.495714285714286,0.004147465437788019,2024,12,81,347,-130,1733011200000
2016,6,182,107,1826.99,1573.81,92.94,14.708504672897195,0.8685981308411215,2016,6,182,1425,-1318,1464739200000
2020,8,74,10326,162466.04,131544.44,10168.52,12.739147782297115,0.9847491768351734,2020,8,74,17606,-7280,1596240000000
2024,9,220,276,11409.2,9856.45,510.01,35.711775362318846,1.8478623188405796,2024,9,220,1233,-957,1725148800000
2024,8,76,1660,54743.96,51205.0,406.49,30.846385542168676,0.24487349397590363,2024,8,76,2962,-1302,1722470400000
2018,3,151,81524,1063426.9,848923.01,117020.52,10.413166797507483,1.4354119032432169,2018,3,151,77546,3978,1519862400000
2017,7,158,108835,1620701.6500000001,1291551.53,188090.08,11.867060504433317,1.7282131667202645,2017,7,158,99338,9497,1498867200000
2020,1,176,2,135.61,125.01,10.0,62.505,5.0,2020,1,176,55,-53,1577836800000
2020,3,99,1,91.8,90.0,0.0,90.0,0.0,2020,3,99,5,-4,1583020800000
2019,9,64,98,3562.52,3203.51,24.380000000000003,32.68887755102041,0.24877551020408165,2019,9,64,702,-604,1567296000000
2024,3,95,799,25015.28,21830.82,818.18,27.322678347934918,1.0240050062578223,2024,3,95,4210,-3411,1709251200000
2017,5,75,68726,906119.76,737507.61,83669.78,10.731129557954777,1.217439979047231,2017,5,75,117298,-48572,1493596800000
2017,12,81,55,1175.3,1022.5,41.519999999999996,18.59090909090909,0.7549090909090909,2017,12,81,435,-380,1512086400000
2020,9,225,910,28349.39,24462.12,2211.47,26.88145054945055,2.430186813186813,2020,9,225,1910,-1000,1598918400000
2017,10,172,5,224.01999999999998,173.5,35.0,34.7,7.0,2017,10,172,101,-96,1506816000000
2020,4,127,102,2184.4900000000002,1824.23,168.8,17.884607843137257,1.6549019607843138,2020,4,127,452,-350,1585699200000
2019,11,239,187327,2986806.88,1930648.8,366675.62,10.306302882125909,1.9574093430204935,2019,11,239,181241,6086,1572566400000
2018,2,204,2,142.62,129.5,0.0,64.75,0.0,2018,2,204,29,-27,1517443200000
2016,10,243,2665,52418.36,43502.64,5290.95,16.32369230769231,1.9853470919324576,2016,10,243,21566,-18901,1475280000000
2021,8,36,425,14276.48,11137.73,1629.66,26.206423529411765,3.834494117647059,2021,8,36,2241,-1816,1627776000000
2016,2,238,211608,2743435.21,2187699.07,303587.67,10.338451618086271,1.4346700975388453,2016,2,238,216010,-4402,1454284800000
2017,11,144,97798,1490879.76,1206439.71,165411.25,12.33603662651588,1.6913561627027138,2017,11,144,86964,10834,1509494400000
2022,6,107,83394,1487836.0,967475.06,198422.25,11.601255006355373,2.379334844233398,2022,6,107,67696,15698,1654041600000
2016,10,132,256951,14353633.37,11906656.61,1412569.04,46.338238068736835,5.497425734867738,2016,10,132,101027,155924,1475280000000
2025,7,38,421,16203.369999999999,14871.7,107.00999999999999,35.324703087885986,0.25418052256532064,2025,7,38,1169,-748,1751328000000
2020,10,182,406,14430.88,11962.81,1058.01,29.465049261083742,2.605935960591133,2020,10,182,778,-372,1601510400000
2021,4,73,71,2440.83,2148.94,63.03,30.26676056338028,0.8877464788732394,2021,4,73,188,-117,1617235200000
2025,10,64,160,3686.88,3161.58,90.15,19.759875,0.5634375,2025,10,64,671,-511,1759276800000
2021,1,90,25584,380933.68,242870.26,46534.840000000004,9.493052689180738,1.8189040025015637,2021,1,90,19990,5594,1609459200000
2021,6,64,113,5157.0199999999995,4614.29,48.53,40.83442477876106,0.4294690265486726,2021,6,64,370,-257,1622505600000
2017,11,208,41,2141.53,1808.51,206.63,44.11,5.039756097560976,2017,11,208,1021,-980,1509494400000
2018,12,46,27,1267.37,1108.49,40.8,41.05518518518519,1.511111111111111,2018,12,46,151,-124,1543622400000
2024,12,87,20885,669072.51,491816.12,74901.89,23.54877280344745,3.586396456787168,2024,12,87,29125,-8240,1733011200000
2020,4,190,16,334.21,270.1,41.19,16.88125,2.574375,2020,4,190,24,-8,1585699200000
2019,8,61,1646,39636.36,34951.14,1087.21,21.233985419198056,0.6605164034021871,2019,8,61,9954,-8308,1564617600000
2023,4,116,2316,61488.92,48480.16,5820.86,20.932711571675302,2.5133246977547494,2023,4,116,7487,-5171,1680307200000
2021,11,33,1970,51621.02,39809.8,6737.12,20.208020304568528,3.4198578680203044,2021,11,33,8567,-6597,1635724800000
2017,8,65,11447,204167.35,170342.12,20323.41,14.880939984275356,1.775435485279986,2017,8,65,16811,-5364,1501545600000
2024,7,56,394,18073.21,15215.52,1206.16,38.61807106598985,3.061319796954315,2024,7,56,1053,-659,1719792000000
2018,3,37,1963,31854.61,26586.43,2619.68,13.543774834437086,1.3345287824758023,2018,3,37,11680,-9717,1519862400000
2025,4,169,1052,27156.25,24476.73,43.26,23.2668536121673,0.04112167300380228,2025,4,169,1271,-219,1743465600000
2025,7,52,1422,37199.81,29200.6,1631.92,20.53488045007032,1.1476230661040787,2025,7,52,2571,-1149,1751328000000
2019,1,1,446,41381.45,34003.15,5360.07,76.2402466367713,12.018094170403586,2019,1,1,10913,-10467,1546300800000
2021,3,160,149,4812.33,3961.96,173.38,26.590335570469797,1.1636241610738254,2021,3,160,688,-539,1614556800000
2021,8,83,172,4723.84,3884.62,296.83,22.585,1.7257558139534883,2021,8,83,998,-826,1627776000000
2023,10,54,81,2837.52,2314.18,238.5,28.57012345679012,2.9444444444444446,2023,10,54,781,-700,1696118400000
2025,6,40,2001,54511.58,41748.12,1549.06,20.863628185907046,0.7741429285357321,2025,6,40,3859,-1858,1748736000000
2019,11,208,229,9301.53,7904.83,71.57,34.51890829694323,0.31253275109170303,2019,11,208,843,-614,1572566400000
2019,3,186,278438,4915524.67,3307774.17,566882.66,11.879751219301962,2.035938557237159,2019,3,186,197779,80659,1551398400000
2016,9,58,3,93.25999999999999,48.5,41.36,16.166666666666668,13.786666666666667,2016,9,58,243,-240,1472688000000
2019,6,68,169596,3027118.17,2030316.97,348584.72000000003,11.971490896011698,2.055382909974292,2019,6,68,160231,9365,1559347200000
2023,12,78,171,5815.28,5283.12,67.83999999999999,30.89543859649123,0.39672514619883037,2023,12,78,390,-219,1701388800000
2025,2,90,58123,1211752.7899999998,757179.6699999999,135453.07,13.027195258331469,2.3304555855685356,2025,2,90,55793,2330,1738368000000
2016,2,234,389065,5273400.42,4122836.72,646012.59,10.596781309035766,1.6604232968784136,2016,2,234,331416,57649,1454284800000
2019,10,218,475,18817.34,16789.57,68.79,35.34646315789474,0.14482105263157896,2019,10,218,2392,-1917,1569888000000
2017,4,43,143801,1953319.84,1583823.88,200816.47,11.013997677345776,1.3964886892302557,2017,4,43,123435,20366,1491004800000
2019,11,217,443,7902.81,6716.72,335.87,15.161896162528217,0.7581715575620768,2019,11,217,2336,-1893,1572566400000
2018,6,243,2022,41467.49,34931.21,3489.04,17.27557368941642,1.7255390702274975,2018,6,243,17184,-15162,1527811200000
2020,3,3,101,2697.85,2356.96,69.95,23.336237623762376,0.6925742574257426,2020,3,3,295,-194,1583020800000
2020,8,125,2979,52249.45,35560.8,5942.16,11.937160120845922,1.9946827794561932,2020,8,125,2939,40,1596240000000
2023,1,265,1646,177145.82,155603.73,16288.97,94.53446537059538,9.896093560145808,2023,1,265,10957,-9311,1672531200000
2022,2,201,29,1697.77,1546.6000000000001,19.77,53.331034482758625,0.6817241379310345,2022,2,201,253,-224,1643673600000
2024,3,9,52,1756.74,1493.53,150.89,28.721730769230767,2.901730769230769,2024,3,9,322,-270,1709251200000
2019,12,153,103,2657.94,2357.62,70.19,22.889514563106793,0.6814563106796117,2019,12,153,342,-239,1575158400000
2025,2,170,97272,2123301.9299999997,1334169.57,244496.53,13.71586448309894,2.5135345217534337,2025,2,170,101840,-4568,1738368000000
2025,6,25,6109,170309.92,143092.96,4518.32,23.423303322966113,0.7396169585856932,2025,6,25,8729,-2620,1748736000000
2025,9,223,3024,110035.56999999999,87142.34,6144.18,28.816911375661373,2.0318055555555556,2025,9,223,6752,-3728,1756684800000
2022,9,209,7068,180386.53,128940.44,23524.79,18.24284663271081,3.328351726089417,2022,9,209,9833,-2765,1661990400000
2021,2,15,64,2954.0099999999998,2522.93,80.0,39.42078125,1.25,2021,2,15,188,-124,1612137600000
2020,3,138,52478,2071614.84,1496025.08,262117.16,28.50766187735813,4.994800868935554,2020,3,138,27763,24715,1583020800000
2017,11,59,5,34.6,31.5,1.0,6.3,0.2,2017,11,59,33,-28,1509494400000
2022,5,67,44,1487.81,1240.1200000000001,114.14,28.184545454545457,2.5940909090909092,2022,5,67,481,-437,1651363200000
2020,10,226,2588,56269.21,45131.08,4860.08,17.438593508500773,1.8779289026275117,2020,10,226,4073,-1485,1601510400000
2020,1,101,255,10324.3,9295.42,42.96,36.452627450980394,0.16847058823529412,2020,1,101,575,-320,1577836800000
2016,1,12,3021,59199.12,50601.71,5080.75,16.74998675935121,1.6818106587222774,2016,1,12,5698,-2677,1451606400000
2017,6,11,53,2113.32,1851.0,141.09,34.924528301886795,2.662075471698113,2017,6,11,657,-604,1496275200000
2025,3,133,955,25323.44,21498.88,137.94,22.51191623036649,0.14443979057591622,2025,3,133,1493,-538,1740787200000
2019,9,63,281,9719.85,8448.73,337.05,30.06665480427046,1.1994661921708185,2019,9,63,1034,-753,1567296000000
2018,9,89,1195,32740.51,28889.85,1110.56,24.175606694560667,0.9293389121338912,2018,9,89,6843,-5648,1535760000000
2021,1,120,29,922.6500000000001,818.9300000000001,17.28,28.238965517241382,0.5958620689655173,2021,1,120,148,-119,1609459200000
2017,12,261,62864,1258812.12,1047751.38,126761.03,16.66695374141003,2.016432775515398,2017,12,261,53637,9227,1512086400000
2022,5,129,908,26837.42,21631.87,2947.65,23.823645374449338,3.2463105726872246,2022,5,129,5652,-4744,1651363200000
2021,1,61,1419,42809.53,36628.34,2213.57,25.812783650458066,1.5599506694855534,2021,1,61,3156,-1737,1609459200000
2024,6,147,222,7514.95,6761.9,43.29,30.45900900900901,0.195,2024,6,147,340,-118,1717200000000
2020,3,166,19257,980129.4,898236.5599999999,35907.27,46.64467777950875,1.8646346782988004,2020,3,166,25495,-6238,1583020800000
2021,7,226,2653,63993.55,50671.63,5652.51,19.099747455710517,2.130610629476065,2021,7,226,6011,-3358,1625097600000
2023,4,102,63,1857.56,1557.25,101.96,24.71825396825397,1.6184126984126983,2023,4,102,616,-553,1680307200000
2024,4,244,3266,93627.1,79112.79,4383.57,24.223144519289647,1.3421830985915493,2024,4,244,12552,-9286,1711929600000
2025,1,3,175,6165.55,5553.48,53.94,31.734171428571425,0.3082285714285714,2025,1,3,312,-137,1735689600000
2022,9,99,1,95.56,67.2,0.0,67.2,0.0,2022,9,99,3,-2,1661990400000
2020,3,109,7,485.7,448.49,0.0,64.07000000000001,0.0,2020,3,109,45,-38,1583020800000
2018,7,68,188243,2705655.21,2154851.19,303363.73,11.447178328012196,1.6115538426395668,2018,7,68,177514,10729,1530403200000
2022,8,156,4,288.15,215.53,17.060000000000002,53.8825,4.265000000000001,2022,8,156,46,-42,1659312000000
2020,8,195,234,9307.36,8170.86,449.3,34.91820512820512,1.9200854700854701,2020,8,195,503,-269,1596240000000
2024,4,132,158000,12166719.299999999,9399445.9,1414521.33,59.490163924050634,8.952666645569622,2024,4,132,39965,118035,1711929600000
2016,5,214,14,234.18,211.0,0.0,15.071428571428571,0.0,2016,5,214,177,-163,1462060800000
2018,5,243,2318,47290.79,39828.56,3968.95,17.18229508196721,1.7122303710094908,2018,5,243,18803,-16485,1525132800000
2017,5,91,131,3325.64,2786.63,342.82,21.27198473282443,2.616946564885496,2017,5,91,1663,-1532,1493596800000
2020,3,245,2,99.52,70.97999999999999,0.0,35.489999999999995,0.0,2020,3,245,40,-38,1583020800000
2016,2,25,12342,200485.69,163995.06,21972.95,13.287559552746718,1.7803394911683683,2016,2,25,20851,-8509,1454284800000
2019,12,88,24376,618756.29,449691.23,71349.85,18.44811412865113,2.927053249097473,2019,12,88,26114,-1738,1575158400000
2023,7,200,68,3065.34,2582.14,160.6,37.972647058823526,2.361764705882353,2023,7,200,902,-834,1688169600000
2018,10,230,289531,5043013.27,4009438.94,557977.01,13.848047152118426,1.9271753629145065,2018,10,230,260174,29357,1538352000000
2018,8,256,5986,96022.62,78806.34,9452.91,13.165108586702305,1.5791697293685265,2018,8,256,18995,-13009,1533081600000
2020,9,139,218,8551.02,7522.33,565.95,34.50610091743119,2.596100917431193,2020,9,139,351,-133,1598918400000
2018,5,192,108,2798.96,2522.5,116.77,23.35648148148148,1.0812037037037037,2018,5,192,777,-669,1525132800000
2018,11,5,20,1612.88,1490.0,34.519999999999996,74.5,1.7259999999999998,2018,11,5,60,-40,1541030400000
2022,1,147,52,1506.08,1356.56,11.82,26.087692307692308,0.22730769230769232,2022,1,147,284,-232,1640995200000
2022,6,167,115,2998.31,2650.67,43.89,23.049304347826087,0.38165217391304346,2022,6,167,583,-468,1654041600000
2025,5,33,6685,178357.57,141741.36,7504.83,21.20289603590127,1.1226372475691848,2025,5,33,11792,-5107,1746057600000
2018,8,245,8,600.61,518.58,28.71,64.8225,3.58875,2018,8,245,110,-102,1533081600000
2017,8,132,235352,13195841.85,11006931.61,1227060.83,46.767954425711274,5.213725950916075,2017,8,132,78042,157310,1501545600000
2017,12,152,9374,132892.52,110195.9,10954.71,11.755483251546831,1.1686270535523788,2017,12,152,17092,-7718,1512086400000
2021,4,80,429,13402.28,11187.97,757.65,26.079184149184147,1.7660839160839161,2021,4,80,2251,-1822,1617235200000
2016,4,184,7,372.88,341.5,15.2,48.785714285714285,2.1714285714285713,2016,4,184,92,-85,1459468800000
2021,5,107,62771,1033574.72,668650.18,130851.58,10.65221487629638,2.0845865128801515,2021,5,107,49649,13122,1619827200000
2021,7,36,386,13412.54,10581.92,1403.96,27.414300518134716,3.63720207253886,2021,7,36,2160,-1774,1625097600000
2022,8,109,8,477.1,331.6,42.47,41.45,5.30875,2022,8,109,49,-41,1659312000000
2017,5,35,89,1717.0,1255.0,301.88,14.101123595505618,3.3919101123595503,2017,5,35,1314,-1225,1493596800000
2023,1,227,55,2104.69,1865.25,76.19,33.913636363636364,1.3852727272727272,2023,1,227,526,-471,1672531200000
2017,6,235,200,3229.4500000000003,2731.52,230.33,13.6576,1.15165,2017,6,235,1824,-1624,1496275200000
2017,5,71,87,1458.17,1235.21,83.3,14.197816091954023,0.957471264367816,2017,5,71,1730,-1643,1493596800000
2025,11,226,7124,200640.76,153541.08,16432.51,21.552650196518808,2.30664093206064,2025,11,226,8070,-946,1761955200000
2019,6,102,228,7292.03,6439.99,139.36,28.245570175438594,0.6112280701754387,2019,6,102,1037,-809,1559347200000
2024,1,20,130,4931.89,4473.85,26.34,34.41423076923077,0.2026153846153846,2024,1,20,376,-246,1704067200000
2018,3,125,55050,832317.5900000001,655405.13,104727.3,11.905633605812897,1.9024032697547684,2018,3,125,49163,5887,1519862400000
2019,8,135,366,14524.550000000001,12628.35,350.27,34.50368852459017,0.9570218579234973,2019,8,135,1833,-1467,1564617600000
2016,7,255,18303,308253.51,248773.93,35536.82,13.591975632409987,1.9415844397093374,2016,7,255,37611,-19308,1467331200000
2021,7,131,227,8542.15,7234.72,102.24,31.871013215859033,0.45039647577092506,2021,7,131,799,-572,1625097600000
2020,7,171,137,6394.59,4954.34,287.87,36.16306569343066,2.1012408759124086,2020,7,171,290,-153,1593561600000
2020,6,228,419,17928.27,15602.01,1217.98,37.23630071599045,2.906873508353222,2020,6,228,766,-347,1590969600000
2019,3,171,271,10849.09,9542.86,166.76,35.213505535055354,0.615350553505535,2019,3,171,1309,-1038,1551398400000
2019,7,167,307,8035.7,7161.09,50.489999999999995,23.32602605863192,0.16446254071661237,2019,7,167,1234,-927,1561939200000
2018,12,190,312,5755.18,4887.23,400.63,15.664198717948716,1.2840705128205128,2018,12,190,1260,-948,1543622400000
2025,8,88,14287,399887.21,283327.69,35146.41,19.831153496185344,2.4600272975432214,2025,8,88,18211,-3924,1754006400000
2022,2,241,96,3088.21,2786.67,46.09,29.0278125,0.4801041666666667,2022,2,241,454,-358,1643673600000
2022,9,208,80,2447.02,2075.53,108.89,25.944125000000003,1.361125,2022,9,208,478,-398,1661990400000
2019,3,226,12401,273874.14,221314.54,21602.55,17.84650753971454,1.7420006451092653,2019,3,226,18312,-5911,1551398400000
2024,1,210,211,9053.87,8463.35,46.72,40.11066350710901,0.2214218009478673,2024,1,210,538,-327,1704067200000
2022,4,76,308,11338.27,10267.28,251.44,33.33532467532468,0.8163636363636364,2022,4,76,1314,-1006,1648771200000
2021,11,81,153,7588.33,6737.89,28.16,44.03849673202615,0.18405228758169934,2021,11,81,359,-206,1635724800000
2021,11,163,101992,1832458.77,1205459.08,237482.13,11.819153266922896,2.3284387991215,2021,11,163,85564,16428,1635724800000
2017,11,209,16764,320744.54,262727.57,36483.01,15.672128966833691,2.1762711763302316,2017,11,209,23753,-6989,1509494400000
2022,10,16,69,2720.39,2556.92,72.12,37.0568115942029,1.0452173913043479,2022,10,16,634,-565,1664582400000
2019,11,243,1239,29320.96,23800.74,2568.8,19.209636803874094,2.0732849071832122,2019,11,243,12741,-11502,1572566400000
2023,4,58,1,47.55,39.5,0.0,39.5,0.0,2023,4,58,92,-91,1680307200000
2017,1,155,62,2705.21,1997.49,531.47,32.21758064516129,8.572096774193549,2017,1,155,1115,-1053,1483228800000
2016,5,78,129,2491.21,2152.5,148.73,16.686046511627907,1.1529457364341085,2016,5,78,1120,-991,1462060800000
2024,9,52,963,29533.77,24301.1,2133.77,25.23478712357217,2.2157528556593977,2024,9,52,2351,-1388,1725148800000
2021,11,257,115,4086.15,3201.7000000000003,234.69,27.840869565217393,2.040782608695652,2021,11,257,1369,-1254,1635724800000
2025,11,35,2645,69956.97,64484.52,30.060000000000002,24.379780718336484,0.0113648393194707,2025,11,35,3105,-460,1761955200000
2022,6,63,62,2398.42,1994.1200000000001,245.85,32.163225806451614,3.9653225806451613,2022,6,63,582,-520,1654041600000
2019,6,163,181260,3357314.8,2260208.55,389655.14999999997,12.469428169480304,2.149702912942734,2019,6,163,163022,18238,1559347200000
2025,6,93,1747,94697.05,76680.38,7500.56,43.8926044647968,4.293394390383515,2025,6,93,4166,-2419,1748736000000
2024,3,61,1926,57935.59,52834.1,961.02,27.43203530633437,0.4989719626168224,2024,3,61,5091,-3165,1709251200000
2017,5,95,1468,32364.510000000002,26758.41,2566.03,18.227799727520434,1.7479768392370574,2017,5,95,11750,-10282,1493596800000
2020,8,113,12380,197117.36000000002,129836.94,22945.51,10.487636510500808,1.8534337641357026,2020,8,113,10776,1604,1596240000000
2025,10,73,143,4369.5599999999995,3823.09,11.08,26.734895104895106,0.07748251748251749,2025,10,73,520,-377,1759276800000
2022,9,121,116,3609.68,3285.65,76.53,28.32456896551724,0.6597413793103448,2022,9,121,646,-530,1661990400000
2024,4,89,1125,35853.31,32179.44,628.41,28.603946666666666,0.5585866666666667,2024,4,89,2997,-1872,1711929600000
2024,11,258,435,13023.55,11877.82,18.229999999999997,27.305333333333333,0.04190804597701149,2024,11,258,1004,-569,1730419200000
2016,1,197,514,17489.88,14475.75,2090.75,28.16293774319066,4.067607003891051,2016,1,197,2464,-1950,1451606400000
2019,9,107,144638,2460953.48,1616438.64,296755.1099999999,11.17575353641505,2.0517091635669735,2019,9,107,134754,9884,1567296000000
2018,12,108,196,7843.03,7200.28,97.59,36.73612244897959,0.4979081632653061,2018,12,108,657,-461,1543622400000
2023,9,91,259,9222.4,8353.06,120.36,32.25119691119691,0.46471042471042473,2023,9,91,747,-488,1693526400000
2017,5,121,60,1447.21,1278.0,87.2,21.3,1.4533333333333334,2017,5,121,1451,-1391,1493596800000
2017,2,86,13,387.99,344.5,23.599999999999998,26.5,1.8153846153846152,2017,2,86,390,-377,1485907200000
2020,11,215,391,16503.91,14294.27,1136.17,36.55823529411765,2.9058056265984655,2020,11,215,692,-301,1604188800000
2019,12,166,36683,602676.3900000001,442198.08,69983.71,12.054577869857972,1.9077967996074479,2019,12,166,51150,-14467,1575158400000
2023,1,239,87144,1846929.82,1185166.52,246873.53,13.600093179105848,2.832937781143854,2023,1,239,87968,-824,1672531200000
2023,7,141,65591,1332176.92,854346.53,168757.75,13.025362168590203,2.57287966336845,2023,7,141,72592,-7001,1688169600000
2016,8,119,339,6275.85,5421.7,353.55,15.993215339233037,1.0429203539823009,2016,8,119,2493,-2154,1470009600000
2024,7,20,170,6392.0599999999995,5846.18,47.6,34.38929411764706,0.28,2024,7,20,401,-231,1719792000000
2024,11,163,106177,2617955.62,1753183.94,338530.73000000004,16.51189937557098,3.1883621688312913,2024,11,163,94217,11960,1730419200000
2019,3,154,57,2848.53,2490.04,159.59,43.68491228070175,2.7998245614035087,2019,3,154,130,-73,1551398400000
2021,7,30,4,195.32999999999998,148.59,12.54,37.1475,3.135,2021,7,30,18,-14,1625097600000
2020,9,80,365,10061.82,8422.19,897.65,23.074493150684933,2.4593150684931504,2020,9,80,1545,-1180,1598918400000
2021,2,191,230,10444.1,9079.32,247.71,39.47530434782609,1.077,2021,2,191,463,-233,1612137600000
2025,10,121,681,20073.06,17600.45,215.85999999999999,25.84500734214391,0.3169750367107195,2025,10,121,1454,-773,1759276800000
2025,6,129,5992,183585.65,151622.6,7333.8,25.30417222963952,1.2239319092122831,2025,6,129,7893,-1901,1748736000000
2020,7,98,45,1652.8600000000001,1516.54,51.69,33.70088888888889,1.1486666666666667,2020,7,98,147,-102,1593561600000
2025,1,25,2354,60082.05,49754.03,2684.07,21.135951571792692,1.1402166525063722,2025,1,25,5423,-3069,1735689600000
2024,10,26,454,12899.1,11939.9,49.97,26.299339207048458,0.11006607929515418,2024,10,26,1141,-687,1727740800000
2023,7,253,5,222.67000000000002,204.41,10.76,40.882,2.152,2023,7,253,41,-36,1688169600000
2019,3,47,419,12108.199999999999,11014.23,41.910000000000004,26.286945107398566,0.10002386634844869,2019,3,47,1211,-792,1551398400000
2017,2,142,257730,3345274.19,2648669.13,383758.49,10.2769143289489,1.4889942575563573,2017,2,142,234939,22791,1485907200000
2016,3,187,2,11.110000000000001,9.51,0.0,4.755,0.0,2016,3,187,52,-50,1456790400000
2021,4,46,29,1189.2,978.26,10.0,33.73310344827586,0.3448275862068966,2021,4,46,104,-75,1617235200000
2022,7,191,158,6661.9,6057.18,101.16999999999999,38.33658227848102,0.6403164556962024,2022,7,191,831,-673,1656633600000
2023,10,235,249,10086.789999999999,9139.01,156.99,36.70285140562249,0.6304819277108434,2023,10,235,454,-205,1696118400000
2024,4,127,430,14375.07,12718.27,470.4,29.577372093023257,1.093953488372093,2024,4,127,3185,-2755,1711929600000
2024,3,126,227,7015.13,6279.07,21.189999999999998,27.661101321585903,0.09334801762114536,2024,3,126,433,-206,1709251200000
2020,12,124,156,5364.56,4566.06,432.58,29.26961538461539,2.772948717948718,2020,12,124,284,-128,1606780800000
2020,12,11,105,4243.63,3663.11,256.62,34.886761904761904,2.444,2020,12,11,192,-87,1606780800000
2022,12,194,140,8594.05,6254.85,1084.24,44.6775,7.744571428571429,2022,12,194,227,-87,1669852800000
2016,10,121,82,1969.8200000000002,1731.8,134.03,21.11951219512195,1.6345121951219512,2016,10,121,1611,-1529,1475280000000
2021,4,48,54898,890698.13,587002.3,100771.76,10.69259900178513,1.835618055302561,2021,4,48,50644,4254,1617235200000
2025,6,13,29163,886446.15,625667.54,88936.34,21.454155608133597,3.049629324829407,2025,6,13,33976,-4813,1748736000000
2020,11,8,10,509.21,417.67,51.559999999999995,41.767,5.156,2020,11,8,27,-17,1604188800000
2020,8,172,2,100.84,64.89,2.75,32.445,1.375,2020,8,172,12,-10,1596240000000
2025,8,53,407,10764.97,8920.94,348.34,21.9187714987715,0.8558722358722358,2025,8,53,1432,-1025,1754006400000
2016,10,50,116903,1779495.36,1446189.44,184050.07,12.37084967879353,1.5743827788850586,2016,10,50,132310,-15407,1475280000000
2018,7,162,289935,4240687.2,3335884.77,504579.41000000003,11.505629779088416,1.7403190715160295,2018,7,162,256802,33133,1530403200000
2024,6,107,71249,1569658.97,1046063.28,184499.55,14.681795955030948,2.5895037123328044,2024,6,107,68541,2708,1717200000000
2018,1,100,186333,2539991.6500000004,2025715.16,269158.68,10.871478267402983,1.4445035500957961,2018,1,100,134892,51441,1514764800000
2024,9,218,433,17665.4,16277.49,105.9,37.59235565819861,0.2445727482678984,2024,9,218,1054,-621,1725148800000
2020,1,145,8147,188684.45,144382.92,19000.72,17.72221922179944,2.3322351785933475,2020,1,145,20622,-12475,1577836800000
2018,7,118,9,277.35999999999996,253.5,16.66,28.166666666666668,1.8511111111111112,2018,7,118,152,-143,1530403200000
2017,8,100,192944,2742547.52,2214656.51,267210.94,11.478234669126792,1.384914482958786,2017,8,100,143853,49091,1501545600000
2018,9,101,157,7294.15,6608.7,155.39,42.093630573248404,0.9897452229299362,2018,9,101,590,-433,1535760000000
2016,7,37,5071,78734.76,63574.5,8375.92,12.536876355748372,1.6517294419246698,2016,7,37,21242,-16171,1467331200000
2021,6,219,305,16407.53,13890.75,833.16,45.54344262295082,2.731672131147541,2021,6,219,1080,-775,1622505600000
2018,12,254,587,21806.22,19453.06,403.71,33.13979557069847,0.6877512776831346,2018,12,254,1369,-782,1543622400000
2025,3,32,459,15247.67,13511.62,20.549999999999997,29.437080610021788,0.04477124183006535,2025,3,32,671,-212,1740787200000
2019,11,197,634,26826.93,22766.31,1675.4,35.90900630914827,2.642586750788644,2019,11,197,2395,-1761,1572566400000
2021,9,117,215,12476.039999999999,10936.18,24.68,50.86595348837209,0.1147906976744186,2021,9,117,594,-379,1630454400000
2025,3,218,959,31704.81,29348.21,147.45000000000002,30.602930135557873,0.15375391032325342,2025,3,218,1586,-627,1740787200000
2019,6,50,63353,1122620.83,761336.1,122235.63,12.017364607832304,1.929437122156804,2019,6,50,83221,-19868,1559347200000
2023,6,246,54841,1347748.1,898616.89,172573.87,16.385858937656135,3.146803851133276,2023,6,246,64085,-9244,1685577600000
2025,10,16,271,8432.88,7140.23,254.87,26.34771217712177,0.940479704797048,2025,10,16,1025,-754,1759276800000
2019,5,45,14579,308296.18,224645.49,29174.989999999998,15.408840798408669,2.001165374854242,2019,5,45,19432,-4853,1556668800000
2023,1,191,235,10636.67,9385.7,127.52,39.93914893617021,0.5426382978723404,2023,1,191,709,-474,1672531200000
2021,5,129,879,24681.33,20604.83,1014.58,23.441217292377704,1.1542434584755403,2021,5,129,4055,-3176,1619827200000
2024,11,66,2051,60945.07,50958.58,3431.18,24.845724037055096,1.672930277913213,2024,11,66,4808,-2757,1730419200000
2017,5,216,840,46081.99,37287.36,5073.14,44.389714285714284,6.0394523809523815,2017,5,216,4244,-3404,1493596800000
2016,9,177,306,6012.63,5042.0,470.99,16.477124183006534,1.5391830065359478,2016,9,177,2456,-2150,1472688000000
2022,6,60,66,1683.6,1495.7,27.35,22.662121212121214,0.4143939393939394,2022,6,60,261,-195,1654041600000
2018,6,196,796,20772.09,17185.11,1722.01,21.589334170854272,2.163329145728643,2018,6,196,3156,-2360,1527811200000
2018,2,223,3893,83861.82,66391.34,8173.12,17.05403031081428,2.0994400205497046,2018,2,223,15937,-12044,1517443200000
2021,9,250,128,4907.0,4058.41,66.65,31.706328125,0.520703125,2021,9,250,467,-339,1630454400000
2022,5,171,33,1220.57,1058.55,45.82,32.07727272727273,1.3884848484848484,2022,5,171,550,-517,1651363200000
2024,5,40,770,24604.41,19680.21,1520.51,25.558714285714284,1.9746883116883116,2024,5,40,2925,-2155,1714521600000
2025,10,256,6677,151152.13,118154.28,5089.26,17.69571364385203,0.7622075782537068,2025,10,256,11776,-5099,1759276800000
2023,10,18,162,5059.15,4645.13,19.2,28.67364197530864,0.11851851851851851,2023,10,18,457,-295,1696118400000
2025,8,26,895,21006.61,19104.27,80.33,21.345553072625698,0.08975418994413407,2025,8,26,2034,-1139,1754006400000
2018,9,64,84,3477.4700000000003,3141.87,52.629999999999995,37.403214285714284,0.626547619047619,2018,9,64,688,-604,1535760000000
2016,12,193,4366,52616.12,45080.64,2958.31,10.32538708199725,0.6775790196976638,2016,12,193,6220,-1854,1480550400000
2018,8,113,120851,1613091.94,1274137.22,188988.74,10.543042424142126,1.563816104128224,2018,8,113,102822,18029,1533081600000
2024,6,137,37003,808186.42,548617.47,84816.79,14.826297056995378,2.2921598248790636,2024,6,137,44123,-7120,1717200000000
2024,6,234,95740,2141789.55,1418809.01,258459.17,14.81939638604554,2.699594422393984,2024,6,234,83817,11923,1717200000000
2018,12,87,56624,1186494.26,961621.92,143193.26,16.982585476123198,2.5288439530940945,2018,12,87,62387,-5763,1543622400000
2020,9,223,539,15041.84,11981.14,1405.4,22.228460111317254,2.6074211502782934,2020,9,223,2312,-1773,1598918400000
2017,12,166,48827,726621.05,580569.51,82876.93000000001,11.89033751817642,1.697358633542917,2017,12,166,73381,-24554,1512086400000
2025,6,8,107,4610.67,3459.31,683.19,32.33,6.384953271028038,2025,6,8,136,-29,1748736000000
2022,4,138,95610,4356144.59,2994774.07,592638.78,31.322812153540422,6.198502039535613,2022,4,138,45845,49765,1648771200000
2020,10,221,8,391.76,280.21,25.09,35.02625,3.13625,2020,10,221,46,-38,1601510400000
2021,3,209,2573,56409.2,40822.53,6037.49,15.865732607850758,2.3464788184998056,2021,3,209,3830,-1257,1614556800000
2017,4,232,20270,337487.5,276184.06,35982.9,13.625261963492846,1.7751800690675876,2017,4,232,46764,-26494,1491004800000
2019,1,210,631,22444.34,20620.6,36.699999999999996,32.679239302694135,0.05816164817749603,2019,1,210,1671,-1040,1546300800000
2017,2,229,170597,2215000.32,1756868.89,251451.96,10.298357474047023,1.4739530003458443,2017,2,229,158629,11968,1485907200000
2021,5,25,1505,36875.16,30304.66,2877.17,20.135986710963454,1.9117408637873754,2021,5,25,3672,-2167,1619827200000
2017,3,66,4105,74963.99,60798.0,9261.32,14.810718635809987,2.2561071863580997,2017,3,66,14926,-10821,1488326400000
2023,4,193,2462,23730.14,19127.219999999998,1088.92,7.76897644191714,0.4422908204711617,2023,4,193,3084,-622,1680307200000
2021,2,80,352,10379.25,8643.62,526.35,24.55573863636364,1.4953125,2021,2,80,1462,-1110,1612137600000
2024,3,179,878,22602.34,18932.43,1119.17,21.563132118451026,1.2746810933940775,2024,3,179,3063,-2185,1709251200000
2019,11,194,466,25653.41,18813.71,3162.07,40.37276824034335,6.785557939914163,2019,11,194,1029,-563,1572566400000
2024,11,44,4,182.1,127.5,33.72,31.875,8.43,2024,11,44,14,-10,1730419200000
2020,5,214,10,556.7,430.03,2.75,43.003,0.275,2020,5,214,41,-31,1588291200000
2022,10,111,2,148.85,141.2,0.0,70.6,0.0,2022,10,111,38,-36,1664582400000
2023,7,114,38907,891648.24,589215.37,114242.64000000001,15.144199501375073,2.9363004086668214,2023,7,114,27771,11136,1688169600000
2019,12,219,680,42416.54,34675.41,3278.2,50.99325,4.820882352941176,2019,12,219,3177,-2497,1575158400000
2016,3,115,193,3548.7200000000003,2828.38,413.18,14.654818652849741,2.1408290155440417,2016,3,115,330,-137,1456790400000
2024,7,257,140,4465.62,4047.91,112.28999999999999,28.913642857142857,0.8020714285714285,2024,7,257,1333,-1193,1719792000000
2017,10,99,4,196.07,152.5,24.61,38.125,6.1525,2017,10,99,6,-2,1506816000000
2023,6,152,2030,46793.94,36206.77,4232.6,17.83584729064039,2.0850246305418723,2023,6,152,4427,-2397,1685577600000
2019,6,155,431,15285.22,14016.76,150.23,32.521484918793504,0.34856148491879346,2019,6,155,1260,-829,1559347200000
2016,6,211,98006,1512612.34,1222670.76,167317.65,12.475468440707711,1.7072184356059832,2016,6,211,98743,-737,1464739200000
2017,8,57,52,1369.7,1153.36,104.45,22.18,2.0086538461538463,2017,8,57,529,-477,1501545600000
2024,10,264,10206,326738.33,231233.13,41383.64,22.6565873015873,4.054834411130708,2024,10,264,19520,-9314,1727740800000
2020,2,31,39,1283.72,1073.02,40.86,27.513333333333332,1.0476923076923077,2020,2,31,235,-196,1580515200000
2020,11,257,119,4062.85,3353.64,321.83,28.1818487394958,2.704453781512605,2020,11,257,512,-393,1604188800000
2025,1,260,1476,40893.74,33045.87,2557.77,22.38880081300813,1.7329065040650407,2025,1,260,2464,-988,1735689600000
2021,2,238,41127,634117.45,421249.95,77456.55,10.242661755051426,1.883350353782187,2021,2,238,41057,70,1612137600000
2024,4,101,74,3479.04,3147.24,70.94,42.530270270270265,0.9586486486486486,2024,4,101,344,-270,1711929600000
2025,8,92,1586,42254.31,35968.29,795.08,22.678619167717528,0.5013114754098361,2025,8,92,4727,-3141,1754006400000
2019,8,186,243712,4355405.23,2951216.16,489955.87,12.10944130777311,2.010388778558298,2019,8,186,176256,67456,1564617600000
2022,4,20,80,3230.54,2683.94,189.25,33.54925,2.365625,2022,4,20,431,-351,1648771200000
2018,5,34,232,3969.06,3211.5,460.11,13.842672413793103,1.9832327586206897,2018,5,34,979,-747,1525132800000
2022,12,169,120,3532.64,3222.22,56.57,26.85183333333333,0.47141666666666665,2022,12,169,541,-421,1669852800000
2025,6,37,8037,233020.14,198525.58,1934.98,24.701453278586534,0.24075898967276346,2025,6,37,11181,-3144,1748736000000
2018,3,128,71,1589.53,1370.5,102.63,19.302816901408452,1.4454929577464788,2018,3,128,528,-457,1519862400000
2017,1,39,180,4339.31,3691.73,254.83,20.509611111111113,1.4157222222222223,2017,1,39,1780,-1600,1483228800000
2022,4,217,113,2818.25,2347.86,219.34,20.777522123893807,1.9410619469026549,2022,4,217,1227,-1114,1648771200000
2025,11,20,539,15917.01,14226.84,169.61,26.39487940630798,0.3146753246753247,2025,11,20,1259,-720,1761955200000
2018,4,234,296938,4090070.0100000002,3198164.69,504868.48000000004,10.770479662421112,1.700248806148085,2018,4,234,258112,38826,1522540800000
2023,9,82,394,15183.23,12542.58,1040.3,31.833959390862944,2.6403553299492386,2023,9,82,1720,-1326,1693526400000
2020,5,229,7091,102280.26000000001,65979.35,11229.27,9.304660837681569,1.5835946975038782,2020,5,229,6220,871,1588291200000
2021,7,249,58863,1020255.9400000001,662402.37,137295.01,11.253289332857653,2.332450095985594,2021,7,249,50239,8624,1625097600000
2024,1,198,210,6815.54,5881.49,390.81,28.007095238095236,1.861,2024,1,198,1562,-1352,1704067200000
2022,10,114,43687,816405.83,544447.76,109256.76000000001,12.462466179870443,2.5008986655069014,2022,10,114,35524,8163,1664582400000
2021,4,260,780,19904.920000000002,16374.55,1192.1299999999999,20.99301282051282,1.5283717948717948,2021,4,260,2130,-1350,1617235200000
2025,2,215,1271,46515.06,40031.93,2158.15,31.496404405979543,1.697993705743509,2025,2,215,1545,-274,1738368000000
2021,8,64,108,5827.44,5323.87,36.32,49.29509259259259,0.3362962962962963,2021,8,64,407,-299,1627776000000
2023,9,19,83,3081.47,2623.86,236.27,31.61277108433735,2.8466265060240965,2023,9,19,404,-321,1693526400000
2023,6,55,172,9001.96,8052.25,98.36,46.815406976744185,0.5718604651162791,2023,6,55,583,-411,1685577600000
2019,2,95,1711,48132.97,41108.94,1264.21,24.02626534190532,0.7388720046756283,2019,2,95,8842,-7131,1548979200000
2018,2,16,78,1676.45,1510.7,73.33,19.367948717948718,0.940128205128205,2018,2,16,1066,-988,1517443200000
2017,9,122,14,279.27,211.5,40.91,15.107142857142858,2.9221428571428567,2017,9,122,386,-372,1504224000000
2018,11,91,728,25346.16,22739.45,582.21,31.235508241758243,0.799739010989011,2018,11,91,1885,-1157,1541030400000
2023,5,229,65817,1456078.79,952725.24,185371.53,14.475367154382607,2.81646884543507,2023,5,229,73896,-8079,1682899200000
2020,5,12,24,470.29,312.58,62.92,13.024166666666666,2.6216666666666666,2020,5,12,68,-44,1588291200000
2021,3,15,106,4252.94,3734.19,97.0,35.22820754716981,0.9150943396226415,2021,3,15,276,-170,1614556800000
2019,10,18,207,7104.46,6086.7,119.8,29.404347826086955,0.578743961352657,2019,10,18,914,-707,1569888000000
2025,11,98,242,6908.7,5912.9,130.32,24.433471074380165,0.5385123966942148,2025,11,98,657,-415,1761955200000
2021,7,156,7,599.2,513.79,33.81,73.39857142857143,4.83,2021,7,156,53,-46,1625097600000
2023,6,56,173,7271.86,6077.19,438.57,35.12826589595375,2.5350867052023123,2023,6,56,949,-776,1685577600000
2023,12,231,43592,1183380.98,825965.73,147169.98,18.947644751330518,3.3760777206826944,2023,12,231,50203,-6611,1701388800000
2023,3,2,3,118.3,84.6,10.25,28.2,3.4166666666666665,2023,3,2,7,-4,1677628800000
2017,6,20,67,1241.38,1035.21,117.75,15.45089552238806,1.757462686567164,2017,6,20,879,-812,1496275200000
2019,9,235,389,11762.07,10393.59,79.39,26.718740359897172,0.20408740359897173,2019,9,235,1442,-1053,1567296000000
2023,9,108,54,2396.43,2233.5,14.87,41.361111111111114,0.2753703703703704,2023,9,108,238,-184,1693526400000
2017,2,41,32307,409077.05,332428.88,36942.24,10.289685826601046,1.143474788745473,2017,2,41,57933,-25626,1485907200000
2020,2,144,61740,1073230.31,714218.19,130185.47,11.568159863945578,2.108608195659216,2020,2,144,55308,6432,1580515200000
2017,11,223,4509,99050.03,78280.26,9656.63,17.360891550232868,2.1416345087602573,2017,11,223,18553,-14044,1509494400000
2017,10,212,111,1591.67,1367.51,75.34,12.31990990990991,0.6787387387387388,2017,10,212,1065,-954,1506816000000
2019,9,144,69702,1269880.61,866356.16,143951.61,12.42943043241227,2.0652436085047774,2019,9,144,61131,8571,1567296000000
2022,6,94,25,749.3,674.4,7.05,26.976,0.282,2022,6,94,199,-174,1654041600000
2023,11,233,38535,999179.35,669148.28,125957.95,17.364688724536137,3.2686635526145063,2023,11,233,48972,-10437,1698796800000
2024,6,64,72,3031.09,2743.77,97.53999999999999,38.10791666666667,1.3547222222222222,2024,6,64,421,-349,1717200000000
2021,11,236,158412,2596174.7,1676162.4,342187.01,10.581031740019695,2.1601078832411686,2021,11,236,162762,-4350,1635724800000
2025,9,195,2190,94626.38,77462.52,5275.82,35.371013698630136,2.409050228310502,2025,9,195,3219,-1029,1756684800000
2022,4,74,10086,167031.2,127260.56,15282.08,12.617545112036487,1.5151774737259567,2022,4,74,26013,-15927,1648771200000
2023,5,138,132384,8752614.65,5718114.77,1150869.4,43.193397767101764,8.693417633550881,2023,5,138,48627,83757,1682899200000
2020,5,172,4,144.07999999999998,126.99,2.75,31.7475,0.6875,2020,5,172,9,-5,1588291200000
2020,12,202,96,2849.13,2396.63,262.76,24.964895833333333,2.737083333333333,2020,12,202,793,-697,1606780800000
2025,5,7,10960,256303.84,208731.3,3733.07,19.044826642335764,0.3406085766423358,2025,5,7,14088,-3128,1746057600000
2022,5,73,19,944.54,798.7,90.39,42.03684210526316,4.7573684210526315,2022,5,73,260,-241,1651363200000
2024,8,177,724,22136.57,20687.64,152.71,28.574088397790053,0.2109254143646409,2024,8,177,1315,-591,1722470400000
2019,2,259,340,12938.42,11863.27,8.42,34.891970588235296,0.024764705882352942,2019,2,259,946,-606,1548979200000
2020,12,224,3007,50010.08,33638.59,5827.16,11.18676089125374,1.9378649817093447,2020,12,224,6576,-3569,1606780800000
2019,3,206,24,1334.6399999999999,1136.4,22.47,47.35,0.9362499999999999,2019,3,206,177,-153,1551398400000
2019,6,53,159,5802.88,5256.03,85.25999999999999,33.05679245283019,0.5362264150943395,2019,6,53,760,-601,1559347200000
2023,6,218,270,10097.86,9150.01,67.8,33.888925925925925,0.2511111111111111,2023,6,218,946,-676,1685577600000
2016,1,114,159852,2251947.12,1792991.29,260372.43,11.21657089057378,1.6288343592823362,2016,1,114,128295,31557,1451606400000
2019,12,236,287873,4772453.760000001,3193554.03,528220.3300000001,11.093621249648281,1.8349075112983853,2019,12,236,295665,-7792,1575158400000
2023,9,121,165,5603.83,4944.09,132.38,29.964181818181817,0.8023030303030303,2023,9,121,624,-459,1693526400000
2021,3,10,642,29407.9,24885.829999999998,1258.0,38.76297507788162,1.9595015576323989,2021,3,10,1373,-731,1614556800000
2025,2,79,96578,2037461.36,1314420.6099999999,197757.03,13.60993818467974,2.047640559961896,2025,2,79,86930,9648,1738368000000
2018,2,40,4420,73153.05,57658.76,9232.97,13.044968325791857,2.0889072398190045,2018,2,40,9387,-4967,1517443200000
2025,4,60,532,15540.01,13769.82,1.6,25.88312030075188,0.0030075187969924814,2025,4,60,606,-74,1743465600000
2019,8,205,559,21323.54,19154.96,5.95,34.26647584973166,0.010644007155635063,2019,8,205,1845,-1286,1564617600000
2023,4,192,45,1310.81,1178.44,40.019999999999996,26.187555555555555,0.8893333333333332,2023,4,192,345,-300,1680307200000
2016,10,147,91,2420.16,2059.5,229.99,22.63186813186813,2.5273626373626374,2016,10,147,1180,-1089,1475280000000
2019,8,6,15,875.03,615.49,80.45,41.032666666666664,5.363333333333333,2019,8,6,133,-118,1564617600000
2020,2,165,360,9932.05,8517.83,103.99000000000001,23.66063888888889,0.2888611111111111,2020,2,165,1581,-1221,1580515200000
2016,3,18,161,2358.23,1983.3,175.07,12.318633540372671,1.087391304347826,2016,3,18,1961,-1800,1456790400000
2024,6,59,10,302.8,244.9,4.26,24.490000000000002,0.426,2024,6,59,34,-24,1717200000000
2024,1,133,128,4491.25,3895.31,263.09,30.432109375,2.055390625,2024,1,133,767,-639,1704067200000
2021,12,62,218,7782.79,6829.36,319.08,31.327339449541284,1.463669724770642,2021,12,62,1523,-1305,1638316800000
2025,7,147,642,17572.0,15476.03,54.99,24.105965732087228,0.08565420560747664,2025,7,147,813,-171,1751328000000
2016,11,17,3039,45298.340000000004,36986.94,4386.41,12.17076011846002,1.443372820006581,2016,11,17,17523,-14484,1477958400000
2022,8,112,664,17342.54,12815.26,2649.48,19.300090361445783,3.9901807228915662,2022,8,112,7085,-6421,1659312000000
2022,12,62,183,6024.57,5079.36,575.76,27.75606557377049,3.146229508196721,2022,12,62,1560,-1377,1669852800000
2024,3,215,816,43210.36,36230.72,3060.9500000000003,44.40039215686274,3.751164215686275,2024,3,215,1128,-312,1709251200000
2018,5,83,1034,17958.2,15234.52,1110.18,14.733578336557061,1.0736750483558994,2018,5,83,3458,-2424,1525132800000
2022,2,96,4,249.36,194.10000000000002,27.76,48.525000000000006,6.94,2022,2,96,58,-54,1643673600000
2018,12,14,1017,38407.89,34135.6,1158.32,33.564995083579156,1.1389577187807276,2018,12,14,6787,-5770,1543622400000
2022,4,1,869,83537.35,69653.63,9787.5,80.15377445339472,11.262945914844648,2022,4,1,10109,-9240,1648771200000
2023,5,52,757,23310.87,17733.88,3068.39,23.42652575957728,4.05335535006605,2023,5,52,2328,-1571,1682899200000
2018,7,206,10,481.71999999999997,403.0,55.7,40.3,5.57,2018,7,206,168,-158,1530403200000
2024,6,74,9481,210974.33,168794.34,12419.82,17.80343212741272,1.309969412509229,2024,6,74,25097,-15616,1717200000000
2020,3,144,25655,451762.29,302038.2,54572.01,11.77307347495615,2.1271490937439097,2020,3,144,23602,2053,1583020800000
2023,4,262,43741,982956.85,645491.53,127938.64,14.757127866303925,2.9249134679133992,2023,4,262,50451,-6710,1680307200000
2024,5,63,332,11540.97,10533.2,240.19,31.726506024096388,0.7234638554216868,2024,5,63,843,-511,1714521600000
2020,6,248,230,9667.28,8499.59,233.9,36.95473913043478,1.0169565217391305,2020,6,248,328,-98,1590969600000
2018,1,194,258,15579.25,11072.44,1854.48,42.916434108527135,7.187906976744186,2018,1,194,421,-163,1514764800000
2020,1,58,23,964.72,687.59,189.51,29.89521739130435,8.239565217391304,2020,1,58,139,-116,1577836800000
2020,6,158,910,16346.39,11122.83,1949.77,12.222890109890109,2.1426043956043954,2020,6,158,2232,-1322,1590969600000
2020,2,177,490,14663.16,12917.69,132.37,26.362632653061226,0.27014285714285713,2020,2,177,1427,-937,1580515200000
2024,11,116,3878,98755.51,83332.86,4286.56,21.488617844249614,1.105353274883961,2024,11,116,8925,-5047,1730419200000
2022,8,13,20250,495647.31,350271.42,65102.03,17.29735407407407,3.214915061728395,2022,8,13,26195,-5945,1659312000000
2016,10,149,49,1496.84,1316.84,98.89,26.874285714285712,2.0181632653061223,2016,10,149,1139,-1090,1475280000000
2020,10,247,746,18118.26,15324.67,1290.88,20.54245308310992,1.730402144772118,2020,10,247,1467,-721,1601510400000
2016,10,105,10,140.34,116.0,11.84,11.6,1.184,2016,10,105,11,-1,1475280000000
2023,8,148,30067,763683.63,525487.42,91845.1,17.47721488675292,3.0546812119599562,2023,8,148,28536,1531,1690848000000
2018,3,84,7,386.33,361.81,22.52,51.68714285714286,3.217142857142857,2018,3,84,56,-49,1519862400000
2021,7,95,570,19289.95,15852.29,696.02,27.8110350877193,1.2210877192982457,2021,7,95,3987,-3417,1625097600000
2017,7,174,83,1402.65,1236.0,59.36,14.891566265060241,0.7151807228915663,2017,7,174,1101,-1018,1498867200000
2022,6,10,1433,92331.64,70628.13,10722.66,49.286901605024426,7.482665736217725,2022,6,10,3030,-1597,1654041600000
2023,9,17,440,14383.45,12189.78,1015.65,27.704045454545454,2.3082954545454544,2023,9,17,3143,-2703,1693526400000
2020,2,221,7,237.54000000000002,186.72,0.0,26.674285714285713,0.0,2020,2,221,107,-100,1580515200000
2016,11,78,104,3282.34,2937.51,194.62,28.245288461538465,1.871346153846154,2016,11,78,901,-797,1477958400000
2018,4,72,266,7506.04,6923.5,129.06,26.028195488721803,0.48518796992481206,2018,4,72,1492,-1226,1522540800000
2017,11,134,466,16824.81,13562.36,1839.18,29.103776824034338,3.9467381974248927,2017,11,134,2010,-1544,1509494400000
2017,9,25,9970,164954.22999999998,135333.53,17933.45,13.574075225677031,1.7987412236710132,2017,9,25,17579,-7609,1504224000000
2018,9,179,4285,65217.76,55003.95,4804.06,12.83639439906651,1.1211341890315054,2018,9,179,10664,-6379,1535760000000
2016,7,226,19445,331976.68,278711.94,26750.95,14.33334739007457,1.3757238364618154,2016,7,226,28854,-9409,1467331200000
2020,1,161,282233,4921988.99,3205073.33,611206.9700000001,11.356125364503797,2.165611285710743,2020,1,161,249730,32503,1577836800000
2022,9,63,64,2518.03,2245.8900000000003,118.39,35.092031250000005,1.84984375,2022,9,63,556,-492,1661990400000
2017,3,123,198,3412.84,2822.3,305.8,14.254040404040405,1.5444444444444445,2017,3,123,1582,-1384,1488326400000
2024,2,129,859,28353.04,23141.47,1864.08,26.94001164144354,2.170058207217695,2024,2,129,3705,-2846,1706745600000
2020,6,102,65,1850.41,1635.76,91.51,25.16553846153846,1.407846153846154,2020,6,102,178,-113,1590969600000
2021,9,47,256,9643.99,8228.3,359.24,32.141796875,1.40328125,2021,9,47,626,-370,1630454400000
2019,12,95,1182,31753.64,26291.46,1557.74,22.243197969543147,1.3178849407783417,2019,12,95,7844,-6662,1575158400000
2017,4,200,76,1948.59,1664.26,146.24,21.89815789473684,1.9242105263157896,2017,4,200,3077,-3001,1491004800000
2023,8,21,107,4342.53,3912.42,48.74,36.56467289719626,0.4555140186915888,2023,8,21,438,-331,1690848000000
2020,4,44,41,3965.72,3545.02,88.0,86.4639024390244,2.1463414634146343,2020,4,44,47,-6,1585699200000
2017,6,263,170455,2231485.16,1762006.11,255111.86,10.33707494646681,1.4966522542606553,2017,6,263,171179,-724,1496275200000
2023,12,207,261,2740.09,2029.83,229.42,7.777126436781609,0.8790038314176245,2023,12,207,270,-9,1701388800000
2019,7,211,48265,850552.51,572543.36,98485.99,11.862495804413136,2.040526054076453,2019,7,211,48804,-539,1561939200000
2022,10,71,138,4074.7,3729.42,75.63,27.024782608695652,0.5480434782608695,2022,10,71,731,-593,1664582400000
2016,2,261,50105,975122.51,797911.28,107884.12,15.924783554535477,2.153160762398962,2016,2,261,47890,2215,1454284800000
2020,6,109,3,85.5,68.86,0.0,22.953333333333333,0.0,2020,6,109,19,-16,1590969600000
2023,2,198,109,3457.66,2691.99,358.42,24.69715596330275,3.288256880733945,2023,2,198,1523,-1414,1675209600000
2017,12,225,839,12943.84,10674.8,1143.11,12.723241954707985,1.3624672228843862,2017,12,225,9944,-9105,1512086400000
2025,10,207,344,12070.51,9395.28,1460.47,27.311860465116283,4.245552325581396,2025,10,207,270,74,1759276800000
2022,5,247,363,10058.78,8382.53,775.3,23.092369146005513,2.1358126721763084,2022,5,247,1524,-1161,1651363200000
2019,3,173,410,10182.5,8953.13,161.6,21.83690243902439,0.3941463414634146,2019,3,173,2309,-1899,1551398400000
2025,7,166,20460,464861.38,347462.58,32336.55,16.982530791788857,1.5804765395894427,2025,7,166,25764,-5304,1751328000000
2021,11,59,8,495.65000000000003,444.58,14.02,55.5725,1.7525,2021,11,59,28,-20,1635724800000
2024,12,135,225,8601.49,7452.51,248.4,33.12226666666667,1.104,2024,12,135,882,-657,1733011200000
2020,10,98,105,3804.06,3350.34,279.42,31.908,2.6611428571428575,2020,10,98,313,-208,1601510400000
2016,11,41,33907,452514.38,367472.93,42305.95,10.83767157224172,1.2477054885421888,2016,11,41,63029,-29122,1477958400000
2023,11,15,35,1443.06,1264.2,16.45,36.120000000000005,0.47,2023,11,15,425,-390,1698796800000
2025,11,206,17,673.78,530.36,36.82,31.19764705882353,2.1658823529411766,2025,11,206,132,-115,1761955200000
2022,9,232,4671,114817.42,83061.55,14351.66,17.78239135088846,3.0725026760864913,2022,9,232,15141,-10470,1661990400000
2017,2,20,63,1066.8500000000001,911.8,74.13,14.473015873015873,1.1766666666666665,2017,2,20,773,-710,1485907200000
2018,6,136,187,4477.52,4062.5,93.97,21.72459893048128,0.5025133689839573,2018,6,136,1278,-1091,1527811200000
2020,2,232,8873,184862.85,132507.44,19917.55,14.933781133776627,2.244736842105263,2020,2,232,26692,-17819,1580515200000
2017,11,49,2787,39801.66,32533.91,3870.07,11.673451740222461,1.3886149982059564,2017,11,49,15897,-13110,1509494400000
2020,10,86,193,9899.07,8919.59,474.33,46.215492227979276,2.4576683937823836,2020,10,86,505,-312,1601510400000
2023,5,216,597,39688.99,33180.75,4032.54,55.57914572864322,6.7546733668341705,2023,5,216,3038,-2441,1682899200000
2024,11,172,11,300.36,202.84,29.0,18.44,2.6363636363636362,2024,11,172,35,-24,1730419200000
2017,3,23,20,828.72,616.96,141.8,30.848000000000003,7.090000000000001,2017,3,23,268,-248,1488326400000
2025,7,115,17,523.0,397.99,0.0,23.411176470588234,0.0,2025,7,115,51,-34,1751328000000
2025,8,101,313,10388.52,9215.42,384.51,29.44223642172524,1.2284664536741214,2025,8,101,671,-358,1754006400000
2024,4,116,3778,94646.14,79234.47,4557.9,20.972596611964004,1.2064319745897298,2024,4,116,9050,-5272,1711929600000
2017,6,237,379701,4587580.49,3632576.35,504568.06,9.566939117884862,1.3288562842868468,2017,6,237,332690,47011,1496275200000
2022,11,95,329,11130.02,9314.52,1000.15,28.311610942249242,3.039969604863222,2022,11,95,3885,-3556,1667260800000
2020,6,187,10,703.79,565.8,0.0,56.58,0.0,2020,6,187,9,1,1590969600000
2021,1,51,663,24413.03,20844.04,1077.61,31.43897435897436,1.6253544494720964,2021,1,51,1125,-462,1609459200000
2018,11,198,392,10963.45,9277.47,712.88,23.667015306122448,1.8185714285714285,2018,11,198,4193,-3801,1541030400000
2018,2,264,133989,2156458.4599999995,1722050.14,254353.33,12.852175477091402,1.8983150109337332,2018,2,264,121042,12947,1517443200000
2016,1,208,70,2264.76,1648.54,411.84000000000003,23.550571428571427,5.8834285714285715,2016,1,208,1338,-1268,1451606400000
2023,4,185,73,2211.89,1947.78,43.86,26.68191780821918,0.6008219178082191,2023,4,185,357,-284,1680307200000
2016,11,246,142703,2259660.3,1823034.59,254316.55,12.775026383467763,1.7821387777411826,2016,11,246,177144,-34441,1477958400000
2018,9,226,12041,230564.1,194660.42,17936.39,16.16646624034549,1.4896096669711818,2018,9,226,19029,-6988,1535760000000
2023,11,89,465,15836.88,14074.78,605.57,30.268344086021507,1.3023010752688173,2023,11,89,2580,-2115,1698796800000
2024,4,211,26885,646429.83,445320.44,73632.23,16.563899572252186,2.738784824251441,2024,4,211,29416,-2531,1711929600000
2016,3,20,78,1354.94,1134.74,109.1,14.547948717948717,1.3987179487179486,2016,3,20,1357,-1279,1456790400000
2023,1,81,81,2935.48,2681.13,15.0,33.10037037037037,0.18518518518518517,2023,1,81,247,-166,1672531200000
2019,8,150,114,4522.7,4049.7400000000002,95.7,35.5240350877193,0.8394736842105264,2019,8,150,473,-359,1564617600000
2017,6,54,641,11863.42,9574.86,1416.55,14.937379095163807,2.20990639625585,2017,6,54,2878,-2237,1496275200000
2018,6,14,586,17730.19,15743.21,831.9,26.865546075085323,1.4196245733788395,2018,6,14,6933,-6347,1527811200000
2016,9,227,144,2751.66,2314.0,199.16,16.069444444444443,1.3830555555555555,2016,9,227,2650,-2506,1472688000000
2016,12,225,1472,24674.25,20486.32,2191.71,13.917336956521739,1.4889334239130434,2016,12,225,13061,-11589,1480550400000
2019,9,28,1028,55933.3,43651.62,5604.83,42.462665369649805,5.452169260700389,2019,9,28,3567,-2539,1567296000000
2023,12,230,112288,3383438.52,2339418.97,410657.43,20.834095985323454,3.65718001923625,2023,12,230,103804,8484,1701388800000
2025,2,138,84817,5433447.7,3419738.27,754897.37,40.319019418276994,8.900307367626773,2025,2,138,29865,54952,1738368000000
2025,11,5,1,11.7,10.2,0.0,10.2,0.0,2025,11,5,10,-9,1761955200000
2023,5,65,2533,81966.34,63844.14,9060.72,25.2049506514015,3.5770706671930514,2023,5,65,5674,-3141,1682899200000
2019,3,42,15441,237196.04,198762.25,10817.46,12.872369017550676,0.7005673207693802,2019,3,42,36752,-21311,1551398400000
2024,12,217,311,9016.01,8054.69,310.4,25.899324758842443,0.9980707395498392,2024,12,217,1350,-1039,1733011200000
2019,2,206,39,1944.36,1649.88,17.77,42.30461538461539,0.45564102564102565,2019,2,206,170,-131,1548979200000
2020,2,52,3343,64086.560000000005,48217.1,8464.029999999999,14.423302422973377,2.5318665868979955,2020,2,52,5215,-1872,1580515200000
2019,1,92,591,20026.32,17492.01,611.5,29.597309644670048,1.0346869712351945,2019,1,92,3120,-2529,1546300800000
2023,12,28,344,16363.25,13609.69,1235.1000000000001,39.563052325581396,3.5904069767441866,2023,12,28,1040,-696,1701388800000
2022,3,252,38,1934.77,1692.81,185.36,44.54763157894737,4.877894736842106,2022,3,252,654,-616,1646092800000
2017,10,96,17,413.5,328.0,43.62,19.294117647058822,2.5658823529411765,2017,10,96,167,-150,1506816000000
2022,9,96,13,503.94,389.14,91.8,29.933846153846154,7.061538461538461,2022,9,96,107,-94,1661990400000
2023,5,70,15785,934638.1000000001,637660.83,122361.77,40.39663161229014,7.751775102945835,2023,5,70,2273,13512,1682899200000
2023,11,195,497,28612.16,23568.09,2384.34,47.42070422535211,4.797464788732395,2023,11,195,1187,-690,1698796800000
2025,2,146,2832,69024.87,56032.67,2901.59,19.78554731638418,1.0245727401129945,2025,2,146,2559,273,1738368000000
2017,9,264,115567,2115229.51,1717063.25,235879.54,14.857729715230127,2.041063106250054,2017,9,264,101279,14288,1504224000000
2025,1,14,940,28737.85,24935.84,574.49,26.527489361702127,0.6111595744680851,2025,1,14,2549,-1609,1735689600000
2022,6,191,167,6617.92,5987.97,115.95,35.85610778443114,0.694311377245509,2022,6,191,713,-546,1654041600000
2023,8,138,104734,6745735.550000001,4370032.45,853236.86,41.72506015238605,8.146703649244753,2023,8,138,38066,66668,1690848000000
2018,6,211,67122,1012072.97,811364.81,117118.05,12.08791171300021,1.7448534012693304,2018,6,211,70299,-3177,1527811200000
2023,8,140,55652,1251316.0,830145.43,154358.0,14.91672231006972,2.773628980090563,2023,8,140,57115,-1463,1690848000000
2020,3,94,117,2146.88,1899.8,34.519999999999996,16.237606837606837,0.295042735042735,2020,3,94,364,-247,1583020800000
2021,6,152,2957,51695.270000000004,40997.33,4470.01,13.86450118363206,1.511670612106865,2021,6,152,5217,-2260,1622505600000
2021,4,8,12,866.64,699.71,77.16,58.30916666666667,6.43,2021,4,8,55,-43,1617235200000
2021,7,32,132,5367.88,4564.82,56.86,34.58196969696969,0.43075757575757573,2021,7,32,439,-307,1625097600000
2019,9,148,85541,1603216.0,1094323.61,188344.75,12.792971908207761,2.2018067359511813,2019,9,148,67436,18105,1567296000000
2023,7,93,308,23088.98,18319.55,2589.78,59.479058441558436,8.408376623376624,2023,7,93,660,-352,1688169600000
2018,11,51,624,23651.89,21031.37,533.36,33.70411858974359,0.8547435897435898,2018,11,51,1539,-915,1541030400000
2019,6,263,124759,1967134.1700000002,1275440.45,229653.77,10.223233995142635,1.8407791822634039,2019,6,263,126926,-2167,1559347200000
2019,7,102,196,5713.37,5088.38,72.42,25.96112244897959,0.36948979591836734,2019,7,102,1047,-851,1561939200000
2019,12,77,350,11426.16,10002.710000000001,33.37,28.57917142857143,0.09534285714285713,2019,12,77,799,-449,1575158400000
2022,4,171,37,1240.77,1080.25,44.37,29.195945945945947,1.199189189189189,2022,4,171,560,-523,1648771200000
2023,8,57,12,427.1,325.31,25.22,27.109166666666667,2.1016666666666666,2023,8,57,95,-83,1690848000000
2024,2,259,134,5709.28,5242.6,16.2,39.12388059701493,0.1208955223880597,2024,2,259,286,-152,1706745600000
2018,4,102,87,2248.97,1930.3,162.67,22.18735632183908,1.8697701149425285,2018,4,102,1143,-1056,1522540800000
2024,3,258,278,9592.15,8678.17,81.86,31.216438848920863,0.2944604316546763,2024,3,258,849,-571,1709251200000
2017,11,168,1757,26137.920000000002,22169.48,1484.17,12.617803073420603,0.8447182697780308,2017,11,168,6580,-4823,1509494400000
2018,6,58,25,894.0699999999999,824.5,17.77,32.98,0.7108,2018,6,58,189,-164,1527811200000
2021,4,162,61363,960041.7000000001,608805.55,122425.84,9.921378517999447,1.9951084529765493,2021,4,162,48829,12534,1617235200000
2025,3,223,2560,82433.42,66365.78,4851.18,25.924132812499998,1.8949921875000002,2025,3,223,6173,-3613,1740787200000
2019,2,62,856,21177.89,19390.82,163.7,22.652827102803737,0.19123831775700934,2019,2,62,3117,-2261,1548979200000
2019,10,64,101,3586.07,3249.82,13.69,32.17643564356436,0.13554455445544553,2019,10,64,679,-578,1569888000000
2021,3,221,10,650.7,490.54,51.71,49.054,5.171,2021,3,221,49,-39,1614556800000
2023,2,231,38946,1017964.69,695549.31,131034.03,17.859325989832076,3.364505469111077,2023,2,231,44224,-5278,1675209600000
2024,2,141,72092,1458383.93,935712.78,185009.88999999998,12.9794260112079,2.566302641069744,2024,2,141,82779,-10687,1706745600000
2022,10,125,18852,382123.21,257487.75,52295.87,13.658378421387651,2.7740223848928496,2022,10,125,16689,2163,1664582400000
2017,8,143,81816,1063796.1,845940.08,120126.46,10.33954336560086,1.4682514422606825,2017,8,143,93849,-12033,1501545600000
2023,11,192,56,1975.24,1782.61,57.99,31.832321428571426,1.0355357142857142,2023,11,192,322,-266,1698796800000
2022,1,90,43693,683954.3,432371.34,90103.77,9.895666125008583,2.062201496807269,2022,1,90,35821,7872,1640995200000
2016,12,183,16,315.34000000000003,272.3,19.7,17.01875,1.23125,2016,12,183,513,-497,1480550400000
2021,10,127,286,8884.09,7535.9800000000005,523.13,26.34958041958042,1.829125874125874,2021,10,127,2441,-2155,1633046400000
2016,5,218,85,5410.88,4973.51,308.18,58.51188235294118,3.6256470588235294,2016,5,218,1385,-1300,1462060800000
2020,12,84,11,910.54,753.85,51.47,68.53181818181818,4.679090909090909,2020,12,84,49,-38,1606780800000
2018,4,90,165699,2209739.96,1732662.83,266514.64999999997,10.456688513509436,1.6084264238166794,2018,4,90,139171,26528,1522540800000
2022,4,111,4,92.68,78.06,11.420000000000002,19.515,2.8550000000000004,2022,4,111,35,-31,1648771200000
2016,1,232,22549,369105.25,301914.44,39850.29,13.38926072109628,1.7672752671958845,2016,1,232,50799,-28250,1451606400000
2022,7,208,69,2189.03,1822.91,142.22,26.41898550724638,2.061159420289855,2022,7,208,492,-423,1656633600000
2016,3,82,3460,59216.520000000004,49002.36,4478.26,14.162531791907515,1.2942947976878614,2016,3,82,11383,-7923,1456790400000
2018,7,20,86,2231.35,1981.5,96.84,23.040697674418606,1.126046511627907,2018,7,20,773,-687,1530403200000
2023,9,135,136,4650.93,4110.16,120.95,30.22176470588235,0.8893382352941177,2023,9,135,751,-615,1693526400000
2023,9,212,84,2917.8,2580.26,87.0,30.717380952380957,1.0357142857142858,2023,9,212,288,-204,1693526400000
2023,10,88,10087,347935.22,255209.76,41034.5,25.300858530782197,4.068057896302171,2023,10,88,13533,-3446,1696118400000
2023,6,215,432,28261.55,23005.58,2457.05,53.25365740740741,5.687615740740741,2023,6,215,802,-370,1685577600000
2020,11,196,331,9393.51,8004.36,728.61,24.182356495468277,2.201238670694864,2020,11,196,823,-492,1604188800000
2018,11,36,863,17882.170000000002,14985.3,1431.81,17.36419466975666,1.6591077636152953,2018,11,36,6639,-5776,1541030400000
2019,12,90,114436,1899969.87,1241667.27,228492.06,10.850320441119928,1.9966798909434094,2019,12,90,92245,22191,1575158400000
2017,6,239,246048,3267015.33,2581546.88,377954.13,10.492045779685265,1.5360991757705813,2017,6,239,231169,14879,1496275200000
2018,8,215,926,55240.840000000004,44864.84,5015.34,48.450151187904964,5.416133909287257,2018,8,215,1196,-270,1533081600000
2022,12,164,78135,1709203.3599999999,1150157.1,212939.88,14.720126703781917,2.725281627951622,2022,12,164,71563,6572,1669852800000
2022,7,78,114,3269.73,2902.87,67.06,25.46377192982456,0.5882456140350878,2022,7,78,400,-286,1656633600000
2023,3,230,117418,3163109.36,2109875.19,400851.18,17.968924611218043,3.413881857977482,2023,3,230,105161,12257,1677628800000
2017,5,262,122069,1665948.58,1325427.77,189595.17,10.858021037282192,1.5531803324349345,2017,5,262,126530,-4461,1493596800000
2025,8,16,284,8433.06,7610.78,65.28,26.798521126760562,0.22985915492957748,2025,8,16,1224,-940,1754006400000
2016,10,92,588,11500.42,9835.1,679.88,16.726360544217687,1.1562585034013606,2016,10,92,4670,-4082,1475280000000
2024,10,165,431,12336.24,11556.69,76.78,26.813665893271462,0.17814385150812065,2024,10,165,1004,-573,1727740800000
2021,11,89,496,19318.02,16288.6,739.58,32.83991935483871,1.4910887096774195,2021,11,89,2610,-2114,1635724800000
2019,3,62,926,22568.81,20617.64,371.79,22.265269978401726,0.40150107991360695,2019,3,62,3446,-2520,1551398400000
2019,7,217,359,7275.49,6196.05,369.86,17.259192200557102,1.03025069637883,2019,7,217,1931,-1572,1561939200000
2020,3,136,283,9057.69,8128.52,79.53,28.722685512367494,0.28102473498233216,2020,3,136,792,-509,1583020800000
2022,7,99,3,176.6,156.0,0.0,52.0,0.0,2022,7,99,5,-2,1656633600000
2025,8,210,810,24809.27,23151.52,155.63,28.582123456790125,0.1921358024691358,2025,8,210,1435,-625,1754006400000
2017,2,135,169,3615.29,2922.71,379.72,17.29414201183432,2.2468639053254438,2017,2,135,1914,-1745,1485907200000
2017,5,130,791,41041.270000000004,33000.01,4406.02,41.71935524652339,5.570189633375475,2017,5,130,2618,-1827,1493596800000
2017,7,83,1171,17444.75,15093.76,718.98,12.889632792485056,0.6139880444064902,2017,7,83,4023,-2852,1498867200000
2022,7,69,192,4985.65,4428.32,190.62,23.064166666666665,0.9928125,2022,7,69,1290,-1098,1656633600000
2022,5,229,74871,1270941.1,825636.41,165747.65,11.027452685285358,2.2137763620093227,2022,5,229,73998,873,1651363200000
2017,12,91,161,3686.99,3306.8,202.29,20.53913043478261,1.2564596273291926,2017,12,91,1365,-1204,1512086400000
2024,2,166,14987,340180.63,245571.04,40833.76,16.385603523053312,2.7246119970641223,2024,2,166,21961,-6974,1706745600000
2024,5,55,541,24131.03,22404.29,420.21,41.412735674676526,0.776728280961183,2024,5,55,903,-362,1714521600000
2022,7,160,67,2912.7,2399.02,315.13,35.80626865671642,4.703432835820895,2022,7,160,1108,-1041,1656633600000
2021,3,155,515,18916.12,16591.49,122.48,32.21648543689321,0.2378252427184466,2021,3,155,809,-294,1614556800000
2024,3,68,94943,2364197.75,1613193.01,286895.31999999995,16.99117375688571,3.0217637951191763,2024,3,68,93305,1638,1709251200000
2020,11,212,268,8137.83,6730.73,848.71,25.114664179104476,3.166828358208955,2020,11,212,504,-236,1604188800000
2017,10,261,60144,1224029.79,1011150.54,128533.38,16.812159816440545,2.137093974461293,2017,10,261,52516,7628,1506816000000
2017,3,203,46,1941.94,1729.96,131.24,37.60782608695652,2.8530434782608696,2017,3,203,808,-762,1488326400000
2019,3,83,888,18408.22,15820.84,674.88,17.81626126126126,0.76,2019,3,83,3165,-2277,1551398400000
2023,2,244,1843,52758.5,41971.61,4849.94,22.77352685838307,2.631546391752577,2023,2,244,8663,-6820,1675209600000
2018,7,63,145,4533.15,3986.95,272.79,27.496206896551723,1.8813103448275863,2018,7,63,940,-795,1530403200000
2017,11,19,75,1597.97,1327.0,152.6,17.69333333333333,2.0346666666666664,2017,11,19,438,-363,1509494400000
2017,2,255,12415,197344.57,157851.23,23699.48,12.714557390253725,1.9089391864679823,2017,2,255,29066,-16651,1485907200000
2016,10,102,76,1233.45,1061.0,69.67,13.960526315789474,0.9167105263157895,2016,10,102,1539,-1463,1475280000000
2017,5,258,131,3529.1,2734.8,557.12,20.876335877862598,4.252824427480916,2017,5,258,1874,-1743,1493596800000
2020,9,48,37390,585943.29,387268.4,63869.26,10.357539449050549,1.7081909601497727,2020,9,48,32895,4495,1598918400000
2025,7,62,2320,61666.73,55567.09,337.87,23.95133189655172,0.14563362068965519,2025,7,62,3184,-864,1751328000000
2024,6,81,179,6593.07,6094.13,1.0,34.04541899441341,0.00558659217877095,2024,6,81,359,-180,1717200000000
2023,4,69,222,7090.93,6311.48,154.5,28.430090090090086,0.6959459459459459,2023,4,69,1093,-871,1680307200000
2023,11,136,142,5325.9,4819.08,43.19,33.93718309859155,0.30415492957746476,2023,11,136,403,-261,1698796800000
2025,8,181,4853,117881.52,96737.15,2912.66,19.933474139707396,0.6001772099732124,2025,8,181,11359,-6506,1754006400000
2016,6,201,13,406.52,343.5,37.3,26.423076923076923,2.869230769230769,2016,6,201,421,-408,1464739200000
2025,6,79,111515,2510034.11,1675469.91,219472.22,15.024614715509124,1.968095951217325,2025,6,79,93919,17596,1748736000000
2022,2,213,182,6388.13,5649.83,70.8,31.04302197802198,0.389010989010989,2022,2,213,562,-380,1643673600000
2018,4,81,116,3676.04,3358.51,52.42,28.952672413793106,0.45189655172413795,2018,4,81,592,-476,1522540800000
2022,1,191,102,3405.11,3188.05,12.059999999999999,31.255392156862747,0.11823529411764705,2022,1,191,511,-409,1640995200000
2020,8,259,313,15678.83,14202.41,429.33,45.375111821086264,1.371661341853035,2020,8,259,551,-238,1596240000000
2023,8,121,200,6401.97,5668.65,139.75,28.343249999999998,0.69875,2023,8,121,821,-621,1690848000000
2017,12,181,9997,163207.34,132282.78,18204.02,13.232247674302291,1.8209482844853457,2017,12,181,31190,-21193,1512086400000
2023,8,231,36991,990826.16,687483.09,120389.92,18.58514476494282,3.254573274580303,2023,8,231,41923,-4932,1690848000000
2019,9,67,139,4030.87,3563.4100000000003,52.84,25.63604316546763,0.38014388489208634,2019,9,67,1066,-927,1567296000000
2017,6,43,137648,1905895.33,1539668.07,199736.79,11.185546248401721,1.4510693217482273,2017,6,43,113739,23909,1496275200000
2019,11,59,12,451.35,407.39,0.0,33.94916666666666,0.0,2019,11,59,37,-25,1572566400000
2024,6,6,51,1433.05,494.52,35.730000000000004,9.696470588235293,0.7005882352941177,2024,6,6,97,-46,1717200000000
2024,11,216,1987,116657.54,99748.38,11317.41,50.20049320583795,5.69572722697534,2024,11,216,4118,-2131,1730419200000
2016,4,90,236516,3207820.82,2527914.21,377925.59,10.688131923421672,1.5978859358352078,2016,4,90,188175,48341,1459468800000
2020,3,202,148,3919.95,3266.82,283.91,22.07310810810811,1.918310810810811,2020,3,202,1523,-1375,1583020800000
2025,9,100,58738,1449230.3,962953.49,153696.92,16.39404627328135,2.6166522523749536,2025,9,100,51267,7471,1756684800000
2020,5,34,52,1895.44,1738.5,15.469999999999999,33.43269230769231,0.2975,2020,5,34,42,10,1588291200000
2021,4,111,4,160.1,136.85,3.0,34.2125,0.75,2021,4,111,28,-24,1617235200000
2018,6,240,37,1555.42,1241.97,214.87,33.56675675675676,5.807297297297297,2018,6,240,301,-264,1527811200000
2019,11,218,559,22109.5,19677.44,22.419999999999998,35.201144901610014,0.040107334525939176,2019,11,218,2108,-1549,1572566400000
2019,3,56,721,29702.83,24343.34,1858.41,33.763300970873786,2.5775450762829406,2019,3,56,2635,-1914,1551398400000
2017,12,21,79,2036.76,1798.06,151.97,22.76025316455696,1.9236708860759493,2017,12,21,1057,-978,1512086400000
2020,10,260,788,15287.32,12742.77,1109.9,16.171027918781725,1.408502538071066,2020,10,260,1803,-1015,1601510400000
2020,9,112,310,7127.64,5745.67,650.35,18.53441935483871,2.097903225806452,2020,9,112,2216,-1906,1598918400000
2021,5,121,277,9412.24,8183.12,18.2,29.541949458483753,0.06570397111913358,2021,5,121,745,-468,1619827200000
2021,8,72,300,11912.59,10412.44,147.5,34.708133333333336,0.49166666666666664,2021,8,72,1105,-805,1627776000000
2024,6,244,3018,87547.15,73668.79,4704.23,24.409804506295558,1.5587243207422132,2024,6,244,11779,-8761,1717200000000
2025,2,101,210,6889.87,6231.77,49.18,29.67509523809524,0.2341904761904762,2025,2,101,442,-232,1738368000000
2020,6,172,10,255.96,215.86,18.86,21.586000000000002,1.886,2020,6,172,15,-5,1590969600000
2024,5,46,29,1514.48,1396.52,0.0,48.15586206896552,0.0,2024,5,46,101,-72,1714521600000
2021,12,87,15556,383838.68,273667.22,49072.28,17.592390074569295,3.154556441244536,2021,12,87,19980,-4424,1638316800000
2021,11,241,128,5414.88,4717.69,81.42,36.856953125,0.63609375,2021,11,241,580,-452,1635724800000
2024,2,217,147,4338.67,3743.94,182.07,25.468979591836735,1.2385714285714284,2024,2,217,1275,-1128,1706745600000
2017,3,233,137423,2119291.77,1671458.67,245756.42,12.162874264133368,1.7883208778734274,2017,3,233,150333,-12910,1488326400000
2016,6,143,113910,1733853.94,1424785.19,172234.83,12.50799043104205,1.5120255464840662,2016,6,143,122646,-8736,1464739200000
2020,9,53,91,3732.5299999999997,3334.87,225.39,36.64692307692307,2.4768131868131866,2020,9,53,183,-92,1598918400000
2018,10,258,303,10910.79,9574.86,330.66,31.600198019801983,1.0912871287128714,2018,10,258,1580,-1277,1538352000000
2020,1,221,9,469.46,403.54,59.22,44.83777777777778,6.58,2020,1,221,129,-120,1577836800000
2021,11,248,139,6710.86,5853.4400000000005,41.7,42.11107913669065,0.30000000000000004,2021,11,248,377,-238,1635724800000
2024,6,179,1091,30466.36,26356.58,768.23,24.158185151237397,0.7041521539871678,2024,6,179,2822,-1731,1717200000000
2023,12,85,209,6468.22,5836.54,102.02,27.92602870813397,0.48813397129186603,2023,12,85,582,-373,1701388800000
2020,7,113,8362,133679.22,88617.52,15247.56,10.597646496053576,1.8234345850275053,2020,7,113,7558,804,1593561600000
2022,7,41,9253,160438.31999999998,121209.25,17076.42,13.099454231060196,1.8455009186209876,2022,7,41,20379,-11126,1656633600000
2018,12,145,10196,194016.61000000002,154494.05,18229.809999999998,15.152417614750881,1.7879374264417416,2018,12,145,25627,-15431,1543622400000
2025,4,86,760,32146.15,30225.48,30.9,39.77036842105263,0.0406578947368421,2025,4,86,1233,-473,1743465600000
2025,5,121,822,20385.3,17775.07,183.6,21.62417274939173,0.22335766423357664,2025,5,121,1635,-813,1746057600000
2021,6,220,287,9813.53,8375.74,217.09,29.18376306620209,0.756411149825784,2021,6,220,1447,-1160,1622505600000
2017,7,187,2,63.400000000000006,61.3,0.0,30.65,0.0,2017,7,187,48,-46,1498867200000
2022,3,70,13912,615620.37,430707.72,82509.59999999999,30.95943933294997,5.930822311673375,2022,3,70,1544,12368,1646092800000
2019,2,83,709,14208.56,12269.22,496.76,17.30496473906911,0.7006488011283498,2019,2,83,2645,-1936,1548979200000
2019,1,106,901,15587.710000000001,12825.07,1326.6,14.23426193118757,1.4723640399556048,2019,1,106,3071,-2170,1546300800000
2025,8,143,35041,704383.27,455450.45,69359.69,12.997644188236638,1.9793867184155705,2025,8,143,42734,-7693,1754006400000
2021,6,19,84,3270.02,2930.52,28.5,34.887142857142855,0.3392857142857143,2021,6,19,291,-207,1622505600000
2022,2,88,6550,158773.64,114234.75,19193.64,17.440419847328243,2.930326717557252,2022,2,88,8526,-1976,1643673600000
2019,12,235,491,20303.39,18550.91,90.51,37.781894093686354,0.18433808553971487,2019,12,235,1411,-920,1575158400000
2020,4,54,6,193.70000000000002,148.53,18.23,24.755,3.0383333333333336,2020,4,54,40,-34,1585699200000
2023,2,238,59032,1256616.09,823106.99,164329.79,13.943403408320911,2.7837408524190272,2023,2,238,68061,-9029,1675209600000
2019,9,246,117137,2117454.3800000004,1418353.69,254330.87000000002,12.108502778797476,2.1712257442140404,2019,9,246,134048,-16911,1567296000000
2024,6,238,66514,1435674.53,964388.95,173964.57,14.499037044832667,2.6154579487025287,2024,6,238,73890,-7376,1717200000000
2020,7,62,349,13208.09,12191.25,522.69,34.93194842406877,1.497679083094556,2020,7,62,748,-399,1593561600000
2022,3,258,31,1105.5,974.2,13.6,31.425806451612903,0.43870967741935485,2022,3,258,712,-681,1646092800000
2022,9,44,37,2609.38,2266.4,0.0,61.25405405405406,0.0,2022,9,44,48,-11,1661990400000
2016,8,17,3687,55235.87,45215.28,5156.48,12.263433685923514,1.3985570924871167,2016,8,17,19710,-16023,1470009600000
2016,11,1,825,73109.14,60630.76,9690.98,73.49183030303031,11.746642424242424,2016,11,1,21108,-20283,1477958400000
2020,3,75,31066,435103.84,321705.05,38107.41,10.355534990021244,1.2266596922680746,2020,3,75,46593,-15527,1583020800000
2017,2,146,9928,145234.02,120991.06,12873.18,12.186851329572924,1.296653908138598,2017,2,146,10656,-728,1485907200000
2019,2,196,697,20452.99,16900.49,1216.73,24.247474892395985,1.7456671449067431,2019,2,196,2723,-2026,1548979200000
2019,2,205,915,39920.11,36616.0,21.46,40.017486338797816,0.023453551912568305,2019,2,205,1606,-691,1548979200000
2020,3,179,1845,27819.64,22527.85,1852.69,12.210216802168022,1.004168021680217,2020,3,179,3835,-1990,1583020800000
2023,2,171,56,1924.26,1643.63,76.73,29.350535714285716,1.3701785714285715,2023,2,171,495,-439,1675209600000
2024,4,230,117268,3232223.04,2194793.82,392822.95,18.71605058498482,3.3497880922331755,2024,4,230,111351,5917,1711929600000
2024,5,112,1498,45386.64,37505.75,2376.49,25.037216288384514,1.5864419225634177,2024,5,112,7684,-6186,1714521600000
2016,11,230,328614,5573595.53,4487988.24,573210.74,13.657325129178917,1.7443284217957846,2016,11,230,308336,20278,1477958400000
2017,3,180,64,2427.95,1940.15,293.81,30.31484375,4.59078125,2017,3,180,754,-690,1488326400000
2017,12,188,1059,15848.01,13439.0,1155.34,12.690273843248347,1.0909726156751651,2017,12,188,6887,-5828,1512086400000
2021,5,95,667,21091.43,17593.46,447.64,26.377001499250373,0.6711244377811094,2021,5,95,3386,-2719,1619827200000
2020,7,233,11813,186713.08000000002,121293.21,22115.79,10.26777363921104,1.8721569457377467,2020,7,233,12299,-486,1593561600000
2022,6,32,58,2133.69,1877.28,31.16,32.36689655172414,0.5372413793103449,2022,6,32,293,-235,1654041600000
2018,3,139,78,3017.32,2674.0,117.74000000000001,34.282051282051285,1.5094871794871796,2018,3,139,622,-544,1519862400000
2021,5,124,189,7341.67,6259.59,136.7,33.11952380952381,0.7232804232804232,2021,5,124,577,-388,1619827200000
2017,12,131,83,1583.84,1415.01,79.14,17.048313253012047,0.9534939759036145,2017,12,131,1055,-972,1512086400000
2021,9,257,109,4171.08,3396.05,224.43,31.156422018348625,2.0589908256880736,2021,9,257,1236,-1127,1630454400000
2020,9,3,204,6927.4,5845.11,507.42,28.6525,2.4873529411764705,2020,9,3,373,-169,1598918400000
2021,12,216,582,32951.06,27436.28,3339.53,47.141374570446736,5.7380240549828185,2021,12,216,2232,-1650,1638316800000
2022,1,67,37,1438.6599999999999,1256.94,52.75,33.97135135135135,1.4256756756756757,2022,1,67,306,-269,1640995200000
2021,11,210,231,10966.19,9797.05,48.57,42.41147186147186,0.21025974025974026,2021,11,210,624,-393,1635724800000
2016,2,35,219,3733.29,3111.12,351.49,14.206027397260273,1.6049771689497718,2016,2,35,1653,-1434,1454284800000
2019,1,147,264,9762.0,8485.0,29.07,32.140151515151516,0.11011363636363636,2019,1,147,966,-702,1546300800000
2020,6,184,19,798.5,663.49,57.019999999999996,34.92052631578947,3.001052631578947,2020,6,184,32,-13,1590969600000
2021,8,62,271,8872.16,7570.67,474.49,27.936051660516604,1.7508856088560887,2021,8,62,1596,-1325,1627776000000
2022,11,125,15971,322029.93,217784.38,43560.21,13.636239433974078,2.7274566401602907,2022,11,125,14393,1578,1667260800000
2016,7,254,66,1525.65,1279.01,148.36,19.378939393939394,2.247878787878788,2016,7,254,1057,-991,1467331200000
2018,11,229,151132,2064311.8100000003,1640766.43,241393.74000000002,10.85651238652304,1.5972377788952705,2018,11,229,147480,3652,1541030400000
2022,7,47,101,3376.35,3025.96,41.79,29.96,0.41376237623762374,2022,7,47,347,-246,1656633600000
2024,6,97,2266,63926.159999999996,54527.11,3628.88,24.063155339805824,1.6014474845542808,2024,6,97,4584,-2318,1717200000000
2018,3,83,986,16283.6,14065.82,798.11,14.265537525354969,0.8094421906693712,2018,3,83,3506,-2520,1519862400000
2020,3,71,358,8512.710000000001,7749.54,49.9,21.646759776536314,0.1393854748603352,2020,3,71,927,-569,1583020800000
2017,12,17,2300,31398.14,25947.11,2562.83,11.281352173913044,1.1142739130434782,2017,12,17,13846,-11546,1512086400000
2020,4,261,404,9165.23,6593.92,1102.93,16.321584158415842,2.7300247524752477,2020,4,261,429,-25,1585699200000
2016,11,38,33,1650.8,1527.0,63.2,46.27272727272727,1.9151515151515153,2016,11,38,701,-668,1477958400000
2016,10,201,11,224.37,194.2,12.25,17.654545454545453,1.1136363636363635,2016,10,201,391,-380,1475280000000
2021,1,234,33887,514416.4,327205.21,64694.02,9.655773895594182,1.9091102782778056,2021,1,234,29029,4858,1609459200000
2022,8,151,26529,456460.42,319792.11,58885.87,12.054435146443515,2.219679218967922,2022,8,151,28376,-1847,1659312000000
2022,8,170,104331,1843496.9600000002,1194490.86,238107.91,11.44905023435029,2.282235481304694,2022,8,170,97929,6402,1659312000000
2024,2,140,62675,1403673.41,932695.06,174383.33,14.881452891902674,2.7823427203829274,2024,2,140,62611,64,1706745600000
2022,1,57,5,140.4,136.4,0.0,27.28,0.0,2022,1,57,118,-113,1640995200000
2016,10,2,9,422.94,363.0,34.08,40.333333333333336,3.7866666666666666,2016,10,2,6,3,1475280000000
2019,11,234,199981,3410308.05,2230851.41,424921.14,11.155316805096485,2.1248075567178883,2019,11,234,171713,28268,1572566400000
2019,12,14,685,23857.65,20470.78,775.21,29.884350364963502,1.1316934306569344,2019,12,14,5495,-4810,1575158400000
2018,1,126,146,2708.83,2285.31,227.76,15.652808219178082,1.5599999999999998,2018,1,126,1182,-1036,1514764800000
2016,2,157,487,16332.51,13147.16,1731.95,26.996221765913756,3.556365503080082,2016,2,157,4061,-3574,1454284800000
2019,10,119,312,8725.11,7609.27,187.28,24.3886858974359,0.6002564102564103,2019,10,119,1375,-1063,1569888000000
2020,10,69,646,18176.3,15496.11,1269.32,23.98778637770898,1.964891640866873,2020,10,69,1789,-1143,1601510400000
2016,7,42,15660,209232.88,173356.7,15572.0,11.070031928480205,0.9943805874840358,2016,7,42,44708,-29048,1467331200000
2021,2,19,77,2866.89,2508.64,83.97,32.579740259740255,1.0905194805194804,2021,2,19,206,-129,1612137600000
2018,1,88,31899,669082.33,541214.49,80593.19,16.966503338662655,2.526511489388382,2018,1,88,33096,-1197,1514764800000
2016,5,245,201,3413.48,2672.5,483.44,13.296019900497512,2.4051741293532336,2016,5,245,347,-146,1462060800000
2020,4,236,8819,120988.06999999999,76430.65,13619.210000000001,8.66658918244699,1.5443032089806101,2020,4,236,8178,641,1585699200000
2020,11,83,241,6063.36,5176.21,463.05,21.47804979253112,1.9213692946058092,2020,11,83,685,-444,1604188800000
2021,6,40,642,15558.65,11537.64,1946.01,17.97140186915888,3.0311682242990656,2021,6,40,2421,-1779,1622505600000
2019,8,230,216431,4165789.0199999996,2838594.36,445691.45,13.11547033465631,2.0592773216406153,2019,8,230,202885,13546,1564617600000
2017,5,227,206,4473.79,3720.4,390.16,18.06019417475728,1.893980582524272,2017,5,227,2652,-2446,1493596800000
2018,5,251,3,73.9,70.0,0.0,23.333333333333332,0.0,2018,5,251,97,-94,1525132800000
2019,5,81,306,12456.49,11142.22,76.18,36.41248366013072,0.2489542483660131,2019,5,81,657,-351,1556668800000
2019,10,26,458,13371.74,11758.84,86.99,25.674323144104804,0.18993449781659388,2019,10,26,1667,-1209,1569888000000
2023,8,219,367,23361.85,19612.57,1723.34,53.440245231607626,4.69574931880109,2023,8,219,1706,-1339,1690848000000
2025,3,43,51083,1141764.6099999999,737481.59,146514.75,14.436927940802223,2.868170428518294,2025,3,43,36878,14205,1740787200000
2018,10,144,83982,1318597.2500000002,1066864.33,146275.38,12.703488009335334,1.7417468028863328,2018,10,144,76309,7673,1538352000000
2017,11,242,111,2467.59,1913.0,401.03,17.234234234234233,3.6128828828828827,2017,11,242,823,-712,1509494400000
2021,6,114,30265,533621.57,350995.33,70255.89,11.597400627787874,2.3213576738807205,2021,6,114,27660,2605,1622505600000
2019,12,126,219,7649.06,6513.45,359.98,29.741780821917807,1.643744292237443,2019,12,126,951,-732,1575158400000
2022,12,94,54,1586.52,1396.57,44.75,25.862407407407407,0.8287037037037037,2022,12,94,202,-148,1669852800000
2023,5,11,50,2552.73,2240.3,129.28,44.806000000000004,2.5856,2023,5,11,247,-197,1682899200000
2016,2,6,102,1545.87,1109.5,199.89,10.877450980392156,1.959705882352941,2016,2,6,285,-183,1454284800000
2020,3,10,905,47860.22,38026.03,4430.65,42.01771270718232,4.8957458563535905,2020,3,10,2803,-1898,1583020800000
2018,9,8,104,3362.58,2624.0,367.14,25.23076923076923,3.5301923076923076,2018,9,8,169,-65,1535760000000
2018,3,73,41,1185.46,1011.8,98.81,24.678048780487803,2.41,2018,3,73,477,-436,1519862400000
2020,9,191,208,9375.76,8331.21,498.44,40.053894230769224,2.396346153846154,2020,9,191,423,-215,1598918400000
2023,5,16,54,2126.18,1818.45,89.13,33.675000000000004,1.6505555555555556,2023,5,16,668,-614,1682899200000
2023,9,139,113,4805.9,4360.46,79.88,38.58814159292035,0.7069026548672566,2023,9,139,626,-513,1693526400000
2020,4,121,101,2694.14,2396.55,146.44,23.72821782178218,1.4499009900990099,2020,4,121,158,-57,1585699200000
2025,3,197,3374,107967.82,96270.16,3194.52,28.532946058091287,0.946804979253112,2025,3,197,3238,136,1740787200000
2025,10,20,488,16200.83,14506.59,210.78,29.726618852459016,0.4319262295081967,2025,10,20,1262,-774,1759276800000
2019,2,218,790,30829.04,28431.18,24.12,35.98883544303798,0.030531645569620253,2019,2,218,1285,-495,1548979200000
2023,1,200,76,3682.44,3180.29,133.15,41.84592105263158,1.7519736842105265,2023,1,200,1019,-943,1672531200000
2024,8,108,223,8498.94,7989.46,25.3,35.827174887892376,0.11345291479820628,2024,8,108,367,-144,1722470400000
2016,5,55,118,4184.29,3638.39,366.48,30.83381355932203,3.105762711864407,2016,5,55,1291,-1173,1462060800000
2021,1,24,6676,100711.90000000001,72792.42,11665.18,10.903597962852007,1.7473307369682445,2021,1,24,7121,-445,1609459200000
2025,7,77,1422,38418.65,35487.29,34.2,24.95590014064698,0.02405063291139241,2025,7,77,1864,-442,1751328000000
2019,11,31,36,1313.05,1104.31,73.09,30.675277777777776,2.030277777777778,2019,11,31,295,-259,1572566400000
2019,5,240,51,2039.22,1867.94,26.78,36.62627450980392,0.5250980392156863,2019,5,240,289,-238,1556668800000
2024,2,69,403,12797.49,11528.43,93.5,28.60652605459057,0.23200992555831265,2024,2,69,994,-591,1706745600000
2024,12,31,39,1726.93,1455.13,95.66,37.311025641025644,2.4528205128205127,2024,12,31,210,-171,1733011200000
2025,5,52,1992,50497.21,38900.78,2344.21,19.528504016064257,1.176812248995984,2025,5,52,3047,-1055,1746057600000
2017,3,246,142354,2147905.09,1703875.03,259571.45,11.969281017744496,1.8234222431403404,2017,3,246,183771,-41417,1488326400000
2017,1,15,21,647.84,487.85,119.21,23.23095238095238,5.676666666666667,2017,1,15,771,-750,1483228800000
2021,12,113,42032,737460.66,481851.6,98775.35,11.463922725542444,2.3500035687095546,2021,12,113,38232,3800,1638316800000
2019,6,17,1551,30232.1,26499.75,1059.08,17.08558994197292,0.682836879432624,2019,6,17,8905,-7354,1559347200000
2018,8,241,168,4195.22,3783.25,103.05,22.519345238095237,0.6133928571428571,2018,8,241,1324,-1156,1533081600000
2018,9,171,167,5965.59,5081.36,282.98,30.427305389221555,1.694491017964072,2018,9,171,1322,-1155,1535760000000
2020,10,78,367,11843.79,9883.45,833.25,26.930381471389648,2.2704359673024523,2020,10,78,776,-409,1601510400000
2020,8,106,267,7432.85,6463.76,530.93,24.208838951310863,1.9885018726591759,2020,8,106,565,-298,1596240000000
2017,12,38,39,1391.62,1268.5,53.46,32.52564102564103,1.3707692307692307,2017,12,38,583,-544,1512086400000
2020,8,62,413,13540.09,12120.82,746.07,29.34823244552058,1.8064648910411623,2020,8,62,1026,-613,1596240000000
2025,1,175,136,4549.7,3992.18,92.97,29.35426470588235,0.6836029411764706,2025,1,175,423,-287,1735689600000
2022,5,264,40066,1263631.6600000001,910951.42,164566.09,22.736270653421855,4.1073750811161585,2022,5,264,24592,15474,1651363200000
2016,6,49,6046,91170.9,74112.78,9574.34,12.258150843532913,1.583582533906715,2016,6,49,24476,-18430,1464739200000
2019,10,16,205,6896.53,6210.8,53.85,30.29658536585366,0.2626829268292683,2019,10,16,1181,-976,1569888000000
2018,8,25,7553,125755.36,104308.65,12009.32,13.810227724083145,1.590006619886138,2018,8,25,15101,-7548,1533081600000
2017,8,87,71885,1490967.46,1208436.18,179620.75999999998,16.810686234958613,2.4987237949502674,2017,8,87,77166,-5281,1501545600000
2021,2,57,29,1103.27,924.01,10.0,31.86241379310345,0.3448275862068966,2021,2,57,56,-27,1612137600000
2021,6,90,52563,871048.03,562226.13,111373.26,10.696233662462188,2.118852805205182,2021,6,90,39487,13076,1622505600000
2022,6,171,59,2186.88,1943.8500000000001,88.98,32.94661016949153,1.508135593220339,2022,6,171,553,-494,1654041600000
2024,10,191,452,18296.51,16715.35,56.46,36.9808628318584,0.12491150442477876,2024,10,191,998,-546,1727740800000
2017,4,98,33,885.67,779.5,56.589999999999996,23.62121212121212,1.7148484848484848,2017,4,98,1049,-1016,1491004800000
2017,6,134,507,16429.58,12916.0,2098.89,25.47534516765286,4.1398224852071,2017,6,134,2377,-1870,1496275200000
2016,8,226,18687,329243.15,273051.86,30390.95,14.611861722052764,1.6263150853534543,2016,8,226,27510,-8823,1470009600000
2023,9,190,77,2770.96,2320.94,202.05,30.142077922077924,2.624025974025974,2023,9,190,389,-312,1693526400000
2017,4,111,29,614.01,513.0,65.86,17.689655172413794,2.271034482758621,2017,4,111,166,-137,1491004800000
2022,12,141,90472,1633274.46,1055958.74,211263.4,11.671663498098859,2.335124679458838,2022,12,141,91920,-1448,1669852800000
2023,2,102,40,1067.82,956.56,30.11,23.913999999999998,0.75275,2023,2,102,501,-461,1675209600000
2024,6,44,2,0.0,0.0,0.0,0.0,0.0,2024,6,44,18,-16,1717200000000
2022,9,39,274,11861.48,10833.57,162.86,39.53857664233576,0.5943795620437957,2022,9,39,1080,-806,1661990400000
2018,9,144,87104,1351426.6700000002,1094593.21,148909.74000000002,12.566509115540043,1.7095625918442323,2018,9,144,75045,12059,1535760000000
2025,5,21,724,16737.15,15025.21,25.009999999999998,20.753052486187844,0.03454419889502762,2025,5,21,1349,-625,1746057600000
2021,9,70,7076,313877.29,226100.08,39216.24,31.95309214245336,5.542148106274731,2021,9,70,1466,5610,1630454400000
2024,6,37,1408,44119.92,39729.29,812.65,28.21682528409091,0.5771661931818182,2024,6,37,4031,-2623,1717200000000
2024,12,238,71675,1556792.98,1036764.17,198114.06,14.464794837809558,2.7640608301360308,2024,12,238,82065,-10390,1733011200000
2018,12,170,246495,4021099.0900000003,3243570.09,432661.17000000004,13.158766263007363,1.7552533317105825,2018,12,170,246460,35,1543622400000
2020,8,39,1067,46723.79,42623.92,1628.53,39.947441424554825,1.5262699156513588,2020,8,39,1374,-307,1596240000000
2021,3,195,232,7649.04,6434.3099999999995,106.55,27.734094827586205,0.45926724137931035,2021,3,195,655,-423,1614556800000
2019,7,35,897,28215.55,25664.25,55.660000000000004,28.611204013377925,0.062051282051282054,2019,7,35,1799,-902,1561939200000
2018,7,3,69,2309.05,2081.0,34.63,30.159420289855074,0.5018840579710145,2018,7,3,572,-503,1530403200000
2021,3,111,2,69.61,56.39,0.0,28.195,0.0,2021,3,111,18,-16,1614556800000
2025,9,170,113174,2691915.87,1749237.42,299444.41,15.456177390566737,2.645876349691625,2025,9,170,116206,-3032,1756684800000
2021,7,71,304,11294.06,9504.44,168.85999999999999,31.264605263157897,0.5554605263157895,2021,7,71,917,-613,1625097600000
2017,3,139,14,512.57,438.0,32.239999999999995,31.285714285714285,2.3028571428571425,2017,3,139,659,-645,1488326400000
2023,4,40,421,12779.62,9374.34,1654.63,22.26684085510689,3.9302375296912118,2023,4,40,2832,-2411,1680307200000
2018,3,30,2,70.6,0.0,70.0,0.0,35.0,2018,3,30,33,-31,1519862400000
2022,11,194,147,8174.63,5666.04,1243.34,38.544489795918366,8.458095238095238,2022,11,194,358,-211,1667260800000
2023,7,43,49386,1117437.11,749735.63,138376.62,15.181136961892035,2.8019402259749726,2023,7,43,34524,14862,1688169600000
2019,6,237,295303,4479051.0,2876596.68,519259.8,9.741169849273458,1.7583966299021683,2019,6,237,262537,32766,1559347200000
2018,6,25,9845,160856.32,132062.9,16708.21,13.414210259014729,1.6971264601320466,2018,6,25,16914,-7069,1527811200000
2021,2,265,14409,529029.65,512218.83,3489.21,35.54853424942744,0.24215490318550906,2021,2,265,3060,11349,1612137600000
2021,9,54,91,2582.71,1976.81,281.7,21.723186813186814,3.0956043956043953,2021,9,54,619,-528,1630454400000
2022,10,153,28,796.48,706.9,22.88,25.24642857142857,0.8171428571428571,2022,10,153,149,-121,1664582400000
2018,7,121,176,5588.38,4886.3,283.14,27.763068181818184,1.60875,2018,7,121,1368,-1192,1530403200000
2017,8,160,143,4100.78,3374.01,318.64,23.594475524475527,2.2282517482517483,2017,8,160,2731,-2588,1501545600000
2018,2,200,73,1580.6,1341.7,121.5,18.37945205479452,1.6643835616438356,2018,2,200,2465,-2392,1517443200000
2019,11,162,239091,4286795.2,2829532.24,530431.71,11.834540990668826,2.2185348256521573,2019,11,162,204637,34454,1572566400000
2023,11,83,174,6217.57,5139.67,505.90000000000003,29.538333333333334,2.907471264367816,2023,11,83,753,-579,1698796800000
2018,3,217,768,10405.76,8840.0,601.06,11.510416666666666,0.7826302083333333,2018,3,217,2885,-2117,1519862400000
2023,11,179,526,12919.59,10524.15,820.39,20.007889733840305,1.5596768060836501,2023,11,179,2955,-2429,1698796800000
2024,10,56,460,19826.94,16541.24,1199.06,35.95921739130435,2.6066521739130435,2024,10,56,1018,-558,1727740800000
2019,1,203,381,18362.09,17059.57,119.93,44.77577427821522,0.3147769028871391,2019,1,203,1066,-685,1546300800000
2023,10,86,175,8441.64,7848.94,31.04,44.85108571428571,0.17737142857142857,2023,10,86,590,-415,1696118400000
2019,12,83,593,12214.94,10319.84,652.38,17.402765598650927,1.1001349072512647,2019,12,83,2477,-1884,1575158400000
2017,8,240,22,509.1,466.5,16.24,21.204545454545453,0.7381818181818182,2017,8,240,257,-235,1501545600000
2018,4,71,292,7049.82,6462.5,119.49000000000001,22.131849315068493,0.4092123287671233,2018,4,71,1556,-1264,1522540800000
2017,4,175,28,723.92,545.5,114.51,19.482142857142858,4.089642857142858,2017,4,175,843,-815,1491004800000
2021,6,216,510,24393.329999999998,20500.67,1371.99,40.19739215686274,2.690176470588235,2021,6,216,1971,-1461,1622505600000
2021,5,97,1736,42160.63,34949.57,2739.1,20.13224078341014,1.5778225806451613,2021,5,97,3509,-1773,1619827200000
2023,7,91,189,6239.62,5534.99,156.78,29.285661375661373,0.8295238095238096,2023,7,91,1045,-856,1688169600000
2017,3,227,107,2276.33,1846.1,249.54,17.253271028037382,2.33214953271028,2017,3,227,2502,-2395,1488326400000
2017,1,187,5,93.5,87.5,0.0,17.5,0.0,2017,1,187,58,-53,1483228800000
2019,6,81,291,10570.07,9516.4,62.56,32.702405498281784,0.2149828178694158,2019,6,81,615,-324,1559347200000
2019,3,259,353,13280.9,12169.68,47.83,34.47501416430595,0.1354957507082153,2019,3,259,1151,-798,1551398400000
2019,3,254,726,25576.7,23118.1,40.13,31.8431129476584,0.05527548209366392,2019,3,254,1468,-742,1551398400000
2020,1,56,911,51501.46,39340.66,5526.93,43.18403951701428,6.066882546652031,2020,1,56,3177,-2266,1577836800000
2019,12,156,11,793.19,647.1,35.06,58.82727272727273,3.1872727272727275,2019,12,156,86,-75,1575158400000
2019,4,45,15490,324332.59,235929.9,30843.12,15.231110393802453,1.9911633311814072,2019,4,45,20169,-4679,1554076800000
2022,12,124,125,5916.9,5239.4800000000005,348.22,41.91584,2.7857600000000002,2022,12,124,687,-562,1669852800000
2025,3,70,11854,716697.52,464831.98,96122.48,39.21309093976716,8.108864518306056,2025,3,70,2451,9403,1740787200000
2023,9,122,79,2518.1,2303.38,6.4399999999999995,29.156708860759494,0.08151898734177214,2023,9,122,290,-211,1693526400000
2016,5,215,862,53227.06,43214.46,4769.31,50.13278422273782,5.5328422273781905,2016,5,215,1251,-389,1462060800000
2018,8,65,10764,200539.43,168133.8,19286.86,15.620011148272017,1.7917930137495355,2018,8,65,15353,-4589,1533081600000
2020,7,3,121,4885.39,4249.3,243.51,35.11818181818182,2.012479338842975,2020,7,3,233,-112,1593561600000
2017,12,126,120,2946.3,2556.3,210.04,21.302500000000002,1.7503333333333333,2017,12,126,1145,-1025,1512086400000
2018,7,26,349,8288.87,7511.79,124.26,21.52375358166189,0.35604584527220634,2018,7,26,1787,-1438,1530403200000
2025,7,129,5580,159222.65,132675.0,5305.24,23.776881720430108,0.9507598566308243,2025,7,129,7743,-2163,1751328000000
2024,5,243,1145,37861.77,32686.42,1731.69,28.54709170305677,1.5123930131004368,2024,5,243,7539,-6394,1714521600000
2023,8,32,126,4680.08,4176.09,51.99,33.14357142857143,0.4126190476190476,2023,8,32,271,-145,1690848000000
2017,8,80,4016,64213.5,51790.32,6964.2,12.895996015936255,1.734113545816733,2017,8,80,15472,-11456,1501545600000
2018,1,201,12,248.05,223.38,7.25,18.615,0.6041666666666666,2018,1,201,333,-321,1514764800000
2020,12,255,207,5540.52,4624.71,490.96,22.341594202898552,2.3717874396135263,2020,12,255,1868,-1661,1606780800000
2020,4,18,98,2359.36,2028.47,152.06,20.698673469387757,1.5516326530612246,2020,4,18,242,-144,1585699200000
2016,5,233,153878,2421419.83,1916740.85,275465.2,12.456237083923629,1.790153238279676,2016,5,233,159577,-5699,1462060800000
2017,4,235,208,3524.09,3052.0,207.82,14.673076923076923,0.9991346153846153,2017,4,235,1986,-1778,1491004800000
2017,11,195,536,12963.31,10830.82,1101.02,20.206753731343284,2.054141791044776,2017,11,195,3596,-3060,1509494400000
2019,4,29,331,10607.52,9419.75,203.7,28.45845921450151,0.6154078549848943,2019,4,29,949,-618,1554076800000
2020,6,129,519,14042.84,11831.5,747.42,22.796724470134876,1.440115606936416,2020,6,129,1515,-996,1590969600000
2021,4,35,1179,38891.12,33614.3,187.54999999999998,28.510856658184906,0.1590754877014419,2021,4,35,1796,-617,1617235200000
2021,10,51,325,14844.5,12936.32,85.72,39.80406153846154,0.26375384615384617,2021,10,51,693,-368,1633046400000
2022,2,83,111,2377.71,1972.93,249.38,17.774144144144145,2.2466666666666666,2022,2,83,715,-604,1643673600000
2022,9,154,42,1738.1200000000001,1344.01,248.26,32.000238095238096,5.910952380952381,2022,9,154,155,-113,1661990400000
2022,10,66,1285,33921.38,26254.85,4279.33,20.431789883268483,3.330217898832685,2022,10,66,4875,-3590,1664582400000
2022,11,206,7,532.12,445.26,34.06,63.60857142857143,4.865714285714286,2022,11,206,61,-54,1667260800000
2025,3,48,102157,2314854.47,1486205.49,261497.02,14.548249165500161,2.5597562575251818,2025,3,48,100493,1664,1740787200000
2016,1,153,108,1573.56,1356.84,90.78,12.563333333333333,0.8405555555555556,2016,1,153,532,-424,1451606400000
2023,11,152,1768,39926.82,30837.07,3614.55,17.441781674208144,2.0444287330316744,2023,11,152,3919,-2151,1698796800000
2025,9,109,10,408.11,314.22,0.0,31.422000000000004,0.0,2025,9,109,41,-31,1756684800000
2022,6,202,153,5526.82,4338.82,757.5,28.35830065359477,4.950980392156863,2022,6,202,1867,-1714,1654041600000
2017,8,7,15376,208348.9,174530.01,15279.84,11.350807101977107,0.9937460978147763,2017,8,7,40162,-24786,1501545600000
2023,11,70,16173,1042579.17,681267.07,137005.78,42.12372905459716,8.471265689729796,2023,11,70,1714,14459,1698796800000
2020,8,148,5294,99445.51,70878.81,9742.13,13.388517189270873,1.8402210049112202,2020,8,148,6168,-874,1596240000000
2021,9,254,268,11908.41,10306.34,75.74,38.45649253731343,0.28261194029850745,2021,9,254,667,-399,1630454400000
2020,5,185,751,20218.88,17835.76,287.95,23.74934753661784,0.383422103861518,2020,5,185,927,-176,1588291200000
2022,4,37,470,13692.03,11020.25,1587.16,23.447340425531916,3.3769361702127663,2022,4,37,4312,-3842,1648771200000
2023,9,22,110,4053.3,3632.12,58.480000000000004,33.01927272727273,0.5316363636363637,2023,9,22,583,-473,1693526400000
2022,12,262,47210,940076.06,621940.03,123293.98,13.17390446939208,2.611607286591824,2022,12,262,55513,-8303,1669852800000
2024,10,201,119,5392.25,4850.75,14.0,40.76260504201681,0.11764705882352941,2024,10,201,411,-292,1727740800000
2019,3,191,617,25887.87,23901.81,36.09,38.73875202593193,0.05849270664505673,2019,3,191,1581,-964,1551398400000
2016,11,123,153,2643.06,2096.3,347.44,13.701307189542485,2.270849673202614,2016,11,123,1372,-1219,1477958400000
2023,6,120,22,1858.81,1613.56,126.05,73.34363636363636,5.7295454545454545,2023,6,120,168,-146,1685577600000
2019,10,247,916,20856.260000000002,17510.01,986.33,19.115731441048034,1.0767794759825329,2019,10,247,2567,-1651,1569888000000
2020,5,153,37,1096.44,938.68,73.75,25.369729729729727,1.9932432432432432,2020,5,153,66,-29,1588291200000
2019,7,190,248,5186.83,4280.89,427.43,17.26165322580645,1.7235080645161291,2019,7,190,1018,-770,1561939200000
2024,12,148,37701,957321.35,673593.63,108433.29,17.86673112119042,2.8761382987188666,2024,12,148,38440,-739,1733011200000
2025,1,118,10,397.44,288.7,0.0,28.869999999999997,0.0,2025,1,118,63,-53,1735689600000
2023,3,172,2,128.16,100.3,18.81,50.15,9.405,2023,3,172,51,-49,1677628800000
2016,11,73,37,750.5500000000001,644.3,51.63,17.41351351351351,1.3954054054054055,2016,11,73,601,-564,1477958400000
2016,1,92,518,10475.34,8956.93,686.35,17.291370656370656,1.325,2016,1,92,4119,-3601,1451606400000
2017,9,206,6,136.39,99.59,0.0,16.598333333333333,0.0,2017,9,206,153,-147,1504224000000
2020,3,25,2898,52772.75,42743.78,4711.12,14.749406487232573,1.6256452726017943,2020,3,25,5769,-2871,1583020800000
2018,4,169,204,4158.22,3731.6,122.57,18.2921568627451,0.6008333333333333,2018,4,169,1769,-1565,1522540800000
2020,10,197,612,24072.43,20438.3,1469.47,33.39591503267974,2.40109477124183,2020,10,197,1109,-497,1601510400000
2023,6,125,16592,417980.61,280360.49,55371.17,16.89732943587271,3.337220949855352,2023,6,125,15566,1026,1685577600000
2021,7,119,276,10702.41,9053.06,367.84000000000003,32.8009420289855,1.3327536231884058,2021,7,119,984,-708,1625097600000
2019,10,85,449,14585.41,12670.47,185.93,28.219309576837414,0.414097995545657,2019,10,85,1157,-708,1569888000000
2018,4,100,187828,2687920.6399999997,2158461.34,276307.28,11.491691015184104,1.4710654428519712,2018,4,100,140908,46920,1522540800000
2019,4,166,42689,696695.21,509478.48,80180.54,11.934654829112885,1.8782482606760522,2019,4,166,59893,-17204,1554076800000
2021,5,253,17,763.98,669.18,30.0,39.3635294117647,1.7647058823529411,2021,5,253,22,-5,1619827200000
2018,3,248,118,2690.12,2314.0,152.10999999999999,19.610169491525422,1.2890677966101693,2018,3,248,1110,-992,1519862400000
2016,3,1,725,60110.07,49984.36,7421.68,68.94394482758621,10.2368,2016,3,1,19234,-18509,1456790400000
2017,8,107,197714,2634193.21,2066261.56,312361.18,10.45075998664738,1.5798637425776627,2017,8,107,178582,19132,1501545600000
2022,12,204,2,145.8,130.4,0.0,65.2,0.0,2022,12,204,13,-11,1669852800000
2022,3,261,15815,374287.66,265602.29,47175.43,16.794327537148277,2.98295478975656,2022,3,261,15387,428,1646092800000
2023,1,128,15,592.02,470.45,44.97,31.363333333333333,2.9979999999999998,2023,1,128,204,-189,1672531200000
2017,10,19,79,1706.29,1522.0,89.62,19.265822784810126,1.1344303797468356,2017,10,19,519,-440,1506816000000
2017,6,107,227529,3137537.07,2468606.68,375892.31,10.849635343187023,1.6520632974258227,2017,6,107,199869,27660,1496275200000
2018,10,249,171316,2442220.5,1928817.69,298327.18000000005,11.2588298232506,1.741385393074786,2018,10,249,137303,34013,1538352000000
2018,11,17,1594,31023.91,26842.64,1735.3,16.839799247176913,1.0886449184441656,2018,11,17,9790,-8196,1541030400000
2017,5,166,54859,848608.43,679515.53,96271.71,12.386582511529559,1.7548936364133507,2017,5,166,82755,-27896,1493596800000
2018,12,64,98,3682.96,3231.9,176.68,32.97857142857143,1.802857142857143,2018,12,64,699,-601,1543622400000
2019,3,77,480,15840.87,14513.64,55.65,30.236749999999997,0.1159375,2019,3,77,1109,-629,1551398400000
2021,12,161,122052,2271003.7600000002,1505717.87,288298.12,12.336691492150887,2.3620925507160884,2021,12,161,120702,1350,1638316800000
2024,6,96,28,1056.5,944.94,47.18,33.74785714285714,1.685,2024,6,96,117,-89,1717200000000
2023,9,63,73,2973.19,2627.58,64.34,35.994246575342466,0.8813698630136987,2023,9,63,542,-469,1693526400000
2024,3,157,527,21165.34,16995.22,1877.45,32.24899430740038,3.5625237191650854,2024,3,157,1241,-714,1709251200000
2023,3,203,135,6197.42,5677.1,125.42,42.052592592592596,0.929037037037037,2023,3,203,648,-513,1677628800000
2018,3,93,1013,55502.02,44018.77,6385.93,43.45386969397828,6.303978282329714,2018,3,93,1042,-29,1519862400000
2024,1,230,106324,2793051.68,1865191.93,350476.21,17.54252972047703,3.296303844851586,2024,1,230,90603,15721,1704067200000
2016,10,223,7565,146466.53,115911.22,14492.72,15.322038334434898,1.9157594183740911,2016,10,223,23765,-16200,1475280000000
2022,12,210,105,4972.59,4461.06,110.23,42.48628571428572,1.0498095238095237,2022,12,210,460,-355,1669852800000
2016,1,211,93728,1345572.3800000001,1081382.44,151847.38,11.537453482417206,1.6200855667463299,2016,1,211,95595,-1867,1451606400000
2019,4,171,226,9314.81,8001.37,229.8,35.40429203539823,1.0168141592920354,2019,4,171,1127,-901,1554076800000
2022,4,28,234,11192.18,8615.01,1257.92,36.81628205128205,5.375726495726496,2022,4,28,1067,-833,1648771200000
2022,5,90,60939,1101949.2300000002,720535.15,145746.25,11.823875514859122,2.3916744613465926,2022,5,90,47475,13464,1651363200000
2020,8,171,174,8959.8,7207.0,432.17,41.41954022988506,2.483735632183908,2020,8,171,292,-118,1596240000000
2016,10,211,92339,1408991.7,1144436.95,152769.3,12.393863373005988,1.6544396192291446,2016,10,211,94850,-2511,1475280000000
2017,2,50,82852,1154985.02,926311.32,126791.53,11.180313329792883,1.5303375899193743,2017,2,50,103106,-20254,1485907200000
2025,4,157,1735,55253.74,45421.2,3005.19,26.17936599423631,1.7320979827089338,2025,4,157,2119,-384,1743465600000
2017,6,76,255,7799.9,6435.5,723.26,25.237254901960785,2.836313725490196,2017,6,76,2118,-1863,1496275200000
2016,8,244,8903,168975.74,140746.54,15904.82,15.808889138492644,1.7864562507020105,2016,8,244,36658,-27755,1470009600000
2018,11,215,1028,59081.85,47992.21,5588.35,46.685029182879376,5.43613813229572,2018,11,215,1086,-58,1541030400000
2019,4,15,163,6438.83,5802.69,34.7,35.59932515337423,0.2128834355828221,2019,4,15,875,-712,1554076800000
2019,10,62,600,14923.9,13087.3,335.9,21.812166666666666,0.5598333333333333,2019,10,62,2887,-2287,1569888000000
2022,4,128,27,753.79,645.08,45.51,23.891851851851854,1.6855555555555555,2022,4,128,241,-214,1648771200000
2017,2,80,5575,84843.12,67954.92,9499.13,12.18922331838565,1.7038798206278025,2017,2,80,18991,-13416,1485907200000
2025,9,41,18077,408530.67,322221.93,15035.6,17.824967085246445,0.8317530563699729,2025,9,41,25973,-7896,1756684800000
2021,2,260,613,14552.8,11712.73,1016.04,19.10722675367047,1.6574877650897226,2021,2,260,1470,-857,1612137600000
2025,3,185,458,13525.66,12029.69,61.45,26.265698689956334,0.1341703056768559,2025,3,185,795,-337,1740787200000
2024,5,217,254,7585.09,6716.5199999999995,359.6,26.44299212598425,1.415748031496063,2024,5,217,1456,-1202,1714521600000
2016,3,214,10,410.45000000000005,353.0,44.95,35.3,4.495,2016,3,214,193,-183,1456790400000
2020,3,112,710,12742.44,10032.73,1237.72,14.130605633802816,1.7432676056338028,2020,3,112,6124,-5414,1583020800000
2016,6,245,147,2186.92,1804.5,196.7,12.275510204081632,1.338095238095238,2016,6,245,291,-144,1464739200000
2019,10,87,50244,1218425.03,873157.53,148519.84000000003,17.37834427991402,2.95597165830746,2019,10,87,56788,-6544,1569888000000
2021,7,127,361,11297.62,9416.89,755.21,26.08556786703601,2.091994459833795,2021,7,127,2317,-1956,1625097600000
2021,8,116,3847,78104.7,62124.32,7105.64,16.14877047049649,1.8470600467897063,2021,8,116,8959,-5112,1627776000000
2025,3,150,318,9746.32,8831.42,179.28,27.77176100628931,0.5637735849056604,2025,3,150,655,-337,1740787200000
2025,11,116,8751,152503.0,113195.81,4300.81,12.93518569306365,0.4914649754313793,2025,11,116,13588,-4837,1761955200000
2020,11,156,17,1295.9,961.9399999999999,41.62,56.584705882352935,2.448235294117647,2020,11,156,61,-44,1604188800000
2016,12,135,191,3615.85,3035.3,294.24,15.891623036649216,1.540523560209424,2016,12,135,1923,-1732,1480550400000
2025,7,261,22322,648450.04,458779.41,62946.97,20.552791416539737,2.81995206522713,2025,7,261,22144,178,1751328000000
2019,6,159,699,15870.31,14033.28,208.95,20.076223175965666,0.2989270386266094,2019,6,159,2340,-1641,1559347200000
2017,11,4,20590,299868.59,243711.9,31361.039999999997,11.836420592520641,1.5231199611461874,2017,11,4,43153,-22563,1509494400000
2018,9,10,2933,179517.83,144628.31,17963.0,49.31070917149676,6.124445959768155,2018,9,10,3680,-747,1535760000000
2021,6,109,4,465.71000000000004,435.0,28.509999999999998,108.75,7.1274999999999995,2021,6,109,35,-31,1622505600000
2024,11,74,9368,205075.68,163645.65,12315.56,17.468579205807004,1.3146413321947052,2024,11,74,24854,-15486,1730419200000
2019,4,151,63772,958607.13,678103.78,106683.91,10.633252524618955,1.6728957849840056,2019,4,151,61393,2379,1554076800000
2020,7,10,357,17222.92,15481.56,749.04,43.36571428571428,2.0981512605042014,2020,7,10,753,-396,1593561600000
2021,5,55,558,25787.75,22839.87,63.92,40.931666666666665,0.11455197132616488,2021,5,55,1030,-472,1619827200000
2016,1,57,19,467.81000000000006,397.5,44.07,20.92105263157895,2.3194736842105264,2016,1,57,389,-370,1451606400000
2016,3,128,79,1335.84,1100.0,129.9,13.924050632911392,1.6443037974683545,2016,3,128,714,-635,1456790400000
2016,7,174,94,1695.78,1436.6,82.42999999999999,15.282978723404254,0.8769148936170212,2016,7,174,1375,-1281,1467331200000
2017,4,159,575,7977.29,6913.42,370.01,12.023339130434783,0.643495652173913,2017,4,159,3122,-2547,1491004800000
2017,11,98,32,1050.38,969.3,50.480000000000004,30.290625,1.5775000000000001,2017,11,98,887,-855,1509494400000
2020,12,53,98,3688.5,3158.94,331.74,32.23408163265306,3.3851020408163266,2020,12,53,231,-133,1606780800000
2021,3,175,77,3772.2,3213.7,181.75,41.736363636363635,2.3603896103896105,2021,3,175,211,-134,1614556800000
2022,1,15,16,797.4300000000001,705.97,38.41,44.123125,2.400625,2022,1,15,256,-240,1640995200000
2023,6,23,122,8485.25,7061.3,51.4,57.87950819672131,0.42131147540983604,2023,6,23,230,-108,1685577600000
2022,8,187,5,67.69999999999999,52.7,0.0,10.540000000000001,0.0,2022,8,187,34,-29,1659312000000
2018,7,51,290,10089.91,9141.2,301.72,31.52137931034483,1.0404137931034483,2018,7,51,1245,-955,1530403200000
2021,2,259,216,9050.43,7691.8099999999995,126.16,35.61023148148148,0.5840740740740741,2021,2,259,461,-245,1612137600000
2022,1,160,35,1153.85,1001.38,60.62,28.610857142857142,1.732,2022,1,160,801,-766,1640995200000
2024,8,29,281,11476.14,10702.9,74.45,38.08861209964412,0.26494661921708185,2024,8,29,667,-386,1722470400000
2025,3,123,766,17902.91,16256.57,87.4,21.222676240208877,0.11409921671018278,2025,3,123,1264,-498,1740787200000
2023,2,169,107,3102.6,2640.8,119.8,24.680373831775704,1.119626168224299,2023,2,169,415,-308,1675209600000
2019,9,61,1822,45790.94,40343.67,1489.76,22.142519209659714,0.8176509330406148,2019,9,61,9989,-8167,1567296000000
2016,8,192,149,3484.92,2995.25,288.42,20.10234899328859,1.9357046979865773,2016,8,192,988,-839,1470009600000
2019,9,208,194,8419.91,7034.96,108.31,36.26268041237113,0.5582989690721649,2019,9,208,909,-715,1567296000000
2025,6,213,1338,40659.62,35854.77,271.03,26.79728699551569,0.20256352765321373,2025,6,213,1768,-430,1748736000000
2022,5,15,21,883.46,784.83,67.03,37.37285714285714,3.191904761904762,2022,5,15,406,-385,1651363200000
2019,8,77,296,8584.96,7717.55,69.37,26.072804054054053,0.23435810810810812,2019,8,77,861,-565,1564617600000
2018,3,258,175,4187.47,3562.81,282.84,20.358914285714285,1.6162285714285713,2018,3,258,1549,-1374,1519862400000
2019,2,265,3381,244552.79,206710.59,27637.07,61.1388908606921,8.174229517894114,2019,2,265,16093,-12712,1548979200000
2020,10,120,19,626.4300000000001,533.1,41.53,28.057894736842105,2.1857894736842107,2020,10,120,124,-105,1601510400000
2024,7,228,397,15514.64,13486.95,536.01,33.97216624685139,1.3501511335012595,2024,7,228,1566,-1169,1719792000000
2016,6,197,346,10064.56,7585.51,1417.67,21.923439306358382,4.097312138728324,2016,6,197,2534,-2188,1464739200000
2017,8,74,29483,373071.73,308545.34,25113.66,10.465194858053795,0.8518013770647491,2017,8,74,65035,-35552,1501545600000
2016,2,196,950,20949.94,17129.82,1831.06,18.03138947368421,1.9274315789473684,2016,2,196,4433,-3483,1454284800000
2019,3,258,404,14128.68,12565.51,149.75,31.102747524752477,0.37066831683168316,2019,3,258,1604,-1200,1551398400000
2024,9,168,1331,39794.98,34920.57,575.44,26.23634109691961,0.43233658903080396,2024,9,168,2192,-861,1725148800000
2024,7,240,35,1382.88,1263.52,24.92,36.10057142857143,0.7120000000000001,2024,7,240,120,-85,1719792000000
2019,3,184,14,629.3199999999999,545.6,36.31,38.971428571428575,2.593571428571429,2019,3,184,137,-123,1551398400000
2024,2,78,218,7722.86,7018.22,57.96,32.19366972477064,0.26587155963302755,2024,2,78,341,-123,1706745600000
2023,7,160,68,3081.7599999999998,2579.15,290.0,37.928676470588236,4.264705882352941,2023,7,160,1076,-1008,1688169600000
2019,11,124,258,11080.539999999999,9550.33,479.96,37.01678294573643,1.8603100775193797,2019,11,124,1083,-825,1572566400000
2017,7,198,301,5858.91,4959.2,485.46,16.47574750830565,1.6128239202657806,2017,7,198,5390,-5089,1498867200000
2019,6,148,87225,1634376.75,1116156.65,191668.13,12.796292920607623,2.1973990255087417,2019,6,148,70014,17211,1559347200000
2020,4,197,148,5929.04,5238.94,308.18,35.39824324324324,2.0822972972972975,2020,4,197,296,-148,1585699200000
2018,7,52,3772,69517.86,56225.66,9045.48,14.906060445387064,2.3980593849416754,2018,7,52,6002,-2230,1530403200000
2016,7,222,32,1007.76,872.0,75.69,27.25,2.3653125,2016,7,222,417,-385,1467331200000
2020,8,131,197,7527.25,6725.76,337.0,34.140913705583756,1.7106598984771573,2020,8,131,391,-194,1596240000000
2019,12,157,729,36476.29,28325.47,3835.36,38.85524005486969,5.261124828532236,2019,12,157,2857,-2128,1575158400000
2021,10,170,107440,1861006.21,1209662.43,237987.02,11.258957836932241,2.2150690618019357,2021,10,170,102861,4579,1633046400000
2016,10,126,125,3949.9,3351.17,344.62,26.80936,2.75696,2016,10,126,1338,-1213,1475280000000
2022,2,258,47,1763.28,1535.28,37.7,32.66553191489361,0.8021276595744682,2022,2,258,640,-593,1643673600000
2023,9,145,2901,79441.49,61225.47,8005.34,21.104953464322648,2.7595105136159948,2023,9,145,8033,-5132,1693526400000
2019,2,229,132530,2069583.2800000003,1354577.07,243163.26,10.220909001735457,1.8347789934354486,2019,2,229,132680,-150,1548979200000
2019,6,134,712,30751.62,24902.22,3031.2599999999998,34.975028089887644,4.257387640449438,2019,6,134,4658,-3946,1559347200000
2019,3,207,311,3373.17,2633.87,295.69,8.46903536977492,0.9507717041800643,2019,3,207,438,-127,1551398400000
2023,12,132,151608,11883647.84,9227174.94,1344379.6300000001,60.862058334652524,8.867471571421033,2023,12,132,43667,107941,1701388800000
2016,2,106,2262,35538.24,28464.1,4073.42,12.583598585322722,1.8008045977011495,2016,2,106,6544,-4282,1454284800000
2018,5,101,109,4356.35,3939.0,148.85,36.137614678899084,1.3655963302752292,2018,5,101,579,-470,1525132800000
2016,3,118,10,794.55,636.42,92.34,63.641999999999996,9.234,2016,3,118,211,-201,1456790400000
2025,4,34,486,13088.62,10791.11,308.46,22.203930041152265,0.6346913580246913,2025,4,34,666,-180,1743465600000
2025,10,143,50930,1044580.8200000001,675037.42,106953.87,13.254219909679954,2.100017082269782,2025,10,143,60501,-9571,1759276800000
2022,9,180,58,2659.89,2278.07,199.67,39.277068965517245,3.4425862068965514,2022,9,180,368,-310,1661990400000
2019,6,164,157343,2838427.16,1882778.48,329616.62,11.966077168987498,2.094892178234812,2019,6,164,145597,11746,1559347200000
2020,10,94,183,5362.65,4574.51,395.59,24.997322404371587,2.161693989071038,2020,10,94,359,-176,1601510400000
2024,3,259,189,7883.75,7182.89,60.64,38.004708994709,0.3208465608465608,2024,3,259,437,-248,1709251200000
2024,3,116,3676,90747.37,75760.52,4348.61,20.60949945593036,1.182973340587595,2024,3,116,9237,-5561,1709251200000
2023,11,172,1,100.0,70.0,22.06,70.0,22.06,2023,11,172,33,-32,1698796800000
2019,5,73,48,1413.68,1286.88,9.42,26.810000000000002,0.19625,2019,5,73,464,-416,1556668800000
2024,3,183,93,3552.89,3151.61,38.64,33.888279569892475,0.4154838709677419,2024,3,183,180,-87,1709251200000
2022,11,9,23,890.42,810.95,46.97,35.25869565217391,2.042173913043478,2022,11,9,292,-269,1667260800000
2020,2,229,120527,1890661.26,1218156.69,229171.97,10.106919528404424,1.9014160312627046,2020,2,229,122312,-1785,1580515200000
2019,3,216,1689,78410.72,67407.11,4551.98,39.90947898164595,2.695074008288928,2019,3,216,5836,-4147,1551398400000
2025,11,6,96,2311.99,1024.75,104.11,10.674479166666666,1.0844791666666667,2025,11,6,133,-37,1761955200000
2021,1,20,224,6745.6900000000005,5609.29,388.97,25.041473214285713,1.7364732142857144,2021,1,20,426,-202,1609459200000
2017,6,65,14540,265076.76,219823.8,28091.52,15.118555708390646,1.9320165061898211,2017,6,65,19604,-5064,1496275200000
2020,5,112,168,4128.78,3300.73,256.15,19.647202380952383,1.5247023809523808,2020,5,112,567,-399,1588291200000
2020,10,242,770,23577.53,19908.39,1981.37,25.855051948051948,2.5732077922077923,2020,10,242,1029,-259,1601510400000
2022,9,206,10,619.25,468.0,0.0,46.8,0.0,2022,9,206,51,-41,1661990400000
2019,6,10,2860,184296.78,142707.62,19376.52,49.89776923076923,6.775006993006993,2019,6,10,5867,-3007,1559347200000
2020,11,186,48886,808455.75,539171.77,93592.89,11.029165200670949,1.9145131530499528,2020,11,186,26354,22532,1604188800000
2017,4,118,76,1240.07,1040.8,119.69,13.694736842105263,1.5748684210526316,2017,4,118,243,-167,1491004800000
2022,11,41,8463,148546.47,111712.34,16440.64,13.200087439442278,1.942649178778211,2022,11,41,20519,-12056,1667260800000
2024,5,64,77,3373.5,3009.42,80.85,39.08337662337662,1.0499999999999998,2024,5,64,425,-348,1714521600000
2022,11,140,65971,1184957.48,789125.01,151973.45,11.961695441936609,2.303640235861212,2022,11,140,67878,-1907,1667260800000
2025,5,145,10345,286876.44,230609.22,12998.33,22.291853069115515,1.2564842919284678,2025,5,145,13034,-2689,1746057600000
2017,8,164,221394,3201440.16,2531181.63,346149.75,11.432927857123499,1.5635010433887098,2017,8,164,197950,23444,1501545600000
2016,12,90,190612,2627716.45,2075528.08,307113.09,10.88875873502193,1.6111949405074184,2016,12,90,151268,39344,1480550400000
2019,5,212,301,9058.15,7179.35,944.0699999999999,23.851661129568107,3.1364451827242523,2019,5,212,1118,-817,1556668800000
2020,12,86,226,12163.52,10937.12,589.33,48.394336283185844,2.6076548672566373,2020,12,86,544,-318,1606780800000
2024,11,234,96147,2153627.92,1417662.37,273520.03,14.744738473379305,2.8448108625334125,2024,11,234,85194,10953,1730419200000
2019,8,4,8999,162135.18,112293.02,16417.61,12.47838870985665,1.8243815979553284,2019,8,4,25227,-16228,1564617600000
2020,5,160,56,1466.6,1229.17,48.660000000000004,21.94946428571429,0.8689285714285715,2020,5,160,200,-144,1588291200000
2020,11,80,383,10404.51,8603.86,984.43,22.464386422976503,2.5703133159268927,2020,11,80,1647,-1264,1604188800000
2019,1,89,1710,51204.42,45710.35,488.03,26.731198830409355,0.28539766081871343,2019,1,89,6537,-4827,1546300800000
2025,1,21,310,9932.62,9100.69,159.06,29.357064516129032,0.5130967741935484,2025,1,21,526,-216,1735689600000
2025,8,164,75763,1698929.0,1075233.64,184848.63,14.19206789593865,2.439827224370735,2025,8,164,76226,-463,1754006400000
2017,2,147,89,1455.66,1292.5,43.31,14.52247191011236,0.4866292134831461,2017,2,147,1034,-945,1485907200000
2020,6,121,190,6323.14,5609.76,242.2,29.525052631578948,1.2747368421052632,2020,6,121,303,-113,1590969600000
2020,10,106,261,7600.22,6420.53,706.3,24.599731800766282,2.7061302681992334,2020,10,106,733,-472,1601510400000
2025,11,177,2723,62559.07,54730.9,236.15,20.09948586118252,0.08672420124862285,2025,11,177,3000,-277,1761955200000
2022,7,54,49,1301.7,987.98,212.47,20.162857142857142,4.336122448979592,2022,7,54,661,-612,1656633600000
2016,6,213,127,2806.25,2344.51,239.45,18.460708661417325,1.8854330708661415,2016,6,213,1614,-1487,1464739200000
2021,10,259,141,6609.48,5785.63,38.38,41.03283687943262,0.2721985815602837,2021,10,259,498,-357,1633046400000
2016,6,57,64,2292.2400000000002,1979.15,187.47,30.92421875,2.92921875,2016,6,57,537,-473,1464739200000
2019,3,80,3027,60541.7,49086.38,5180.08,16.21618103733069,1.7112917079616783,2019,3,80,12892,-9865,1551398400000
2020,9,96,18,609.58,493.40999999999997,52.93,27.411666666666665,2.9405555555555556,2020,9,96,75,-57,1598918400000
2025,7,136,599,16717.329999999998,15205.42,43.54,25.38467445742905,0.07268781302170284,2025,7,136,1075,-476,1751328000000
2025,7,22,836,20500.21,18672.65,67.4,22.335705741626796,0.080622009569378,2025,7,22,1688,-852,1751328000000
2025,8,214,40,1211.41,828.24,25.69,20.706,0.64225,2025,8,214,124,-84,1754006400000
2016,11,229,192921,2636730.94,2113350.13,290158.81,10.954484633606501,1.5040291621959248,2016,11,229,170749,22172,1477958400000
2019,4,92,682,22565.09,19520.23,703.74,28.622038123167155,1.0318768328445749,2019,4,92,3424,-2742,1554076800000
2018,2,29,68,1930.06,1738.7,123.8,25.569117647058825,1.8205882352941176,2018,2,29,694,-626,1517443200000
2020,10,261,5731,123656.54000000001,89332.82,12969.44,15.587649624847323,2.2630326295585412,2020,10,261,5076,655,1601510400000
2025,11,228,2404,57013.98,44665.89,1218.83,18.579821131447588,0.5070008319467554,2025,11,228,3795,-1391,1761955200000
2019,5,49,1879,37446.23,31438.21,2529.05,16.731351782863225,1.3459552953698777,2019,5,49,11716,-9837,1556668800000
2022,1,39,166,6280.36,5878.110000000001,44.85,35.410301204819284,0.27018072289156625,2022,1,39,900,-734,1640995200000
2022,8,238,57331,1008593.15,671400.72,132155.73,11.710954283023145,2.3051356159843714,2022,8,238,63844,-6513,1659312000000
2024,5,18,229,8872.39,8198.89,24.5,35.80301310043668,0.10698689956331878,2024,5,18,547,-318,1714521600000
2016,8,5,2,126.52,109.92,15.0,54.96,7.5,2016,8,5,55,-53,1470009600000
2025,9,102,601,15180.7,13424.25,171.17000000000002,22.336522462562396,0.2848086522462563,2025,9,102,1384,-783,1756684800000
2022,9,118,18,969.47,793.3000000000001,38.3,44.07222222222222,2.1277777777777778,2022,9,118,84,-66,1661990400000
2022,4,99,2,0.0,0.0,0.0,0.0,0.0,2022,4,99,2,0,1648771200000
2020,10,17,781,21925.76,19011.18,1696.3,24.34209987195903,2.1719590268886044,2020,10,17,2574,-1793,1601510400000
2016,10,93,1590,68444.31,54810.17,7449.01,34.47180503144654,4.684911949685535,2016,10,93,2008,-418,1475280000000
2023,8,251,8,707.2,678.5999999999999,10.1,84.82499999999999,1.2625,2023,8,251,78,-70,1690848000000
2023,10,225,452,15283.92,13484.01,686.77,29.83188053097345,1.5194026548672566,2023,10,225,2940,-2488,1696118400000
2016,11,124,97,4724.46,3823.02,583.82,39.412577319587626,6.018762886597939,2016,11,124,930,-833,1477958400000
2023,10,44,1,18.0,15.0,2.0,15.0,2.0,2023,10,44,20,-19,1696118400000
2024,12,138,116102,7906782.09,5121089.61,1089208.21,44.10853912938623,9.381476718747308,2024,12,138,45072,71030,1733011200000
2025,3,111,16,273.86,207.96,21.81,12.9975,1.363125,2025,3,111,43,-27,1740787200000
2025,9,211,38562,953116.91,647655.11,93154.74,16.79516389191432,2.41571339660806,2025,9,211,40874,-2312,1756684800000
2024,2,229,55271,1175688.8800000001,761789.7999999999,150951.7,13.782811962873838,2.7311193935336795,2024,2,229,64374,-9103,1706745600000
2020,8,105,1,46.5,42.95,2.75,42.95,2.75,2020,8,105,1,0,1596240000000
2023,7,126,65,2459.19,2097.45,64.63,32.26846153846154,0.9943076923076922,2023,7,126,295,-230,1688169600000
2018,1,53,46,1120.77,1016.8,33.13,22.104347826086954,0.7202173913043479,2018,1,53,798,-752,1514764800000
2019,2,13,57030,1277015.37,894442.47,167166.43000000002,15.683718569174118,2.9312016482553047,2019,2,13,58558,-1528,1548979200000
2017,9,230,295166,4950147.7,3966195.52,514901.02999999997,13.43716932166984,1.7444456001029929,2017,9,230,272813,22353,1504224000000
2020,5,96,10,234.11,199.55,2.75,19.955000000000002,0.275,2020,5,96,40,-30,1588291200000
2019,12,201,27,1130.74,1010.41,13.0,37.42259259259259,0.48148148148148145,2019,12,201,470,-443,1575158400000
2022,8,155,141,5981.23,5437.5,75.63,38.56382978723404,0.5363829787234042,2022,8,155,803,-662,1659312000000
2025,7,43,50947,1132913.45,739186.64,135769.37,14.508933597660313,2.664913930162718,2025,7,43,36266,14681,1751328000000
2021,9,190,113,3623.32,2882.78,453.39,25.51132743362832,4.012300884955752,2021,9,190,627,-514,1630454400000
2016,4,70,1571,47854.87,39366.48,4737.74,25.058230426479952,3.015747931253978,2016,4,70,4429,-2858,1459468800000
2016,6,11,68,2331.85,2135.52,106.92999999999999,31.404705882352943,1.5724999999999998,2016,6,11,840,-772,1464739200000
2017,1,201,8,291.74,270.3,10.879999999999999,33.7875,1.3599999999999999,2017,1,201,341,-333,1483228800000
2017,4,198,397,6549.86,5402.74,624.02,13.608916876574307,1.57183879093199,2017,4,198,6852,-6455,1491004800000
2018,4,259,157,5843.64,5288.92,141.25,33.68738853503185,0.8996815286624203,2018,4,259,973,-816,1522540800000
2022,6,153,41,986.88,915.53,12.549999999999999,22.33,0.30609756097560975,2022,6,153,121,-80,1654041600000
2021,5,183,181,6907.65,5881.16,66.22,32.49259668508287,0.3658563535911602,2021,5,183,264,-83,1619827200000
2022,7,215,486,29512.6,23468.66,2713.0299999999997,48.28942386831276,5.5823662551440325,2022,7,215,898,-412,1656633600000
2025,5,54,589,14744.25,10837.21,408.03,18.39933786078098,0.6927504244482172,2025,5,54,1060,-471,1746057600000
2023,4,53,56,2180.2799999999997,1841.2,92.03,32.878571428571426,1.643392857142857,2023,4,53,430,-374,1680307200000
2022,10,35,155,4924.97,4575.93,75.59,29.522129032258068,0.4876774193548387,2022,10,35,587,-432,1664582400000
2022,9,4,4334,94047.03,65320.57,12563.22,15.071658975542224,2.8987586525149975,2022,9,4,12513,-8179,1661990400000
2022,8,144,26205,504030.66000000003,343442.62,62774.42,13.1059958023278,2.3955130700248044,2022,8,144,29188,-2983,1659312000000
2020,2,140,118344,1990216.0,1323912.74,230079.33,11.186986581491245,1.944157118231596,2020,2,140,119690,-1346,1580515200000
2023,6,22,99,4205.15,3697.92,63.23,37.35272727272727,0.6386868686868686,2023,6,22,532,-433,1685577600000
2025,6,56,1560,51292.76,44410.4,980.4300000000001,28.468205128205128,0.6284807692307692,2025,6,56,2979,-1419,1748736000000
2024,10,125,19815,493499.93,338355.04,60146.69,17.075702245773403,3.0354120615695184,2024,10,125,20877,-1062,1727740800000
2021,3,119,390,12669.73,10699.51,102.33,27.434641025641024,0.2623846153846154,2021,3,119,1023,-633,1614556800000
2025,5,84,1,61.35,52.91,0.0,52.91,0.0,2025,5,84,42,-41,1746057600000
2020,9,192,108,3543.86,3094.88,272.73,28.656296296296297,2.5252777777777777,2020,9,192,183,-75,1598918400000
2018,6,218,369,12333.28,11342.5,243.06,30.738482384823847,0.6586991869918699,2018,6,218,1455,-1086,1527811200000
2020,10,67,140,4575.86,3858.34,240.5,27.55957142857143,1.7178571428571427,2020,10,67,349,-209,1601510400000
2025,8,216,3614,153143.31,132596.11,11673.8,36.68957111234089,3.230160486995019,2025,8,216,6895,-3281,1754006400000
2024,10,21,215,6533.84,6070.59,60.47,28.235302325581397,0.28125581395348836,2024,10,21,497,-282,1727740800000
2025,4,178,205,5688.7,4951.0,71.72,24.151219512195123,0.34985365853658534,2025,4,178,465,-260,1743465600000
2016,8,84,1,6.3,5.0,0.0,5.0,0.0,2016,8,84,81,-80,1470009600000
2021,8,100,48553,820963.5800000001,544308.0,91559.34,11.210594607954194,1.8857607150948448,2021,8,100,41378,7175,1627776000000
2019,6,6,12,410.77,256.5,20.61,21.375,1.7175,2019,6,6,158,-146,1559347200000
2018,10,242,335,9819.48,8777.8,230.19,26.20238805970149,0.687134328358209,2018,10,242,1154,-819,1538352000000
2017,5,93,1281,74265.64,59482.36,7957.15,46.434316939890714,6.211670569867291,2017,5,93,1693,-412,1493596800000
2023,1,42,2705,56592.909999999996,45712.4,3440.74,16.899223659889095,1.271992606284658,2023,1,42,11908,-9203,1672531200000
2016,10,42,17225,233366.53,194137.55,17911.76,11.270685050798258,1.0398699564586356,2016,10,42,47984,-30759,1475280000000
2023,5,2,1,41.88,32.4,6.98,32.4,6.98,2023,5,2,1,0,1682899200000
2021,6,228,446,17814.03,14983.84,1219.15,33.596053811659196,2.7335201793721975,2021,6,228,1680,-1234,1622505600000
2024,12,144,40015,1007004.26,704550.88,115264.86,17.607169311508184,2.88054129701362,2024,12,144,36824,3191,1733011200000
2023,6,41,7939,174708.41,130914.91,16899.35,16.490100768358737,2.128649703992946,2023,6,41,19500,-11561,1685577600000
2017,10,101,44,1838.03,1566.5,195.20000000000002,35.60227272727273,4.4363636363636365,2017,10,101,499,-455,1506816000000
2017,10,81,33,866.77,776.01,36.63,23.515454545454546,1.11,2017,10,81,382,-349,1506816000000
2018,12,206,47,2401.24,2029.04,85.7,43.171063829787236,1.823404255319149,2018,12,206,221,-174,1543622400000
2023,12,243,634,22265.74,18469.84,1650.81,29.13223974763407,2.603801261829653,2023,12,243,5970,-5336,1701388800000
2022,7,171,62,2166.9,2002.96,37.29,32.3058064516129,0.6014516129032258,2022,7,171,599,-537,1656633600000
2025,4,250,734,22116.2,19445.97,39.28,26.49314713896458,0.0535149863760218,2025,4,250,820,-86,1743465600000
2023,8,143,27516,589775.84,386537.91,74175.08,14.047750763192324,2.695707224887338,2023,8,143,38473,-10957,1690848000000
2017,12,246,114019,1702638.3900000001,1352912.3,201520.61,11.865674142028961,1.767430077443233,2017,12,246,147771,-33752,1512086400000
2018,8,23,24,1122.6299999999999,995.55,26.580000000000002,41.481249999999996,1.1075000000000002,2018,8,23,251,-227,1533081600000
2016,7,238,160832,2175520.24,1736963.42,238023.31,10.799862092120971,1.4799499477715878,2016,7,238,167579,-6747,1467331200000
2018,11,146,7418,109653.3,91411.81,9269.800000000001,12.322972499325964,1.2496360204906984,2018,11,146,10309,-2891,1541030400000
2016,2,170,368237,5140804.66,4026764.02,610924.88,10.935250993246198,1.659053490007794,2016,2,170,360984,7253,1454284800000
2023,11,264,25162,717826.14,506350.62,91947.57,20.12362371830538,3.654223432159606,2023,11,264,32353,-7191,1698796800000
2020,4,169,135,2960.04,2578.02,142.71,19.096444444444444,1.0571111111111111,2020,4,169,367,-232,1585699200000
2018,11,216,1465,72078.22,59891.16,6271.86,40.88133788395905,4.281133105802048,2018,11,216,3393,-1928,1541030400000
2020,1,244,6827,134693.06,109612.96,10403.56,16.055801962794785,1.5238845759484398,2020,1,244,22002,-15175,1577836800000
2023,3,118,5,387.82,288.6,32.519999999999996,57.720000000000006,6.504,2023,3,118,86,-81,1677628800000
2018,6,169,232,6020.71,5417.85,173.74,23.352801724137933,0.7488793103448276,2018,6,169,1761,-1529,1527811200000
2023,5,88,9952,342103.85,249502.12,41269.93,25.070550643086815,4.146898110932476,2023,5,88,13068,-3116,1682899200000
2022,8,219,437,25880.489999999998,21406.91,2254.1,48.986064073226544,5.15812356979405,2022,8,219,1875,-1438,1659312000000
2024,5,182,418,16733.52,15344.01,11.01,36.70815789473684,0.026339712918660288,2024,5,182,512,-94,1714521600000
2025,7,3,465,13500.35,12156.79,52.88,26.143634408602153,0.11372043010752689,2025,7,3,723,-258,1751328000000
2023,7,98,58,2184.69,1912.04,114.1,32.966206896551725,1.9672413793103447,2023,7,98,695,-637,1688169600000
2025,10,181,4695,115109.96,91619.79,4410.76,19.514332268370605,0.9394589989350374,2025,10,181,12776,-8081,1759276800000
2020,2,29,121,3974.35,3454.98,86.05,28.553553719008264,0.7111570247933884,2020,2,29,653,-532,1580515200000
2021,7,169,282,9512.72,8220.07,149.03,29.14918439716312,0.5284751773049645,2021,7,169,863,-581,1625097600000
2021,9,144,24938,484085.54,330283.7,61329.68,13.244193600128318,2.459286229850028,2021,9,144,27401,-2463,1630454400000
2025,2,160,636,15777.87,13373.43,309.94,21.027405660377358,0.48732704402515725,2025,2,160,1268,-632,1738368000000
2022,3,77,75,2678.27,2454.1,17.12,32.721333333333334,0.22826666666666667,2022,3,77,414,-339,1646092800000
2023,4,108,123,6298.11,5583.82,111.84,45.396910569105685,0.9092682926829269,2023,4,108,244,-121,1680307200000
2024,2,180,86,3302.74,2911.06,146.34,33.84953488372093,1.7016279069767442,2024,2,180,375,-289,1706745600000
2017,7,81,27,612.17,518.6,27.8,19.20740740740741,1.0296296296296297,2017,7,81,434,-407,1498867200000
2022,6,262,48275,899365.0700000001,594737.41,118938.07,12.319780631796997,2.4637611600207148,2022,6,262,53705,-5430,1654041600000
2019,3,155,559,17252.420000000002,15961.710000000001,58.0,28.554042933810376,0.1037567084078712,2019,3,155,1474,-915,1551398400000
2022,6,124,90,4933.3099999999995,4042.85,558.86,44.92055555555555,6.209555555555555,2022,6,124,554,-464,1654041600000
2016,11,168,1684,32705.72,28435.93,1806.67,16.885944180522564,1.0728444180522565,2016,11,168,7144,-5460,1477958400000
2016,5,236,425732,5522892.84,4419939.34,600556.58,10.38197584395817,1.4106446778724642,2016,5,236,428150,-2418,1462060800000
2025,6,208,813,25248.93,21776.98,176.13,26.785953259532594,0.2166420664206642,2025,6,208,1425,-612,1748736000000
2017,2,97,9313,140976.75,116018.63,13689.74,12.457707505637282,1.4699602705894985,2017,2,97,17097,-7784,1485907200000
2017,5,94,70,1154.28,1027.11,43.96,14.672999999999998,0.628,2017,5,94,750,-680,1493596800000
2020,4,39,258,8001.53,7039.68,427.19,27.28558139534884,1.6557751937984495,2020,4,39,458,-200,1585699200000
2021,8,84,3,301.40000000000003,300.0,0.0,100.0,0.0,2021,8,84,25,-22,1627776000000
2022,8,261,17812,433924.88,312888.79,50231.2,17.566179541881876,2.8200763530204354,2022,8,261,15736,2076,1659312000000
2024,12,45,6390,181321.26,135163.91,17315.76,21.15241158059468,2.709821596244131,2024,12,45,10696,-4306,1733011200000
2019,1,255,4365,70483.0,56484.09,8008.94,12.94022680412371,1.8348087056128293,2019,1,255,15857,-11492,1546300800000
2024,2,148,35065,855371.46,588231.48,101030.84,16.775459289890204,2.8812445458434337,2024,2,148,32360,2705,1706745600000
2022,5,177,173,5670.3,5096.13,221.92000000000002,29.457398843930637,1.2827745664739885,2022,5,177,854,-681,1651363200000
2020,6,12,48,1237.46,926.79,105.95,19.308125,2.207291666666667,2020,6,12,123,-75,1590969600000
2020,10,200,173,8391.44,7122.4400000000005,417.01,41.17017341040463,2.4104624277456645,2020,10,200,632,-459,1601510400000
2018,5,189,2156,36631.37,29844.31,4019.48,13.842444341372913,1.8643228200371058,2018,5,189,9786,-7630,1525132800000
2017,12,141,229544,2816706.05,2230427.97,319053.22,9.716777480570174,1.3899436273655594,2017,12,141,228533,1011,1512086400000
2022,2,91,168,6022.8,5437.75,49.4,32.367559523809526,0.29404761904761906,2022,2,91,706,-538,1643673600000
2022,3,62,180,5649.28,4970.59,370.74,27.61438888888889,2.0596666666666668,2022,3,62,1530,-1350,1646092800000
2020,11,213,652,21525.49,17560.49,1860.87,26.933266871165646,2.8540950920245396,2020,11,213,1126,-474,1604188800000
2020,7,193,1289,17688.08,15233.62,812.17,11.818169123351435,0.630077579519007,2020,7,193,1420,-131,1593561600000
2017,8,202,430,8730.23,7297.0,818.4300000000001,16.969767441860466,1.903325581395349,2017,8,202,4285,-3855,1501545600000
2024,4,221,6,226.41,152.67000000000002,0.0,25.445000000000004,0.0,2024,4,221,62,-56,1711929600000
2025,2,92,901,24884.22,21795.85,126.0,24.190732519422863,0.13984461709211987,2025,2,92,2610,-1709,1738368000000
2019,6,143,80048,1296458.1600000001,852265.29,151178.59,10.64692796821907,1.8885992154707176,2019,6,143,90730,-10682,1559347200000
2016,7,112,7428,122297.74,98429.74,13611.15,13.25117662897146,1.8324111470113085,2016,7,112,30997,-23569,1467331200000
2021,9,90,56463,965965.28,627147.41,124779.69,11.107227919168306,2.2099373040752353,2021,9,90,42145,14318,1630454400000
2018,1,178,138,2111.91,1849.83,123.26,13.404565217391303,0.8931884057971015,2018,1,178,728,-590,1514764800000
2021,10,209,6214,145120.57,104323.96,17330.75,16.788535564853557,2.7889845510138396,2021,10,209,8773,-2559,1633046400000
2023,11,42,2639,65203.01,53768.39,3953.44,20.374532019704432,1.4980826070481243,2023,11,42,11241,-8602,1698796800000
2016,10,6,36,998.91,399.0,45.49,11.083333333333334,1.2636111111111112,2016,10,6,225,-189,1475280000000
2017,5,186,339010,5096003.68,4109924.06,558949.31,12.123312173682192,1.648769387333707,2017,5,186,264213,74797,1493596800000
2016,11,23,17,742.4200000000001,547.42,49.5,32.20117647058823,2.911764705882353,2016,11,23,254,-237,1477958400000
2021,4,33,1509,38863.79,31212.16,3455.74,20.684002650762093,2.290086149768058,2021,4,33,5347,-3838,1617235200000
2021,8,66,876,22687.66,17384.12,2789.14,19.84488584474886,3.1839497716894978,2021,8,66,3357,-2481,1627776000000
2025,11,7,8867,149575.23,105539.64,3853.01,11.90251945415586,0.4345336641479644,2025,11,7,12620,-3753,1761955200000
2020,4,68,4015,64244.030000000006,44114.27,5523.22,10.987364881693647,1.3756463262764633,2020,4,68,4239,-224,1585699200000
2023,1,149,63,2855.74,2522.9900000000002,40.9,40.04746031746032,0.6492063492063492,2023,1,149,519,-456,1672531200000
2018,12,159,851,19607.83,17416.4,416.65,20.465804935370155,0.48960047003525264,2018,12,159,2810,-1959,1543622400000
2021,9,63,108,4587.97,3912.3,74.27,36.225,0.6876851851851852,2021,9,63,638,-530,1630454400000
2023,11,168,501,14371.57,12470.96,525.19,24.89213572854291,1.0482834331337327,2023,11,168,1637,-1136,1698796800000
2023,12,157,306,14538.39,11626.91,1485.22,37.99643790849673,4.853660130718954,2023,12,157,1098,-792,1701388800000
2022,10,139,102,4358.15,4060.19,44.56,39.80578431372549,0.43686274509803924,2022,10,139,618,-516,1664582400000
2023,4,142,113448,2488557.5,1613393.5999999999,327345.46,14.221437134193637,2.8854229250405474,2023,4,142,94366,19082,1680307200000
2023,8,37,505,17968.09,15171.84,1005.57,30.043247524752477,1.9912277227722772,2023,8,37,3514,-3009,1690848000000
2017,12,23,15,368.85,338.0,25.05,22.533333333333335,1.6700000000000002,2017,12,23,194,-179,1512086400000
2016,1,241,133,2870.85,2458.5,204.04,18.484962406015036,1.5341353383458647,2016,1,241,1884,-1751,1451606400000
2019,11,6,22,536.74,399.5,52.42,18.15909090909091,2.382727272727273,2019,11,6,126,-104,1572566400000
2023,12,221,5,107.19,73.92999999999999,0.0,14.785999999999998,0.0,2023,12,221,54,-49,1701388800000
2019,1,159,778,19048.93,17165.29,136.62,22.06335475578406,0.17560411311053986,2019,1,159,2531,-1753,1546300800000
2025,11,31,89,2585.18,2109.58,119.58,23.70314606741573,1.3435955056179776,2025,11,31,345,-256,1761955200000
2021,1,130,566,21523.66,18533.32,1066.85,32.7443816254417,1.884893992932862,2021,1,130,1127,-561,1609459200000
2017,12,259,79,2369.05,2092.9,155.89000000000001,26.49240506329114,1.9732911392405066,2017,12,259,1057,-978,1512086400000
2018,3,234,305552,4118590.97,3209242.34,513387.56,10.503097148766821,1.68019702047442,2018,3,234,262173,43379,1519862400000
2020,8,33,750,19331.93,16484.11,1531.51,21.978813333333335,2.0420133333333332,2020,8,33,2160,-1410,1596240000000
2022,1,102,30,930.54,819.19,51.65,27.306333333333335,1.7216666666666667,2022,1,102,405,-375,1640995200000
2017,5,70,1801,68896.99,56960.36,7274.64,31.6270738478623,4.039222654081066,2017,5,70,4154,-2353,1493596800000
2019,5,162,271321,4861114.21,3192554.06,602374.19,11.76670460450905,2.2201532133524493,2019,5,162,225189,46132,1556668800000
2018,12,218,700,27265.21,24953.55,274.81,35.64792857142857,0.3925857142857143,2018,12,218,1496,-796,1543622400000
2019,10,231,119236,2388966.41,1650439.42,287411.39999999997,13.84178788285417,2.410441477406152,2019,10,231,118861,375,1569888000000
2019,5,24,23476,371558.21,268520.45,41350.83,11.438083574714602,1.7614086726869995,2019,5,24,26789,-3313,1556668800000
2016,1,174,126,2652.6,2227.01,245.47,17.674682539682543,1.9481746031746032,2016,1,174,1309,-1183,1451606400000
2018,11,172,9,413.24,351.5,0.7,39.05555555555556,0.07777777777777778,2018,11,172,111,-102,1541030400000
2025,6,138,115947,7652603.12,4902066.26,1056021.76,42.27850880143514,9.107797183195771,2025,6,138,43999,71948,1748736000000
2025,11,176,14,365.15000000000003,220.89000000000001,15.530000000000001,15.777857142857144,1.1092857142857144,2025,11,176,48,-34,1761955200000
2023,7,225,414,14026.41,12229.6,660.66,29.540096618357488,1.5957971014492753,2023,7,225,2997,-2583,1688169600000
2021,3,17,909,26898.32,22933.6,534.43,25.229482948294827,0.5879317931793179,2021,3,17,2715,-1806,1614556800000
2023,2,106,141,4168.09,3297.64,385.4,23.38751773049645,2.7333333333333334,2023,2,106,937,-796,1675209600000
2022,1,24,8690,141156.26,99749.05,18230.28,11.478601841196777,2.0978457997698503,2022,1,24,10460,-1770,1640995200000
2017,3,265,5082,410068.94,346215.56,47071.75,68.12584809130264,9.262445887445887,2017,3,265,24674,-19592,1488326400000
2017,6,186,328511,4955117.5,3998864.24,541331.6,12.172695100011872,1.6478340146905277,2017,6,186,261916,66595,1496275200000
2018,2,147,68,1126.99,1015.0,39.089999999999996,14.926470588235293,0.5748529411764706,2018,2,147,776,-708,1517443200000
2022,5,122,33,1372.1399999999999,1195.75,115.28999999999999,36.234848484848484,3.493636363636363,2022,5,122,293,-260,1651363200000
2020,7,162,22688,348079.42,225163.66,40308.83,9.924350317348377,1.7766585860366715,2020,7,162,17667,5021,1593561600000
2024,11,126,294,9114.96,8092.3,14.14,27.52482993197279,0.0480952380952381,2024,11,126,383,-89,1730419200000
2016,4,47,130,2022.01,1799.5,64.89,13.842307692307692,0.49915384615384617,2016,4,47,1146,-1016,1459468800000
2018,5,145,10586,206091.4,164243.57,19797.5,15.51516814660873,1.870158700170036,2018,5,145,28258,-17672,1525132800000
2019,5,1,721,70024.94,58392.84,8421.01,80.98868238557559,11.679625520110957,2019,5,1,16553,-15832,1556668800000
2018,1,181,8830,138545.13,111923.59,15395.67,12.67537825594564,1.7435639864099661,2018,1,181,29314,-20484,1514764800000
2020,2,185,217,6663.88,5789.89,71.34,26.68152073732719,0.3287557603686636,2020,2,185,773,-556,1580515200000
2018,7,72,290,7870.7,7238.2,165.06,24.959310344827585,0.5691724137931035,2018,7,72,1549,-1259,1530403200000
2020,2,180,135,5425.7699999999995,4881.96,147.83,36.16266666666667,1.095037037037037,2020,2,180,583,-448,1580515200000
2024,1,6,21,965.5999999999999,682.98,53.81,32.52285714285714,2.5623809523809524,2024,1,6,62,-41,1704067200000
2018,1,192,77,1355.44,1202.3,54.15,15.614285714285714,0.7032467532467532,2018,1,192,600,-523,1514764800000
2016,12,256,12191,190681.53,154858.08,20257.83,12.702656057747518,1.6617037158559596,2016,12,256,30583,-18392,1480550400000
2018,3,25,10373,164531.73,134082.12,17777.84,12.926069603779041,1.7138571290851248,2018,3,25,17728,-7355,1519862400000
2022,4,205,178,6742.05,6257.35,17.45,35.153651685393264,0.09803370786516853,2022,4,205,939,-761,1648771200000
2018,1,51,76,1627.71,1473.0,51.65,19.38157894736842,0.6796052631578947,2018,1,51,659,-583,1514764800000
2024,6,21,188,6016.82,5586.26,59.739999999999995,29.714148936170215,0.31776595744680847,2024,6,21,474,-286,1717200000000
2022,10,77,64,2080.6,1918.47,29.83,29.97609375,0.46609375,2022,10,77,359,-295,1664582400000
2023,4,112,778,24934.3,19202.06,2894.24,24.681311053984576,3.7201028277634958,2023,4,112,7428,-6650,1680307200000
2023,10,203,143,6747.95,5933.45,356.79,41.49265734265734,2.4950349650349652,2023,10,203,718,-575,1696118400000
2022,5,200,58,2631.97,2270.2000000000003,148.77,39.14137931034483,2.5650000000000004,2022,5,200,1356,-1298,1651363200000
2019,8,16,197,6009.46,5384.7,133.66,27.333502538071066,0.678477157360406,2019,8,16,1318,-1121,1564617600000
2019,3,73,42,1121.69,1025.42,16.62,24.414761904761907,0.39571428571428574,2019,3,73,496,-454,1551398400000
2024,8,101,99,4517.04,4116.57,100.53,41.58151515151515,1.0154545454545454,2024,8,101,383,-284,1722470400000
2025,4,246,67769,1585763.15,1023378.35,179081.53,15.100980536823622,2.642528737328277,2025,4,246,74148,-6379,1743465600000
2025,5,114,65542,1468309.77,950356.68,155863.82,14.499964602850081,2.378075432547069,2025,5,114,48219,17323,1746057600000
2017,8,59,3,45.74,31.5,4.89,10.5,1.63,2017,8,59,55,-52,1501545600000
2021,12,5,2,441.8,408.15,0.0,204.075,0.0,2021,12,5,16,-14,1638316800000
2019,5,52,4162,81378.12,61727.49,10615.32,14.831208553580009,2.5505333974050934,2019,5,52,6294,-2132,1556668800000
2020,2,139,258,10936.77,9826.14,48.56,38.08581395348837,0.1882170542635659,2020,2,139,868,-610,1580515200000
2023,6,171,74,3122.02,2747.19,128.48,37.12418918918919,1.736216216216216,2023,6,171,584,-510,1685577600000
2023,6,29,92,4594.0,4065.78,58.57,44.19326086956522,0.6366304347826087,2023,6,29,483,-391,1685577600000
2017,5,115,17,323.98,265.0,32.88,15.588235294117647,1.9341176470588237,2017,5,115,119,-102,1493596800000
2024,12,116,3146,80646.06,66968.6,4875.1,21.286904005085827,1.549618563254927,2024,12,116,7966,-4820,1733011200000
2021,11,233,43633,802868.58,528996.35,100804.76,12.123767561249512,2.3102871679691974,2021,11,233,51820,-8187,1635724800000
2016,11,117,25,2698.34,2305.5,332.2,92.22,13.288,2016,11,117,279,-254,1477958400000
2024,3,66,1422,43994.24,36337.65,2789.67,25.553902953586498,1.9617932489451477,2024,3,66,4352,-2930,1709251200000
2019,7,185,237,6846.21,6007.18,160.05,25.346751054852323,0.6753164556962026,2019,7,185,898,-661,1561939200000
2023,2,123,76,2950.58,2557.77,127.91,33.65486842105263,1.6830263157894736,2023,2,123,520,-444,1675209600000
2020,4,115,25,1506.29,1168.13,45.0,46.7252,1.8,2020,4,115,49,-24,1585699200000
2023,4,10,936,71180.4,56917.41,7121.65,60.809198717948725,7.608600427350427,2023,4,10,3148,-2212,1680307200000
2021,7,170,94509,1587415.84,1025107.57,199203.03,10.846666137616523,2.1077678316350825,2021,7,170,88261,6248,1625097600000
2018,5,184,17,873.88,708.0,133.0,41.64705882352941,7.823529411764706,2018,5,184,63,-46,1525132800000
2020,8,15,61,2436.2,2087.77,129.25,34.22573770491803,2.1188524590163933,2020,8,15,159,-98,1596240000000
2021,1,114,9801,155066.4,99749.03,20309.77,10.177433935312724,2.0722140597898173,2021,1,114,9122,679,1609459200000
2024,2,249,74229,1643033.62,1074267.36,212667.23,14.472340459928063,2.8650154252381146,2024,2,249,54938,19291,1706745600000
2020,12,235,560,17439.78,15146.59,1282.95,27.04748214285714,2.290982142857143,2020,12,235,1088,-528,1606780800000
2023,11,87,16106,530272.85,382609.63,65888.54,23.75572022848628,4.090931329939153,2023,11,87,24442,-8336,1698796800000
2019,3,230,279251,5294629.53,3559134.32,610156.8799999999,12.7452876444489,2.1849765264940855,2019,3,230,238806,40445,1551398400000
2025,5,126,828,21075.92,18167.49,66.64,21.941413043478263,0.08048309178743962,2025,5,126,1227,-399,1746057600000
2016,7,9,24,633.04,519.21,84.09,21.633750000000003,3.50375,2016,7,9,691,-667,1467331200000
2017,6,53,46,1007.59,832.1,75.14,18.08913043478261,1.6334782608695653,2017,6,53,939,-893,1496275200000
2018,4,219,776,48113.7,39886.8,4160.3,51.40051546391753,5.361211340206186,2018,4,219,1867,-1091,1522540800000
2019,8,111,13,213.0,176.4,11.18,13.569230769230769,0.86,2019,8,111,82,-69,1564617600000
2019,10,118,37,2830.23,2699.66,25.75,72.96378378378378,0.6959459459459459,2019,10,118,166,-129,1569888000000
2017,3,41,40560,517351.38,421574.48,44902.25,10.393848126232742,1.107057445759369,2017,3,41,67692,-27132,1488326400000
2024,8,109,5,406.12,304.47,41.32,60.894000000000005,8.264,2024,8,109,52,-47,1722470400000
2023,8,245,5,359.72,294.5,42.120000000000005,58.9,8.424000000000001,2023,8,245,52,-47,1690848000000
2019,12,17,1271,28073.6,23922.9,1148.46,18.82210857592447,0.9035877261998426,2019,12,17,8480,-7209,1575158400000
2021,11,92,256,10132.28,8531.63,274.6,33.3266796875,1.07265625,2021,11,92,1667,-1411,1635724800000
2024,9,65,3646,110571.64,91849.01,7444.14,25.19171969281404,2.0417279210093255,2024,9,65,5865,-2219,1725148800000
2025,4,258,1281,35625.85,31907.14,301.99,24.907993754879,0.23574551131928181,2025,4,258,1762,-481,1743465600000
2024,8,232,5006,136160.75,104545.68,10631.43,20.884075109868157,2.1237375149820217,2024,8,232,15283,-10277,1722470400000
2016,9,164,244091,3712851.24,2953616.14,400596.07,12.10047129963825,1.6411750945344155,2016,9,164,214019,30072,1472688000000
2021,1,18,422,13836.64,11698.74,690.83,27.7221327014218,1.6370379146919432,2021,1,18,848,-426,1609459200000
2025,8,93,11627,564904.35,434419.59,59165.04,37.36299905392621,5.088590350047304,2025,8,93,8152,3475,1754006400000
2019,8,130,1333,70875.79,55926.81,6550.14,41.955596399099775,4.913833458364591,2019,8,130,4692,-3359,1564617600000
2023,5,256,1309,40711.92,31488.13,4654.84,24.055103132161957,3.556027501909855,2023,5,256,8293,-6984,1682899200000
2016,2,182,96,1750.21,1563.25,52.0,16.283854166666668,0.5416666666666666,2016,2,182,1452,-1356,1454284800000
2020,3,251,1,24.85,22.1,0.0,22.1,0.0,2020,3,251,42,-41,1583020800000
2024,4,20,150,5679.12,5071.09,96.51,33.80726666666667,0.6434000000000001,2024,4,20,499,-349,1711929600000
2025,5,239,114610,2450252.43,1577182.67,284703.84,13.761300671843642,2.484109938050781,2025,5,239,114552,58,1746057600000
2023,11,250,95,3196.86,2794.85,128.97,29.419473684210526,1.357578947368421,2023,11,250,262,-167,1698796800000
2017,7,64,30,1175.94,934.26,164.77,31.142,5.492333333333334,2017,7,64,727,-697,1498867200000
2017,11,262,111369,1514834.07,1205738.44,175004.0,10.826517612621107,1.571388806579928,2017,11,262,118486,-7117,1509494400000
2016,4,192,138,3257.38,2796.5,267.66,20.264492753623188,1.9395652173913045,2016,4,192,966,-828,1459468800000
2021,10,99,2,225.35,193.26,0.0,96.63,0.0,2021,10,99,1,1,1633046400000
2023,2,168,441,11203.06,9311.36,540.4399999999999,21.11419501133787,1.2254875283446711,2023,2,168,1699,-1258,1675209600000
2023,6,191,190,9020.75,7960.2300000000005,215.22,41.895947368421055,1.132736842105263,2023,6,191,800,-610,1685577600000
2022,10,210,121,5620.95,5153.400000000001,28.5,42.590082644628104,0.23553719008264462,2022,10,210,594,-473,1664582400000
2021,2,218,362,14298.82,12340.77,310.2,34.09052486187846,0.8569060773480662,2021,2,218,605,-243,1612137600000
2019,8,189,1100,21167.73,17006.74,2014.07,15.460672727272728,1.8309727272727272,2019,8,189,5600,-4500,1564617600000
2020,10,29,256,9492.22,8206.15,744.63,32.0552734375,2.9087109375,2020,10,29,463,-207,1601510400000
2016,1,157,584,16927.22,13920.5,1510.36,23.836472602739725,2.5862328767123284,2016,1,157,4265,-3681,1451606400000
2020,3,206,13,580.1600000000001,439.29,0.0,33.791538461538465,0.0,2020,3,206,74,-61,1583020800000
2018,6,33,10843,202752.77,166700.02,23539.53,15.373975836945494,2.170942543576501,2018,6,33,26700,-15857,1527811200000
2020,1,189,1073,20346.41,16242.82,1848.68,15.1377632805219,1.7229077353215285,2020,1,189,5748,-4675,1577836800000
2020,11,201,70,3680.67,3153.73,191.84,45.053285714285714,2.7405714285714287,2020,11,201,208,-138,1604188800000
2020,3,2,1,9.8,9.0,0.0,9.0,0.0,2020,3,2,5,-4,1583020800000
2019,5,193,5179,63185.15,53546.09,2418.74,10.339078972774667,0.4670283838578876,2019,5,193,6706,-1527,1556668800000
2018,2,42,13620,170025.58,141977.41,11435.66,10.424185756240822,0.8396226138032306,2018,2,42,36091,-22471,1517443200000
2020,7,14,419,16779.95,15296.43,714.27,36.506992840095464,1.7047016706443914,2020,7,14,1061,-642,1593561600000
2021,1,129,758,20584.56,17339.63,1057.55,22.875501319261215,1.3951846965699208,2021,1,129,2533,-1775,1609459200000
2023,10,1,420,43657.71,36975.94,4817.17,88.03795238095239,11.469452380952381,2023,10,1,11220,-10800,1696118400000
2017,10,166,48504,736808.79,588976.84,85123.34,12.142850898894936,1.7549756721095167,2017,10,166,75946,-27442,1506816000000
2016,8,91,255,5446.52,4692.3,364.73,18.401176470588236,1.430313725490196,2016,8,91,2397,-2142,1470009600000
2020,1,139,374,15811.57,14056.17,84.26,37.58334224598931,0.22529411764705884,2020,1,139,911,-537,1577836800000
2021,1,225,781,24947.15,21377.94,1236.77,27.372522407170294,1.5835723431498079,2021,1,225,1762,-981,1609459200000
2021,3,88,3901,92918.3,68154.28,9673.03,17.47097667264804,2.479628300435786,2021,3,88,4484,-583,1614556800000
2019,6,41,27949,398757.94999999995,308664.31,33272.840000000004,11.043840924541128,1.1904840960320586,2019,6,41,45893,-17944,1559347200000
2020,5,227,117,3554.43,3030.35,225.29,25.90042735042735,1.9255555555555555,2020,5,227,141,-24,1588291200000
2021,11,158,25378,489166.7,326016.01,66832.84,12.846402789817953,2.6334951532823703,2021,11,158,33960,-8582,1635724800000
2017,8,146,9519,141565.03,118581.74,12017.91,12.457373673705222,1.262518121651434,2017,8,146,11813,-2294,1501545600000
2024,4,245,1,101.08,72.7,9.0,72.7,9.0,2024,4,245,40,-39,1711929600000
2024,6,194,143,8727.12,6437.24,944.32,45.01566433566433,6.603636363636364,2024,6,194,502,-359,1717200000000
2020,6,145,1220,23543.26,20396.0,776.08,16.718032786885246,0.6361311475409837,2020,6,145,2394,-1174,1590969600000
2018,12,113,124126,1708250.8,1352966.1,203552.30999999997,10.899941188792035,1.6398845527931294,2018,12,113,107165,16961,1543622400000
2020,7,117,416,28290.28,25730.83,583.83,61.852956730769236,1.4034375000000001,2020,7,117,534,-118,1593561600000
2021,7,160,106,3403.81,2889.79,138.77,27.262169811320753,1.3091509433962265,2021,7,160,1073,-967,1625097600000
2023,8,96,12,237.68,219.4,3.28,18.283333333333335,0.2733333333333333,2023,8,96,135,-123,1690848000000
2017,8,16,67,2694.49,2309.0,200.82,34.46268656716418,2.9973134328358206,2017,8,16,1440,-1373,1501545600000
2016,6,44,1,3.8,2.5,0.0,2.5,0.0,2016,6,44,53,-52,1464739200000
2025,6,71,2630,71919.35,65701.62,19.97,24.98160456273764,0.007593155893536121,2025,6,71,2988,-358,1748736000000
2025,11,245,14,412.13,353.93,0.0,25.280714285714286,0.0,2025,11,245,53,-39,1761955200000
2019,10,6,11,251.39000000000001,194.5,16.11,17.681818181818183,1.4645454545454546,2019,10,6,99,-88,1569888000000
2017,4,161,366870,5423399.55,4291198.26,614804.59,11.696781584757543,1.6758104778259328,2017,4,161,362475,4395,1491004800000
2024,4,90,55604,1261246.77,836453.31,153689.47,15.043042047334724,2.7640002517804474,2024,4,90,51886,3718,1711929600000
2017,8,165,130,2951.85,2483.2,215.02,19.10153846153846,1.6540000000000001,2017,8,165,1749,-1619,1501545600000
2021,11,146,1924,34990.29,27346.83,2940.31,14.213529106029107,1.5282276507276507,2021,11,146,3341,-1417,1635724800000
2025,4,7,6070,151889.84,126652.74,3637.34,20.8653607907743,0.5992322899505766,2025,4,7,9818,-3748,1743465600000
2019,4,3,182,6885.73,6088.68,45.28,33.45428571428572,0.2487912087912088,2019,4,3,631,-449,1554076800000
2017,10,215,776,49652.28,39215.36,5557.18,50.535257731958765,7.161314432989691,2017,10,215,897,-121,1506816000000
2021,10,100,54007,955771.66,634330.6,113634.59,11.745340418834594,2.104071509248801,2021,10,100,46710,7297,1633046400000
2021,12,198,109,3970.17,3273.85,307.17,30.03532110091743,2.818073394495413,2021,12,198,1607,-1498,1638316800000
2024,9,2,7,271.19,228.55,17.2,32.65,2.457142857142857,2024,9,2,11,-4,1725148800000
2025,11,167,1194,32358.48,29051.33,126.34,24.33109715242881,0.10581239530988275,2025,11,167,1499,-305,1761955200000
2020,3,225,693,14333.9,12925.69,247.88,18.651789321789323,0.35769119769119767,2020,3,225,2995,-2302,1583020800000
2021,11,124,92,4171.09,3426.49,201.8,37.24445652173913,2.1934782608695653,2021,11,124,573,-481,1635724800000
2022,1,139,75,3953.91,3537.0800000000004,69.78,47.16106666666667,0.9304,2022,1,139,453,-378,1640995200000
2023,7,33,1403,44753.3,34601.91,5294.74,24.662801140413404,3.773870277975766,2023,7,33,7286,-5883,1688169600000
2022,2,261,11205,251295.53999999998,178016.34,30896.32,15.887223560910307,2.7573690316822845,2022,2,261,11133,72,1643673600000
2025,9,19,433,17775.18,15614.54,755.6999999999999,36.06129330254042,1.7452655889145494,2025,9,19,932,-499,1756684800000
2016,3,143,124276,1645250.1300000001,1315937.18,183180.18,10.588827931378544,1.4739787247738902,2016,3,143,135474,-11198,1456790400000
2018,5,238,186193,2474994.8400000003,1960576.26,286555.46,10.529806491114059,1.5390238086286812,2018,5,238,196172,-9979,1525132800000
2019,8,141,132940,2011986.9100000001,1296762.67,228302.56,9.75449578757334,1.7173353392507897,2019,8,141,138642,-5702,1564617600000
2018,9,62,627,14428.79,13078.93,388.94,20.859537480063796,0.6203189792663477,2018,9,62,3544,-2917,1535760000000
2018,9,178,145,3711.92,3295.32,91.9,22.726344827586207,0.6337931034482759,2018,9,178,542,-397,1535760000000
2025,3,39,3356,92422.06,85333.22,224.79,25.42706197854589,0.06698152562574493,2025,3,39,3946,-590,1740787200000
2017,5,220,185,3504.98,2995.06,199.21,16.189513513513514,1.0768108108108108,2017,5,220,3831,-3646,1493596800000
2025,10,48,100069,2298333.68,1478209.3800000001,253586.27,14.771901188180157,2.534114161228752,2025,10,48,97700,2369,1759276800000
2017,3,208,80,2938.35,2553.32,200.64,31.916500000000003,2.508,2017,3,208,1390,-1310,1488326400000
2018,6,88,37034,831247.54,679787.59,96071.76,18.35577010314846,2.594150240319706,2018,6,88,37687,-653,1527811200000
2024,12,156,10,355.94,256.32,47.92,25.631999999999998,4.792,2024,12,156,46,-36,1733011200000
2018,12,147,267,9126.39,7996.14,86.75,29.94808988764045,0.3249063670411985,2018,12,147,981,-714,1543622400000
2020,1,228,661,19548.31,16899.61,632.66,25.566732223903177,0.957125567322239,2020,1,228,3378,-2717,1577836800000
2023,2,232,3395,95414.74,67908.05,11771.78,20.00237113402062,3.4673873343151698,2023,2,232,13807,-10412,1675209600000
2019,6,100,141193,2502999.39,1699516.12,259348.03,12.036829871169251,1.8368334832463367,2019,6,100,109922,31271,1559347200000
2017,8,31,40,1256.83,1031.76,150.66,25.794,3.7664999999999997,2017,8,31,529,-489,1501545600000
2024,10,208,224,8753.369999999999,7735.33,116.51,34.53272321428572,0.5201339285714286,2024,10,208,560,-336,1727740800000
2020,10,133,237,7622.83,6333.63,570.15,26.724177215189872,2.4056962025316455,2020,10,133,578,-341,1601510400000
2021,9,176,4,347.29,292.35,0.0,73.0875,0.0,2021,9,176,24,-20,1630454400000
2022,3,61,609,19211.66,16470.18,1608.78,27.04463054187192,2.6416748768472904,2022,3,61,5264,-4655,1646092800000
2025,2,149,376,10481.94,9563.4,84.02,25.434574468085106,0.22345744680851062,2025,2,149,746,-370,1738368000000
2020,1,254,424,15328.19,13355.22,42.86,31.498160377358488,0.10108490566037735,2020,1,254,1047,-623,1577836800000
2021,1,238,40641,608278.63,402118.02,74066.3,9.894392854506533,1.8224526955537512,2021,1,238,40956,-315,1609459200000
2024,8,261,17449,546833.98,400562.72,59912.95,22.95619920912373,3.4336036449080174,2024,8,261,16691,758,1722470400000
2020,12,132,22120,1131383.69,927199.55,113248.97,41.91679701627486,5.11975452079566,2020,12,132,3788,18332,1606780800000
2021,12,239,95396,1600790.1700000002,1027761.54,217215.85,10.773633485680742,2.276991173634115,2021,12,239,91403,3993,1638316800000
2018,1,58,4,348.86,313.0,18.06,78.25,4.515,2018,1,58,146,-142,1514764800000
2023,5,205,327,11943.57,10901.39,111.73,33.33758409785933,0.34168195718654437,2023,5,205,1161,-834,1682899200000
2018,2,229,159852,2058237.4500000002,1623395.21,242136.66,10.155614005455046,1.514755273628106,2018,2,229,155090,4762,1517443200000
2024,3,30,11,389.36,306.18,0.0,27.834545454545456,0.0,2024,3,30,46,-35,1709251200000
2018,6,153,137,3161.04,2897.5,46.92,21.14963503649635,0.34248175182481755,2018,6,153,366,-229,1527811200000
2025,3,205,1416,43643.12,40208.83,41.9,28.39606638418079,0.02959039548022599,2025,3,205,2260,-844,1740787200000
2022,6,261,18879,485052.9,348863.7,59995.79,18.478928968695378,3.1779114359870757,2022,6,261,16589,2290,1654041600000
2025,2,8,21,783.13,610.37,88.87,29.065238095238094,4.2319047619047625,2025,2,8,33,-12,1738368000000
2018,3,181,10706,170196.09999999998,137092.49,19232.48,12.805201756024658,1.7964206986736408,2018,3,181,31593,-20887,1519862400000
2017,9,147,51,724.84,615.3,27.369999999999997,12.064705882352941,0.5366666666666666,2017,9,147,797,-746,1504224000000
2019,7,149,290,9284.04,8312.04,57.45,28.662206896551726,0.19810344827586207,2019,7,149,946,-656,1561939200000
2017,3,4,29594,432599.78,350923.48,45897.25,11.85792660674461,1.5508971413124282,2017,3,4,55476,-25882,1488326400000
2021,10,212,121,3892.27,3243.8,14.020000000000001,26.80826446280992,0.11586776859504133,2021,10,212,371,-250,1633046400000
2018,12,34,184,3006.72,2433.15,338.21,13.223641304347826,1.8380978260869565,2018,12,34,860,-676,1543622400000
2019,1,213,926,29310.27,25964.56,135.1,28.039481641468683,0.1458963282937365,2019,1,213,2022,-1096,1546300800000
2017,5,126,86,1734.99,1498.0,95.31,17.41860465116279,1.1082558139534884,2017,5,126,1184,-1098,1493596800000
2016,1,4,34904,503672.88,408118.06,54510.78,11.692587096034838,1.5617344716937887,2016,1,4,58271,-23367,1451606400000
2021,1,219,310,15187.55,13263.7,591.51,42.78612903225807,1.9080967741935484,2021,1,219,622,-312,1609459200000
2018,6,225,961,19631.49,17093.95,1181.74,17.78766909469303,1.2296982310093652,2018,6,225,8828,-7867,1527811200000
2023,9,67,53,1881.12,1670.14,10.5,31.512075471698115,0.19811320754716982,2023,9,67,345,-292,1693526400000
2022,11,90,51478,949098.11,623816.41,126185.77,12.118116671199347,2.451256264812153,2022,11,90,42514,8964,1667260800000
2025,5,76,5398,138060.52,126540.44,352.9,23.44209707299,0.06537606520933678,2025,5,76,6693,-1295,1746057600000
2021,8,109,3,138.32999999999998,118.38000000000001,10.0,39.46,3.3333333333333335,2021,8,109,45,-42,1627776000000
2016,4,102,116,3237.92,2666.36,341.84,22.985862068965517,2.9468965517241377,2016,4,102,1851,-1735,1459468800000
2025,10,26,826,21018.39,19420.26,59.93,23.511210653753025,0.0725544794188862,2025,10,26,1856,-1030,1759276800000
2021,9,87,17796,427746.55,303967.47,55053.73,17.08066250842886,3.0936013710946284,2021,9,87,21576,-3780,1630454400000
2017,7,74,32270,422877.94,349023.16,30462.99,10.81571614502634,0.9440034087387668,2017,7,74,68454,-36184,1498867200000
2021,3,14,611,23399.32,20384.15,267.45,33.36194762684124,0.43772504091653025,2021,3,14,1660,-1049,1614556800000
2021,7,60,115,3794.19,3189.48,40.3,27.734608695652174,0.35043478260869565,2021,7,60,391,-276,1625097600000
2023,4,245,3,161.75,117.65,22.0,39.21666666666667,7.333333333333333,2023,4,245,42,-39,1680307200000
2020,5,167,313,7947.52,7064.11,159.92,22.569041533546326,0.5109265175718849,2020,5,167,672,-359,1588291200000
2016,9,210,66,4101.61,3433.56,572.97,52.02363636363636,8.681363636363637,2016,9,210,1130,-1064,1472688000000
2025,8,178,204,5028.9800000000005,4598.5,26.22,22.541666666666668,0.12852941176470586,2025,8,178,514,-310,1754006400000
2017,4,167,232,3617.85,3148.33,190.88,13.570387931034482,0.8227586206896551,2017,4,167,1754,-1522,1491004800000
2019,4,71,639,21289.19,19332.28,84.06,30.253959311424097,0.13154929577464788,2019,4,71,1714,-1075,1554076800000
2023,1,141,81006,1624362.0,1036450.25,207209.84,12.794734340666123,2.5579566945658345,2023,1,141,87653,-6647,1672531200000
2017,11,115,4,339.82,312.3,13.8,78.075,3.45,2017,11,115,98,-94,1509494400000
2023,10,108,77,3525.75,3270.05,29.0,42.46818181818182,0.37662337662337664,2023,10,108,204,-127,1696118400000
2019,8,263,102106,1593238.8,1031429.31,183179.09,10.101554365071593,1.7940090690067185,2019,8,263,104382,-2276,1564617600000
2016,10,73,40,836.5,697.5,93.96000000000001,17.4375,2.349,2016,10,73,688,-648,1475280000000
2025,8,41,16838,335653.84,258606.57,13253.5,15.358508730253,0.7871184226155126,2025,8,41,23355,-6517,1754006400000
2020,12,191,253,11465.8,10102.37,687.46,39.9303162055336,2.7172332015810277,2020,12,191,492,-239,1606780800000
2025,6,192,400,10881.05,9664.54,119.45,24.161350000000002,0.29862500000000003,2025,6,192,893,-493,1748736000000
2024,2,179,515,14256.05,11891.22,733.48,23.089747572815533,1.424233009708738,2024,2,179,2374,-1859,1706745600000
2018,2,126,73,1647.33,1505.0,47.25,20.616438356164384,0.6472602739726028,2018,2,126,1031,-958,1517443200000
2025,7,30,37,1235.59,1052.09,10.0,28.434864864864863,0.2702702702702703,2025,7,30,62,-25,1751328000000
2025,1,24,8576,176237.52,123812.62,19561.06,14.43710587686567,2.280907182835821,2025,1,24,11475,-2899,1735689600000
2024,1,168,663,19992.03,17769.51,387.46,26.801674208144792,0.5844042232277527,2024,1,168,1783,-1120,1704067200000
2017,2,198,346,5353.41,4440.31,446.03,12.833265895953758,1.2891040462427745,2017,2,198,5740,-5394,1485907200000
2019,9,78,244,7361.58,6319.29,63.3,25.89872950819672,0.2594262295081967,2019,9,78,761,-517,1567296000000
2016,8,154,29,1676.92,1338.01,191.23000000000002,46.138275862068966,6.594137931034483,2016,8,154,119,-90,1470009600000
2018,11,129,4239,73791.64,62908.63,3945.35,14.84044114177872,0.9307265864590705,2018,11,129,13278,-9039,1541030400000
2021,6,16,154,5643.17,4911.72,109.95,31.894285714285715,0.713961038961039,2021,6,16,604,-450,1622505600000
2016,11,137,120932,1672901.24,1334016.05,186259.16,11.031125343168062,1.5401974663447227,2016,11,137,137134,-16202,1477958400000
2021,7,180,61,2553.27,2170.99,84.68,35.589999999999996,1.3881967213114754,2021,7,180,375,-314,1625097600000
2024,2,189,408,12001.17,10177.85,784.16,24.945710784313725,1.9219607843137254,2024,2,189,2525,-2117,1706745600000
2017,2,56,255,8809.89,6962.54,997.59,27.30407843137255,3.9121176470588237,2017,2,56,2313,-2058,1485907200000
2023,4,259,93,4027.9,3617.85,63.2,38.901612903225804,0.6795698924731183,2023,4,259,420,-327,1680307200000
2021,1,100,22575,344463.38,226032.46,36089.59,10.01251207087486,1.598652934662237,2021,1,100,17205,5370,1609459200000
2024,8,63,359,11621.93,10766.43,115.52,29.990055710306407,0.32178272980501393,2024,8,63,889,-530,1722470400000
2024,11,72,1232,34392.19,32382.98,113.78999999999999,26.284886363636364,0.09236201298701298,2024,11,72,1416,-184,1730419200000
2016,3,163,331064,4885345.51,3901783.62,532489.71,11.785587137230264,1.6084192482420316,2016,3,163,293818,37246,1456790400000
2020,2,75,46711,688396.5500000002,502356.1,64903.11,10.754556742523175,1.3894609406777847,2020,2,75,76427,-29716,1580515200000
2023,7,45,4568,131606.35,95721.1,13693.18,20.954706654991245,2.9976313485113835,2023,7,45,8299,-3731,1688169600000
2025,6,175,276,7354.91,6453.47,43.8,23.38213768115942,0.15869565217391304,2025,6,175,702,-426,1748736000000
2019,5,156,9,290.01,230.0,42.81,25.555555555555557,4.756666666666667,2019,5,156,80,-71,1556668800000
2016,6,131,86,2964.65,2576.81,243.79,29.962906976744186,2.834767441860465,2016,6,131,1485,-1399,1464739200000
2021,5,48,64270,1065165.2200000002,701935.5,125015.65,10.921666407344018,1.9451633732690212,2021,5,48,58458,5812,1619827200000
2024,3,169,334,10623.97,9677.52,64.05,28.974610778443115,0.19176646706586825,2024,3,169,653,-319,1709251200000
2016,3,27,2,76.63,61.5,9.95,30.75,4.975,2016,3,27,96,-94,1456790400000
2016,7,252,63,3025.62,2531.43,329.66,40.18142857142857,5.232698412698413,2016,7,252,1369,-1306,1467331200000
2016,1,263,198801,2613713.91,2083684.73,290041.21,10.481258796484926,1.4589524700579979,2016,1,263,201918,-3117,1451606400000
2018,8,150,109,3594.66,3208.11,125.07,29.432201834862386,1.1474311926605505,2018,8,150,581,-472,1533081600000
2025,4,199,3,122.12,86.0,19.43,28.666666666666668,6.476666666666667,2025,4,199,1,2,1743465600000
2021,11,262,46051,809159.08,532700.5,104970.73,11.567620681418427,2.279445180343532,2021,11,262,53650,-7599,1635724800000
2021,5,261,8949,200989.93,143240.68,23568.63,16.00633366856632,2.6336607442172313,2021,5,261,8091,858,1619827200000
2018,7,67,109,3146.58,2815.99,77.21,25.834770642201832,0.708348623853211,2018,7,67,1200,-1091,1530403200000
2021,7,252,81,3395.43,2865.32,160.19,35.37432098765432,1.9776543209876543,2021,7,252,626,-545,1625097600000
2024,6,228,527,18608.68,16185.76,616.68,30.713017077798863,1.1701707779886148,2024,6,228,1923,-1396,1717200000000
2022,1,85,72,2242.59,2034.33,60.06,28.254583333333333,0.8341666666666667,2022,1,85,455,-383,1640995200000
2021,5,189,441,11481.09,9267.61,1114.88,21.014988662131522,2.5280725623582767,2021,5,189,1955,-1514,1619827200000
2021,5,74,13647,225940.53,177926.0,14790.58,13.037737231625998,1.0837971715395325,2021,5,74,27108,-13461,1619827200000
2016,12,214,10,343.39,300.51,26.8,30.051,2.68,2016,12,214,217,-207,1480550400000
2016,11,13,94042,1880893.3900000001,1526974.37,227161.56,16.237153293209417,2.415533059696731,2016,11,13,102054,-8012,1477958400000
2017,10,24,27740,392941.2,316920.49,42144.4,11.424675198269647,1.5192645998558039,2017,10,24,31273,-3533,1506816000000
2019,11,121,308,10571.25,9235.76,197.58,29.986233766233767,0.6414935064935066,2019,11,121,1069,-761,1572566400000
2017,12,256,8157,128640.37000000001,104736.3,13502.02,12.840051489518206,1.6552678680887583,2017,12,256,23941,-15784,1512086400000
2018,11,10,2920,175866.09,141540.03,17928.09,48.47261301369863,6.139756849315068,2018,11,10,3679,-759,1541030400000
2023,5,172,1,25.5,24.0,0.0,24.0,0.0,2023,5,172,31,-30,1682899200000
2025,10,203,454,20475.5,18641.87,201.95,41.06138766519823,0.4448237885462555,2025,10,203,1124,-670,1759276800000
2025,11,140,78448,1678267.56,1088371.48,189417.06,13.873795125433407,2.414555629206608,2025,11,140,78640,-192,1761955200000
2021,7,108,106,4457.9,3914.69,67.94,36.93103773584906,0.640943396226415,2021,7,108,307,-201,1625097600000
2019,10,101,211,8644.94,7879.53,81.53999999999999,37.343744075829385,0.3864454976303317,2019,10,101,556,-345,1569888000000
2018,6,21,153,4509.66,4157.95,77.57,27.17614379084967,0.5069934640522875,2018,6,21,1097,-944,1527811200000
2018,1,123,141,2933.88,2621.9,141.8,18.595035460992907,1.0056737588652482,2018,1,123,1196,-1055,1514764800000
2016,3,4,38219,699073.11,591378.53,62025.33,15.473417148538685,1.6228925403595071,2016,3,4,64401,-26182,1456790400000
2017,5,222,27,965.8,761.5,108.93,28.203703703703702,4.0344444444444445,2017,5,222,316,-289,1493596800000
2018,7,113,121377,1619684.2800000003,1282526.31,189342.17,10.56646901801824,1.5599509791805697,2018,7,113,102638,18739,1530403200000
2020,2,46,28,991.1800000000001,880.65,1.83,31.451785714285712,0.06535714285714286,2020,2,46,108,-80,1580515200000
2016,7,89,1632,33305.71,27745.04,3176.1,17.00063725490196,1.9461397058823529,2016,7,89,10362,-8730,1467331200000
2022,2,200,53,2239.77,1990.47,59.9,37.55603773584906,1.130188679245283,2022,2,200,919,-866,1643673600000
2023,1,258,70,2066.48,1879.08,34.65,26.843999999999998,0.495,2023,1,258,652,-582,1672531200000
2024,12,102,201,6564.8,5886.31,199.81,29.285124378109455,0.9940796019900497,2024,12,102,709,-508,1733011200000
2025,1,256,2353,58323.38,46968.99,2692.17,19.961321716957077,1.14414364640884,2025,1,256,6399,-4046,1735689600000
2025,2,210,600,17541.01,16148.49,42.06,26.91415,0.07010000000000001,2025,2,210,920,-320,1738368000000
2025,7,152,5210,118008.71,95264.02,3056.2,18.28484069097889,0.5866026871401151,2025,7,152,6587,-1377,1751328000000
2016,1,8,140,4410.88,3464.0,536.6,24.742857142857144,3.832857142857143,2016,1,8,222,-82,1451606400000
2020,9,236,65555,978720.52,626255.47,119567.91,9.553130501105942,1.8239327282434596,2020,9,236,66238,-683,1598918400000
2021,12,128,31,1006.63,827.27,86.21,26.686129032258062,2.7809677419354837,2021,12,128,193,-162,1638316800000
2024,6,141,76526,1578432.84,1030777.38,190635.17,13.469636202075112,2.4911163526121842,2024,6,141,88012,-11486,1717200000000
2021,5,19,82,3491.2799999999997,3115.23,18.0,37.99060975609756,0.21951219512195122,2021,5,19,311,-229,1619827200000
2019,3,97,7273,132726.74,109820.49,9427.08,15.099751134332463,1.2961748934414958,2019,3,97,13405,-6132,1551398400000
2023,12,228,202,8427.33,7229.63,516.5,35.79024752475247,2.5569306930693068,2023,12,228,1568,-1366,1701388800000
2018,7,161,317915,4695130.350000001,3719783.02,533702.5700000001,11.700558388248432,1.6787586933614334,2018,7,161,315216,2699,1530403200000
2016,9,109,2,172.76,49.0,108.16,24.5,54.08,2016,9,109,106,-104,1472688000000
2022,7,5,65,6221.83,4303.0,0.0,66.2,0.0,2022,7,5,55,10,1656633600000
2024,5,117,413,19908.0,18586.91,41.0,45.00462469733656,0.09927360774818401,2024,5,117,592,-179,1714521600000
2025,6,148,55681,1391109.67,974693.32,107830.77,17.504953574828036,1.9365810599665956,2025,6,148,53280,2401,1748736000000
2016,2,8,163,4360.0,3416.5,490.05,20.960122699386503,3.006441717791411,2016,2,8,219,-56,1454284800000
2020,2,9,111,3646.85,3242.98,12.7,29.216036036036037,0.11441441441441441,2020,2,9,514,-403,1580515200000
2022,1,188,274,7871.53,7055.22,231.94,25.74897810218978,0.8464963503649635,2022,1,188,1998,-1724,1640995200000
2025,4,151,31111,638688.06,444959.73,67987.28,14.302328115457554,2.1853132332615472,2025,4,151,32894,-1783,1743465600000
2017,11,91,148,3641.49,3211.0,214.15,21.695945945945947,1.4469594594594595,2017,11,91,1293,-1145,1509494400000
2024,6,195,902,46569.89,38718.89,3311.33,42.92559866962306,3.6710975609756096,2024,6,195,1667,-765,1717200000000
2019,6,38,189,8386.52,7673.9800000000005,118.56,40.603068783068785,0.6273015873015874,2019,6,38,823,-634,1559347200000
2025,7,145,10457,297976.98,240791.72,12238.08,23.02684517548054,1.1703241847566224,2025,7,145,13258,-2801,1751328000000
2017,8,61,1710,28102.86,23333.84,2374.19,13.645520467836258,1.3884152046783627,2017,8,61,15018,-13308,1501545600000
2020,3,62,357,8275.34,7512.65,204.78,21.043837535014006,0.5736134453781513,2020,3,62,1437,-1080,1583020800000
2023,5,22,83,3565.79,3110.68,91.86,37.47807228915662,1.1067469879518073,2023,5,22,514,-431,1682899200000
2020,1,153,91,2328.83,2033.01,55.16,22.34076923076923,0.6061538461538462,2020,1,153,322,-231,1577836800000
2020,9,115,9,803.58,675.84,16.5,75.09333333333333,1.8333333333333333,2020,9,115,43,-34,1598918400000
2016,3,157,592,18786.49,15246.5,1785.83,25.754222972972972,3.0166047297297296,2016,3,157,4743,-4151,1456790400000
2020,9,51,574,20970.77,17869.54,1403.7,31.131602787456448,2.4454703832752616,2020,9,51,1048,-474,1598918400000
2024,3,12,1262,40984.05,30961.61,4394.16,24.533763866877973,3.4819017432646593,2024,3,12,2122,-860,1709251200000
2024,12,18,280,10071.48,9248.31,29.970000000000002,33.02967857142857,0.10703571428571429,2024,12,18,566,-286,1733011200000
2018,8,165,267,7352.08,6506.31,197.86,24.368202247191014,0.7410486891385768,2018,8,165,1930,-1663,1533081600000
2019,3,164,187777,3281716.7600000002,2150251.23,388024.12,11.451089483802596,2.0664091981446076,2019,3,164,168627,19150,1551398400000
2020,12,123,287,8732.84,7558.12,695.14,26.33491289198606,2.4220905923344946,2020,12,123,509,-222,1606780800000
2025,8,112,6971,158927.18,121310.31,3883.71,17.402138860995553,0.5571237985941758,2025,8,112,12136,-5165,1754006400000
2018,6,215,993,58643.19,47196.32,5931.78,47.52902316213495,5.9735951661631415,2018,6,215,1167,-174,1527811200000
2025,11,137,46492,904976.52,561366.72,84816.02,12.07447991052224,1.8243142906306462,2025,11,137,52508,-6016,1761955200000
2017,4,245,3,104.94,86.58,15.38,28.86,5.126666666666667,2017,4,245,110,-107,1491004800000
2019,12,172,3,176.26999999999998,123.5,15.01,41.166666666666664,5.003333333333333,2019,12,172,106,-103,1575158400000
2022,12,76,434,16301.49,14378.68,773.24,33.130599078341014,1.7816589861751153,2022,12,76,1551,-1117,1669852800000
2019,9,3,192,6815.63,5867.65,225.67000000000002,30.56067708333333,1.1753645833333335,2019,9,3,581,-389,1567296000000
2023,6,18,117,4357.36,3944.06,25.35,33.70991452991453,0.21666666666666667,2023,6,18,481,-364,1685577600000
2016,2,55,106,2037.98,1723.5,179.12,16.25943396226415,1.689811320754717,2016,2,55,1013,-907,1454284800000
2018,9,159,557,10368.48,9249.05,238.21,16.60511669658887,0.4276660682226212,2018,9,159,2373,-1816,1535760000000
2024,4,18,209,8016.51,7304.18,43.599999999999994,34.94822966507177,0.20861244019138753,2024,4,18,483,-274,1711929600000
2017,9,160,155,4430.47,3510.58,480.07,22.64890322580645,3.097225806451613,2017,9,160,2639,-2484,1504224000000
2021,2,208,238,8783.99,7142.6,91.78,30.0109243697479,0.38563025210084034,2021,2,208,447,-209,1612137600000
2024,1,195,328,16774.78,14032.04,1175.18,42.78060975609756,3.5828658536585367,2024,1,195,914,-586,1704067200000
2016,10,119,269,4332.8,3569.61,410.07,13.26992565055762,1.5244237918215613,2016,10,119,1965,-1696,1475280000000
2016,9,115,172,3196.96,2512.5,420.54,14.607558139534884,2.4450000000000003,2016,9,115,295,-123,1472688000000
2022,12,101,57,2102.72,1902.25,66.32,33.37280701754386,1.1635087719298245,2022,12,101,309,-252,1669852800000
2016,11,219,501,31342.95,25879.48,3080.97,51.65564870259481,6.149640718562874,2016,11,219,1721,-1220,1477958400000
2022,6,255,1969,51391.51,38672.05,7341.95,19.640452006094467,3.7287709497206705,2022,6,255,9190,-7221,1654041600000
2018,4,173,289,4745.86,4066.7,178.47,14.071626297577854,0.6175432525951557,2018,4,173,2575,-2286,1522540800000
2017,4,37,3490,52375.22,42684.32,5119.92,12.23046418338109,1.4670257879656161,2017,4,37,17102,-13612,1491004800000
2024,5,111,7,235.8,209.86,7.0,29.98,1.0,2024,5,111,32,-25,1714521600000
2025,4,206,11,675.77,579.54,23.72,52.68545454545454,2.1563636363636363,2025,4,206,77,-66,1743465600000
2025,6,221,66,2338.21,1761.1200000000001,13.32,26.683636363636367,0.2018181818181818,2025,6,221,142,-76,1748736000000
2023,6,91,190,6429.59,5758.85,128.04,30.309736842105266,0.6738947368421052,2023,6,91,888,-698,1685577600000
2019,12,154,31,1971.36,1532.69,177.98000000000002,49.44161290322581,5.741290322580646,2019,12,154,106,-75,1575158400000
2024,9,136,193,7187.54,6599.48,71.65,34.19419689119171,0.3712435233160622,2024,9,136,380,-187,1725148800000
2025,1,23,15,681.19,394.40999999999997,76.0,26.293999999999997,5.066666666666666,2025,1,23,52,-37,1735689600000
2020,2,13,50013,1135188.28,787528.63,150263.0,15.746478515585947,3.0044788355027694,2020,2,13,52180,-2167,1580515200000
2017,3,254,83,2398.71,2223.5,72.88,26.789156626506024,0.8780722891566265,2017,3,254,982,-899,1488326400000
2017,4,255,14614,238512.06,192126.73,27513.14,13.146758587655674,1.8826563569180237,2017,4,255,32421,-17807,1491004800000
2021,1,226,2067,47135.1,37907.35,3761.28,18.339308176100626,1.8196806966618289,2021,1,226,3437,-1370,1609459200000
2025,10,238,81525,1677695.53,1090182.23,192912.13,13.372367126648268,2.3662941429009505,2025,10,238,89211,-7686,1759276800000
2025,10,247,1652,46523.15,39873.73,1231.6,24.136640435835353,0.7455205811138014,2025,10,247,2246,-594,1759276800000
2016,6,8,160,4324.64,3421.0,488.58,21.38125,3.053625,2016,6,8,257,-97,1464739200000
2017,1,213,108,3371.97,2762.52,362.89,25.578888888888887,3.3600925925925926,2017,1,213,1317,-1209,1483228800000
2024,11,149,316,8975.69,8359.92,54.93,26.455443037974685,0.17382911392405062,2024,11,149,673,-357,1730419200000
2016,1,67,96,2633.8399999999997,1546.59,915.77,16.1103125,9.539270833333333,2016,1,67,1849,-1753,1451606400000
2019,1,44,28,1507.92,1473.5,0.0,52.625,0.0,2019,1,44,65,-37,1546300800000
2021,2,212,262,8578.34,7215.56,49.92,27.540305343511452,0.19053435114503817,2021,2,212,487,-225,1612137600000
2020,11,48,40540,631727.3500000001,415450.71,71088.93,10.247920818944253,1.7535503206709422,2020,11,48,36276,4264,1604188800000
2024,8,128,30,902.43,773.8,61.07,25.793333333333333,2.0356666666666667,2024,8,128,229,-199,1722470400000
2018,1,205,90,1951.19,1771.7,82.33,19.685555555555556,0.9147777777777778,2018,1,205,1059,-969,1514764800000
2016,5,74,41390,570060.36,470249.88,43198.47,11.361437062092293,1.043693404203914,2016,5,74,89308,-47918,1462060800000
2024,7,229,53486,1148688.56,751767.86,143068.25,14.05541375313166,2.6748728639270087,2024,7,229,62683,-9197,1719792000000
2019,12,63,273,9930.88,8527.89,238.25,31.237692307692306,0.8727106227106227,2019,12,63,1056,-783,1575158400000
2017,11,237,398611,4831006.390000001,3826316.89,542976.32,9.599125187212596,1.3621709385842335,2017,11,237,347543,51068,1509494400000
2024,2,67,81,2869.23,2584.34,32.910000000000004,31.905432098765434,0.4062962962962963,2024,2,67,357,-276,1706745600000
2017,9,159,404,6082.77,5306.3,206.03,13.13440594059406,0.5099752475247524,2017,9,159,2555,-2151,1504224000000
2017,6,143,104318,1379820.11,1097335.35,157337.96,10.51913715753753,1.5082532257136831,2017,6,143,115819,-11501,1496275200000
2016,11,181,12390,204656.9,165875.03,22997.06,13.387815173527038,1.8560984665052462,2016,11,181,35422,-23032,1477958400000
2020,6,17,499,14458.91,12770.39,587.7,25.59196392785571,1.1777555110220441,2020,6,17,1285,-786,1590969600000
2024,5,120,12,673.07,490.41,58.22,40.8675,4.851666666666667,2024,5,120,239,-227,1714521600000
2016,12,43,139073,1923237.27,1567648.65,190321.61,11.2721279471932,1.3685015064031119,2016,12,43,124685,14388,1480550400000
2019,7,71,594,18398.63,16478.92,111.97,27.74228956228956,0.1885016835016835,2019,7,71,1707,-1113,1561939200000
2022,2,13,14210,332460.36,232781.59,45195.03,16.38153342716397,3.180508796622097,2022,2,13,19960,-5750,1643673600000
2025,11,174,737,23836.579999999998,21514.75,7.0,29.192333785617368,0.009497964721845319,2025,11,174,1582,-845,1761955200000
2022,12,71,127,5733.81,5419.150000000001,43.46,42.670472440944884,0.3422047244094488,2022,12,71,723,-596,1669852800000
2023,2,264,34962,1157768.1400000001,801982.24,147359.06,22.9386831416967,4.214834963674847,2023,2,264,26410,8552,1675209600000
2016,7,82,3319,55667.87,46759.65,3258.78,14.088475444410967,0.9818559807170835,2016,7,82,10809,-7490,1467331200000
2016,12,213,119,2931.39,2527.19,237.09,21.23689075630252,1.9923529411764707,2016,12,213,1640,-1521,1480550400000
2024,10,246,64526,1593089.97,1088117.22,190445.9,16.86323683476428,2.951459876638874,2024,10,246,75171,-10645,1727740800000
2019,8,217,323,7097.6,6082.84,397.11,18.832321981424148,1.2294427244582045,2019,8,217,1855,-1532,1564617600000
2021,10,19,60,2270.55,2008.71,20.94,33.478500000000004,0.34900000000000003,2021,10,19,304,-244,1633046400000
2017,7,126,97,2089.47,1787.16,160.25,18.424329896907217,1.652061855670103,2017,7,126,1197,-1100,1498867200000
2016,11,132,226162,12686544.67,10486333.55,1277550.09,46.36646983135982,5.648827345000487,2016,11,132,89813,136349,1477958400000
2017,9,197,339,15381.06,12716.01,1655.51,37.510353982300884,4.883510324483776,2017,9,197,2088,-1749,1504224000000
2018,8,138,233842,9523006.479999999,7196957.63,1216481.18,30.777010246234635,5.202150084244917,2018,8,138,88923,144919,1533081600000
2018,12,59,16,504.6,463.11,9.91,28.944375,0.619375,2018,12,59,63,-47,1543622400000
2022,1,44,25,2001.85,1793.9,2.75,71.756,0.11,2022,1,44,34,-9,1640995200000
2020,3,237,131050,1924613.74,1215271.17,232834.00999999998,9.273339717665014,1.7766807325448302,2020,3,237,117849,13201,1583020800000
2020,11,145,1710,20829.2,16664.14,1513.27,9.745111111111111,0.884953216374269,2020,11,145,4281,-2571,1604188800000
2022,2,38,94,4475.48,4175.8,50.78,44.42340425531915,0.5402127659574468,2022,2,38,438,-344,1643673600000
2017,7,56,308,9382.29,7550.8,869.61,24.515584415584417,2.8234090909090908,2017,7,56,2633,-2325,1498867200000
2023,9,148,30463,796882.53,552383.89,96590.34,18.13294455569051,3.170742868397728,2023,9,148,29990,473,1693526400000
2024,8,24,7047,155014.7,112305.58,17148.84,15.936651057187456,2.433495104299702,2024,8,24,8989,-1942,1722470400000
2020,3,207,153,2172.06,1707.56,175.56,11.160522875816993,1.1474509803921569,2020,3,207,212,-59,1583020800000
2022,2,174,89,3182.8599999999997,2863.17,37.14,32.17044943820225,0.41730337078651686,2022,2,174,396,-307,1643673600000
2020,2,11,74,2608.78,2276.68,86.03999999999999,30.765945945945944,1.1627027027027026,2020,2,11,499,-425,1580515200000
2022,11,114,38657,715312.95,476021.96,95912.39,12.313991256434798,2.481113123108363,2022,11,114,29953,8704,1667260800000
2019,6,20,182,6275.88,5558.2300000000005,68.61,30.539725274725278,0.376978021978022,2019,6,20,724,-542,1559347200000
2016,3,198,526,8620.32,7106.24,806.12,13.509961977186311,1.5325475285171102,2016,3,198,8312,-7786,1456790400000
2024,5,202,216,7528.69,6459.25,398.05,29.903935185185187,1.8428240740740742,2024,5,202,1758,-1542,1714521600000
2025,2,218,694,22700.14,20886.77,80.37,30.09621037463977,0.11580691642651297,2025,2,218,1120,-426,1738368000000
2018,7,178,149,2988.73,2613.0,106.21,17.536912751677853,0.7128187919463087,2018,7,178,590,-441,1530403200000
2020,8,35,1068,42298.03,38159.06,1680.11,35.72945692883895,1.57313670411985,2020,8,35,1316,-248,1596240000000
2022,10,206,10,746.8199999999999,593.78,38.09,59.378,3.809,2022,10,206,81,-71,1664582400000
2016,5,235,448,7706.900000000001,6129.39,907.13,13.681674107142857,2.02484375,2016,5,235,2608,-2160,1462060800000
2020,11,265,10972,345591.97,330617.01,4248.79,30.132793474298214,0.387239336492891,2020,11,265,3019,7953,1604188800000
2021,4,22,370,14225.53,12555.95,69.76,33.935,0.18854054054054056,2021,4,22,655,-285,1617235200000
2022,1,12,644,14512.95,10657.35,1538.7,16.548680124223605,2.3892857142857142,2022,1,12,886,-242,1640995200000
2020,6,118,13,882.63,698.75,16.46,53.75,1.2661538461538462,2020,6,118,31,-18,1590969600000
2022,1,78,126,4195.92,3683.31,37.86,29.232619047619046,0.30047619047619045,2022,1,78,377,-251,1640995200000
2019,4,31,91,3127.99,2667.66,131.07,29.314945054945053,1.4403296703296702,2019,4,31,608,-517,1554076800000
2017,2,187,3,106.71,83.5,4.8100000000000005,27.833333333333332,1.6033333333333335,2017,2,187,31,-28,1485907200000
2017,9,19,104,2336.33,1993.84,150.1,19.17153846153846,1.4432692307692307,2017,9,19,558,-454,1504224000000
2018,10,189,1900,34731.55,28813.0,3429.83,15.164736842105263,1.8051736842105264,2018,10,189,8793,-6893,1538352000000
2022,2,189,289,7141.52,5627.36,1006.66,19.4718339100346,3.4832525951557094,2022,2,189,2420,-2131,1643673600000
2022,7,194,131,7725.34,5530.14,979.48,42.21480916030534,7.4769465648854965,2022,7,194,340,-209,1656633600000
2020,9,145,1686,20168.46,16241.21,1254.27,9.632983392645313,0.743932384341637,2020,9,145,4142,-2456,1598918400000
2022,1,116,2446,44617.020000000004,35614.45,4015.18,14.560282093213408,1.641529026982829,2022,1,116,7667,-5221,1640995200000
2022,9,36,323,10008.56,7948.66,1306.21,24.608854489164088,4.043993808049536,2022,9,36,2418,-2095,1661990400000
2023,1,202,98,3105.65,2556.91,258.09,26.090918367346937,2.6335714285714285,2023,1,202,1741,-1643,1672531200000
2022,2,249,69271,1193680.25,771576.2,166453.2,11.138516839658731,2.4029276320538178,2022,2,249,54342,14929,1643673600000
2018,9,126,161,4044.52,3602.44,61.81,22.375403726708075,0.3839130434782609,2018,9,126,985,-824,1535760000000
2021,8,6,6,236.3,193.0,17.5,32.166666666666664,2.9166666666666665,2021,8,6,61,-55,1627776000000
2022,1,43,40927,642368.6,413468.24,85280.93,10.102578737752584,2.083732743665551,2022,1,43,31585,9342,1640995200000
2017,1,48,297434,4007370.97,3209346.64,421227.38,10.790113571414162,1.4162045361323856,2017,1,48,260108,37326,1483228800000
2017,2,232,19128,319042.14,261617.71,33901.4,13.677211940610622,1.7723442074445839,2017,2,232,46254,-27126,1485907200000
2016,11,160,162,3620.39,2988.31,298.97,18.446358024691357,1.845493827160494,2016,11,160,3085,-2923,1477958400000
2021,3,114,16850,277197.34,178722.0,36744.31,10.606646884272998,2.1806712166172106,2021,3,114,15095,1755,1614556800000
2018,7,262,80765,1089564.2,863772.63,126028.39,10.694888008419488,1.5604332322169256,2018,7,262,87806,-7041,1530403200000
2018,5,154,25,1922.74,1684.5,67.92,67.38,2.7168,2018,5,154,87,-62,1525132800000
2019,8,13,57217,1325429.03,938148.89,161076.16,16.396331335092718,2.8151801038152997,2019,8,13,61172,-3955,1564617600000
2020,5,119,240,6157.76,5308.46,166.04,22.118583333333333,0.6918333333333333,2020,5,119,578,-338,1588291200000
2016,5,148,192182,3150342.57,2553303.22,354362.01,13.285860382345902,1.8438876169464362,2016,5,148,133458,58724,1462060800000
2021,11,75,25371,434791.0,317360.64,44159.36,12.50879508099799,1.740544716408498,2021,11,75,45755,-20384,1635724800000
2016,4,215,752,45397.56,36293.53,4723.66,48.262672872340424,6.281462765957446,2016,4,215,1127,-375,1459468800000
2017,10,247,1413,25197.05,21001.2,2089.89,14.862845010615711,1.479044585987261,2017,10,247,3748,-2335,1506816000000
2021,7,227,131,5185.3,4555.47,90.56,34.77458015267176,0.6912977099236641,2021,7,227,650,-519,1625097600000
2016,2,158,144456,2105177.15,1671043.83,250542.63,11.567839549759096,1.7343871490280778,2016,2,158,134969,9487,1454284800000
2020,3,240,21,650.9399999999999,592.4300000000001,8.06,28.210952380952385,0.3838095238095238,2020,3,240,137,-116,1583020800000
2022,2,254,154,6622.5599999999995,6041.18,10.93,39.22844155844156,0.07097402597402597,2022,2,254,441,-287,1643673600000
2022,12,190,65,1952.02,1559.56,239.26,23.993230769230767,3.6809230769230767,2022,12,190,492,-427,1669852800000
2017,9,9,18,414.36,376.0,4.3,20.88888888888889,0.23888888888888887,2017,9,9,504,-486,1504224000000
2019,2,64,137,5168.36,4681.54,56.269999999999996,34.17182481751825,0.41072992700729927,2019,2,64,715,-578,1548979200000
2023,11,78,167,5294.25,4686.91,197.36,28.065329341317366,1.1817964071856288,2023,11,78,348,-181,1698796800000
2024,4,209,7046,207258.05,152953.23,21103.59,21.70781010502413,2.9951163780868577,2024,4,209,10508,-3462,1711929600000
2023,1,101,53,2313.57,2094.29,18.18,39.51490566037736,0.3430188679245283,2023,1,101,274,-221,1672531200000
2024,4,54,131,4191.63,3411.45,175.0,26.041603053435114,1.3358778625954197,2024,4,54,751,-620,1711929600000
2020,2,114,83881,1409800.66,917374.56,180049.56999999998,10.936619258234881,2.1464881200748676,2020,2,114,63120,20761,1580515200000
2021,7,61,1140,38327.61,32588.08,1810.71,28.5860350877193,1.5883421052631579,2021,7,61,4859,-3719,1625097600000
2020,10,265,13876,448276.5,430704.36,4278.94,31.039518593254538,0.3083698472182185,2020,10,265,3127,10749,1601510400000
2022,2,198,106,3177.8,2625.7400000000002,312.26,24.7711320754717,2.9458490566037736,2022,2,198,1526,-1420,1643673600000
2020,5,86,105,5861.29,5323.7,115.53,50.70190476190476,1.1002857142857143,2020,5,86,197,-92,1588291200000
2022,11,20,44,1377.6299999999999,1125.56,76.47,25.58090909090909,1.7379545454545455,2022,11,20,352,-308,1667260800000
2024,10,212,284,9961.84,8772.9,50.08,30.890492957746478,0.1763380281690141,2024,10,212,356,-72,1727740800000
2024,11,260,1408,43736.32,36891.12,2647.44,26.201079545454547,1.880284090909091,2024,11,260,2531,-1123,1730419200000
2025,8,200,410,12878.54,11000.32,153.59,26.830048780487804,0.374609756097561,2025,8,200,1553,-1143,1754006400000
2025,10,260,2547,71031.45,56593.88,4666.53,22.219819395367097,1.8321672555948174,2025,10,260,3826,-1279,1759276800000
2024,3,69,548,17114.89,15402.81,177.7,28.107317518248173,0.3242700729927007,2024,3,69,1115,-567,1709251200000
2025,11,248,789,20500.21,17130.95,572.48,21.712230671736375,0.725576679340938,2025,11,248,921,-132,1761955200000
2024,7,157,477,19418.87,16202.15,1346.6100000000001,33.966771488469604,2.8230817610062897,2024,7,157,1206,-729,1719792000000
2016,10,246,154274,2294723.16,1835639.43,261707.45,11.898566381891959,1.6963807900229462,2016,10,246,190552,-36278,1475280000000
2022,12,74,8774,161757.61000000002,123349.39,13820.12,14.058512651014361,1.5751219512195123,2022,12,74,24936,-16162,1669852800000
2018,6,69,519,11006.380000000001,9791.51,422.82,18.86610789980732,0.8146820809248555,2018,6,69,3774,-3255,1527811200000
2025,11,202,719,20547.75,17006.31,692.3,23.652726008344924,0.9628650904033379,2025,11,202,2193,-1474,1761955200000
2018,3,11,82,2570.7599999999998,1981.06,404.68,24.159268292682928,4.935121951219513,2018,3,11,681,-599,1519862400000
2025,9,182,990,34120.21,30769.14,410.93,31.079939393939394,0.4150808080808081,2025,9,182,1436,-446,1756684800000
2017,11,65,11926,212997.92,176486.0,22713.73,14.7984236122757,1.9045555928224047,2017,11,65,17508,-5582,1509494400000
2018,4,211,73035,1088099.6500000001,872861.5,125349.44,11.951276785103033,1.71629273635928,2018,4,211,77551,-4516,1522540800000
2021,6,192,74,2902.46,2573.94,47.85,34.78297297297297,0.6466216216216216,2021,6,192,293,-219,1622505600000
2022,11,96,10,478.36,404.62,66.74000000000001,40.462,6.674000000000001,2022,11,96,68,-58,1667260800000
2022,2,106,152,4281.72,3425.49,463.13,22.53611842105263,3.046907894736842,2022,2,106,987,-835,1643673600000
2021,5,210,381,15889.43,14034.07,53.97,36.83482939632546,0.1416535433070866,2021,5,210,760,-379,1619827200000
2018,12,215,1154,60351.69,49457.6,5263.63,42.85753899480069,4.561204506065858,2018,12,215,1329,-175,1543622400000
2024,1,191,258,11069.84,10179.42,132.12,39.45511627906977,0.512093023255814,2024,1,191,758,-500,1704067200000
2025,10,67,403,9954.46,8361.93,104.59,20.74920595533499,0.2595285359801489,2025,10,67,1011,-608,1759276800000
2023,3,123,87,3374.85,2936.25,103.85,33.75,1.1936781609195402,2023,3,123,579,-492,1677628800000
2018,9,116,9210,146312.97,122919.79,11714.970000000001,13.346339847991313,1.271983713355049,2018,9,116,22288,-13078,1535760000000
2019,3,229,145330,2322298.6,1513130.82,272018.74,10.411689396545793,1.8717315076033854,2019,3,229,145012,318,1551398400000
2019,9,137,72530,1231288.1199999999,822545.25,134403.03,11.340758996277403,1.8530681097476907,2019,9,137,84003,-11473,1567296000000
2017,3,48,327221,4685882.62,3751935.52,504679.55,11.466059696657611,1.5423201750498898,2017,3,48,277354,49867,1488326400000
2025,5,122,489,13018.95,11869.07,7.25,24.27212678936605,0.014826175869120654,2025,5,122,789,-300,1746057600000
2025,7,33,5568,154521.44,126408.31,5736.95,22.702641882183908,1.0303430316091953,2025,7,33,10343,-4775,1751328000000
2020,9,186,48602,808736.01,541190.61,91653.88,11.135151022591662,1.8858046993950868,2020,9,186,25081,23521,1598918400000
2017,4,75,65804,849018.49,693336.77,75674.91,10.536392468542946,1.1500047109598202,2017,4,75,115411,-49607,1491004800000
2020,9,114,11329,186833.26,122215.41,23205.67,10.787837408420867,2.048342307352811,2020,9,114,9922,1407,1598918400000
2020,5,99,1,112.83,97.04,2.75,97.04,2.75,2020,5,99,1,0,1588291200000
2021,12,170,95382,1717467.86,1125108.51,218071.12,11.795815877209536,2.286292172527311,2021,12,170,91453,3929,1638316800000
2022,6,89,341,11454.03,9834.02,714.21,28.83876832844575,2.0944574780058653,2022,6,89,3106,-2765,1654041600000
2025,11,230,125716,3446310.33,2263246.1,417993.1,18.00284848388431,3.3248997740939896,2025,11,230,119812,5904,1761955200000
2025,9,162,128866,3154664.43,2022950.81,392261.23,15.698095773904676,3.043946657768535,2025,9,162,107285,21581,1756684800000
2021,12,34,50,1176.35,886.4399999999999,178.66,17.7288,3.5732,2021,12,34,299,-249,1638316800000
2021,1,232,1641,41362.21,33282.12,2814.04,20.281608775137112,1.714832419256551,2021,1,232,7308,-5667,1609459200000
2020,12,215,438,18080.07,15664.35,1259.36,35.76335616438356,2.875251141552511,2020,12,215,730,-292,1606780800000
2020,6,21,106,3532.59,3154.44,181.91,29.758867924528303,1.716132075471698,2020,6,21,194,-88,1590969600000
2022,3,150,28,1332.3600000000001,1175.95,69.81,41.99821428571429,2.4932142857142856,2022,3,150,240,-212,1646092800000
2023,5,203,170,7840.24,7052.22,122.57,41.48364705882353,0.721,2023,5,203,670,-500,1682899200000
2017,7,23,18,628.75,586.21,29.64,32.56722222222223,1.6466666666666667,2017,7,23,208,-190,1498867200000
2022,9,247,362,10821.64,8979.59,746.22,24.80549723756906,2.061381215469613,2022,9,247,1469,-1107,1661990400000
2021,10,16,113,4745.64,4207.54,52.85,37.234867256637166,0.4676991150442478,2021,10,16,615,-502,1633046400000
2025,6,63,1773,49874.06,45502.48,124.95,25.66411731528483,0.07047377326565143,2025,6,63,2304,-531,1748736000000
2022,7,71,141,3990.46,3684.2400000000002,69.27,26.12936170212766,0.4912765957446808,2022,7,71,812,-671,1656633600000
2021,7,133,160,5669.64,4735.38,193.99,29.596125,1.2124375,2021,7,133,871,-711,1625097600000
2025,1,16,120,3426.45,2998.49,28.580000000000002,24.987416666666665,0.2381666666666667,2025,1,16,644,-524,1735689600000
2024,6,243,1000,31875.69,27594.69,1334.5,27.59469,1.3345,2024,6,243,7111,-6111,1717200000000
2019,4,248,248,7368.32,6421.21,35.5,25.89197580645161,0.1431451612903226,2019,4,248,916,-668,1554076800000
2024,3,43,53444,1197061.49,797896.19,152730.27,14.929574695007858,2.8577627048873584,2024,3,43,38491,14953,1709251200000
2017,8,32,34,706.17,629.0,15.76,18.5,0.46352941176470586,2017,8,32,668,-634,1501545600000
2018,11,223,3766,96655.24,76266.74,9599.710000000001,20.251391396707383,2.54904673393521,2018,11,223,14109,-10343,1541030400000
2020,12,88,2746,63560.79,46798.85,6494.59,17.04255280407866,2.365109249817917,2020,12,88,3087,-341,1606780800000
2025,8,62,2314,56581.73,50671.02,256.2,21.897588591184096,0.11071737251512533,2025,8,62,3492,-1178,1754006400000
2020,1,157,869,46654.92,35666.53,5209.38,41.04318757192175,5.994683544303798,2020,1,157,2489,-1620,1577836800000
2017,6,16,53,1460.9,1194.06,156.35,22.52943396226415,2.9499999999999997,2017,6,16,1355,-1302,1496275200000
2019,9,72,595,17147.02,15534.7,78.3,26.10873949579832,0.13159663865546217,2019,9,72,1624,-1029,1567296000000
2022,5,243,626,17762.15,14261.68,1908.31,22.78223642172524,3.0484185303514377,2022,5,243,7204,-6578,1651363200000
2016,7,118,8,500.23,402.0,59.29,50.25,7.41125,2016,7,118,184,-176,1467331200000
2023,4,71,198,6746.99,6046.07,272.92,30.53570707070707,1.3783838383838385,2023,4,71,720,-522,1680307200000
2021,11,77,146,5705.11,4953.19,56.25,33.925958904109585,0.3852739726027397,2021,11,77,407,-261,1635724800000
2024,3,37,1002,30902.59,27422.95,781.14,27.36821357285429,0.7795808383233532,2024,3,37,3394,-2392,1709251200000
2018,11,112,2768,47109.91,38244.97,4828.94,13.816824421965318,1.744559248554913,2018,11,112,17271,-14503,1541030400000
2019,4,165,544,17253.93,15405.83,117.39,28.31954044117647,0.2157904411764706,2019,4,165,1958,-1414,1554076800000
2019,3,92,741,23794.4,21292.74,331.83,28.73514170040486,0.44781376518218624,2019,3,92,3700,-2959,1551398400000
2025,3,244,7231,179964.65,149246.47,4783.06,20.639810537961555,0.6614659106624258,2025,3,244,19178,-11947,1740787200000
2025,3,177,2494,67839.66,62091.05,149.94,24.896170809943868,0.06012028869286287,2025,3,177,2698,-204,1740787200000
2018,9,198,300,7495.7300000000005,6534.86,385.18,21.782866666666667,1.2839333333333334,2018,9,198,4230,-3930,1535760000000
2022,8,73,21,632.52,583.02,18.1,27.762857142857143,0.861904761904762,2022,8,73,290,-269,1659312000000
2020,10,173,139,4513.46,3892.49,309.15,28.003525179856112,2.2241007194244604,2020,10,173,642,-503,1601510400000
2022,4,88,10296,257721.04,186377.78,31669.86,18.101959984459985,3.0759382284382286,2022,4,88,13459,-3163,1648771200000
2018,7,148,106399,1656614.11,1336058.37,186591.63,12.55705758512768,1.753697215199391,2018,7,148,86260,20139,1530403200000
2018,5,65,13373,249893.09999999998,207696.59,26318.679999999997,15.531039407761908,1.9680460629626857,2018,5,65,18384,-5011,1525132800000
2023,7,64,23,947.71,868.81,31.85,37.77434782608695,1.3847826086956523,2023,7,64,407,-384,1688169600000
2023,10,41,7589,167426.79,126332.83,15819.88,16.64683489260772,2.0845803136118066,2023,10,41,19857,-12268,1696118400000
2025,10,21,457,14353.44,13339.32,98.11,29.188884026258204,0.21468271334792122,2025,10,21,1007,-550,1759276800000
2022,3,174,108,4321.58,3933.21,31.72,36.41861111111111,0.2937037037037037,2022,3,174,421,-313,1646092800000
2022,1,71,104,3394.66,3091.35,72.71000000000001,29.72451923076923,0.6991346153846154,2022,1,71,539,-435,1640995200000
2023,6,189,412,13234.73,10572.76,1496.42,25.662038834951456,3.632087378640777,2023,6,189,3223,-2811,1685577600000
2018,11,219,900,54133.42,45601.67,4218.17,50.66852222222222,4.686855555555556,2018,11,219,1830,-930,1541030400000
2017,8,180,72,2321.94,1829.39,264.03,25.408194444444447,3.667083333333333,2017,8,180,798,-726,1501545600000
2016,3,226,23062,394448.95,328493.38,34217.76,14.243924204318793,1.4837290781371955,2016,3,226,34805,-11743,1456790400000
2019,10,89,1220,35549.36,30177.760000000002,766.59,24.735868852459017,0.6283524590163935,2019,10,89,6394,-5174,1569888000000
2022,4,148,36287,734559.33,502274.56,97195.47,13.8417218287541,2.678520406757241,2022,4,148,36854,-567,1648771200000
2019,2,97,6031,109414.54000000001,90011.57,7962.64,14.924816779970156,1.3202851931686288,2019,2,97,11620,-5589,1548979200000
2016,12,1,829,72859.08,61349.52,8684.29,74.00424607961399,10.47562123039807,2016,12,1,21748,-20919,1480550400000
2019,1,143,95467,1195961.4100000001,945581.88,139333.75999999998,9.90480354468036,1.459496579970042,2019,1,143,112321,-16854,1546300800000
2022,8,65,2391,60033.8,46927.88,6716.57,19.626884148891676,2.809104976997072,2022,8,65,4893,-2502,1659312000000
2023,6,211,24323,602383.16,407083.66,76492.66,16.736572791185296,3.144869465115323,2023,6,211,26824,-2501,1685577600000
2022,9,17,479,13854.09,11542.27,1457.37,24.096597077244258,3.0425260960334026,2022,9,17,4046,-3567,1661990400000
2018,7,259,141,4464.35,4049.24,134.98,28.718014184397163,0.957304964539007,2018,7,259,898,-757,1530403200000
2018,1,3,37,707.61,625.0,31.99,16.89189189189189,0.8645945945945945,2018,1,3,516,-479,1514764800000
2017,2,214,12,444.72,385.34000000000003,31.78,32.11166666666667,2.6483333333333334,2017,2,214,180,-168,1485907200000
2024,10,193,1656,23736.69,19543.04,1267.79,11.80135265700483,0.7655736714975845,2024,10,193,2493,-837,1727740800000
2019,9,228,673,19295.0,16443.34,972.08,24.432897473997027,1.4443982169390788,2019,9,228,4104,-3431,1567296000000
2021,2,9,107,3853.82,3419.53,40.93,31.95822429906542,0.3825233644859813,2021,2,9,211,-104,1612137600000
2016,1,139,45,1136.44,1010.6,68.3,22.45777777777778,1.5177777777777777,2016,1,139,658,-613,1451606400000
2025,7,180,679,18562.0,16474.55,443.35,24.262960235640648,0.6529455081001473,2025,7,180,1211,-532,1751328000000
2025,6,146,4958,137527.85,113538.13,4449.44,22.899985881403794,0.897426381605486,2025,6,146,4593,365,1748736000000
2024,8,60,145,4975.87,4475.79,67.68,30.86751724137931,0.46675862068965523,2024,8,60,323,-178,1722470400000
2022,5,235,195,7281.09,6425.9800000000005,140.0,32.953743589743596,0.717948717948718,2022,5,235,618,-423,1651363200000
2017,10,195,737,19889.19,16800.12,1616.52,22.79527815468114,2.1933785617367705,2017,10,195,4762,-4025,1506816000000
2024,5,73,54,1939.32,1788.58,2.58,33.12185185185185,0.04777777777777778,2024,5,73,268,-214,1714521600000
2024,3,181,1777,55479.87,47034.31,3366.36,26.468379290939787,1.8944063027574565,2024,3,181,8939,-7162,1709251200000
2020,1,29,199,6176.39,5375.9,108.24000000000001,27.014572864321607,0.5439195979899498,2020,1,29,806,-607,1577836800000
2019,9,123,282,7578.21,6712.55,107.81,23.803368794326243,0.3823049645390071,2019,9,123,1182,-900,1567296000000
2025,2,117,451,20731.84,19204.08,27.78,42.581108647450115,0.06159645232815965,2025,2,117,632,-181,1738368000000
2021,9,171,128,4704.75,3959.12,119.78,30.930625,0.93578125,2021,9,171,634,-506,1630454400000
2017,9,202,449,9539.45,7998.5,839.98,17.814031180400892,1.8707795100222717,2017,9,202,4142,-3693,1504224000000
2016,4,204,4,101.53999999999999,70.5,26.84,17.625,6.71,2016,4,204,51,-47,1459468800000
2016,12,53,66,1680.13,1402.5,161.56,21.25,2.4478787878787878,2016,12,53,995,-929,1480550400000
2020,12,143,21684,331689.9,215209.87,40577.61,9.924823372071574,1.8713157166574432,2020,12,143,24857,-3173,1606780800000
2025,7,11,347,10446.18,9397.35,238.14,27.08170028818444,0.6862824207492795,2025,7,11,600,-253,1751328000000
2025,10,144,48310,1118658.06,739658.55,111900.8,15.31067170358104,2.316307182777893,2025,10,144,44094,4216,1759276800000
2016,10,242,109,2608.9500000000003,2140.5,279.67,19.637614678899084,2.5657798165137615,2016,10,242,1036,-927,1475280000000
2017,8,173,350,4691.63,3991.81,185.3,11.405171428571428,0.5294285714285715,2017,8,173,2792,-2442,1501545600000
2017,12,144,105830,1601540.8800000001,1299026.66,173845.78,12.274654256826986,1.6426890295757346,2017,12,144,91826,14004,1512086400000
2023,6,117,133,7724.92,6964.61,21.560000000000002,52.36548872180451,0.16210526315789475,2023,6,117,350,-217,1685577600000
2019,4,48,233871,3989175.2300000004,2664331.96,433173.87,11.392314395542842,1.8521914645253152,2019,4,48,201269,32602,1554076800000
2016,3,85,446,10739.82,8913.32,1294.2,19.985022421524665,2.9017937219730943,2016,3,85,2202,-1756,1456790400000
2017,7,42,13654,176248.25,146594.28,12472.03,10.736361505785851,0.9134341584883551,2017,7,42,38860,-25206,1498867200000
2021,12,109,2,167.25,146.0,0.0,73.0,0.0,2021,12,109,22,-20,1638316800000
2023,8,226,2223,68611.63,55363.21,6069.33,24.90472784525416,2.730242914979757,2023,8,226,5356,-3133,1690848000000
2019,8,218,429,16048.68,14389.84,153.41,33.542750582750585,0.35759906759906757,2019,8,218,2265,-1836,1564617600000
2019,12,78,365,11368.32,9698.51,75.68,26.5712602739726,0.2073424657534247,2019,12,78,845,-480,1575158400000
2020,1,187,8,680.47,616.11,0.0,77.01375,0.0,2020,1,187,36,-28,1577836800000
2025,4,249,88171,1944926.82,1239741.3,221721.39,14.060646924725818,2.514674779689467,2025,4,249,68651,19520,1743465600000
2025,5,224,10266,217109.63,147619.13,12004.63,14.37942041691019,1.1693580751996882,2025,5,224,18131,-7865,1746057600000
2025,10,38,398,17025.3,15457.75,219.47000000000003,38.83856783919598,0.5514321608040201,2025,10,38,1081,-683,1759276800000
2017,8,9,54,1266.3799999999999,1017.5,85.89,18.84259259259259,1.5905555555555555,2017,8,9,661,-607,1501545600000
2020,6,71,346,12120.01,11082.13,317.81,32.0292774566474,0.9185260115606937,2020,6,71,580,-234,1590969600000
2019,7,100,143898,2492163.2199999997,1690736.1,251050.18,11.749545511403912,1.744639814312916,2019,7,100,110276,33622,1561939200000
2016,4,265,6881,480148.45,402445.04,54400.25,58.48641767185002,7.9058639732597005,2016,4,265,27869,-20988,1459468800000
2016,12,22,118,3861.43,3580.34,119.0,30.341864406779663,1.0084745762711864,2016,12,22,1971,-1853,1480550400000
2019,7,52,2778,54976.45,42049.67,6918.04,15.136670266378689,2.490295176385889,2019,7,52,4588,-1810,1561939200000
2021,3,215,589,26878.2,22993.29,601.25,39.03784380305603,1.0207979626485568,2021,3,215,948,-359,1614556800000
2019,1,183,159,7017.64,6294.32,32.31,39.58691823899371,0.20320754716981135,2019,1,183,473,-314,1546300800000
2023,8,200,72,3547.0299999999997,3085.51,131.49,42.854305555555555,1.8262500000000002,2023,8,200,953,-881,1690848000000
2019,8,101,178,6877.11,6290.16,78.0,35.33797752808989,0.43820224719101125,2019,8,101,645,-467,1564617600000
2016,11,34,295,4533.09,3588.0,561.8,12.162711864406779,1.904406779661017,2016,11,34,1335,-1040,1477958400000
2023,9,71,215,6671.55,6133.36,60.519999999999996,28.527255813953488,0.28148837209302324,2023,9,71,682,-467,1693526400000
2025,10,10,1938,112401.13,92558.29,9994.07,47.759695562435496,5.156898864809081,2025,10,10,4390,-2452,1759276800000
2016,7,149,34,617.1800000000001,515.51,23.91,15.162058823529412,0.7032352941176471,2016,7,149,1183,-1149,1467331200000
2021,9,244,3696,89476.7,71961.96,7924.96,19.470227272727275,2.144199134199134,2021,9,244,11331,-7635,1630454400000
2018,11,161,310191,4837281.569999999,3842759.55,565895.6000000001,12.388365716606865,1.824345645102534,2018,11,161,309932,259,1541030400000
2021,6,231,37332,749693.3200000001,514223.68,95790.1,13.774340512161148,2.565897889210329,2021,6,231,39301,-1969,1622505600000
2016,8,131,75,1834.5,1560.3,184.97,20.804,2.466266666666667,2016,8,131,1522,-1447,1470009600000
2021,9,152,2819,51495.57,40612.95,4578.02,14.406864136218516,1.6239872295140123,2021,9,152,5011,-2192,1630454400000
2019,8,236,188795,2882146.88,1862729.78,329566.63,9.866414788527239,1.7456321936491963,2019,8,236,197492,-8697,1564617600000
2017,5,124,115,6338.85,5203.16,626.66,45.24486956521739,5.449217391304347,2017,5,124,1023,-908,1493596800000
2021,10,264,28012,769279.36,553540.77,99486.48,19.76084428102242,3.551566471512209,2021,10,264,21558,6454,1633046400000
2022,3,214,1,20.3,20.0,0.0,20.0,0.0,2022,3,214,46,-45,1646092800000
2022,11,190,72,1805.69,1419.84,255.5,19.72,3.548611111111111,2022,11,190,480,-408,1667260800000
2021,7,105,2,52.08,42.5,2.48,21.25,1.24,2021,7,105,2,0,1625097600000
2024,9,191,407,16201.039999999999,14895.3,77.03999999999999,36.597788697788694,0.18928746928746926,2024,9,191,1011,-604,1725148800000
2023,2,7,1508,32779.42,25880.58,2637.93,17.162188328912467,1.7492904509283818,2023,2,7,8635,-7127,1675209600000
2025,4,162,124639,2986320.58,1880058.95,389507.75,15.084034291032502,3.125087251983729,2025,4,162,107268,17371,1743465600000
2020,1,26,524,13844.08,12008.14,47.480000000000004,22.91629770992366,0.09061068702290077,2020,1,26,1766,-1242,1577836800000
2021,8,157,184,7125.49,5440.06,752.84,29.56554347826087,4.091521739130435,2021,8,157,1137,-953,1627776000000
2025,7,181,5266,140154.87,116197.48,3085.69,22.06560577288264,0.5859646790733004,2025,7,181,11868,-6602,1751328000000
2023,11,43,56953,1318162.6099999999,881173.7999999999,172539.23,15.471947044053868,3.029502045546328,2023,11,43,41841,15112,1698796800000
2019,9,259,159,6090.64,5414.86,79.64,34.05572327044025,0.500880503144654,2019,9,259,772,-613,1567296000000
2016,4,159,615,9547.58,8400.52,388.94,13.659382113821138,0.6324227642276423,2016,4,159,3657,-3042,1459468800000
2021,5,160,113,3958.62,3356.49,73.01,29.703451327433626,0.6461061946902655,2021,5,160,890,-777,1619827200000
2016,11,5,3,167.15000000000003,134.51,30.24,44.836666666666666,10.08,2016,11,5,43,-40,1477958400000
2016,2,202,673,12886.34,10664.81,1343.39,15.84667161961367,1.9961218424962854,2016,2,202,5389,-4716,1454284800000
2019,7,207,473,5106.72,4087.39,362.39,8.641416490486257,0.7661522198731501,2019,7,207,501,-28,1561939200000
2024,7,260,971,31333.6,26184.94,2056.79,26.966982492276003,2.1182183316168897,2024,7,260,2480,-1509,1719792000000
2019,7,70,1072,36521.74,30671.64,2569.45,28.61160447761194,2.3968749999999996,2019,7,70,3861,-2789,1561939200000
2024,10,39,1602,49700.23,46562.73,241.48,29.065374531835207,0.1507365792759051,2024,10,39,2077,-475,1727740800000
2018,4,188,1207,22122.29,19294.01,1194.65,15.985095277547638,0.98976801988401,2018,4,188,6592,-5385,1522540800000
2017,9,127,709,13861.19,11439.1,1283.1,16.134132581100143,1.8097320169252467,2017,9,127,6249,-5540,1504224000000
2016,2,230,370927,5762150.96,4582515.67,618310.24,12.354225144031036,1.666932415273086,2016,2,230,340099,30828,1454284800000
2023,6,165,103,3595.71,3264.19,42.17,31.69116504854369,0.40941747572815534,2023,6,165,816,-713,1685577600000
2020,8,160,112,3786.03,3271.83,210.04,29.212767857142858,1.8753571428571427,2020,8,160,443,-331,1596240000000
2024,1,263,59797,1201442.77,769029.54,152306.02,12.860670936669065,2.547051189859023,2024,1,263,64989,-5192,1704067200000
2020,11,39,999,36590.13,31636.11,2716.93,31.66777777777778,2.7196496496496496,2020,11,39,1580,-581,1604188800000
2018,11,156,29,2020.4299999999998,1814.04,24.52,62.55310344827586,0.8455172413793103,2018,11,156,115,-86,1541030400000
2024,2,257,98,3203.95,2762.77,122.38,28.191530612244897,1.2487755102040816,2024,2,257,1250,-1152,1706745600000
2018,11,120,36,1026.31,873.1800000000001,52.95,24.255000000000003,1.4708333333333334,2018,11,120,337,-301,1541030400000
2016,6,3,31,789.85,658.8,92.21000000000001,21.251612903225805,2.974516129032258,2016,6,3,631,-600,1464739200000
2021,5,108,225,8944.9,7693.650000000001,148.83,34.194,0.6614666666666668,2021,5,108,386,-161,1619827200000
2022,8,231,42465,878205.79,607987.6,110283.0,14.317381372895325,2.597032850582833,2022,8,231,44310,-1845,1659312000000
2023,6,83,150,5242.82,4374.27,364.15000000000003,29.161800000000003,2.427666666666667,2023,6,83,995,-845,1685577600000
2025,1,17,1551,40002.51,35078.43,818.3100000000001,22.616653771760156,0.5276015473887815,2025,1,17,3805,-2254,1735689600000
2018,10,25,9163,160804.63999999998,133484.54,15757.85,14.5677769289534,1.7197260722470806,2018,10,25,17241,-8078,1538352000000
2019,8,22,293,8956.92,7960.89,61.25,27.170273037542664,0.2090443686006826,2019,8,22,1441,-1148,1564617600000
2021,2,203,149,6394.37,5573.23,45.83,37.40422818791946,0.3075838926174497,2021,2,203,381,-232,1612137600000
2024,12,213,479,16373.05,14410.8,193.66,30.08517745302714,0.4043006263048017,2024,12,213,689,-210,1733011200000
2017,12,249,190870,3055236.6199999996,2493669.33,322876.15,13.06475260648609,1.6916023995389533,2017,12,249,153287,37583,1512086400000
2025,2,24,9725,196380.62,139967.42,18675.12,14.39253676092545,1.9203208226221078,2025,2,24,11888,-2163,1738368000000
2018,2,216,649,33275.25,27509.71,3438.91,42.38784283513097,5.298782742681047,2018,2,216,2826,-2177,1517443200000
2019,11,92,505,15744.44,13508.85,291.33,26.75019801980198,0.5768910891089108,2019,11,92,2897,-2392,1572566400000
2019,12,111,10,142.88,117.0,12.93,11.7,1.293,2019,12,111,94,-84,1575158400000
2024,2,175,69,2646.65,2386.17,83.58,34.582173913043476,1.211304347826087,2024,2,175,355,-286,1706745600000
2018,10,224,18620,272279.62,219765.12,30133.63,11.802638023630504,1.6183474758324383,2018,10,224,33991,-15371,1538352000000
2025,9,190,362,9928.28,8277.35,355.56,22.86560773480663,0.9822099447513812,2025,9,190,682,-320,1756684800000
2016,7,47,171,2628.75,2271.51,167.26,13.283684210526317,0.9781286549707602,2016,7,47,980,-809,1467331200000
2022,9,55,159,14342.87,13548.31,173.06,85.2094968553459,1.0884276729559748,2022,9,55,557,-398,1661990400000
2017,3,38,34,1500.17,1235.0,152.4,36.3235294117647,4.482352941176471,2017,3,38,626,-592,1488326400000
2025,7,79,91064,2008838.64,1332204.69,176529.44,14.629323223227619,1.9385206008960731,2025,7,79,81377,9687,1751328000000
2023,5,189,405,13995.13,11394.98,1445.96,28.13575308641975,3.570271604938272,2023,5,189,3336,-2931,1682899200000
2025,3,90,65569,1414199.11,890798.24,160013.47,13.585661516875353,2.4403829553600023,2025,3,90,62488,3081,1740787200000
2016,8,260,6518,107084.38,90379.78,7837.79,13.866182878183492,1.202483890764038,2016,8,260,13517,-6999,1470009600000
2017,3,141,232418,2897073.15,2297052.81,325189.88,9.883282749184659,1.3991596175855572,2017,3,141,233437,-1019,1488326400000
2017,4,105,9,127.84,107.5,10.639999999999999,11.944444444444445,1.182222222222222,2017,4,105,9,0,1491004800000
2022,6,84,4,403.36,278.1,18.78,69.525,4.695,2022,6,84,23,-19,1654041600000
2025,9,263,72231,1541225.66,1017069.14,157682.25,14.080784427738783,2.183027370519583,2025,9,263,78450,-6219,1756684800000
2024,9,133,330,10703.94,9554.35,212.51,28.952575757575758,0.643969696969697,2024,9,133,1020,-690,1725148800000
2017,3,225,1306,18959.2,15703.2,1450.85,12.023889739663094,1.1109111791730475,2017,3,225,11902,-10596,1488326400000
2016,8,257,421,8270.53,6575.26,949.82,15.618194774346794,2.256104513064133,2016,8,257,5238,-4817,1470009600000
2017,9,77,53,1442.16,1200.5,112.68,22.650943396226417,2.1260377358490565,2017,9,77,563,-510,1504224000000
2018,6,70,1468,48366.13,40323.83,4376.12,27.468549046321527,2.981008174386921,2018,6,70,4082,-2614,1527811200000
2020,8,80,397,12721.76,11257.54,718.82,28.356523929471035,1.8106297229219144,2020,8,80,1371,-974,1596240000000
2016,12,123,319,6356.06,5260.3,634.92,16.489968652037618,1.9903448275862068,2016,12,123,1517,-1198,1480550400000
2022,6,220,136,4210.71,3549.35,279.31,26.098161764705882,2.05375,2022,6,220,1484,-1348,1654041600000
2025,4,70,12639,761868.74,495408.78,102313.3,39.196833610253975,8.095047076509218,2025,4,70,2203,10436,1743465600000
2019,6,11,154,5517.22,4895.41,89.63,31.78837662337662,0.582012987012987,2019,6,11,613,-459,1559347200000
2019,12,242,393,12153.58,10481.49,58.51,26.670458015267176,0.14888040712468192,2019,12,242,965,-572,1575158400000
2023,3,25,1321,37254.49,29611.83,3848.81,22.416222558667677,2.913557910673732,2023,3,25,5537,-4216,1677628800000
2023,6,53,51,2076.5299999999997,1786.9,66.78,35.037254901960786,1.3094117647058823,2023,6,53,432,-381,1685577600000
2024,2,23,6,533.95,379.62,65.37,63.27,10.895000000000001,2024,2,23,46,-40,1706745600000
2017,3,260,6822,107977.75,91460.59,7534.43,13.40671210788625,1.1044312518323074,2017,3,260,13530,-6708,1488326400000
2016,7,251,9,443.78999999999996,378.5,46.09,42.05555555555556,5.121111111111111,2016,7,251,143,-134,1467331200000
2024,3,219,546,34646.92,28799.38,2980.58,52.74611721611722,5.4589377289377286,2024,3,219,1451,-905,1709251200000
2025,3,97,5341,147224.61,124382.16,4694.01,23.288178243774574,0.8788635087062349,2025,3,97,6550,-1209,1740787200000
2019,6,34,174,3338.63,2647.12,344.8,15.213333333333333,1.981609195402299,2019,6,34,791,-617,1559347200000
2022,6,194,205,12577.74,8969.24,1792.4,43.75239024390244,8.743414634146342,2022,6,194,563,-358,1654041600000
2023,7,260,721,21853.36,17617.35,1729.18,24.434604715672673,2.3983079056865466,2023,7,260,2414,-1693,1688169600000
2018,3,235,284,6448.53,5832.57,202.92,20.537218309859153,0.7145070422535211,2018,3,235,1889,-1605,1519862400000
2021,7,12,1409,32090.84,23575.34,3364.95,16.73196593328602,2.3881831085876506,2021,7,12,1761,-352,1625097600000
2017,1,240,29,799.61,718.5,39.37,24.775862068965516,1.3575862068965516,2017,1,240,270,-241,1483228800000
2016,6,47,135,2545.84,2197.0,159.22,16.274074074074075,1.1794074074074075,2016,6,47,1055,-920,1464739200000
2018,11,157,525,23694.2,18878.56,2567.63,35.959161904761906,4.89072380952381,2018,11,157,2287,-1762,1541030400000
2022,1,141,77192,1158907.23,729341.84,150942.27,9.448412270701626,1.9554133848067157,2022,1,141,78340,-1148,1640995200000
2018,6,244,10127,180378.36000000002,151735.68,15394.63,14.983280339685987,1.5201570060235015,2018,6,244,32661,-22534,1527811200000
2022,4,241,78,2643.4,2381.75,59.55,30.53525641025641,0.7634615384615384,2022,4,241,549,-471,1648771200000
2019,1,117,131,7199.9800000000005,6584.6900000000005,31.43,50.26480916030535,0.2399236641221374,2019,1,117,778,-647,1546300800000
2018,7,36,919,16882.13,14005.18,1499.83,15.239586507072906,1.6320239390642002,2018,7,36,6753,-5834,1530403200000
2016,3,209,22465,419143.8,342521.4,48210.1,15.246890718896061,2.1460093478744713,2016,3,209,30511,-8046,1456790400000
2018,7,49,1946,30669.86,25783.36,2512.3,13.249414182939363,1.2910071942446044,2018,7,49,12852,-10906,1530403200000
2020,7,70,2241,84260.3,66740.08,7646.31,29.781383311021866,3.4120080321285142,2020,7,70,927,1314,1593561600000
2018,2,261,45020,873246.7400000001,712849.38,97365.43999999999,15.83405997334518,2.1627152376721455,2018,2,261,38993,6027,1517443200000
2020,10,19,102,6066.89,5594.78,255.86,54.85078431372549,2.50843137254902,2020,10,19,231,-129,1601510400000
2017,4,142,286511,3809199.0500000003,3030015.29,426121.35,10.575563556024028,1.4872774518255842,2017,4,142,258820,27691,1491004800000
2021,2,59,9,353.90999999999997,300.48,0.0,33.38666666666667,0.0,2021,2,59,25,-16,1612137600000
2021,3,213,818,26422.23,21629.43,259.64,26.44184596577017,0.3174083129584352,2021,3,213,1315,-497,1614556800000
2021,9,34,69,1973.51,1568.76,227.0,22.735652173913042,3.289855072463768,2021,9,34,350,-281,1630454400000
2017,1,133,512,8835.5,7297.18,819.58,14.2523046875,1.6007421875,2017,1,133,3073,-2561,1483228800000
2022,6,168,490,12077.43,10035.83,753.09,20.481285714285715,1.5369183673469389,2022,6,168,2330,-1840,1654041600000
2022,7,200,71,3021.06,2639.28,161.68,37.17295774647888,2.2771830985915495,2022,7,200,1036,-965,1656633600000
2023,11,108,70,2849.39,2613.77,0.0,37.339571428571425,0.0,2023,11,108,231,-161,1698796800000
2024,4,201,96,4279.95,3861.93,65.44,40.2284375,0.6816666666666666,2024,4,201,400,-304,1711929600000
2024,12,98,111,4411.59,4020.11,85.53999999999999,36.21720720720721,0.7706306306306305,2024,12,98,440,-329,1733011200000
2025,3,56,1150,36574.82,31858.94,552.21,27.703426086956522,0.4801826086956522,2025,3,56,2340,-1190,1740787200000
2024,9,212,287,10134.15,8962.61,41.67,31.228606271777007,0.14519163763066203,2024,9,212,378,-91,1725148800000
2022,6,65,3138,79210.17,61528.75,9741.12,19.607632249840663,3.104244741873805,2022,6,65,5551,-2413,1654041600000
2022,12,83,148,5044.19,4043.14,574.9,27.318513513513512,3.8844594594594595,2022,12,83,867,-719,1669852800000
2018,8,190,300,5206.28,4441.16,419.55,14.803866666666666,1.3985,2018,8,190,1345,-1045,1533081600000
2019,3,150,192,8347.6,7579.71,81.15,39.47765625,0.42265625,2019,3,150,641,-449,1551398400000
2023,2,83,98,2780.68,2305.87,197.21,23.529285714285713,2.01234693877551,2023,2,83,724,-626,1675209600000
2023,11,159,241,6346.67,5532.9,233.22,22.958091286307052,0.9677178423236514,2023,11,159,750,-509,1698796800000
2023,12,69,372,11783.36,10695.39,147.17000000000002,28.751048387096773,0.39561827956989254,2023,12,69,1050,-678,1701388800000
2017,7,57,35,857.82,706.0,82.69,20.17142857142857,2.3625714285714285,2017,7,57,603,-568,1498867200000
2022,2,181,977,23820.29,18859.57,2796.92,19.3035516888434,2.862763561924258,2022,2,181,7134,-6157,1643673600000
2024,1,36,320,10037.04,8673.12,476.4,27.103500000000004,1.48875,2024,1,36,1782,-1462,1704067200000
2025,9,93,6768,372223.68,287811.2,41145.7,42.52529550827423,6.0794473995271865,2025,9,93,6406,362,1756684800000
2019,11,219,614,37453.28,30497.55,3093.87,49.670276872964166,5.038876221498371,2019,11,219,2881,-2267,1572566400000
2023,2,28,271,15910.21,12862.43,1554.0,47.46284132841328,5.734317343173432,2023,2,28,1110,-839,1675209600000
2019,3,157,555,26019.75,20428.62,2556.77,36.808324324324325,4.606792792792793,2019,3,157,2511,-1956,1551398400000
2024,4,186,111560,2770088.72,1886529.4,352285.79,16.910446396557905,3.1578145392613837,2024,4,186,75552,36008,1711929600000
2016,8,88,44883,964229.25,793599.27,103823.09,17.681511262616137,2.313194082391997,2016,8,88,47858,-2975,1470009600000
2019,7,193,5263,59139.14,48514.65,3535.8,9.218060041801253,0.67182215466464,2019,7,193,6504,-1241,1561939200000
2022,5,221,1,71.1,57.2,0.0,57.2,0.0,2022,5,221,53,-52,1651363200000
2020,7,254,556,26331.72,23376.5,851.26,42.044064748201436,1.531043165467626,2020,7,254,842,-286,1593561600000
2021,9,230,74179,1454858.28,973727.56,177035.02,13.126728049717576,2.3865921622022404,2021,9,230,66845,7334,1630454400000
2018,11,236,337596,4239484.79,3350087.09,501255.91000000003,9.923361325371154,1.4847803587720234,2018,11,236,343405,-5809,1541030400000
2019,10,31,28,646.76,524.6,29.76,18.735714285714288,1.062857142857143,2019,10,31,327,-299,1569888000000
2024,6,251,3,276.51,197.0,29.37,65.66666666666667,9.790000000000001,2024,6,251,40,-37,1717200000000
2025,1,71,1154,32008.89,29607.99,109.01,25.656837088388215,0.0944627383015598,2025,1,71,1433,-279,1735689600000
2017,10,35,95,1813.55,1597.0,84.97,16.810526315789474,0.8944210526315789,2017,10,35,1016,-921,1506816000000
2021,10,193,2782,21143.84,17230.65,940.96,6.193619698058951,0.3382314881380302,2021,10,193,3287,-505,1633046400000
2017,11,93,1009,61314.19,48629.78,7039.76,48.196015857284436,6.9769672943508425,2017,11,93,890,119,1509494400000
2020,7,265,566,36277.38,31109.2,2877.6,54.96325088339223,5.084098939929328,2020,7,265,2112,-1546,1593561600000
2020,9,118,11,266.01,213.54,16.87,19.41272727272727,1.5336363636363637,2020,9,118,38,-27,1598918400000
2016,6,169,241,5306.07,4345.5,606.46,18.03112033195021,2.5164315352697098,2016,6,169,2095,-1854,1464739200000
2016,1,140,196106,2781049.45,2250121.87,300821.93,11.474008291434226,1.5339761659510673,2016,1,140,199065,-2959,1451606400000
2021,11,160,77,2856.38,2399.23,141.0,31.15883116883117,1.8311688311688312,2021,11,160,1056,-979,1635724800000
2022,5,128,24,750.66,642.4,54.51,26.766666666666666,2.2712499999999998,2022,5,128,243,-219,1651363200000
2023,7,254,183,6534.42,5897.79,19.03,32.2283606557377,0.10398907103825138,2023,7,254,567,-384,1688169600000
2022,11,137,37946,673349.64,445596.66,83041.82,11.742915195277499,2.1884209139303223,2022,11,137,40632,-2686,1667260800000
2024,2,83,194,7175.23,5967.24,460.7,30.75896907216495,2.374742268041237,2024,2,83,702,-508,1706745600000
2017,3,202,462,8432.84,7038.31,779.52,15.23443722943723,1.6872727272727273,2017,3,202,4565,-4103,1488326400000
2020,11,253,6,141.25,124.83,5.5,20.805,0.9166666666666666,2020,11,253,21,-15,1604188800000
2025,2,47,498,14794.53,13467.6,4.4399999999999995,27.043373493975903,0.008915662650602408,2025,2,47,571,-73,1738368000000
2020,3,30,4,199.38,175.51999999999998,0.0,43.879999999999995,0.0,2020,3,30,15,-11,1583020800000
2016,6,171,91,1941.05,1596.34,172.05,17.5421978021978,1.8906593406593408,2016,6,171,1511,-1420,1464739200000
2021,1,108,188,6651.48,5683.66,400.86,30.23223404255319,2.1322340425531916,2021,1,108,329,-141,1609459200000
2021,12,207,366,5006.48,4116.91,254.32,11.248387978142077,0.6948633879781421,2021,12,207,348,18,1638316800000
2021,12,255,1011,24639.38,18649.2,3474.15,18.446290801186944,3.4363501483679526,2021,12,255,6966,-5955,1638316800000
2022,9,106,220,7208.33,5767.37,797.01,26.21531818181818,3.6227727272727273,2022,9,106,1446,-1226,1661990400000
2016,2,82,3158,53562.840000000004,44945.18,3453.34,14.232165927802408,1.093521215959468,2016,2,82,10492,-7334,1454284800000
2025,8,189,2076,49590.93,41500.35,1249.56,19.990534682080924,0.601907514450867,2025,8,189,4507,-2431,1754006400000
2016,2,201,11,636.22,591.5,28.1,53.77272727272727,2.5545454545454547,2016,2,201,448,-437,1454284800000
2025,4,3,362,11488.97,10262.72,27.39,28.350055248618784,0.07566298342541436,2025,4,3,575,-213,1743465600000
2016,9,195,1262,33071.7,27933.71,2547.07,22.13447702060222,2.0182805071315375,2016,9,195,5893,-4631,1472688000000
2021,3,144,11351,200319.2,134720.94,23775.07,11.868640648401023,2.0945352832349573,2021,3,144,12864,-1513,1614556800000
2022,5,112,1167,30330.06,22500.88,4361.13,19.28095972579263,3.737043701799486,2022,5,112,8362,-7195,1651363200000
2025,5,186,130284,3210893.19,2103833.62,395123.41,16.148058241994413,3.032785376561972,2025,5,186,93015,37269,1746057600000
2025,11,135,543,14733.99,12615.61,222.31,23.23316758747698,0.40941068139963166,2025,11,135,1528,-985,1761955200000
2016,3,178,208,3015.66,2511.14,256.52,12.072788461538462,1.2332692307692308,2016,3,178,1202,-994,1456790400000
2022,10,192,44,1639.16,1424.39,133.26999999999998,32.3725,3.028863636363636,2022,10,192,323,-279,1664582400000
2022,7,130,467,22215.07,17746.83,2162.79,38.0017773019272,4.631241970021414,2022,7,130,2041,-1574,1656633600000
2023,6,102,45,1582.06,1390.5,57.76,30.9,1.2835555555555556,2023,6,102,557,-512,1685577600000
2025,9,232,13580,343902.64,257203.64,14087.57,18.939885125184095,1.0373762886597937,2025,9,232,24916,-11336,1756684800000
2024,1,84,2,75.9,73.4,0.0,36.7,0.0,2024,1,84,28,-26,1704067200000
2021,2,234,34159,530624.51,339007.34,66958.89,9.924392985743143,1.960212242747153,2021,2,234,29026,5133,1612137600000
2021,2,231,13847,277795.74,196663.59,30154.2,14.202613562504514,2.1776702534845094,2021,2,231,15905,-2058,1612137600000
2024,2,61,1213,37318.44,33925.72,830.59,27.968441879637265,0.6847403132728772,2024,2,61,4099,-2886,1706745600000
2024,4,117,314,15920.44,14702.84,24.58,46.82433121019108,0.07828025477707005,2024,4,117,478,-164,1711929600000
2017,10,93,1134,68022.49,53695.76,7769.12,47.350758377425045,6.8510758377425045,2017,10,93,922,212,1506816000000
2021,7,196,304,10192.76,8593.35,320.25,28.267598684210526,1.053453947368421,2021,7,196,1285,-981,1625097600000
2017,9,65,13556,245684.16,204340.44,25443.03,15.073800531130127,1.8768832989082325,2017,9,65,18773,-5217,1504224000000
2021,7,135,201,8679.82,7580.6900000000005,65.88,37.71487562189055,0.3277611940298507,2021,7,135,860,-659,1625097600000
2016,12,150,43,1495.5,1181.5,234.45000000000002,27.476744186046513,5.452325581395349,2016,12,150,486,-443,1480550400000
2017,3,74,41997,531161.7,440163.91,36683.24,10.480841726790008,0.8734728671095554,2017,3,74,81014,-39017,1488326400000
2020,7,137,18453,334968.62,233832.91,32817.49,12.671810003793421,1.7784365685796346,2020,7,137,14971,3482,1593561600000
2022,6,251,3,472.02,376.7,34.06,125.56666666666666,11.353333333333333,2022,6,251,58,-55,1654041600000
2017,11,169,151,2555.57,2283.11,89.93,15.119933774834438,0.5955629139072848,2017,11,169,1416,-1265,1509494400000
2022,1,9,15,590.94,531.58,10.41,35.43866666666667,0.6940000000000001,2022,1,9,227,-212,1640995200000
2024,2,219,443,29304.79,24421.33,2516.16,55.12715575620768,5.679819413092551,2024,2,219,1191,-748,1706745600000
2025,4,225,3525,93552.64,82833.45,679.37,23.498851063829786,0.1927290780141844,2025,4,225,5618,-2093,1743465600000
2018,8,194,477,22038.46,17008.79,2397.01,35.65784067085954,5.02517819706499,2018,8,194,874,-397,1533081600000
2025,5,64,170,5211.8099999999995,4613.81,108.34,27.140058823529415,0.6372941176470588,2025,5,64,709,-539,1746057600000
2025,4,115,26,864.0,682.35,5.0,26.24423076923077,0.19230769230769232,2025,4,115,50,-24,1743465600000
2025,1,233,36701,835458.71,532558.48,94527.49,14.510734857360834,2.575610746301191,2025,1,233,50669,-13968,1735689600000
2020,4,96,3,150.25,143.06,4.79,47.68666666666667,1.5966666666666667,2020,4,96,16,-13,1585699200000
2016,1,44,1,91.35,70.0,21.05,70.0,21.05,2016,1,44,58,-57,1451606400000
2018,3,96,17,355.08000000000004,278.5,41.96,16.38235294117647,2.468235294117647,2018,3,96,137,-120,1519862400000
2021,5,31,72,3092.77,2463.94,274.43,34.22138888888889,3.811527777777778,2021,5,31,396,-324,1619827200000
2024,4,168,1217,34204.78,30217.86,405.05,24.829794576828267,0.3328266228430567,2024,4,168,1888,-671,1711929600000
2017,12,117,23,1291.0,1125.0,129.5,48.91304347826087,5.630434782608695,2017,12,117,391,-368,1512086400000
2024,5,162,125416,3076543.55,2039391.6700000002,399357.49,16.261016696434268,3.1842626937551826,2024,5,162,106543,18873,1714521600000
2024,6,227,181,6324.75,5805.31,113.23,32.073535911602214,0.6255801104972376,2024,6,227,663,-482,1717200000000
2019,1,128,74,2001.93,1753.02,45.07,23.68945945945946,0.6090540540540541,2019,1,128,452,-378,1546300800000
2017,10,155,86,3036.13,2626.8,231.5,30.54418604651163,2.691860465116279,2017,10,155,1015,-929,1506816000000
2023,10,221,9,287.17999999999995,247.85999999999999,0.0,27.54,0.0,2023,10,221,63,-54,1696118400000
2021,2,117,201,10568.43,9173.61,74.77,45.63985074626866,0.3719900497512438,2021,2,117,545,-344,1612137600000
2021,10,201,36,1977.79,1712.79,28.15,47.5775,0.7819444444444444,2021,10,201,319,-283,1633046400000
2019,6,73,77,1864.6000000000001,1651.59,53.0,21.449220779220777,0.6883116883116883,2019,6,73,484,-407,1559347200000
2019,11,80,2054,44936.020000000004,35857.93,4236.64,17.457609542356376,2.062629016553067,2019,11,80,10063,-8009,1572566400000
2021,11,51,351,15306.56,13296.72,66.72,37.88239316239316,0.19008547008547008,2021,11,51,731,-380,1635724800000
2020,11,141,50644,747607.47,478084.62,90843.25,9.440103862254166,1.7937613537635257,2020,11,141,48527,2117,1604188800000
2018,5,138,277480,12164707.89,9191557.03,1611659.76,33.12511543174283,5.808201528038057,2018,5,138,112349,165131,1525132800000
2019,2,26,781,20176.44,18122.38,108.01,23.204071702944944,0.13829705505761844,2019,2,26,2371,-1590,1548979200000
2019,9,232,8717,182761.38,133161.51,17872.16,15.276070895950443,2.050264999426408,2019,9,232,27001,-18284,1567296000000
2019,7,87,49021,1163677.8,836211.35,136857.88,17.058227086350747,2.7918214642704147,2019,7,87,53488,-4467,1561939200000
2016,7,80,8476,133864.13,107796.31,14800.31,12.717827984898538,1.7461432279377065,2016,7,80,23722,-15246,1467331200000
2016,6,253,69,2714.09,2266.5,286.89,32.84782608695652,4.157826086956521,2016,6,253,127,-58,1464739200000
2019,10,93,2533,169610.45,128212.94,20497.31,50.61703118831425,8.092108172127912,2019,10,93,7456,-4923,1569888000000
2019,10,250,243,8743.11,7217.04,174.43,29.699753086419754,0.7178189300411523,2019,10,250,780,-537,1569888000000
2016,10,172,11,439.40999999999997,309.0,119.61,28.09090909090909,10.873636363636363,2016,10,172,132,-121,1475280000000
2020,5,1,13,1058.69,856.12,154.42000000000002,65.85538461538462,11.87846153846154,2020,5,1,176,-163,1588291200000
2018,9,261,50788,1041527.43,859400.6,110870.17000000001,16.921331810663936,2.182999330550524,2018,9,261,40732,10056,1535760000000
2021,3,259,311,12727.69,10871.38,151.59,34.95620578778135,0.487427652733119,2021,3,259,597,-286,1614556800000
2021,7,117,206,11875.75,10174.28,30.76,49.38970873786408,0.14932038834951458,2021,7,117,612,-406,1625097600000
2021,12,35,235,8911.32,7921.3,91.07,33.70765957446809,0.387531914893617,2021,12,35,704,-469,1638316800000
2022,7,162,107343,1887393.93,1223061.2,246488.73,11.393953960668139,2.2962720438221402,2022,7,162,87347,19996,1656633600000
2022,11,174,81,2446.7599999999998,2220.75,35.660000000000004,27.416666666666668,0.440246913580247,2022,11,174,396,-315,1667260800000
2023,8,130,552,27610.22,22998.93,2058.91,41.664728260869566,3.7299094202898546,2023,8,130,2026,-1474,1690848000000
2024,6,197,984,38038.49,33118.53,2516.56,33.65704268292683,2.557479674796748,2024,6,197,1734,-750,1717200000000
2024,9,178,113,3431.98,3167.75,14.07,28.033185840707965,0.12451327433628319,2024,9,178,337,-224,1725148800000
2016,6,129,6725,102185.41,86215.25,6325.55,12.820111524163568,0.9406022304832714,2016,6,129,20921,-14196,1464739200000
2024,9,245,6,270.22,196.26,0.0,32.71,0.0,2024,9,245,34,-28,1725148800000
2025,2,232,8018,190245.55,139178.76,9445.51,17.358288850087305,1.1780381641307058,2025,2,232,20181,-12163,1738368000000
2025,4,259,714,22941.98,20821.41,70.48,29.161638655462184,0.09871148459383754,2025,4,259,714,0,1743465600000
2021,8,112,876,22867.32,17307.68,2928.49,19.757625570776256,3.343025114155251,2021,8,112,6297,-5421,1627776000000
2024,1,157,290,13450.36,10708.73,1393.47,36.92665517241379,4.805068965517242,2024,1,157,983,-693,1704067200000
2017,10,116,9739,153338.37,127630.06,13614.15,13.105047746175172,1.3979001950918986,2017,10,116,25316,-15577,1506816000000
2017,9,41,29904,398265.66000000003,324708.05,35958.06,10.858348381487426,1.2024498394863563,2017,9,41,53939,-24035,1504224000000
2024,8,229,50628,1083048.18,708355.62,135051.79,13.991380658923916,2.6675316030654974,2024,8,229,60136,-9508,1722470400000
2017,10,10,2840,180355.28,144326.0,18714.0,50.81901408450704,6.58943661971831,2017,10,10,3763,-923,1506816000000
2016,9,56,402,11909.52,9697.13,1012.73,24.122213930348256,2.519228855721393,2016,9,56,3081,-2679,1472688000000
2017,3,220,220,4235.6,3590.56,305.07,16.32072727272727,1.3866818181818181,2017,3,220,3978,-3758,1488326400000
2022,10,240,7,306.76,265.3,3.66,37.9,0.5228571428571429,2022,10,240,148,-141,1664582400000
2021,10,43,62436,1061586.9000000001,699467.49,138963.44,11.202951662502402,2.2256941508104298,2021,10,43,48287,14149,1633046400000
2016,5,169,220,4099.38,3596.42,198.14000000000001,16.347363636363635,0.9006363636363637,2016,5,169,2377,-2157,1462060800000
2017,9,143,95146,1256063.4100000001,1001660.05,142155.56,10.52761072457066,1.4940781535745065,2017,9,143,108103,-12957,1504224000000
2022,1,143,33935,529301.55,339165.11,68333.71,9.994551642846618,2.0136646530131137,2022,1,143,42850,-8915,1640995200000
2023,10,96,10,421.2,349.64,31.18,34.964,3.118,2023,10,96,116,-106,1696118400000
2024,1,189,345,10958.52,9134.94,949.62,26.47808695652174,2.752521739130435,2024,1,189,2530,-2185,1704067200000
2025,4,237,185506,3766448.1599999997,2324287.92,491586.69999999995,12.529448750983795,2.649977359222882,2025,4,237,168757,16749,1743465600000
2023,9,262,37549,861687.69,572837.93,108386.48,15.255743961224002,2.8865343950571254,2023,9,262,41507,-3958,1693526400000
2019,11,107,151979,2573567.27,1686568.46,314880.91,11.097378322005014,2.0718711795708615,2019,11,107,139955,12024,1572566400000
2025,3,138,108385,7077169.19,4465272.18,986642.59,41.198248650643535,9.103128569451492,2025,3,138,42663,65722,1740787200000
2018,7,158,78651,1178840.3900000001,937345.83,138480.69999999998,11.91778655071137,1.7606985289443233,2018,7,158,80085,-1434,1530403200000
2024,12,91,1002,29879.52,28069.1,132.35,28.013073852295406,0.13208582834331337,2024,12,91,1402,-400,1733011200000
2019,6,69,846,21006.87,18716.56,289.75,22.123593380614658,0.34249408983451535,2019,6,69,3247,-2401,1559347200000
2022,1,76,300,10580.2,9678.07,152.23,32.26023333333333,0.5074333333333333,2022,1,76,1256,-956,1640995200000
2019,4,129,3915,79467.75,67004.32,3952.38,17.11476883780332,1.0095478927203065,2019,4,129,13831,-9916,1554076800000
2019,11,192,113,3324.03,2891.3,49.05,25.586725663716816,0.434070796460177,2019,11,192,544,-431,1572566400000
2023,11,18,147,4874.76,4412.95,66.95,30.020068027210883,0.45544217687074834,2023,11,18,427,-280,1698796800000
2016,3,133,720,13183.67,10819.51,1255.1,15.027097222222222,1.7431944444444443,2016,3,133,4001,-3281,1456790400000
2021,8,158,18999,356831.47000000003,236938.49,47520.26,12.471103215958735,2.501197957787252,2021,8,158,26682,-7683,1627776000000
2021,10,91,303,12067.49,10457.49,155.88,34.51316831683168,0.5144554455445545,2021,10,91,970,-667,1633046400000
2021,10,85,166,6078.58,5244.71,130.93,31.594638554216868,0.7887349397590362,2021,10,85,623,-457,1633046400000
2020,7,123,221,6710.16,6026.0,381.55,27.266968325791854,1.7264705882352942,2020,7,123,356,-135,1593561600000
2020,8,168,1611,52261.78,46052.17,1301.07,28.586076970825573,0.8076163873370577,2020,8,168,2953,-1342,1596240000000
2022,6,177,180,5766.54,5100.92,305.87,28.338444444444445,1.6992777777777779,2022,6,177,935,-755,1654041600000
2018,7,228,741,17778.64,15209.61,1231.52,20.52578947368421,1.661970310391363,2018,7,228,4648,-3907,1530403200000
2018,12,26,795,21603.97,19133.17,541.7,24.066880503144652,0.6813836477987422,2018,12,26,2131,-1336,1543622400000
2018,5,72,359,10554.41,9662.34,291.56,26.91459610027855,0.8121448467966574,2018,5,72,1722,-1363,1525132800000
2023,4,251,7,292.25,239.75,33.4,34.25,4.771428571428571,2023,4,251,54,-47,1680307200000
2025,8,55,1440,54831.93,51019.94,174.25,35.43051388888889,0.12100694444444444,2025,8,55,2479,-1039,1754006400000
2016,7,12,6449,136098.81,118470.5,10008.09,18.37036749883703,1.551882462397271,2016,7,12,10485,-4036,1467331200000
2018,7,149,139,3985.51,3620.59,106.52,26.047410071942448,0.7663309352517985,2018,7,149,885,-746,1530403200000
2021,7,54,77,2337.6,1898.16,226.44,24.65142857142857,2.9407792207792207,2021,7,54,548,-471,1625097600000
2018,12,118,41,1585.32,1405.78,50.089999999999996,34.28731707317073,1.2217073170731707,2018,12,118,225,-184,1543622400000
2018,7,5,13,1163.72,984.0,115.0,75.6923076923077,8.846153846153847,2018,7,5,49,-36,1530403200000
2025,8,227,758,18961.8,16385.72,166.27,21.617044854881268,0.21935356200527706,2025,8,227,1650,-892,1754006400000
2018,4,148,123940,1940925.23,1561150.03,223841.95,12.596014442472164,1.8060509117314831,2018,4,148,97860,26080,1522540800000
2018,12,239,225495,2908785.83,2290923.99,346399.77999999997,10.159533426461785,1.5361749927936317,2018,12,239,215606,9889,1543622400000
2020,1,156,11,496.2,471.4,7.5,42.85454545454545,0.6818181818181818,2020,1,156,66,-55,1577836800000
2024,3,108,175,6767.5599999999995,6288.16,2.0,35.93234285714286,0.011428571428571429,2024,3,108,286,-111,1709251200000
2025,10,53,288,9247.65,7705.43,304.7,26.754965277777778,1.057986111111111,2025,10,53,936,-648,1759276800000
2024,6,188,1501,45140.28,41935.47,427.88,27.938354430379746,0.2850632911392405,2024,6,188,3071,-1570,1717200000000
2017,5,122,14,269.88,235.0,9.52,16.785714285714285,0.6799999999999999,2017,5,122,446,-432,1493596800000
2018,11,27,2,127.97,99.0,17.29,49.5,8.645,2018,11,27,82,-80,1541030400000
2019,7,169,347,11066.72,9964.35,12.8,28.715706051873198,0.03688760806916427,2019,7,169,1382,-1035,1561939200000
2021,2,46,18,871.98,743.51,0.0,41.30611111111111,0.0,2021,2,46,53,-35,1612137600000
2021,8,156,9,807.6,668.95,12.96,74.32777777777778,1.4400000000000002,2021,8,156,59,-50,1627776000000
2022,4,156,8,479.24,369.08000000000004,17.91,46.135000000000005,2.23875,2022,4,156,41,-33,1648771200000
2023,5,5,58,5581.91,3810.1000000000004,17.85,65.69137931034483,0.3077586206896552,2023,5,5,63,-5,1682899200000
2022,1,167,90,2572.0,2314.9700000000003,40.86999999999999,25.72188888888889,0.454111111111111,2022,1,167,516,-426,1640995200000
2022,9,170,94178,1799607.4100000001,1184288.9,236269.02,12.575005840005096,2.508749601817834,2022,9,170,91602,2576,1661990400000
2024,9,242,262,9472.59,8422.54,79.81,32.147099236641225,0.30461832061068705,2024,9,242,619,-357,1725148800000
2025,3,183,233,7666.83,6822.18,18.14,29.279742489270387,0.07785407725321888,2025,3,183,364,-131,1740787200000
2025,10,151,33170,663487.38,454875.56,69290.0,13.71346276756105,2.0889357853482062,2025,10,151,35709,-2539,1759276800000
2018,2,191,94,2417.41,2173.5,116.15,23.122340425531913,1.2356382978723406,2018,2,191,812,-718,1517443200000
2016,2,132,221118,12546914.790000001,10319033.82,1308948.08,46.66754321222153,5.919681256161868,2016,2,132,86981,134137,1454284800000
2016,2,187,3,210.93,163.0,35.0,54.333333333333336,11.666666666666666,2016,2,187,46,-43,1454284800000
2017,1,5,2,69.6,67.5,0.0,33.75,0.0,2017,1,5,61,-59,1483228800000
2022,8,76,335,11384.42,10333.85,296.92,30.847313432835822,0.8863283582089553,2022,8,76,1656,-1321,1659312000000
2018,1,238,176949,2203164.31,1739159.35,256933.29,9.828591006448185,1.452018886797891,2018,1,238,191249,-14300,1514764800000
2019,9,29,204,7643.28,6897.1,230.89000000000001,33.8093137254902,1.131813725490196,2019,9,29,937,-733,1567296000000
2021,10,58,4,162.01,131.96,5.0,32.99,1.25,2021,10,58,99,-95,1633046400000
2020,11,107,35257,553374.6100000001,359920.95,67381.35,10.208496185154722,1.911148140794736,2020,11,107,29093,6164,1604188800000
2021,12,217,117,2684.23,2284.03,123.25,19.52162393162393,1.0534188034188035,2021,12,217,1318,-1201,1638316800000
2017,8,167,175,3118.68,2634.85,205.77,15.056285714285714,1.1758285714285714,2017,8,167,1365,-1190,1501545600000
2023,11,218,360,13427.71,12346.1,71.13,34.29472222222223,0.19758333333333333,2023,11,218,912,-552,1698796800000
2024,3,72,831,25262.16,23482.82,41.42,28.258507821901322,0.04984356197352587,2024,3,72,1079,-248,1709251200000
2024,5,76,1702,56146.88,52724.58,223.29,30.978014101057582,0.13119271445358402,2024,5,76,2697,-995,1714521600000
2024,1,42,3152,77226.98,65532.2,3420.18,20.790672588832486,1.0850824873096445,2024,1,42,11209,-8057,1704067200000
2020,5,11,60,3416.45,3234.37,71.5,53.906166666666664,1.1916666666666667,2020,5,11,90,-30,1588291200000
2023,3,116,2454,62772.31,49560.01,5725.78,20.195603096984517,2.333243683781581,2023,3,116,7819,-5365,1677628800000
2025,4,136,491,15207.91,13903.67,45.45,28.317046843177188,0.09256619144602853,2025,4,136,771,-280,1743465600000
2016,11,197,330,11150.04,8734.11,1553.94,26.467000000000002,4.708909090909091,2016,11,197,2086,-1756,1477958400000
2025,7,32,591,17463.52,15830.94,19.37,26.786700507614214,0.03277495769881557,2025,7,32,967,-376,1751328000000
2019,5,129,4159,81008.32,68587.21,4202.96,16.491274344794423,1.010569848521279,2019,5,129,13975,-9816,1556668800000
2023,12,175,59,2329.58,2129.78,59.6,36.097966101694915,1.0101694915254238,2023,12,175,299,-240,1701388800000
2025,9,178,273,7520.89,6928.39,39.99,25.37871794871795,0.14648351648351648,2025,9,178,582,-309,1756684800000
2022,10,225,366,11195.99,9500.67,1090.32,25.95811475409836,2.9790163934426226,2022,10,225,3790,-3424,1664582400000
2024,4,71,643,18553.01,17077.72,25.3,26.5594401244168,0.039346811819595644,2024,4,71,982,-339,1711929600000
2016,9,36,2457,39285.74,31452.75,4233.39,12.801282051282051,1.7229914529914532,2016,9,36,12931,-10474,1472688000000
2016,10,218,61,1223.29,1077.53,64.68,17.664426229508198,1.060327868852459,2016,10,218,1194,-1133,1475280000000
2023,11,194,137,8240.66,6059.64,1110.5,44.23094890510949,8.105839416058394,2023,11,194,428,-291,1698796800000
2025,9,94,372,11833.91,10904.23,9.81,29.31244623655914,0.026370967741935484,2025,9,94,719,-347,1756684800000
2024,8,216,1407,79380.71,68042.65,7242.32,48.360092395167015,5.1473489694385215,2024,8,216,4440,-3033,1722470400000
2024,1,241,164,6207.71,5647.6,7.56,34.43658536585366,0.046097560975609755,2024,1,241,442,-278,1704067200000
2016,12,236,385502,4885191.66,3897987.85,534788.67,10.111459473621409,1.38725264719768,2016,12,236,384122,1380,1480550400000
2018,3,78,169,4166.58,3694.41,170.28,21.86041420118343,1.0075739644970414,2018,3,78,1033,-864,1519862400000
2016,1,180,141,7171.38,6288.31,579.15,44.59794326241135,4.107446808510638,2016,1,180,914,-773,1451606400000
2017,2,260,5864,93599.73,79260.74,6545.68,13.51649727148704,1.1162482946793997,2017,2,260,11385,-5521,1485907200000
2023,7,224,3747,88492.09,60242.07,10587.18,16.077413931144918,2.82550840672538,2023,7,224,11083,-7336,1688169600000
2025,1,155,588,17587.92,16243.61,179.66,27.625187074829935,0.30554421768707485,2025,1,155,1173,-585,1735689600000
2025,2,163,94075,2172953.08,1366623.47,272894.32,14.526956896093543,2.9008165825139516,2025,2,163,83458,10617,1738368000000
2022,3,132,152737,9270639.61,7082164.82,1106781.99,46.368364050622965,7.24632531737562,2022,3,132,38903,113834,1646092800000
2018,4,3,92,2287.56,2052.8,89.33,22.313043478260873,0.9709782608695652,2018,4,3,622,-530,1522540800000
2020,7,99,4,123.94999999999999,116.0,2.75,29.0,0.6875,2020,7,99,5,-1,1593561600000
2024,3,248,256,8283.74,7415.53,14.75,28.9669140625,0.0576171875,2024,3,248,323,-67,1709251200000
2025,5,247,2183,59999.92,50968.4,1035.86,23.347869903802106,0.4745121392579019,2025,5,247,2694,-511,1746057600000
2025,5,177,2644,68494.64,61449.23,337.62,23.241009833585476,0.1276928895612708,2025,5,177,3112,-468,1746057600000
2024,1,174,142,5861.34,5370.0,49.54,37.816901408450704,0.3488732394366197,2024,1,174,410,-268,1704067200000
2018,2,4,18969,265268.11,213998.49,28444.87,11.281485054562706,1.4995450471822447,2018,2,4,41343,-22374,1517443200000
2022,7,170,104067,1830136.6500000001,1186945.26,235888.72,11.40558736198795,2.2667004910298174,2022,7,170,98116,5951,1656633600000
2020,1,76,1632,52022.0,45493.8,474.15999999999997,27.876102941176473,0.2905392156862745,2020,1,76,3262,-1630,1577836800000
2016,3,100,238779,3335097.14,2679242.64,336704.38,11.220595781036021,1.4101088454177293,2016,3,100,183694,55085,1456790400000
2019,7,180,165,9189.09,8416.36,193.91,51.008242424242425,1.1752121212121212,2019,7,180,699,-534,1561939200000
2018,5,47,186,3725.14,3246.0,195.57,17.451612903225808,1.0514516129032259,2018,5,47,902,-716,1525132800000
2021,3,162,56689,862478.11,541567.16,109944.37,9.553302404346523,1.9394304009596217,2021,3,162,43518,13171,1614556800000
2019,8,35,727,21773.64,19440.03,34.93,26.74006877579092,0.04804676753782668,2019,8,35,1828,-1101,1564617600000
2019,11,183,88,3275.08,2823.02,12.68,32.079772727272726,0.14409090909090908,2019,11,183,341,-253,1572566400000
2020,11,204,10,818.78,681.5,102.56,68.15,10.256,2020,11,204,12,-2,1604188800000
2021,7,16,156,6456.12,5776.42,56.3,37.028333333333336,0.3608974358974359,2021,7,16,676,-520,1625097600000
2023,6,72,201,7232.99,6612.85,80.19,32.8997512437811,0.398955223880597,2023,6,72,746,-545,1685577600000
2024,10,226,3565,130342.44,107332.54,11161.68,30.107304347826084,3.13090603085554,2024,10,226,5715,-2150,1727740800000
2025,7,228,2356,71610.04,60946.33,695.06,25.868561120543294,0.2950169779286927,2025,7,228,4084,-1728,1751328000000
2020,6,125,1287,23707.21,16345.94,2589.2,12.70080808080808,2.0118104118104116,2020,6,125,1539,-252,1590969600000
2018,1,196,650,16379.85,13361.43,1480.08,20.556046153846154,2.277046153846154,2018,1,196,2994,-2344,1514764800000
2019,8,163,157007,2834386.55,1904994.58,317991.50999999995,12.133182469571421,2.0253333290872377,2019,8,163,146021,10986,1564617600000
2017,6,208,68,2410.5,2052.3,182.26,30.18088235294118,2.6802941176470587,2017,6,208,1259,-1191,1496275200000
2023,3,231,45853,1226827.14,839821.03,159302.43,18.315508908904544,3.474198634767627,2023,3,231,51016,-5163,1677628800000
2017,5,189,3103,49508.37,40281.41,5412.52,12.981440541411539,1.7442861746696747,2017,5,189,11377,-8274,1493596800000
2019,11,157,661,34059.48,26011.53,3712.0299999999997,39.35178517397882,5.615779122541603,2019,11,157,2461,-1800,1572566400000
2016,10,205,27,718.24,630.51,29.98,23.35222222222222,1.1103703703703705,2016,10,205,1117,-1090,1475280000000
2018,3,241,146,3404.2,3081.95,94.81,21.109246575342464,0.6493835616438356,2018,3,241,1515,-1369,1519862400000
2020,2,89,1100,31202.7,26408.27,757.23,24.00751818181818,0.688390909090909,2020,2,89,5547,-4447,1580515200000
2021,11,240,23,779.65,661.74,25.11,28.77130434782609,1.0917391304347825,2021,11,240,139,-116,1635724800000
2021,4,87,8612,195732.33,139712.99,23246.44,16.223059684161633,2.699307942405945,2021,4,87,10644,-2032,1617235200000
2023,5,165,151,5237.33,4680.27,143.51,30.99516556291391,0.9503973509933774,2023,5,165,828,-677,1682899200000
2023,11,60,79,2596.83,2314.87,32.67,29.302151898734177,0.41354430379746837,2023,11,60,209,-130,1698796800000
2017,7,148,137800,2150558.49,1735291.3,241687.95,12.592825108853411,1.7539038461538463,2017,7,148,102823,34977,1498867200000
2018,4,17,1836,26963.81,22700.6,1919.77,12.364161220043572,1.0456263616557735,2018,4,17,12460,-10624,1522540800000
2023,8,241,142,5524.95,5050.32,34.37,35.5656338028169,0.24204225352112674,2023,8,241,588,-446,1690848000000
2024,11,107,72103,1601317.98,1061538.18,197226.78,14.722524444197882,2.735347766389748,2024,11,107,69930,2173,1730419200000
2016,5,170,370413,5426373.5200000005,4280454.71,621719.59,11.55589763318242,1.6784497034391341,2016,5,170,358698,11715,1462060800000
2016,2,33,11988,223907.82,183797.82,27083.86,15.331816816816817,2.2592475809142476,2016,2,33,32252,-20264,1454284800000
2018,12,191,570,24954.69,22768.12,412.12,39.9440701754386,0.7230175438596491,2018,12,191,1360,-790,1543622400000
2024,12,97,2677,76618.15,65090.33,4420.76,24.314654463952184,1.6513858797161003,2024,12,97,5182,-2505,1733011200000
2022,5,194,193,10054.43,7025.08,1444.23,36.39937823834197,7.483056994818653,2022,5,194,682,-489,1651363200000
2025,3,100,59034,1370483.63,884999.88,154967.53,14.991358877934749,2.625055561202019,2025,3,100,51134,7900,1740787200000
2021,4,211,12074,213281.35,142322.98,26389.129999999997,11.787558389928773,2.185616200099387,2021,4,211,16391,-4317,1617235200000
2023,1,201,48,2612.31,2316.27,46.24,48.255625,0.9633333333333334,2023,1,201,291,-243,1672531200000
2022,10,258,70,2230.54,2055.37,86.17,29.36242857142857,1.231,2022,10,258,749,-679,1664582400000
2017,8,227,95,2061.33,1600.7,235.4,16.849473684210526,2.477894736842105,2017,8,227,2074,-1979,1501545600000
2016,5,57,37,781.1,659.0,50.800000000000004,17.81081081081081,1.3729729729729732,2016,5,57,566,-529,1462060800000
2021,8,228,412,15936.87,13097.7,1341.11,31.790533980582527,3.255121359223301,2021,8,228,1771,-1359,1627776000000
2023,6,144,29297,730337.8099999999,493769.52,92212.81,16.853927705908454,3.1475171519268184,2023,6,144,29980,-683,1685577600000
2022,11,208,81,2314.0299999999997,2099.97,28.66,25.925555555555555,0.3538271604938272,2022,11,208,457,-376,1667260800000
2024,4,26,293,9840.26,9096.55,28.509999999999998,31.046245733788393,0.0973037542662116,2024,4,26,912,-619,1711929600000
2025,8,235,1094,29216.77,26392.41,10.98,24.124689213893966,0.01003656307129799,2025,8,235,1727,-633,1754006400000
2018,3,57,29,945.85,791.0,92.66,27.275862068965516,3.1951724137931032,2018,3,57,419,-390,1519862400000
2022,10,204,2,85.6,80.0,5.0,40.0,2.5,2022,10,204,20,-18,1664582400000
2016,9,201,6,305.24,265.0,8.2,44.166666666666664,1.3666666666666665,2016,9,201,361,-355,1472688000000
2020,3,150,66,2304.78,2159.72,12.399999999999999,32.7230303030303,0.18787878787878787,2020,3,150,229,-163,1583020800000
2020,2,77,319,10520.99,9211.89,39.01,28.877398119122255,0.12228840125391849,2020,2,77,707,-388,1580515200000
2016,3,134,532,14573.42,11836.68,1437.76,22.2493984962406,2.7025563909774437,2016,3,134,2863,-2331,1456790400000
2018,2,128,35,800.4300000000001,624.5,120.18,17.84285714285714,3.4337142857142857,2018,2,128,498,-463,1517443200000
2022,6,263,73223,1294059.7799999998,847242.58,168794.84999999998,11.57071657812436,2.3052162571869492,2022,6,263,74990,-1767,1654041600000
2021,9,83,206,5098.71,4220.31,378.45,20.486941747572818,1.837135922330097,2021,9,83,993,-787,1630454400000
2023,11,187,4,334.7,295.7,5.0,73.925,1.25,2023,11,187,24,-20,1698796800000
2023,6,248,89,3226.3,2790.3,127.85,31.35168539325843,1.436516853932584,2023,6,248,294,-205,1685577600000
2023,1,86,134,7251.48,6635.7,20.18,49.52014925373134,0.15059701492537314,2023,1,86,538,-404,1672531200000
2018,1,160,134,2993.62,2464.3,251.26,18.39029850746269,1.8750746268656715,2018,1,160,2325,-2191,1514764800000
2020,12,96,13,477.58,389.2,44.88,29.93846153846154,3.4523076923076923,2020,12,96,68,-55,1606780800000
2021,11,173,95,3726.97,3128.24,158.73,32.92884210526316,1.6708421052631577,2021,11,173,786,-691,1635724800000
2017,4,221,19,814.21,651.08,86.83,34.26736842105263,4.57,2017,4,221,222,-203,1491004800000
2023,4,230,109280,3037885.6700000004,2061635.2000000002,370941.05,18.86562225475842,3.3944093155197654,2023,4,230,101871,7409,1680307200000
2023,11,193,2201,21348.28,17233.77,930.92,7.8299727396637895,0.42295320308950474,2023,11,193,2873,-672,1698796800000
2019,5,56,616,29310.53,23326.73,2306.5299999999997,37.86806818181818,3.7443668831168826,2019,5,56,2665,-2049,1556668800000
2024,8,182,278,10770.8,9837.14,33.12,35.38539568345323,0.119136690647482,2024,8,182,505,-227,1722470400000
2025,7,231,53026,1367250.19,937161.63,133913.03,17.673624825557273,2.525422057104062,2025,7,231,61072,-8046,1751328000000
2025,10,156,7,547.9399999999999,465.59,26.2,66.51285714285714,3.742857142857143,2025,10,156,51,-44,1759276800000
2019,10,195,716,25742.06,21346.27,1545.01,29.813226256983242,2.1578351955307262,2019,10,195,3443,-2727,1569888000000
2020,5,125,721,12896.92,8811.71,1490.1899999999998,12.22151178918169,2.0668377253814145,2020,5,125,767,-46,1588291200000
2016,6,210,84,1641.86,1361.1,179.72,16.20357142857143,2.1395238095238094,2016,6,210,1292,-1208,1464739200000
2022,12,239,101039,1946345.11,1263953.49,262917.78,12.509560565722147,2.6021415493027447,2022,12,239,96006,5033,1669852800000
2024,4,58,10,456.56,338.86,62.0,33.886,6.2,2024,4,58,100,-90,1711929600000
2022,11,157,355,17041.329999999998,13270.04,2173.67,37.38039436619719,6.123014084507043,2022,11,157,1118,-763,1667260800000
2018,5,186,299232,4523035.34,3647346.28,501757.6,12.189024836915838,1.6768179873810287,2018,5,186,234726,64506,1525132800000
2022,12,236,147334,2634637.9699999997,1693911.34,352653.18,11.497083768851725,2.3935627893086457,2022,12,236,147373,-39,1669852800000
2022,8,132,178845,10379599.98,8029583.09,1159264.5000000002,44.89688327881685,6.481950851295816,2022,8,132,45777,133068,1659312000000
2021,12,263,70454,1173553.4600000002,760612.59,150081.43,10.795875180969142,2.1302045306157207,2021,12,263,69183,1271,1638316800000
2018,7,239,186514,2412894.48,1907935.1,276608.73,10.229447119251102,1.4830454014175878,2018,7,239,179055,7459,1530403200000
2023,7,86,151,7584.34,6964.95,102.89,46.12549668874172,0.6813907284768213,2023,7,86,678,-527,1688169600000
2023,9,96,8,530.63,406.11,89.64,50.76375,11.205,2023,9,96,112,-104,1693526400000
2017,11,239,245956,3263142.35,2585199.24,382601.87,10.510819984062191,1.5555703865732082,2017,11,239,235997,9959,1509494400000
2024,6,185,150,5503.46,5010.62,63.96,33.404133333333334,0.4264,2024,6,185,429,-279,1717200000000
2016,5,133,908,17346.54,14278.54,1657.3,15.725264317180617,1.8252202643171807,2016,5,133,4484,-3576,1462060800000
2016,9,156,8,165.81,115.5,45.41,14.4375,5.67625,2016,9,156,87,-79,1472688000000
2023,8,166,10808,256684.37,185989.9,30543.13,17.2085399703923,2.825974278312361,2023,8,166,17383,-6575,1690848000000
2020,1,97,4456,81191.9,65340.59,6490.7699999999995,14.663507630161579,1.4566359964093356,2020,1,97,9744,-5288,1577836800000
2019,11,230,243862,4797975.4799999995,3260177.63,548548.1,13.368944854056803,2.2494201638631686,2019,11,230,213598,30264,1572566400000
2022,2,5,42,3364.15,2796.4,0.0,66.58095238095238,0.0,2022,2,5,47,-5,1643673600000
2016,12,205,45,1308.39,1199.85,44.62,26.66333333333333,0.9915555555555555,2016,12,205,1142,-1097,1480550400000
2017,5,30,4,139.15,65.5,60.0,16.375,15.0,2017,5,30,30,-26,1493596800000
2016,10,3,27,530.63,467.85,27.14,17.32777777777778,1.0051851851851852,2016,10,3,499,-472,1475280000000
2020,4,138,1506,54706.04,42371.12,5655.56,28.13487383798141,3.7553519256308103,2020,4,138,311,1195,1585699200000
2017,4,178,115,1172.94,961.6,60.56,8.361739130434783,0.5266086956521739,2017,4,178,819,-704,1491004800000
2018,1,187,2,60.17,40.0,8.05,20.0,4.025,2018,1,187,41,-39,1514764800000
2017,8,215,678,43376.57,34614.22,4405.12,51.053421828908554,6.497227138643067,2017,8,215,1047,-369,1501545600000
2020,12,214,11,540.6,444.73,13.75,40.43,1.25,2020,12,214,25,-14,1606780800000
2025,8,191,1038,31057.239999999998,27829.92,251.51,26.811098265895954,0.24230250481695567,2025,8,191,2076,-1038,1754006400000
2023,3,150,43,1665.86,1484.93,56.18,34.53325581395349,1.3065116279069768,2023,3,150,260,-217,1677628800000
2025,8,184,108,3735.02,3217.18,58.53,29.788703703703703,0.5419444444444445,2025,8,184,208,-100,1754006400000
2016,6,50,111535,1663169.44,1342077.77,177513.74,12.032794817770206,1.5915518895413994,2016,6,50,122151,-10616,1464739200000
2025,8,232,11417,254512.06,183547.96,10512.21,16.076724183235527,0.9207506350179556,2025,8,232,20477,-9060,1754006400000
2020,12,108,191,7276.97,6379.01,509.89,33.39795811518325,2.669581151832461,2020,12,108,319,-128,1606780800000
2024,7,37,1067,33808.75,30323.12,854.09,28.41904404873477,0.8004592314901594,2024,7,37,3474,-2407,1719792000000
2025,3,59,30,732.1,632.33,0.0,21.07766666666667,0.0,2025,3,59,32,-2,1740787200000
2016,2,37,6094,89476.66,72239.01,9416.69,11.854120446340662,1.5452395799146703,2016,2,37,24027,-17933,1454284800000
2020,5,224,839,14781.76,10220.29,1471.23,12.181513706793803,1.7535518474374254,2020,5,224,1490,-651,1588291200000
2022,9,182,123,3736.63,3327.26,40.72,27.050894308943093,0.3310569105691057,2022,9,182,431,-308,1661990400000
2023,9,90,47612,1119310.4200000002,740755.2299999999,141859.16,15.558162438040828,2.9794833235318827,2023,9,90,41467,6145,1693526400000
2024,2,225,609,18689.13,16902.72,386.83,27.754876847290642,0.6351888341543513,2024,2,225,2467,-1858,1706745600000
2021,5,29,221,9768.64,8583.99,83.49,38.84158371040724,0.37778280542986425,2021,5,29,541,-320,1619827200000
2024,2,108,108,4656.01,4277.5,90.83,39.60648148148148,0.8410185185185185,2024,2,108,216,-108,1706745600000
2019,7,206,34,2030.56,1618.17,132.14000000000001,47.59323529411765,3.8864705882352943,2019,7,206,157,-123,1561939200000
2021,10,27,3,186.23000000000002,159.53,0.0,53.17666666666667,0.0,2021,10,27,67,-64,1633046400000
2016,9,106,2293,38341.26,30748.21,4268.23,13.409598778892281,1.8614173571740076,2016,9,106,6296,-4003,1472688000000
2017,11,62,335,4988.01,4287.71,318.5,12.799134328358209,0.9507462686567164,2017,11,62,3711,-3376,1509494400000
2023,4,13,18086,583314.94,412963.48,76977.02,22.833323012274686,4.256166095322349,2023,4,13,24352,-6266,1680307200000
2021,12,17,467,13760.15,11514.81,1016.94,24.65698072805139,2.177601713062099,2021,12,17,3665,-3198,1638316800000
2024,4,232,6064,161849.59,123859.57,11647.09,20.425390831134568,1.9206942612137203,2024,4,232,17535,-11471,1711929600000
2023,2,189,267,7695.85,5970.31,963.79,22.36071161048689,3.609700374531835,2023,2,189,2688,-2421,1675209600000
2023,8,25,1147,31346.75,25864.07,2307.43,22.549319965126415,2.011708805579773,2023,8,25,4941,-3794,1690848000000
2025,2,228,1475,43980.35,37780.64,761.72,25.613993220338983,0.5164203389830508,2025,2,228,2451,-976,1738368000000
2025,8,231,46058,1139808.34,769971.35,115235.4,16.71742911112076,2.501962742628859,2025,8,231,53606,-7548,1754006400000
2019,6,188,1472,35694.05,32026.59,697.49,21.75719429347826,0.47383831521739134,2019,6,188,5549,-4077,1559347200000
2018,8,76,851,28265.07,25338.85,935.4,29.77538190364277,1.099177438307873,2018,8,76,2977,-2126,1533081600000
2019,5,196,809,27556.65,22793.39,1924.5,28.17477132262052,2.3788627935723117,2019,5,196,2872,-2063,1556668800000
2021,9,234,80886,1386333.49,898069.91,182522.94,11.102909156096235,2.2565455084934354,2021,9,234,70006,10880,1630454400000
2017,10,210,66,1490.18,1347.0,72.67,20.40909090909091,1.101060606060606,2017,10,210,978,-912,1506816000000
2021,1,201,76,3754.51,3169.98,137.45,41.71026315789474,1.8085526315789473,2021,1,201,227,-151,1609459200000
2025,4,130,4227,119409.85,104464.79,2940.76,24.713695292169387,0.6957085403359357,2025,4,130,4484,-257,1743465600000
2018,6,165,319,8635.96,7798.0,187.8,24.44514106583072,0.5887147335423197,2018,6,165,1789,-1470,1527811200000
2020,3,242,320,7556.07,6702.26,78.4,20.9445625,0.24500000000000002,2020,3,242,635,-315,1583020800000
2016,5,98,82,1468.39,1214.8,136.29,14.814634146341463,1.6620731707317071,2016,5,98,1365,-1283,1462060800000
2025,9,134,1012,45140.09,39047.66,3412.6,38.58464426877471,3.3721343873517786,2025,9,134,1966,-954,1756684800000
2018,10,177,517,15338.4,13759.02,539.5,26.613191489361704,1.0435203094777563,2018,10,177,1925,-1408,1538352000000
2024,7,81,193,8187.44,7615.0,5.0,39.4559585492228,0.025906735751295335,2024,7,81,349,-156,1719792000000
2018,4,144,95816,1436968.26,1157343.36,160769.77000000002,12.078811054521166,1.6779010812390416,2018,4,144,83728,12088,1522540800000
2018,12,185,247,7003.02,6156.74,180.53,24.926072874493926,0.7308906882591093,2018,12,185,1132,-885,1543622400000
2017,8,114,114992,1621322.22,1292029.8,183155.41,11.235823361625156,1.5927665402810631,2017,8,114,91627,23365,1501545600000
2024,8,228,413,15061.0,13362.23,472.61,32.35406779661017,1.1443341404358354,2024,8,228,1688,-1275,1722470400000
2024,2,187,5,116.2,112.7,0.0,22.54,0.0,2024,2,187,26,-21,1706745600000
2019,4,209,14602,340977.58,249393.06,34983.8,17.079376797698945,2.3958224900698535,2019,4,209,20891,-6289,1554076800000
2021,3,236,99015,1468057.05,927106.11,187241.82,9.363289501590668,1.8910449931828512,2021,3,236,98691,324,1614556800000
2020,6,18,295,10505.76,9291.29,346.86,31.495898305084747,1.1757966101694917,2020,6,18,559,-264,1590969600000
2021,6,6,5,287.08,197.21,49.28,39.442,9.856,2021,6,6,43,-38,1622505600000
2021,8,80,1150,34034.75,26097.82,4174.28,22.69375652173913,3.629808695652174,2021,8,80,4270,-3120,1627776000000
2019,3,44,38,1394.32,1322.5,10.02,34.80263157894737,0.2636842105263158,2019,3,44,89,-51,1551398400000
2021,12,126,70,2367.2799999999997,2015.7,50.769999999999996,28.795714285714286,0.7252857142857142,2021,12,126,374,-304,1638316800000
2024,5,6,63,1701.06,636.94,31.28,10.110158730158732,0.4965079365079365,2024,5,6,102,-39,1714521600000
2022,7,158,25773,499062.68,333116.16,66799.18,12.925005238039809,2.591827881891902,2022,7,158,31415,-5642,1656633600000
2019,7,196,878,30477.3,24747.39,2181.74,28.18609339407745,2.484897494305239,2019,7,196,2966,-2088,1561939200000
2021,1,233,17112,261937.15,168591.5,31064.23,9.852238195418419,1.815347709209911,2021,1,233,20028,-2916,1609459200000
2020,12,8,7,125.27,94.5,17.15,13.5,2.4499999999999997,2020,12,8,17,-10,1606780800000
2017,8,83,1184,18660.43,16052.44,951.82,13.557804054054055,0.8039020270270271,2017,8,83,3897,-2713,1501545600000
2023,9,239,76527,1938683.38,1339680.99,229115.55,17.505991218785528,2.9939178329217135,2023,9,239,76395,132,1693526400000
2024,2,218,329,13212.58,12193.64,94.41,37.06273556231003,0.28696048632218846,2024,2,218,714,-385,1706745600000
2020,9,8,11,215.89,185.35,5.5,16.849999999999998,0.5,2020,9,8,33,-22,1598918400000
2021,8,136,258,11743.95,10348.85,112.12,40.11182170542636,0.43457364341085275,2021,8,136,611,-353,1627776000000
2016,2,246,166028,2400982.5300000003,1899415.29,288898.68,11.440331088732021,1.7400599898812248,2016,2,246,218705,-52677,1454284800000
2020,5,208,149,4396.22,3837.61,114.54,25.75577181208054,0.7687248322147652,2020,5,208,250,-101,1588291200000
2025,2,20,319,9693.57,8616.31,61.44,27.010376175548586,0.19260188087774294,2025,2,20,532,-213,1738368000000
2025,6,67,605,16955.24,14495.94,68.34,23.96023140495868,0.11295867768595041,2025,6,67,1138,-533,1748736000000
2025,6,222,852,26974.63,25280.41,79.99,29.671842723004694,0.09388497652582159,2025,6,222,1084,-232,1748736000000
2020,8,179,696,16032.86,13798.92,992.46,19.826034482758622,1.425948275862069,2020,8,179,1577,-881,1596240000000
2021,9,32,138,5697.56,4813.6,49.31,34.881159420289855,0.35731884057971014,2021,9,32,359,-221,1630454400000
2018,1,117,16,478.92,346.71000000000004,113.64999999999999,21.669375000000002,7.1031249999999995,2018,1,117,343,-327,1514764800000
2025,9,176,10,667.46,568.67,0.0,56.867,0.0,2025,9,176,40,-30,1756684800000
2020,12,197,555,21061.19,18151.01,1294.64,32.70452252252252,2.332684684684685,2020,12,197,1076,-521,1606780800000
2023,6,198,161,5905.87,4717.56,620.66,29.3016149068323,3.855031055900621,2023,6,198,1941,-1780,1685577600000
2023,6,79,78401,1835356.9200000002,1216550.62,236602.81,15.517029374625325,3.0178544916518923,2023,6,79,65723,12678,1685577600000
2016,2,184,7,569.26,523.25,35.37,74.75,5.0528571428571425,2016,2,184,63,-56,1454284800000
2021,6,31,79,3127.79,2460.43,344.51,31.144683544303795,4.360886075949367,2021,6,31,397,-318,1622505600000
2022,3,64,98,3018.19,2716.2000000000003,28.14,27.716326530612246,0.28714285714285714,2022,3,64,406,-308,1646092800000
2017,1,45,22017,350984.35,289882.95,35256.82,13.166323749829678,1.6013453240677658,2017,1,45,26959,-4942,1483228800000
2022,7,138,84652,3747134.09,2603309.41,489182.69,30.753076241553657,5.778749350281151,2022,7,138,42106,42546,1656633600000
2020,6,153,59,1806.5,1568.38,105.17,26.582711864406782,1.7825423728813559,2020,6,153,105,-46,1590969600000
2017,4,71,117,2592.07,2058.66,294.03,17.595384615384614,2.5130769230769228,2017,4,71,1674,-1557,1491004800000
2024,1,193,2184,22438.9,18712.04,871.52,8.567783882783884,0.39904761904761904,2024,1,193,2568,-384,1704067200000
2016,8,6,93,2074.48,982.51,340.77,10.564623655913978,3.6641935483870967,2016,8,6,298,-205,1470009600000
2021,9,77,176,7357.59,6431.900000000001,85.25,36.544886363636365,0.484375,2021,9,77,500,-324,1630454400000
2016,5,88,45650,1014866.42,833049.4,114402.92,18.24861774370208,2.506088061336254,2016,5,88,50324,-4674,1462060800000
2019,2,240,61,2218.67,1996.97,10.350000000000001,32.7372131147541,0.169672131147541,2019,2,240,316,-255,1548979200000
2025,3,249,99069,2169480.93,1392226.14,236077.03,14.053095721164036,2.3829556167923367,2025,3,249,77672,21397,1740787200000
2021,3,151,26805,406022.07,289638.53,45918.05,10.805391904495432,1.7130404775228503,2021,3,151,25171,1634,1614556800000
2024,7,31,27,1529.4,1294.61,119.81,47.94851851851851,4.437407407407408,2024,7,31,186,-159,1719792000000
2017,8,44,1,109.62,72.5,25.3,72.5,25.3,2017,8,44,36,-35,1501545600000
2016,6,56,416,11889.28,9623.27,1124.96,23.13286057692308,2.704230769230769,2016,6,56,3302,-2886,1464739200000
2016,2,220,285,4426.33,3727.84,321.45,13.080140350877194,1.1278947368421053,2016,2,220,4318,-4033,1454284800000
2022,2,55,124,6353.71,5820.860000000001,71.31,46.94241935483871,0.5750806451612903,2022,2,55,439,-315,1643673600000
2025,5,22,1051,23357.989999999998,20503.76,36.94,19.5088106565176,0.03514747859181731,2025,5,22,1870,-819,1746057600000
2024,2,207,196,2730.79,2082.0,235.45,10.622448979591837,1.2012755102040815,2024,2,207,200,-4,1706745600000
2025,6,102,964,24325.3,21402.21,184.98,22.20146265560166,0.19188796680497924,2025,6,102,1611,-647,1748736000000
2023,10,59,2,96.64,86.7,0.0,43.35,0.0,2023,10,59,18,-16,1696118400000
2023,4,18,104,3948.87,3501.7,119.52,33.670192307692304,1.1492307692307693,2023,4,18,422,-318,1680307200000
2019,11,210,383,13595.17,11984.75,140.16,31.29177545691906,0.365953002610966,2019,11,210,1190,-807,1572566400000
2019,7,146,6418,108278.86,86212.58,8137.43,13.43293549392334,1.2679074478030539,2019,7,146,8606,-2188,1561939200000
2022,3,54,70,2137.17,1640.17,279.8,23.431,3.9971428571428573,2022,3,54,712,-642,1646092800000
2018,7,135,326,10014.87,8460.68,828.38,25.953006134969325,2.5410429447852763,2018,7,135,1806,-1480,1530403200000
2019,10,233,92215,1726532.03,1151587.22,205408.72,12.488068318603263,2.2274979124871224,2019,10,233,105448,-13233,1569888000000
2021,1,242,792,22419.22,19016.46,1001.3,24.010681818181816,1.2642676767676768,2021,1,242,1111,-319,1609459200000
2018,8,80,3241,55971.48,46018.24,5332.5,14.198778154890466,1.6453255168157976,2018,8,80,13194,-9953,1533081600000
2025,2,182,734,23833.55,21265.43,45.76,28.971975476839237,0.0623433242506812,2025,2,182,633,101,1738368000000
2019,3,22,497,14353.72,12835.18,237.54000000000002,25.825311871227363,0.47794768611670024,2019,3,22,1747,-1250,1551398400000
2024,2,16,43,1548.99,1385.19,32.019999999999996,32.21372093023256,0.7446511627906975,2024,2,16,465,-422,1706745600000
2025,1,73,84,2040.84,1765.17,9.02,21.013928571428572,0.10738095238095238,2025,1,73,262,-178,1735689600000
2020,3,19,95,2905.55,2694.1,49.06,28.358947368421052,0.516421052631579,2020,3,19,349,-254,1583020800000
2016,6,170,363341,5318449.01,4193408.59,608560.18,11.541248001188965,1.6749009332830593,2016,6,170,355025,8316,1464739200000
2020,3,91,360,9226.06,8404.39,19.87,23.345527777777775,0.05519444444444445,2020,3,91,982,-622,1583020800000
2018,9,251,19,1010.19,801.29,73.34,42.17315789473684,3.8600000000000003,2018,9,251,114,-95,1535760000000
2024,11,34,315,9826.42,8486.64,369.94,26.941714285714284,1.1744126984126984,2024,11,34,522,-207,1730419200000
2017,2,217,987,12227.66,9983.05,999.78,10.114539007092198,1.0129483282674772,2017,2,217,3403,-2416,1485907200000
2025,5,219,1127,57504.909999999996,48954.65,4039.03,43.43802129547471,3.583877551020408,2025,5,219,2408,-1281,1746057600000
2025,7,10,2497,115452.95,97344.05,8707.19,38.98440128153785,3.4870604725670806,2025,7,10,5644,-3147,1751328000000
2023,12,150,51,2232.66,2040.5,36.82,40.009803921568626,0.7219607843137255,2023,12,150,238,-187,1701388800000
2018,1,49,2674,37937.74,30888.43,3696.4,11.551394913986536,1.3823485415108452,2018,1,49,15362,-12688,1514764800000
2017,1,89,920,16478.41,13660.21,1512.6499999999999,14.848054347826086,1.6441847826086955,2017,1,89,8260,-7340,1483228800000
2018,9,120,38,935.96,808.2,62.39,21.26842105263158,1.641842105263158,2018,9,120,314,-276,1535760000000
2021,4,14,638,24415.82,21137.48,227.47,33.130846394984324,0.35653605015673984,2021,4,14,1790,-1152,1617235200000
2021,9,52,879,22255.17,16991.73,3027.64,19.33075085324232,3.444414106939704,2021,9,52,1871,-992,1630454400000
2025,8,167,1073,28312.63,25636.38,116.89,23.89224603914259,0.10893755824790308,2025,8,167,1572,-499,1754006400000
2025,2,234,102638,2177791.35,1354372.53,250463.13,13.19562471988932,2.440257312106627,2025,2,234,90795,11843,1738368000000
2016,9,261,59347,1494409.89,1283259.43,126296.17,21.622987345611403,2.1280969551957134,2016,9,261,52377,6970,1472688000000
2018,3,252,76,3153.04,2705.17,265.49,35.59434210526316,3.493289473684211,2018,3,252,1210,-1134,1519862400000
2017,7,195,720,17279.74,14360.61,1626.2,19.945291666666666,2.258611111111111,2017,7,195,4091,-3371,1498867200000
2017,5,185,64,1367.71,1170.77,107.51,18.29328125,1.67984375,2017,5,185,1184,-1120,1493596800000
2021,5,64,113,5020.27,4446.06,30.96,39.345663716814165,0.2739823008849558,2021,5,64,347,-234,1619827200000
2023,6,67,62,2061.54,1763.71,28.98,28.44693548387097,0.46741935483870967,2023,6,67,434,-372,1685577600000
2016,2,125,69874,1045262.41,824580.5,131068.35,11.800963162263503,1.8757814065317573,2016,2,125,63199,6675,1454284800000
2021,4,19,146,5688.43,4926.97,187.12,33.7463698630137,1.2816438356164384,2021,4,19,289,-143,1617235200000
2024,7,247,776,27379.73,23877.59,1087.9,30.770090206185568,1.4019329896907218,2024,7,247,1512,-736,1719792000000
2016,8,248,57,1231.39,1041.3,118.46000000000001,18.268421052631577,2.078245614035088,2016,8,248,1110,-1053,1470009600000
2019,8,261,40290,934552.27,679315.76,96895.19,16.860654256639364,2.404943906676595,2019,8,261,31287,9003,1564617600000
2016,9,146,10924,176757.81,148479.99,15167.66,13.59208989381179,1.3884712559502015,2016,9,146,13961,-3037,1472688000000
2018,10,141,213019,2654329.05,2100695.83,302829.61,9.861542069017318,1.4216084480727071,2018,10,141,216954,-3935,1538352000000
2019,5,135,434,16707.79,14751.02,208.7,33.98852534562212,0.4808755760368663,2019,5,135,2197,-1763,1556668800000
2017,1,102,68,1545.6399999999999,1252.11,173.68,18.413382352941174,2.5541176470588236,2017,1,102,1425,-1357,1483228800000
2025,5,207,342,8678.68,6839.9800000000005,940.52,19.99994152046784,2.750058479532164,2025,5,207,273,69,1746057600000
2016,11,56,381,10783.65,8683.16,1128.27,22.790446194225723,2.961338582677165,2016,11,56,2673,-2292,1477958400000
2021,6,210,320,14475.9,12804.45,61.46,40.013906250000005,0.1920625,2021,6,210,764,-444,1622505600000
2019,1,244,8130,147499.59,124791.96,11493.12,15.349564575645758,1.4136678966789669,2019,1,244,26078,-17948,1546300800000
2016,4,82,3917,66675.01,55171.11,5145.12,14.085042124074548,1.3135358692877201,2016,4,82,11433,-7516,1459468800000
2018,3,60,98,1823.07,1572.8,70.5,16.048979591836734,0.7193877551020408,2018,3,60,679,-581,1519862400000
2017,11,147,71,1171.1100000000001,1039.3,48.25,14.638028169014083,0.6795774647887324,2017,11,147,826,-755,1509494400000
2022,8,215,474,29272.29,22905.85,2919.2,48.324578059071726,6.1586497890295355,2022,8,215,1097,-623,1659312000000
2018,3,79,267899,3730022.8000000003,2945818.31,450561.73000000004,10.996003381871526,1.681834310691716,2018,3,79,225005,42894,1519862400000
2019,12,44,33,1409.36,1343.24,0.0,40.70424242424242,0.0,2019,12,44,67,-34,1575158400000
2023,9,25,1344,40736.44,33002.68,3956.86,24.555565476190477,2.944092261904762,2023,9,25,4974,-3630,1693526400000
2020,7,25,805,22022.2,19202.9,1446.91,23.854534161490687,1.7974037267080747,2020,7,25,1365,-560,1593561600000
2025,9,45,9861,260605.87,189458.35,17353.57,19.212894229794138,1.759818476827908,2025,9,45,14347,-4486,1756684800000
2019,5,125,43372,798905.47,534767.34,99160.34000000001,12.32978280918565,2.2862754772664395,2019,5,125,39109,4263,1556668800000
2025,9,65,6164,177554.23,146194.34,7652.94,23.717446463335495,1.2415541855937702,2025,9,65,7805,-1641,1756684800000
2021,11,198,125,4395.23,3615.26,280.95,28.92208,2.2476,2021,11,198,1684,-1559,1635724800000
2025,11,233,43043,963621.49,606619.73,107194.93,14.093342239156192,2.4904149339033057,2025,11,233,56965,-13922,1761955200000
2017,3,9,34,1217.01,1003.46,161.60000000000002,29.513529411764708,4.752941176470589,2017,3,9,609,-575,1488326400000
2017,10,252,62,3320.6,3033.6,138.62,48.92903225806452,2.2358064516129033,2017,10,252,1297,-1235,1506816000000
2017,9,258,104,2535.09,2137.74,191.33,20.555192307692305,1.8397115384615386,2017,9,258,1557,-1453,1504224000000
2018,6,95,1467,33909.31,28284.96,2452.57,19.28081799591002,1.6718268575323791,2018,6,95,10366,-8899,1527811200000
2021,5,224,4205,75306.08,50509.79,8978.58,12.01184066587396,2.1352152199762187,2021,5,224,9551,-5346,1619827200000
2018,5,173,316,5754.4,4742.8,478.0,15.008860759493672,1.5126582278481013,2018,5,173,2696,-2380,1525132800000
2018,9,212,230,5967.9800000000005,5305.1,112.45,23.065652173913044,0.48891304347826087,2018,9,212,1101,-871,1535760000000
2020,11,157,167,5232.57,4431.93,393.34,26.538502994011978,2.3553293413173653,2020,11,157,583,-416,1604188800000
2025,4,50,24667,552488.49,367475.47,50295.47,14.897452872258482,2.0389779867839626,2025,4,50,40574,-15907,1743465600000
2016,7,133,754,14817.52,12221.06,1493.79,16.208302387267903,1.981153846153846,2016,7,133,3719,-2965,1467331200000
2022,12,16,39,1478.74,1337.27,66.42,34.28897435897436,1.7030769230769232,2022,12,16,513,-474,1669852800000
2024,9,21,201,6582.13,6109.95,16.66,30.39776119402985,0.08288557213930349,2024,9,21,601,-400,1725148800000
2021,9,166,18907,350872.29,255876.51,43791.62,13.53342730205744,2.316159094515259,2021,9,166,24491,-5584,1630454400000
2024,11,243,1107,36528.29,31558.73,1634.96,28.508337850045166,1.4769286359530263,2024,11,243,7707,-6600,1730419200000
2016,7,182,94,1810.83,1582.31,89.05,16.833085106382978,0.9473404255319149,2016,7,182,1388,-1294,1467331200000
2018,1,228,862,17176.48,14461.1,1406.67,16.776218097447796,1.6318677494199536,2018,1,228,5259,-4397,1514764800000
2021,8,227,104,4199.45,3585.94,127.74000000000001,34.480192307692306,1.228269230769231,2021,8,227,681,-577,1627776000000
2019,5,101,200,8405.79,7820.36,110.96000000000001,39.1018,0.5548000000000001,2019,5,101,681,-481,1556668800000
2023,10,164,80000,2052845.53,1371530.79,258325.15,17.144134875,3.229064375,2023,10,164,74995,5005,1696118400000
2019,12,96,15,678.04,567.1899999999999,12.25,37.812666666666665,0.8166666666666667,2019,12,96,156,-141,1575158400000
2016,1,105,15,227.74,191.0,19.24,12.733333333333333,1.2826666666666666,2016,1,105,7,8,1451606400000
2021,4,71,615,20579.01,17545.59,61.93,28.52941463414634,0.10069918699186992,2021,4,71,1102,-487,1617235200000
2023,4,170,95787,2284886.64,1505173.8499999999,291929.72000000003,15.713759174000646,3.047696660298371,2023,4,170,94733,1054,1680307200000
2017,11,101,36,1281.84,1127.5,90.74000000000001,31.319444444444443,2.5205555555555557,2017,11,101,468,-432,1509494400000
2021,9,41,11618,199887.22,152853.39,19405.75,13.156600964021347,1.6703176106042348,2021,9,41,21884,-10266,1630454400000
2022,9,109,8,597.7,467.1,23.47,58.3875,2.93375,2022,9,109,45,-37,1661990400000
2017,7,251,16,589.11,505.08,24.830000000000002,31.5675,1.5518750000000001,2017,7,251,127,-111,1498867200000
2023,9,247,330,12168.28,10079.8,983.23,30.544848484848483,2.9794848484848484,2023,9,247,1092,-762,1693526400000
2019,4,106,939,17346.2,14058.81,1412.55,14.972108626198082,1.5043130990415334,2019,4,106,3899,-2960,1554076800000
2024,12,12,1371,43207.84,32671.39,4711.17,23.83033552151714,3.436301969365427,2024,12,12,2257,-886,1733011200000
2019,5,69,784,21670.06,19365.99,264.17,24.70151785714286,0.3369515306122449,2019,5,69,3351,-2567,1556668800000
2023,12,59,4,236.89,207.57,0.0,51.8925,0.0,2023,12,59,14,-10,1701388800000
2023,12,172,5,506.71999999999997,397.89,58.31999999999999,79.578,11.663999999999998,2023,12,172,41,-36,1701388800000
2018,12,194,372,20785.06,15851.81,2265.92,42.61239247311828,6.091182795698925,2018,12,194,548,-176,1543622400000
2019,7,78,312,8898.88,7809.48,31.81,25.030384615384612,0.1019551282051282,2019,7,78,869,-557,1561939200000
2018,5,80,3766,64409.23,52258.35,6864.07,13.876354221986192,1.8226420605416886,2018,5,80,14579,-10813,1525132800000
2019,6,62,692,16592.81,15185.98,261.68,21.945057803468206,0.37815028901734105,2019,6,62,3091,-2399,1559347200000
2025,9,147,448,12895.66,11557.72,0.0,25.798482142857143,0.0,2025,9,147,766,-318,1756684800000
2025,9,220,694,22594.45,19527.29,330.95,28.137305475504323,0.47687319884726226,2025,9,220,2208,-1514,1756684800000
2025,10,81,627,22595.12,20837.74,48.38,33.2340350877193,0.07716108452950558,2025,10,81,895,-268,1759276800000
2018,5,16,121,4493.47,3919.71,349.52,32.394297520661155,2.888595041322314,2018,5,16,1369,-1248,1525132800000
2017,7,59,1,20.3,2.5,17.0,2.5,17.0,2017,7,59,64,-63,1498867200000
2017,11,82,2551,45674.62,38550.32,2708.05,15.111846334770679,1.06156409251274,2017,11,82,7645,-5094,1509494400000
2023,6,75,19320,426379.07,306671.7,44463.16,15.873276397515529,2.3014057971014497,2023,6,75,37521,-18201,1685577600000
2021,8,46,19,1166.8700000000001,991.83,11.82,52.201578947368425,0.6221052631578947,2021,8,46,80,-61,1627776000000
2021,7,175,45,1813.48,1623.82,4.56,36.08488888888889,0.10133333333333333,2021,7,175,305,-260,1625097600000
2022,6,101,49,2305.5499999999997,2012.5500000000002,81.44,41.07244897959184,1.6620408163265306,2022,6,101,334,-285,1654041600000
2021,10,187,8,651.51,564.95,4.06,70.61875,0.5075,2021,10,187,38,-30,1633046400000
2021,10,159,277,8026.85,6720.72,165.33,24.262527075812276,0.5968592057761734,2021,10,159,957,-680,1633046400000
2023,5,55,220,12331.17,11077.960000000001,276.26,50.354363636363644,1.2557272727272726,2023,5,55,595,-375,1682899200000
2024,7,35,1012,30882.86,29231.93,89.86,28.885306324110672,0.08879446640316205,2024,7,35,1341,-329,1719792000000
2022,10,245,1,10.3,10.0,0.0,10.0,0.0,2022,10,245,52,-51,1664582400000
2022,5,214,5,307.40999999999997,238.60000000000002,0.0,47.720000000000006,0.0,2022,5,214,55,-50,1651363200000
2021,11,79,90089,1639410.4,1084029.48,216663.34,12.032872825761192,2.40499217440531,2021,11,79,71613,18476,1635724800000
2024,9,167,342,11330.1,10004.9,243.7,29.25409356725146,0.7125730994152046,2024,9,167,547,-205,1725148800000
2022,11,81,62,2042.3,1898.5,1.6,30.620967741935484,0.025806451612903226,2022,11,81,199,-137,1667260800000
2025,1,254,562,20323.88,18477.25,55.72,32.87766903914591,0.0991459074733096,2025,1,254,675,-113,1735689600000
2016,8,18,94,3773.24,3433.11,122.88,36.52244680851064,1.3072340425531914,2016,8,18,1620,-1526,1470009600000
2018,4,83,919,14974.36,12816.5,780.86,13.94613710554951,0.8496844396082699,2018,4,83,3413,-2494,1522540800000
2021,4,233,29019,469051.35000000003,303460.3,56566.45,10.457296943381921,1.9492901202660324,2021,4,233,32366,-3347,1617235200000
2021,7,213,488,16743.69,13936.54,167.71,28.558483606557377,0.34366803278688524,2021,7,213,1034,-546,1625097600000
2019,10,11,140,6235.23,5453.3,114.21,38.95214285714286,0.8157857142857142,2019,10,11,607,-467,1569888000000
2018,9,150,101,3243.06,2936.09,95.79,29.070198019801982,0.9484158415841585,2018,9,150,574,-473,1535760000000
2021,12,219,327,18877.28,15796.19,1247.77,48.30639143730887,3.8158103975535167,2021,12,219,975,-648,1638316800000
2025,7,237,148501,2981950.3,1855422.26,366818.71,12.494341856283796,2.47014302933987,2025,7,237,134027,14474,1751328000000
2021,7,73,36,1373.5,1192.2,36.33,33.11666666666667,1.0091666666666665,2021,7,73,226,-190,1625097600000
2019,12,35,894,28195.14,25118.44,57.88,28.096689038031318,0.0647427293064877,2019,12,35,1568,-674,1575158400000
2017,12,64,36,1375.79,1183.61,132.24,32.878055555555555,3.673333333333334,2017,12,64,640,-604,1512086400000
2023,9,21,69,3068.18,2738.98,78.25,39.69536231884058,1.1340579710144927,2023,9,21,390,-321,1693526400000
2023,5,96,11,437.59,359.73,27.71,32.70272727272727,2.519090909090909,2023,5,96,84,-73,1682899200000
2020,5,150,35,769.29,683.05,44.25,19.515714285714285,1.2642857142857142,2020,5,150,96,-61,1588291200000
2017,2,154,34,1204.11,958.0,127.14,28.176470588235293,3.739411764705882,2017,2,154,83,-49,1485907200000
2021,10,126,93,3400.38,2872.5,67.56,30.887096774193548,0.7264516129032258,2021,10,126,372,-279,1633046400000
2022,9,150,39,1938.23,1745.05,75.83,44.74487179487179,1.9443589743589744,2022,9,150,250,-211,1661990400000
2019,4,86,274,17092.98,15691.48,8.32,57.26817518248175,0.030364963503649638,2019,4,86,903,-629,1554076800000
2022,11,175,24,883.03,750.1,78.62,31.254166666666666,3.2758333333333334,2022,11,175,282,-258,1667260800000
2017,10,144,107620,1648998.25,1338564.22,178214.22000000003,12.437876045344732,1.6559581862107418,2017,10,144,96223,11397,1506816000000
2022,3,245,1,90.28,66.09,16.84,66.09,16.84,2022,3,245,43,-42,1646092800000
2024,2,45,4433,122924.65,89582.78,12834.98,20.208161515903452,2.8953259643582223,2024,2,45,8114,-3681,1706745600000
2018,4,50,84278,1196235.51,959860.81,130870.41,11.389221505019105,1.5528419041742805,2018,4,50,107807,-23529,1522540800000
2021,1,3,251,8074.96,6651.41,461.42,26.499641434262948,1.8383266932270916,2021,1,3,419,-168,1609459200000
2019,3,238,147830,2276510.0,1503530.89,265940.76,10.170675032131502,1.7989634039098965,2019,3,238,161738,-13908,1551398400000
2021,7,67,68,2747.68,2132.39,268.34000000000003,31.358676470588232,3.946176470588236,2021,7,67,421,-353,1625097600000
2024,11,154,44,1417.66,1279.46,41.22,29.078636363636363,0.9368181818181818,2024,11,154,276,-232,1730419200000
2016,8,94,54,1093.6,987.0,32.78,18.27777777777778,0.607037037037037,2016,8,94,725,-671,1470009600000
2025,2,70,9212,545049.3,353414.22,72654.44,38.364548415110725,7.8869344333478075,2025,2,70,1675,7537,1738368000000
2025,7,167,1034,28443.51,25483.1,36.83,24.645164410058026,0.035618955512572534,2025,7,167,1436,-402,1751328000000
2018,12,182,508,17739.2,15723.85,200.66,30.952460629921262,0.395,2018,12,182,1430,-922,1543622400000
2024,2,178,42,1349.15,1237.08,17.31,29.454285714285714,0.4121428571428571,2024,2,178,265,-223,1706745600000
2019,9,153,111,2648.34,2349.22,50.73,21.164144144144142,0.457027027027027,2019,9,153,293,-182,1567296000000
2024,7,220,184,6952.93,6280.37,139.59,34.132445652173914,0.7586413043478261,2024,7,220,1058,-874,1719792000000
2018,8,177,399,10301.85,9259.21,311.05,23.206040100250625,0.7795739348370928,2018,8,177,1848,-1449,1533081600000
2023,9,35,301,9642.69,8972.26,33.85,29.808172757475084,0.11245847176079735,2023,9,35,650,-349,1693526400000
2019,12,139,315,13113.93,11696.18,35.4,37.13073015873016,0.11238095238095237,2019,12,139,965,-650,1575158400000
2019,8,146,6094,99268.51,78544.87,7709.17,12.888885789300952,1.2650426649163111,2019,8,146,8421,-2327,1564617600000
2024,8,189,490,14442.45,12572.82,845.14,25.658816326530612,1.7247755102040816,2024,8,189,2819,-2329,1722470400000
2016,7,5,1,16.3,14.5,0.0,14.5,0.0,2016,7,5,58,-57,1467331200000
2022,10,65,3042,80190.23,62662.94,9811.0,20.599257067718607,3.225180802103879,2022,10,65,5926,-2884,1664582400000
2023,2,248,78,2718.88,2477.66,24.52,31.764871794871794,0.31435897435897436,2023,2,248,279,-201,1675209600000
2016,12,154,23,916.08,764.5,99.94,33.23913043478261,4.345217391304348,2016,12,154,87,-64,1480550400000
2019,11,22,312,9216.12,8099.47,59.7,25.959839743589743,0.19134615384615386,2019,11,22,1318,-1006,1572566400000
2022,1,156,6,373.19,304.69000000000005,0.0,50.78166666666667,0.0,2022,1,156,28,-22,1640995200000
2018,8,239,181217,2354467.4,1860315.22,270039.38,10.26567717156779,1.4901437503104014,2018,8,239,174033,7184,1533081600000
2023,2,48,79520,1816774.79,1200195.79,224038.6,15.093005407444668,2.8173868209255533,2023,2,48,73183,6337,1675209600000
2016,2,1,597,50037.479999999996,41664.23,6416.66,69.78932998324959,10.74817420435511,2016,2,1,16989,-16392,1454284800000
2016,6,21,79,2012.95,1821.8,95.46,23.060759493670886,1.2083544303797467,2016,6,21,1360,-1281,1464739200000
2022,4,134,276,14946.02,12143.45,1704.32,43.998007246376815,6.175072463768116,2022,4,134,1100,-824,1648771200000
2017,6,205,35,1107.11,933.85,85.42999999999999,26.681428571428572,2.440857142857143,2017,6,205,1152,-1117,1496275200000
2017,12,59,4,46.7,42.5,0.0,10.625,0.0,2017,12,59,39,-35,1512086400000
2016,6,139,22,982.33,873.52,61.95,39.70545454545454,2.815909090909091,2016,6,139,784,-762,1464739200000
2016,3,77,112,2404.93,2070.8,200.95,18.489285714285717,1.7941964285714285,2016,3,77,1004,-892,1456790400000
2016,7,262,109044,1565480.79,1254919.27,173958.71,11.508375243021167,1.5953074905542717,2016,7,262,113195,-4151,1467331200000
2019,1,156,41,2646.11,2115.62,130.26,51.60048780487804,3.177073170731707,2019,1,156,129,-88,1546300800000
2023,4,24,8902,202409.81,142971.34,25598.03,16.060586385082004,2.875536957986969,2023,4,24,11338,-2436,1680307200000
2016,11,12,3836,77353.5,66419.91,6411.65,17.314887904066737,1.671441605839416,2016,11,12,6858,-3022,1477958400000
2025,1,11,159,4645.0,4323.95,13.2,27.194654088050314,0.0830188679245283,2025,1,11,293,-134,1735689600000
2020,8,249,16405,264053.62,171910.71,32693.16,10.479165498323681,1.9928777811642793,2020,8,249,13684,2721,1596240000000
2020,5,108,91,3798.26,3488.7200000000003,87.39,38.33758241758242,0.9603296703296703,2020,5,108,166,-75,1588291200000
2021,8,249,59635,1039716.4,675241.55,139878.56,11.322906850004193,2.3455782677957573,2021,8,249,48752,10883,1627776000000
2025,8,175,206,6149.7699999999995,5421.79,79.3,26.319368932038834,0.3849514563106796,2025,8,175,704,-498,1754006400000
2020,4,171,51,2698.97,2165.18,95.19,42.45450980392157,1.866470588235294,2020,4,171,59,-8,1585699200000
2022,3,200,79,3538.5,3053.07,136.03,38.64645569620254,1.7218987341772152,2022,3,200,1130,-1051,1646092800000
2023,5,95,446,14892.87,12607.89,917.13,28.268811659192824,2.0563452914798206,2023,5,95,4533,-4087,1682899200000
2025,8,154,60,1680.58,1439.37,29.099999999999998,23.9895,0.485,2025,8,154,712,-652,1754006400000
2017,5,155,54,2147.86,1790.5,196.12,33.157407407407405,3.631851851851852,2017,5,155,1112,-1058,1493596800000
2025,2,140,71770,1558906.43,1021461.38,175837.76,14.232428312665458,2.4500175560819284,2025,2,140,71488,282,1738368000000
2025,4,140,74842,1684064.13,1110074.45,193156.88,14.832239250688115,2.5808620827877395,2025,4,140,75365,-523,1743465600000
2025,11,217,789,16448.55,13791.89,376.76,17.4802154626109,0.47751584283903675,2025,11,217,1801,-1012,1761955200000
2019,12,165,475,14661.7,12545.95,218.26,26.412526315789474,0.45949473684210523,2019,12,165,1833,-1358,1575158400000
2021,3,42,7332,130873.77,108425.2,6053.87,14.787943262411346,0.825677850518276,2021,3,42,15839,-8507,1614556800000
2020,1,260,3194,74355.69,59265.93,6056.58,18.555394489668128,1.8962366938008766,2020,1,260,6871,-3677,1577836800000
2021,9,123,114,4604.92,3943.91,89.96000000000001,34.59570175438596,0.7891228070175439,2021,9,123,475,-361,1630454400000
2019,1,12,2218,43003.17,36481.33,3812.74,16.447849413886384,1.7189990982867447,2019,1,12,3617,-1399,1546300800000
2020,7,139,139,7089.76,6561.78,182.5,47.20705035971223,1.3129496402877698,2020,7,139,238,-99,1593561600000
2019,6,75,51559,794376.4500000001,587479.22,70696.97,11.394309819818073,1.3711858259469734,2019,6,75,85857,-34298,1559347200000
2020,10,215,402,17124.85,14630.15,1274.19,36.393407960199006,3.169626865671642,2020,10,215,741,-339,1601510400000
2020,9,229,30848,452564.54000000004,287754.06,54346.81,9.328126945020747,1.761761216286307,2020,9,229,29532,1316,1598918400000
2024,11,31,34,1709.31,1387.1,113.09,40.79705882352941,3.3261764705882353,2024,11,31,207,-173,1730419200000
2020,9,44,124,11728.31,10989.52,291.5,88.62516129032258,2.350806451612903,2020,9,44,140,-16,1598918400000
2020,9,177,509,15969.210000000001,13829.6,1244.8,27.17013752455796,2.4455795677799608,2020,9,177,941,-432,1598918400000
2025,5,43,61740,1398701.21,909368.98,174843.34,14.729008422416586,2.8319297052154195,2025,5,43,45322,16418,1746057600000
2023,11,160,87,4002.43,3304.35,328.47,37.981034482758616,3.7755172413793106,2023,11,160,934,-847,1698796800000
2023,12,131,189,6197.46,5565.06,62.8,29.444761904761908,0.3322751322751323,2023,12,131,640,-451,1701388800000
2025,4,213,1141,33215.64,29232.57,135.16,25.620131463628397,0.11845749342681858,2025,4,213,1351,-210,1743465600000
2016,8,157,467,15350.800000000001,12453.48,1395.19,26.666980728051392,2.9875588865096363,2016,8,157,4067,-3600,1470009600000
2021,5,59,14,499.09,430.36,9.83,30.740000000000002,0.7021428571428572,2021,5,59,33,-19,1619827200000
2022,2,146,1572,28093.64,21946.18,2514.31,13.960674300254453,1.5994338422391856,2022,2,146,2754,-1182,1643673600000
2025,10,139,521,21978.5,20256.59,46.7,38.88021113243762,0.08963531669865643,2025,10,139,1132,-611,1759276800000
2019,7,170,210029,3649945.2199999997,2400542.23,433476.67,11.429575106294845,2.0638896057211147,2019,7,170,209230,799,1561939200000
2019,9,160,205,6492.12,5532.66,322.32,26.98858536585366,1.5722926829268293,2019,9,160,2095,-1890,1567296000000
2019,8,129,3612,68805.98000000001,57667.44,3880.15,15.965514950166114,1.0742386489479514,2019,8,129,14133,-10521,1564617600000
2024,8,197,886,36522.76,31971.71,2209.26,36.08545146726862,2.49352144469526,2024,8,197,1780,-894,1722470400000
2017,8,230,299803,4833686.22,3871210.41,489511.27999999997,12.912513917472474,1.6327764565397944,2017,8,230,283101,16702,1501545600000
2024,11,6,61,1321.43,455.21,0.0,7.462459016393442,0.0,2024,11,6,106,-45,1730419200000
2019,3,163,209319,3733522.8500000006,2486017.31,439341.44,11.876692082419657,2.098908555840607,2019,3,163,183583,25736,1551398400000
2025,6,246,78611,1904555.19,1267683.62,190577.61,16.126033506761143,2.4243122463777333,2025,6,246,87908,-9297,1748736000000
2016,1,158,132508,1930538.17,1540602.06,223079.25,11.626483382135419,1.6835153349231744,2016,1,158,123914,8594,1451606400000
2024,3,47,275,9329.1,8325.86,97.22,30.275854545454546,0.35352727272727275,2024,3,47,417,-142,1709251200000
2017,11,214,17,653.92,635.62,5.7,37.38941176470588,0.33529411764705885,2017,11,214,175,-158,1509494400000
2024,3,2,8,495.76,378.3,60.99,47.2875,7.62375,2024,3,2,7,1,1709251200000
2016,9,205,49,1126.55,995.16,61.52,20.30938775510204,1.2555102040816326,2016,9,205,1252,-1203,1472688000000
2025,4,148,45819,1107542.15,753772.3,104720.18,16.451085794102884,2.285518671293568,2025,4,148,45039,780,1743465600000
2021,5,154,10,1413.06,1377.68,3.26,137.768,0.32599999999999996,2021,5,154,69,-59,1619827200000
2016,10,24,32074,454888.32,367117.11,47965.27,11.44594094905531,1.495456444472158,2016,10,24,34828,-2754,1475280000000
2022,10,203,113,5819.51,4997.8,377.16,44.2283185840708,3.337699115044248,2022,10,203,600,-487,1664582400000
2023,8,44,29,2247.19,1793.7,0.0,61.851724137931036,0.0,2023,8,44,44,-15,1690848000000
2023,12,165,209,6323.75,5848.85,81.69,27.984928229665073,0.39086124401913874,2023,12,165,826,-617,1701388800000
2017,9,23,22,887.16,761.0,90.56,34.59090909090909,4.116363636363636,2017,9,23,213,-191,1504224000000
2017,11,77,57,1333.71,1185.5,78.4,20.79824561403509,1.3754385964912281,2017,11,77,499,-442,1509494400000
2021,9,12,1095,25636.73,18831.33,2802.45,17.19756164383562,2.5593150684931505,2021,9,12,1349,-254,1630454400000
2024,5,132,167541,12982015.24,10049746.36,1502026.02,59.983803128786384,8.965125073862517,2024,5,132,46288,121253,1714521600000
2020,12,70,2970,118054.44,97336.29,8028.56,32.773161616161616,2.7032188552188554,2020,12,70,1754,1216,1606780800000
2016,1,53,104,2017.63,1700.01,175.1,16.34625,1.6836538461538462,2016,1,53,977,-873,1451606400000
2020,1,13,51053,1148327.5,797628.22,149964.99,15.62353279924784,2.937437369008677,2020,1,13,53501,-2448,1577836800000
2023,5,163,104094,2630242.16,1749226.14,338510.41000000003,16.804293619228773,3.2519685092320407,2023,5,163,87419,16675,1682899200000
2023,8,108,69,3118.81,2732.45,97.55,39.600724637681154,1.413768115942029,2023,8,108,231,-162,1690848000000
2025,4,29,393,12942.77,11699.31,161.42,29.769236641221372,0.4107379134860051,2025,4,29,791,-398,1743465600000
2021,12,159,264,6925.75,5894.18,134.27,22.326439393939395,0.5085984848484849,2021,12,159,999,-735,1638316800000
2025,5,59,31,451.44,377.31,0.0,12.171290322580646,0.0,2025,5,59,62,-31,1746057600000
2020,10,39,994,34493.52,29704.56,2521.05,29.88386317907445,2.536267605633803,2020,10,39,1607,-613,1601510400000
2017,12,101,32,1130.19,900.5,202.59,28.140625,6.3309375,2017,12,101,457,-425,1512086400000
2019,2,60,206,5742.45,5124.23,30.03,24.87490291262136,0.1457766990291262,2019,2,60,638,-432,1548979200000
2019,9,149,275,8382.38,7397.47,60.940000000000005,26.89989090909091,0.22160000000000002,2019,9,149,937,-662,1567296000000
2022,5,83,181,4990.7699999999995,4105.61,515.46,22.682928176795578,2.8478453038674036,2022,5,83,1009,-828,1651363200000
2024,2,202,141,4939.86,4142.72,394.61,29.38099290780142,2.7986524822695036,2024,2,202,1628,-1487,1706745600000
2021,9,264,21912,601094.42,438539.49,74583.93,20.013667853231105,3.4037938116100763,2021,9,264,18269,3643,1630454400000
2016,2,16,63,1390.8,1202.28,121.08,19.083809523809524,1.9219047619047618,2016,2,16,1593,-1530,1454284800000
2017,10,47,64,873.8000000000001,752.0,37.58,11.75,0.5871875,2017,10,47,642,-578,1506816000000
2019,11,138,153712,6644817.109999999,4768896.34,860356.59,31.024879905277402,5.597198592172374,2019,11,138,78605,75107,1572566400000
2020,2,95,895,24138.7,20027.63,1031.79,22.377240223463687,1.1528379888268157,2020,2,95,7085,-6190,1580515200000
2016,10,206,9,405.32,311.46,34.3,34.60666666666666,3.811111111111111,2016,10,206,193,-184,1475280000000
2020,4,22,55,1810.1,1623.94,95.82,29.52618181818182,1.742181818181818,2020,4,22,127,-72,1585699200000
2017,10,4,22593,333369.54,270776.66,35184.25,11.984980303633868,1.5573075731421238,2017,10,4,45376,-22783,1506816000000
2021,2,221,10,761.75,625.14,35.42,62.513999999999996,3.5420000000000003,2021,2,221,35,-25,1612137600000
2016,10,197,346,11900.61,9414.8,1635.47,27.210404624277455,4.726791907514451,2016,10,197,2228,-1882,1475280000000
2022,1,47,92,2594.48,2358.17,11.71,25.632282608695654,0.1272826086956522,2022,1,47,319,-227,1640995200000
2022,8,150,35,1344.1599999999999,1198.3,51.760000000000005,34.23714285714286,1.478857142857143,2022,8,150,257,-222,1659312000000
2021,10,189,470,13313.02,10522.38,1696.49,22.388042553191486,3.6095531914893617,2021,10,189,2819,-2349,1633046400000
2022,6,136,115,4345.5199999999995,3858.7200000000003,116.10000000000001,33.55408695652174,1.0095652173913043,2022,6,136,464,-349,1654041600000
2024,10,153,73,2486.84,2261.79,28.15,30.983424657534247,0.3856164383561644,2024,10,153,146,-73,1727740800000
2016,5,216,1136,47857.54,38926.0,4769.33,34.265845070422536,4.198353873239436,2016,5,216,4975,-3839,1462060800000
2024,9,243,1141,35837.19,31023.08,1600.39,27.189377738825595,1.40262050832603,2024,9,243,8287,-7146,1725148800000
2024,10,241,262,10147.28,9316.33,77.95,35.55851145038168,0.29751908396946564,2024,10,241,524,-262,1727740800000
2016,7,105,20,357.53,277.5,46.04,13.875,2.302,2016,7,105,13,7,1467331200000
2016,4,249,261035,3703779.66,2935570.52,440591.43,11.245888559005497,1.6878634282759017,2016,4,249,208238,52797,1459468800000
2019,4,6,50,1974.36,1207.4,133.37,24.148000000000003,2.6674,2019,4,6,178,-128,1554076800000
2018,10,222,330,12675.31,11556.27,255.1,35.019,0.7730303030303031,2018,10,222,625,-295,1538352000000
2020,12,57,36,1215.11,1007.13,93.5,27.975833333333334,2.5972222222222223,2020,12,57,85,-49,1606780800000
2021,11,97,1535,37924.39,30410.9,3777.19,19.811661237785017,2.4607100977198697,2021,11,97,4489,-2954,1635724800000
2022,10,18,92,3587.77,3196.5,68.92,34.744565217391305,0.7491304347826088,2022,10,18,444,-352,1664582400000
2023,11,255,1097,33566.84,26004.56,3742.13,23.705159525979948,3.4112397447584324,2023,11,255,7975,-6878,1698796800000
2024,11,255,3754,107145.66,88604.28,5510.19,23.602631859350026,1.467818327117741,2024,11,255,8792,-5038,1730419200000
2017,5,193,4951,74413.62,66452.22,2918.76,13.421979398101394,0.5895293880024238,2017,5,193,6956,-2005,1493596800000
2021,6,138,58296,2523306.1799999997,1776038.28,316440.51999999996,30.465868670234666,5.428168656511596,2021,6,138,19511,38785,1622505600000
2024,3,196,336,11873.08,10179.67,505.85,30.296636904761904,1.5055059523809524,2024,3,196,1149,-813,1709251200000
2023,10,246,63627,1623614.0,1099036.5899999999,206565.16,17.27311660144278,3.2465016423845223,2023,10,246,73655,-10028,1696118400000
2019,5,176,5,134.45000000000002,34.5,3.0,6.9,0.6,2019,5,176,70,-65,1556668800000
2022,6,256,1658,44257.89,33646.42,6097.57,20.29337756332931,3.6776658624849214,2022,6,256,7797,-6139,1654041600000
2022,8,203,122,5662.099999999999,5201.07,114.53,42.63172131147541,0.9387704918032787,2022,8,203,765,-643,1659312000000
2025,11,203,524,20633.01,18466.51,281.01,35.24143129770992,0.5362786259541985,2025,11,203,1152,-628,1761955200000
2021,6,147,167,5758.7,4816.59,35.44,28.841856287425152,0.21221556886227544,2021,6,147,457,-290,1622505600000
2022,1,49,315,8205.68,6836.66,789.37,21.70368253968254,2.505936507936508,2022,1,49,3302,-2987,1640995200000
2022,8,22,83,3402.58,3027.84,88.64,36.480000000000004,1.0679518072289156,2022,8,22,681,-598,1659312000000
2021,2,50,9753,157455.56,104887.55,17360.85,10.754388393314878,1.7800522916025836,2021,2,50,14785,-5032,1612137600000
2019,1,216,1654,72481.96,62968.12,3284.0,38.07020556227328,1.985489721886336,2019,1,216,3507,-1853,1546300800000
2021,3,214,10,492.67,380.57,53.88,38.057,5.388,2021,3,214,30,-20,1614556800000
2022,1,193,2078,14566.16,11613.19,833.0,5.588638113570742,0.4008662175168431,2022,1,193,2392,-314,1640995200000
2018,7,105,19,417.87,358.0,39.67,18.842105263157894,2.0878947368421055,2018,7,105,5,14,1530403200000
2017,6,60,71,1486.01,1294.74,62.75,18.235774647887325,0.8838028169014085,2017,6,60,594,-523,1496275200000
2022,11,82,425,17398.47,13460.47,1845.92,31.671694117647057,4.343341176470588,2022,11,82,2050,-1625,1667260800000
2020,1,113,95476,1519510.9700000002,978041.01,190128.7,10.243841488960577,1.9913768905274625,2020,1,113,85048,10428,1577836800000
2019,9,150,134,4232.97,3809.76,109.61,28.431044776119403,0.8179850746268656,2019,9,150,556,-422,1567296000000
2016,4,13,114931,2262767.28,1832913.35,275586.1,15.947945723956114,2.3978395733092026,2016,4,13,122815,-7884,1459468800000
2025,6,265,1961,187694.67,164266.12,17037.32,83.76650688424273,8.688077511473738,2025,6,265,19981,-18020,1748736000000
2016,6,91,252,5731.51,4663.83,693.48,18.507261904761904,2.751904761904762,2016,6,91,2228,-1976,1464739200000
2018,10,247,1182,24339.69,20966.41,1336.58,17.738079526226734,1.1307783417935702,2018,10,247,3256,-2074,1538352000000
2023,5,151,29334,664175.8,461557.28,85158.39,15.734549669325698,2.903060953160155,2023,5,151,32125,-2791,1682899200000
2024,11,33,2917,87270.22,73646.51,5090.79,25.24734658896126,1.7452142612272883,2024,11,33,9120,-6203,1730419200000
2017,1,203,29,1549.76,1372.71,134.32,47.3348275862069,4.631724137931034,2017,1,203,811,-782,1483228800000
2021,6,230,58022,1052476.19,698832.13,124650.74,12.044261314673745,2.1483358036606806,2021,6,230,51661,6361,1622505600000
2017,3,93,1104,64354.87,51139.08,7118.11,46.32163043478261,6.447563405797101,2017,3,93,980,124,1488326400000
2016,11,10,1952,123505.52,99779.05,12311.960000000001,51.116316598360655,6.30735655737705,2016,11,10,3360,-1408,1477958400000
2019,11,151,61281,919909.0299999999,649943.86,104479.67,10.605960411873173,1.704927628465593,2019,11,151,60518,763,1572566400000
2021,5,207,199,2474.59,2004.78,113.36,10.07427135678392,0.5696482412060302,2021,5,207,225,-26,1619827200000
2024,2,216,650,36315.17,30598.63,3434.2400000000002,47.074815384615384,5.283446153846154,2024,2,216,2650,-2000,1706745600000
2024,6,70,13782,883246.44,581913.48,114012.11,42.222716586852414,8.272537367580902,2024,6,70,2044,11738,1717200000000
2018,7,154,25,1637.3999999999999,1392.75,87.99000000000001,55.71,3.5196000000000005,2018,7,154,81,-56,1530403200000
2016,10,54,706,12791.4,10291.6,1510.72,14.577337110481587,2.139830028328612,2016,10,54,3207,-2501,1475280000000
2022,5,191,138,5515.03,5049.56,84.67,36.59101449275363,0.6135507246376811,2022,5,191,798,-660,1651363200000
2024,10,158,39716,1002978.45,689264.3300000001,120806.34999999999,17.354827525430558,3.041755212005237,2024,10,158,41225,-1509,1727740800000
2024,5,3,185,7043.91,6423.81,109.82,34.7232972972973,0.5936216216216216,2024,5,3,350,-165,1714521600000
2025,1,33,2669,73167.18,58225.82,4375.67,21.815593855376544,1.6394417384788311,2025,1,33,8002,-5333,1735689600000
2024,9,108,208,7963.95,7428.55,136.79,35.714182692307695,0.6576442307692307,2024,9,108,414,-206,1725148800000
2020,8,54,47,1908.37,1712.74,98.19,36.44127659574468,2.0891489361702127,2020,8,54,220,-173,1596240000000
2017,7,170,290892,4141805.61,3266692.25,478292.78,11.229914366844053,1.6442280296467418,2017,7,170,287353,3539,1498867200000
2021,3,262,32401,505933.60000000003,326898.49,63537.14,10.08914817443906,1.960962315977902,2021,3,262,34041,-1640,1614556800000
2022,11,151,29053,502902.68,351658.69,66869.07,12.104040546587271,2.30162358448353,2022,11,151,31615,-2562,1667260800000
2022,3,90,63424,1073351.45,689911.04,143439.00999999998,10.877759838546924,2.2615888307265384,2022,3,90,50726,12698,1646092800000
2022,10,105,2,95.58,66.5,15.93,33.25,7.965,2022,10,105,2,0,1664582400000
2022,12,163,93176,2024866.9900000002,1364688.39,257455.38999999998,14.6463508843479,2.7631084184768606,2022,12,163,80452,12724,1669852800000
2019,9,140,113782,1960459.45,1318176.41,220264.38999999998,11.585104937512083,1.9358456522121248,2019,9,140,115762,-1980,1567296000000
2025,7,71,2768,75332.19,68569.16,170.10999999999999,24.772095375722543,0.061455924855491326,2025,7,71,2953,-185,1751328000000
2016,4,56,426,12902.54,10618.3,1064.3,24.925586854460093,2.498356807511737,2016,4,56,3226,-2800,1459468800000
2021,2,18,297,10633.5,8973.8,158.94,30.21481481481481,0.5351515151515152,2021,2,18,718,-421,1612137600000
2016,8,253,47,1568.94,1220.5,183.62,25.96808510638298,3.906808510638298,2016,8,253,116,-69,1470009600000
2017,4,27,1,84.55,67.0,14.09,67.0,14.09,2017,4,27,92,-91,1491004800000
2019,11,51,524,22797.2,19837.95,47.41,37.858683206106875,0.09047709923664121,2019,11,51,1121,-597,1572566400000
2019,8,143,64636,1025954.5,671437.45,118471.36,10.387979608886688,1.832900550776657,2019,8,143,74477,-9841,1564617600000
2020,11,72,597,18701.98,16109.74,1555.59,26.984489112227806,2.605678391959799,2020,11,72,1108,-511,1604188800000
2024,3,200,138,5715.2699999999995,5074.14,54.49,36.76913043478261,0.3948550724637681,2024,3,200,1078,-940,1709251200000
2016,8,15,26,1215.1200000000001,1060.8,93.24,40.8,3.586153846153846,2016,8,15,962,-936,1470009600000
2017,2,70,1109,37541.08,30654.47,3973.01,27.641541929666367,3.582515779981966,2017,2,70,3653,-2544,1485907200000
2019,4,62,653,16455.07,14874.1,268.58,22.7781010719755,0.4113016845329249,2019,4,62,3138,-2485,1554076800000
2020,9,16,136,4610.88,4051.66,303.26,29.79161764705882,2.2298529411764707,2020,9,16,309,-173,1598918400000
2023,5,31,26,1038.63,823.55,100.23,31.674999999999997,3.855,2023,5,31,230,-204,1682899200000
2021,12,43,59587,1022974.36,676913.14,131785.15,11.360080890127042,2.211642640173192,2021,12,43,46701,12886,1638316800000
2024,12,59,6,191.25,177.31,0.0,29.551666666666666,0.0,2024,12,59,23,-17,1733011200000
2016,5,65,18729,347263.25,288885.53,36706.84,15.42450371082279,1.9598932137327139,2016,5,65,24423,-5694,1462060800000
2025,8,56,1407,43910.02,36615.58,1810.73,26.023866382373846,1.2869438521677328,2025,8,56,3098,-1691,1754006400000
2019,1,19,215,5942.81,5379.99,51.29,25.02320930232558,0.23855813953488372,2019,1,19,619,-404,1546300800000
2018,2,144,88981,1289670.12,1030419.56,150557.71,11.580220046976322,1.6920208808622064,2018,2,144,78069,10912,1517443200000
2019,1,163,199911,2850361.19,2236544.81,341119.69999999995,11.187702577647054,1.706357829234009,2019,1,163,175893,24018,1546300800000
2021,3,87,7641,170284.19,121030.9,19970.35,15.839667582777123,2.613578065698207,2021,3,87,9081,-1440,1614556800000
2019,1,184,26,908.02,761.74,49.72,29.29769230769231,1.9123076923076923,2019,1,184,97,-71,1546300800000
2016,11,228,998,19318.43,15957.59,1815.31,15.989569138276554,1.818947895791583,2016,11,228,6816,-5818,1477958400000
2023,2,252,42,1718.04,1315.24,177.5,31.315238095238094,4.226190476190476,2023,2,252,572,-530,1675209600000
2021,9,219,322,18855.12,16036.06,1041.21,49.80142857142857,3.2335714285714285,2021,9,219,959,-637,1630454400000
2023,11,47,149,4469.25,4122.0,11.79,27.664429530201343,0.07912751677852349,2023,11,47,319,-170,1698796800000
2025,5,194,217,11535.69,8256.67,1240.72,38.04917050691244,5.717603686635945,2025,5,194,787,-570,1746057600000
2018,1,204,1,0.3,0.0,0.0,0.0,0.0,2018,1,204,35,-34,1514764800000
2016,10,1,847,73459.59,60784.07,9400.28,71.76395513577332,11.098323494687131,2016,10,1,21841,-20994,1475280000000
2022,1,185,70,2268.99,1946.28,64.26,27.804,0.918,2022,1,185,364,-294,1640995200000
2019,1,8,66,2671.57,2056.2,320.76,31.154545454545453,4.859999999999999,2019,1,8,112,-46,1546300800000
2019,12,138,163817,7040496.640000001,5081987.93,902511.05,31.022347680643644,5.509263690581564,2019,12,138,80152,83665,1575158400000
2021,1,11,128,4611.04,3881.63,221.9,30.325234375,1.73359375,2021,1,11,233,-105,1609459200000
2024,5,229,65165,1444682.4,957940.69,177346.75,14.700233100590808,2.7215031074963556,2024,5,229,76252,-11087,1714521600000
2016,4,98,66,1612.6,1326.5,159.4,20.098484848484848,2.415151515151515,2016,4,98,1095,-1029,1459468800000
2017,7,40,4723,84266.42,67274.74,10089.37,14.244069447385138,2.1362206224857085,2017,7,40,9786,-5063,1498867200000
2019,4,162,272082,4817206.820000001,3151358.96,596209.53,11.582386780455892,2.1912861931329526,2019,4,162,223425,48657,1554076800000
2022,8,184,12,340.7,321.3,0.0,26.775000000000002,0.0,2022,8,184,45,-33,1659312000000
2018,8,152,7317,105321.90000000001,87343.51,8414.52,11.937065737324039,1.1499958999589996,2018,8,152,12495,-5178,1533081600000
2022,3,112,747,18156.41,13706.02,2419.79,18.348085676037485,3.239344042838019,2022,3,112,7520,-6773,1646092800000
2018,7,88,34437,750180.91,617973.95,81703.42,17.945057641490255,2.372547550599646,2018,7,88,35840,-1403,1530403200000
2019,2,233,88748,1557611.6300000001,1033586.81,185036.13,11.646311015459505,2.084961125884527,2019,2,233,103388,-14640,1548979200000
2019,10,185,173,4820.32,4127.07,66.78999999999999,23.855895953757223,0.38606936416184967,2019,10,185,810,-637,1569888000000
2021,9,231,43856,899170.6900000001,619361.22,115088.63,14.122610817219993,2.6242391006931776,2021,9,231,45534,-1678,1630454400000
2023,4,191,213,9168.9,8211.74,139.10999999999999,38.552769953051644,0.6530985915492957,2023,4,191,715,-502,1680307200000
2024,4,62,675,20704.76,19033.16,291.69,28.197274074074073,0.4321333333333333,2024,4,62,1571,-896,1711929600000
2022,6,116,3388,69094.52,53892.71,7353.41,15.90693919716647,2.1704279811097993,2022,6,116,9417,-6029,1654041600000
2024,7,178,85,2751.92,2481.68,61.06,29.196235294117646,0.7183529411764706,2024,7,178,259,-174,1719792000000
2016,12,227,318,5123.09,4265.3,441.73,13.412893081761007,1.3890880503144654,2016,12,227,2776,-2458,1480550400000
2023,4,4,4121,102138.39,70538.09,12278.7,17.116741082261587,2.979543800048532,2023,4,4,12666,-8545,1680307200000
2021,6,139,217,9378.0,8416.19,44.61,38.784285714285716,0.20557603686635945,2021,6,139,637,-420,1622505600000
2021,10,74,11415,195636.06,151175.63,15652.88,13.243594393342095,1.3712553657468243,2021,10,74,27625,-16210,1633046400000
2018,3,154,24,1313.55,1104.5,51.87,46.020833333333336,2.16125,2018,3,154,75,-51,1519862400000
2022,8,259,71,2934.7999999999997,2650.84,35.21,37.33577464788733,0.4959154929577465,2022,8,259,462,-391,1659312000000
2025,2,249,86264,1836891.71,1168623.02,198444.73,13.54705346378559,2.300435059816378,2025,2,249,68760,17504,1738368000000
2024,9,63,467,15113.59,13747.19,266.77,29.437237687366167,0.5712419700214132,2024,9,63,955,-488,1725148800000
2023,2,230,97474,2546870.94,1696419.88,318548.98000000004,17.403819274883556,3.2680405031085216,2023,2,230,84405,13069,1675209600000
2024,1,70,12286,762317.15,491765.38,100850.78,40.026483802702266,8.208593521080905,2024,1,70,1505,10781,1704067200000
2020,7,109,3,110.1,95.46,0.0,31.819999999999997,0.0,2020,7,109,10,-7,1593561600000
2021,12,48,104919,1943619.4000000001,1294304.81,237953.8,12.336228995701447,2.2679762483439605,2021,12,48,90967,13952,1638316800000
2021,11,152,2666,46427.15,36685.19,4097.71,13.760386346586648,1.537025506376594,2021,11,152,5073,-2407,1635724800000
2023,8,150,49,2228.1,1942.83,104.4,39.64959183673469,2.1306122448979594,2023,8,150,278,-229,1690848000000
2023,10,17,547,18379.09,15882.27,1092.29,29.035228519195613,1.996873857404022,2023,10,17,3646,-3099,1696118400000
2016,7,81,223,3807.45,3042.01,431.26,13.641300448430494,1.9339013452914797,2016,7,81,744,-521,1467331200000
2024,10,244,3283,94691.73,80002.45,4720.25,24.368702406335668,1.4377855619859885,2024,10,244,12533,-9250,1727740800000
2024,10,262,54251,1193132.33,802149.77,137402.93,14.785898324454848,2.5327262170282574,2024,10,262,58674,-4423,1727740800000
2020,11,195,177,5919.5,5022.81,434.69,28.377457627118645,2.455875706214689,2020,11,195,504,-327,1604188800000
2018,1,176,2,159.16000000000003,113.5,24.06,56.75,12.03,2018,1,176,52,-50,1514764800000
2023,8,86,176,8615.01,7932.43,30.38,45.070625,0.17261363636363636,2023,8,86,654,-478,1690848000000
2017,7,136,107,1663.64,1451.5,56.87,13.565420560747663,0.5314953271028037,2017,7,136,1083,-976,1498867200000
2016,9,114,145503,2171332.27,1746280.69,240988.62,12.00168168353917,1.656245025875755,2016,9,114,116482,29021,1472688000000
2017,1,51,61,1408.83,1215.5,103.74000000000001,19.92622950819672,1.7006557377049183,2017,1,51,703,-642,1483228800000
2016,12,197,285,9815.44,8014.71,1142.1,28.12178947368421,4.0073684210526315,2016,12,197,2219,-1934,1480550400000
2020,4,203,76,3682.49,3264.97,108.56,42.96013157894737,1.428421052631579,2020,4,203,71,5,1585699200000
2016,4,218,62,1739.69,1508.1,154.67000000000002,24.324193548387097,2.494677419354839,2016,4,218,1126,-1064,1459468800000
2024,1,163,85691,1980363.1,1286454.97,258697.95,15.012719772204782,3.018962901588265,2024,1,163,72869,12822,1704067200000
2018,6,175,86,3164.7,2888.6,110.64,33.58837209302325,1.2865116279069768,2018,6,175,658,-572,1527811200000
2016,8,43,125429,1710602.71,1403562.4,157448.23,11.19009479466471,1.25527772684148,2016,8,43,105854,19575,1470009600000
2019,7,50,56024,964471.6300000001,654093.73,100765.96,11.675241503641296,1.7986213051549338,2019,7,50,75791,-19767,1561939200000
2017,5,165,144,2522.29,2122.3,181.52,14.738194444444446,1.2605555555555557,2017,5,165,1858,-1714,1493596800000
2016,8,64,33,1258.85,1081.01,114.64,32.75787878787879,3.473939393939394,2016,8,64,899,-866,1470009600000
2019,9,201,40,1853.32,1639.91,25.14,40.99775,0.6285000000000001,2019,9,201,375,-335,1567296000000
2016,1,256,17535,274017.2,221293.32,30670.18,12.620092386655262,1.7490835471913317,2016,1,256,37493,-19958,1451606400000
2020,2,239,166126,2550352.4199999995,1624122.15,316559.45,9.776447696326883,1.905538266135343,2020,2,239,164127,1999,1580515200000
2022,4,142,118595,1998523.76,1288642.37,266577.91,10.86590809056031,2.247800581812049,2022,4,142,98469,20126,1648771200000
2016,5,8,168,4607.22,3665.51,509.05,21.818511904761905,3.030059523809524,2016,5,8,279,-111,1462060800000
2021,2,131,200,7402.48,6352.12,127.26,31.7606,0.6363,2021,2,131,464,-264,1612137600000
2020,4,45,152,3139.5,2479.66,190.97,16.313552631578947,1.2563815789473685,2020,4,45,444,-292,1585699200000
2020,8,71,538,19038.37,17164.01,880.61,31.903364312267655,1.63682156133829,2020,8,71,752,-214,1596240000000
2019,10,125,38454,709973.17,475924.4,88505.77,12.376460186196494,2.301601133822229,2019,10,125,34997,3457,1569888000000
2020,5,181,416,9404.16,7983.42,611.88,19.19091346153846,1.4708653846153845,2020,5,181,797,-381,1588291200000
2023,12,12,1428,47709.84,36250.79,5095.86,25.385707282913167,3.5685294117647057,2023,12,12,2217,-789,1701388800000
2025,5,179,3976,97283.45,78289.06,1470.35,19.690407444668008,0.369806338028169,2025,5,179,5294,-1318,1746057600000
2019,5,32,261,11319.17,10000.07,58.230000000000004,38.31444444444444,0.2231034482758621,2019,5,32,775,-514,1556668800000
2017,8,52,4251,77855.02,63139.65,10180.13,14.852893436838391,2.394761232651141,2017,8,52,6478,-2227,1501545600000
2018,2,49,2358,34991.61,28659.37,3429.07,12.154100932994062,1.454228159457167,2018,2,49,14003,-11645,1517443200000
2025,7,93,2085,102244.98,83970.38,7229.71,40.27356354916068,3.467486810551559,2025,7,93,5261,-3176,1751328000000
2022,7,97,1304,29309.670000000002,23137.8,3451.27,17.743711656441718,2.646679447852761,2022,7,97,4293,-2989,1656633600000
2016,2,263,198853,2617665.66,2079038.0,296678.17,10.455150286895345,1.4919471670027606,2016,2,263,202857,-4004,1454284800000
2022,8,99,4,390.24,268.8,0.0,67.2,0.0,2022,8,99,5,-1,1659312000000
2022,4,259,61,2835.7799999999997,2470.3900000000003,124.69,40.49819672131148,2.0440983606557377,2022,4,259,406,-345,1648771200000
2018,4,117,35,2175.2,1950.0,58.1,55.714285714285715,1.6600000000000001,2018,4,117,414,-379,1522540800000
2020,7,101,104,8991.22,7733.32,875.78,74.35884615384614,8.420961538461539,2020,7,101,171,-67,1593561600000
2021,7,257,131,5631.92,4498.12,353.65,34.33679389312977,2.699618320610687,2021,7,257,1217,-1086,1625097600000
2023,10,179,547,14431.35,11970.1,862.9,21.883180987202927,1.5775137111517368,2023,10,179,3003,-2456,1696118400000
2025,7,182,1086,33172.09,29582.23,65.71,27.23962246777164,0.060506445672191524,2025,7,182,1355,-269,1751328000000
2019,5,178,164,4240.06,3749.98,42.56,22.865731707317074,0.25951219512195123,2019,5,178,684,-520,1556668800000
2022,2,145,2614,41921.950000000004,32242.89,3864.66,12.334693955623566,1.4784468247895943,2022,2,145,9007,-6393,1643673600000
2019,10,72,661,20561.41,18300.09,89.31,27.685461422087744,0.13511346444780636,2019,10,72,1652,-991,1569888000000
2020,1,48,194184,3222203.64,2124442.95,362888.13999999996,10.94036043134347,1.8687849668355785,2020,1,48,171028,23156,1577836800000
2019,11,259,190,7279.93,6320.87,142.04999999999998,33.267736842105265,0.7476315789473683,2019,11,259,755,-565,1572566400000
2023,7,201,44,2451.16,2156.75,42.46,49.01704545454545,0.965,2023,7,201,367,-323,1688169600000
2017,8,241,71,1344.16,1148.98,98.2,16.18281690140845,1.3830985915492957,2017,8,241,1489,-1418,1501545600000
2019,12,253,22,935.03,790.26,88.82,35.92090909090909,4.037272727272727,2019,12,253,144,-122,1575158400000
2022,1,92,92,3531.48,3135.41,96.56,34.08054347826087,1.0495652173913044,2022,1,92,1288,-1196,1640995200000
2020,7,146,1024,20135.19,16527.77,1255.85,16.140400390625,1.226416015625,2020,7,146,1083,-59,1593561600000
2019,1,39,1123,40282.8,37459.71,148.15,33.356821015138024,0.13192341941228852,2019,1,39,2371,-1248,1546300800000
2018,7,250,136,3578.58,3169.56,92.1,23.305588235294117,0.6772058823529411,2018,7,250,848,-712,1530403200000
2018,3,118,13,581.97,495.5,32.769999999999996,38.11538461538461,2.5207692307692304,2018,3,118,154,-141,1519862400000
2018,7,181,6696,111891.01,91020.84,11979.529999999999,13.59331541218638,1.7890576463560333,2018,7,181,24049,-17353,1530403200000
2024,11,166,17231,402953.77999999997,301519.67,41403.12,17.498675062387555,2.402827462132204,2024,11,166,25757,-8526,1730419200000
2024,5,116,4040,103550.51,87003.2,4957.63,21.535445544554456,1.2271361386138615,2024,5,116,9289,-5249,1714521600000
2019,10,260,3205,78138.88,63914.46,5568.54,19.942109204368176,1.7374539781591263,2019,10,260,7288,-4083,1569888000000
2022,11,60,31,783.76,713.1,16.21,23.003225806451614,0.5229032258064517,2022,11,60,186,-155,1667260800000
2021,10,52,892,21790.05,16799.36,2730.97,18.833363228699554,3.061625560538116,2021,10,52,2340,-1448,1633046400000
2025,5,190,468,10913.52,8864.47,320.90999999999997,18.941175213675212,0.6857051282051282,2025,5,190,834,-366,1746057600000
2018,9,185,138,3885.28,3419.67,151.02,24.780217391304348,1.0943478260869566,2018,9,185,976,-838,1535760000000
2019,8,250,283,7540.49,6391.46,167.55,22.584664310954064,0.5920494699646643,2019,8,250,866,-583,1564617600000
2016,3,174,125,2234.2200000000003,1938.7,135.24,15.5096,1.08192,2016,3,174,1626,-1501,1456790400000
2021,8,133,125,5223.28,4283.68,347.03000000000003,34.26944,2.77624,2021,8,133,955,-830,1627776000000
2020,2,175,62,2614.82,2292.5,39.89,36.975806451612904,0.6433870967741936,2020,2,175,475,-413,1580515200000
2019,1,17,1647,32868.97,29029.28,1059.42,17.625549483910138,0.6432422586520947,2019,1,17,8729,-7082,1546300800000
2019,9,129,3403,65782.73,55512.79,3406.32,16.312897443432266,1.0009756097560976,2019,9,129,14055,-10652,1567296000000
2021,11,184,10,485.74,400.88,18.95,40.088,1.895,2021,11,184,38,-28,1635724800000
2020,6,11,44,1737.24,1563.85,94.1,35.54204545454545,2.1386363636363637,2020,6,11,104,-60,1590969600000
2023,6,220,139,5395.76,4615.68,221.53,33.2063309352518,1.5937410071942446,2023,6,220,1323,-1184,1685577600000
2025,4,23,31,1474.3799999999999,946.77,169.98000000000002,30.540967741935482,5.483225806451613,2025,4,23,82,-51,1743465600000
2025,10,169,995,26955.78,24559.33,12.07,24.682743718592967,0.012130653266331658,2025,10,169,1533,-538,1759276800000
2025,10,200,519,17812.15,15075.95,310.39,29.048073217726397,0.5980539499036609,2025,10,200,1973,-1454,1759276800000
2022,5,65,3310,85081.61,65945.37,10771.78,19.92307250755287,3.2543141993957705,2022,5,65,5667,-2357,1651363200000
2017,5,176,1,112.85,90.0,22.55,90.0,22.55,2017,5,176,76,-75,1493596800000
2023,3,97,1383,38030.03,29905.9,3942.18,21.623933477946494,2.850455531453362,2023,3,97,4579,-3196,1677628800000
2016,5,251,6,207.68,171.5,21.3,28.583333333333332,3.5500000000000003,2016,5,251,186,-180,1462060800000
2020,12,72,661,20513.26,17807.68,1654.28,26.94051437216339,2.5026928895612706,2020,12,72,1116,-455,1606780800000
2016,6,203,51,1963.45,1671.8,174.03,32.780392156862746,3.412352941176471,2016,6,203,1010,-959,1464739200000
2022,12,171,41,1282.45,1087.44,52.96,26.522926829268293,1.2917073170731708,2022,12,171,539,-498,1669852800000
2019,1,167,471,12699.17,11371.57,76.71,24.143460721868365,0.16286624203821654,2019,1,167,1429,-958,1546300800000
2021,1,113,18336,280346.6,179735.81,35685.23,9.802345658813264,1.946184009598604,2021,1,113,16163,2173,1609459200000
2016,7,109,1,82.55,68.49,13.76,68.49,13.76,2016,7,109,88,-87,1467331200000
2025,11,47,827,24925.32,22749.35,22.41,27.508282950423215,0.02709794437726723,2025,11,47,1160,-333,1761955200000
2025,11,90,60556,1291649.01,802534.76,150086.63,13.252770328291168,2.478476616685382,2025,11,90,57007,3549,1761955200000
2016,3,11,63,1557.31,1257.97,186.27,19.96777777777778,2.956666666666667,2016,3,11,951,-888,1456790400000
2022,2,195,116,4066.4,3231.81,316.09,27.860431034482758,2.724913793103448,2022,2,195,701,-585,1643673600000
2022,1,237,121629,1752753.7300000002,1084039.76,230730.96,8.912675102154914,1.8970061416274078,2022,1,237,106354,15275,1640995200000
2018,8,240,43,1725.67,1466.41,109.35,34.102558139534885,2.5430232558139534,2018,8,240,232,-189,1533081600000
2020,9,146,1368,24151.06,19349.49,1697.44,14.14436403508772,1.2408187134502924,2020,9,146,1588,-220,1598918400000
2016,6,1,775,64323.82,53075.78,8374.32,68.48487741935483,10.805574193548386,2016,6,1,20460,-19685,1464739200000
2016,12,105,8,164.82,138.5,18.92,17.3125,2.365,2016,12,105,6,2,1480550400000
2022,4,125,19152,370961.77,248416.11,49877.85,12.970765977443609,2.604315476190476,2022,4,125,16680,2472,1648771200000
2022,8,80,902,29254.53,22340.3,3955.48,24.76751662971175,4.385232815964524,2022,8,80,4358,-3456,1659312000000
2023,10,21,59,2338.37,2169.76,28.37,36.77559322033898,0.48084745762711867,2023,10,21,344,-285,1696118400000
2016,8,26,216,3652.78,3089.7,241.96,14.304166666666665,1.1201851851851852,2016,8,26,2278,-2062,1470009600000
2017,9,24,25386,356233.45,287491.91,37442.82000000001,11.324821161269991,1.4749397305601515,2017,9,24,27792,-2406,1504224000000
2020,11,128,41,1477.95,1248.8700000000001,101.28999999999999,30.46024390243903,2.4704878048780485,2020,11,128,128,-87,1604188800000
2020,11,154,14,990.57,826.06,60.010000000000005,59.00428571428571,4.286428571428572,2020,11,154,40,-26,1604188800000
2017,1,262,119596,1553326.54,1238611.48,173703.07,10.356629653165658,1.452415381785344,2017,1,262,127501,-7905,1483228800000
2023,11,253,4,396.65999999999997,320.5,49.28,80.125,12.32,2023,11,253,43,-39,1698796800000
2023,3,52,640,19896.48,14867.05,2828.93,23.229765625,4.420203125,2023,3,52,2298,-1658,1677628800000
2024,2,74,6832,139755.26,109769.28,8872.73,16.066932084309133,1.2987016978922716,2024,2,74,19314,-12482,1706745600000
2018,3,170,309322,4372609.13,3417403.05,528180.03,11.048043947730843,1.7075411060319021,2018,3,170,306218,3104,1519862400000
2019,4,155,464,19098.94,17506.85,248.13,37.73028017241379,0.5347629310344828,2019,4,155,1446,-982,1554076800000
2016,9,79,319656,4769346.23,3812807.67,547763.78,11.927846403633906,1.713603936731987,2016,9,79,259732,59924,1472688000000
2018,5,24,29304,423441.82,340891.34,45918.17,11.63292861042861,1.566959118209118,2018,5,24,32091,-2787,1525132800000
2022,12,75,22260,418370.75,301290.71,45293.82,13.535072327044027,2.0347628032345013,2022,12,75,42514,-20254,1669852800000
2017,12,149,77,1837.23,1337.1,310.42,17.364935064935064,4.031428571428572,2017,12,149,907,-830,1512086400000
2018,4,10,2771,170861.73,136104.65,18287.61,49.11752075063154,6.599642728256947,2018,4,10,3523,-752,1522540800000
2016,12,220,236,3877.16,3217.81,331.86,13.63478813559322,1.406186440677966,2016,12,220,4087,-3851,1480550400000
2017,4,70,1569,59931.7,48647.07,6587.89,31.005143403441682,4.198782664117273,2017,4,70,4145,-2576,1491004800000
2018,3,191,160,5235.89,4729.51,225.94,29.5594375,1.412125,2018,3,191,992,-832,1519862400000
2018,5,114,118227,1716842.1,1366221.84,201772.86,11.555920728767541,1.7066563475348269,2018,5,114,95564,22663,1525132800000
2018,4,221,11,764.8,560.0,79.88,50.90909090909091,7.261818181818182,2018,4,221,149,-138,1522540800000
2018,11,214,9,292.49,225.5,18.970000000000002,25.055555555555557,2.107777777777778,2018,11,214,146,-137,1541030400000
2021,8,218,278,12416.04,10952.13,102.67999999999999,39.396151079136686,0.3693525179856115,2021,8,218,1050,-772,1627776000000
2025,6,206,14,875.59,733.66,51.97,52.40428571428571,3.712142857142857,2025,6,206,90,-76,1748736000000
2019,2,27,2,38.6,32.5,0.0,16.25,0.0,2019,2,27,77,-75,1548979200000
2019,9,181,4707,85656.97,68518.05,8074.37,14.556628425748885,1.7153962183981304,2019,9,181,19715,-15008,1567296000000
2021,2,143,20442,315362.92,205538.02,37925.96,10.054692300166323,1.8552959592994813,2021,2,143,24238,-3796,1612137600000
2024,2,170,85716,1975991.95,1292736.78,253848.71,15.081627467450652,2.96150905315227,2024,2,170,89720,-4004,1706745600000
2022,12,50,23993,505256.55,345730.29,60102.51,14.409631559204767,2.5050018755470345,2022,12,50,36291,-12298,1669852800000
2024,10,152,3130,70048.46,56476.82,4246.64,18.043712460063897,1.3567539936102238,2024,10,152,5403,-2273,1727740800000
2025,2,141,78905,1538049.79,967940.85,176672.28,12.26716747988087,2.2390505037703567,2025,2,141,90610,-11705,1738368000000
2023,1,190,34,991.72,727.48,179.19,21.396470588235296,5.270294117647059,2023,1,190,370,-336,1672531200000
2023,1,166,13516,308967.97,219254.26,40309.75,16.22183042320213,2.9823727434152114,2023,1,166,21690,-8174,1672531200000
2016,4,38,33,1991.21,1689.0,246.07,51.18181818181818,7.456666666666666,2016,4,38,660,-627,1459468800000
2018,1,136,116,2641.39,2345.3,101.88,20.218103448275862,0.8782758620689655,2018,1,136,1075,-959,1514764800000
2019,8,179,3120,51399.19,42400.22,3107.44,13.589814102564103,0.995974358974359,2019,8,179,7619,-4499,1564617600000
2017,9,108,33,2299.7400000000002,2088.0,123.10000000000001,63.27272727272727,3.7303030303030305,2017,9,108,453,-420,1504224000000
2017,10,71,88,1688.48,1492.0,86.5,16.954545454545453,0.9829545454545454,2017,10,71,1252,-1164,1506816000000
2018,6,9,61,1380.95,1181.5,78.93,19.368852459016395,1.2939344262295083,2018,6,9,724,-663,1527811200000
2019,12,216,1289,69825.43,57784.04,5949.09,44.82858029480217,4.615275407292475,2019,12,216,4956,-3667,1575158400000
2020,9,41,10641,154418.7,121453.55,12880.78,11.413734611408703,1.2104858565924257,2020,9,41,15984,-5343,1598918400000
2020,6,180,57,2607.87,2378.32,85.08,41.72491228070176,1.4926315789473683,2020,6,180,63,-6,1590969600000
2020,7,114,4573,78881.81,52937.43,9279.97,11.576083533785262,2.029295867045703,2020,7,114,4359,214,1593561600000
2021,4,139,354,14187.06,12659.76,86.94,35.762033898305084,0.24559322033898304,2021,4,139,620,-266,1617235200000
2022,7,117,124,7230.93,6412.150000000001,86.53,51.7108870967742,0.6978225806451613,2022,7,117,401,-277,1656633600000
2019,11,226,9304,231786.22,185854.49,20117.09,19.97576203783319,2.1621979793637145,2019,11,226,15168,-5864,1572566400000
2023,3,207,296,2973.14,2189.1,209.19,7.3956081081081075,0.7067229729729729,2023,3,207,318,-22,1677628800000
2024,7,217,192,5632.7699999999995,4954.55,208.91,25.804947916666666,1.0880729166666667,2024,7,217,1045,-853,1719792000000
2024,11,235,501,16259.95,14865.38,66.69,29.67141716566866,0.13311377245508982,2024,11,235,616,-115,1730419200000
2016,10,204,3,172.89999999999998,121.5,26.5,40.5,8.833333333333334,2016,10,204,65,-62,1475280000000
2025,1,214,34,1100.6299999999999,699.38,8.0,20.57,0.23529411764705882,2025,1,214,69,-35,1735689600000
2018,7,84,4,77.26,60.5,1.06,15.125,0.265,2018,7,84,62,-58,1530403200000
2017,3,49,4590,65666.55,53280.24,6562.12,11.6078954248366,1.4296557734204793,2017,3,49,20795,-16205,1488326400000
2018,1,95,1256,25072.49,20688.48,2076.67,16.47171974522293,1.6533996815286625,2018,1,95,9965,-8709,1514764800000
2025,2,257,405,9720.95,7469.39,162.72,18.442938271604937,0.4017777777777778,2025,2,257,1582,-1177,1738368000000
2018,8,229,149423,1940370.96,1533178.61,222312.52,10.260660072411879,1.4878065625773809,2018,8,229,141938,7485,1533081600000
2025,5,46,77,2676.03,2386.95,20.35,30.999350649350646,0.2642857142857143,2025,5,46,203,-126,1746057600000
2025,8,148,50913,1155677.67,779400.96,98435.32,15.308486241235046,1.9334024708817004,2025,8,148,45467,5446,1754006400000
2019,12,141,167268,2554406.77,1643601.8,299170.97000000003,9.82615802185714,1.7885726498792358,2019,12,141,172039,-4771,1575158400000
2025,10,192,243,6985.24,6014.29,171.38,24.7501646090535,0.7052674897119341,2025,10,192,655,-412,1759276800000
2022,2,121,56,1784.94,1619.42,74.27000000000001,28.91821428571429,1.3262500000000002,2022,2,121,481,-425,1643673600000
2016,8,214,5,75.58,53.5,5.0,10.7,1.0,2016,8,214,173,-168,1470009600000
2021,5,221,5,306.6,261.15,9.0,52.23,1.8,2021,5,221,63,-58,1619827200000
2017,10,3,21,471.87,419.0,23.36,19.952380952380953,1.1123809523809522,2017,10,3,455,-434,1506816000000
2018,9,49,2382,41110.23,34516.41,3455.11,14.490516372795971,1.4505079764903444,2018,9,49,13824,-11442,1535760000000
2021,11,54,56,1528.69,1153.87,223.37,20.604821428571427,3.98875,2021,11,54,654,-598,1635724800000
2024,10,93,895,58740.44,46688.94,6950.59,52.16641340782123,7.7660223463687155,2024,10,93,1590,-695,1727740800000
2020,3,53,88,2933.85,2715.54,5.52,30.858409090909092,0.06272727272727273,2020,3,53,371,-283,1583020800000
2020,9,76,1677,53353.659999999996,45721.56,4243.82,27.26389982110912,2.530602265951103,2020,9,76,2230,-553,1598918400000
2019,8,17,1111,22484.08,19405.51,805.87,17.466705670567055,0.7253555355535554,2019,8,17,7627,-6516,1564617600000
2019,6,260,3846,82112.26,66235.66,6213.28,17.22196047841914,1.615517420696828,2019,6,260,7700,-3854,1559347200000
2023,3,252,31,1292.01,1126.74,50.32,36.34645161290322,1.623225806451613,2023,3,252,618,-587,1677628800000
2019,8,255,4147,77355.15000000001,59642.02,8671.54,14.381967687484929,2.0910393055220644,2019,8,255,16145,-11998,1564617600000
2019,11,148,88619,1646757.9200000002,1119751.1,195651.99,12.635564608041166,2.2077882846793577,2019,11,148,70532,18087,1572566400000
2017,7,260,5498,90804.38,76896.48,6236.33,13.98626409603492,1.1342906511458712,2017,7,260,11239,-5741,1498867200000
2017,8,24,21703,306310.52999999997,246796.67,31624.670000000002,11.371546330000461,1.457156614292955,2017,8,24,23948,-2245,1501545600000
2021,1,85,329,10591.36,8925.64,617.97,27.129604863221882,1.8783282674772037,2021,1,85,565,-236,1609459200000
2022,6,245,3,248.32,181.53,26.39,60.51,8.796666666666667,2022,6,245,33,-30,1654041600000
2024,9,82,1151,41449.31,35299.58,2043.97,30.668618592528237,1.7758210251954822,2024,9,82,2419,-1268,1725148800000
2022,12,106,173,6189.22,4899.06,741.66,28.31826589595376,4.287052023121387,2022,12,106,1378,-1205,1669852800000
2018,8,188,1123,22275.08,19847.81,866.43,17.673918076580588,0.7715316117542297,2018,8,188,6114,-4991,1533081600000
2020,12,212,329,10380.36,8752.0,869.17,26.601823708206688,2.641854103343465,2020,12,212,581,-252,1606780800000
2016,5,108,53,1324.98,1105.8,112.96000000000001,20.864150943396226,2.1313207547169815,2016,5,108,719,-666,1462060800000
2025,3,6,106,2889.88,1441.31,18.41,13.597264150943396,0.17367924528301887,2025,3,6,134,-28,1740787200000
2025,5,241,989,28203.86,25264.8,70.14,25.545803842264913,0.0709201213346815,2025,5,241,1471,-482,1746057600000
2016,10,27,4,186.14999999999998,165.5,14.25,41.375,3.5625,2016,10,27,77,-73,1475280000000
2019,5,147,216,7972.03,6822.04,41.510000000000005,31.583518518518517,0.19217592592592594,2019,5,147,915,-699,1556668800000
2019,9,99,1,36.8,35.0,0.0,35.0,0.0,2019,9,99,3,-2,1567296000000
2019,4,265,4562,333164.12,282291.2,36314.74,61.87882507672074,7.960267426567294,2019,4,265,19555,-14993,1554076800000
2024,3,98,88,3454.78,3064.42,170.65,34.82295454545454,1.9392045454545455,2024,3,98,453,-365,1709251200000
2023,5,156,3,186.85,156.15,0.0,52.050000000000004,0.0,2023,5,156,46,-43,1682899200000
2016,5,86,45,4270.7,3784.31,446.45,84.09577777777778,9.921111111111111,2016,5,86,617,-572,1462060800000
2019,8,118,34,2218.8199999999997,2092.04,18.98,61.53058823529412,0.558235294117647,2019,8,118,173,-139,1564617600000
2023,5,61,822,27586.89,23739.74,1798.6,28.880462287104624,2.1880778588807783,2023,5,61,5522,-4700,1682899200000
2025,2,264,7470,202901.91,137400.86,25708.34,18.393689424364123,3.44154484605087,2025,2,264,10236,-2766,1738368000000
2024,2,7,1571,39602.64,32797.78,2303.14,20.877008274984085,1.466034373010821,2024,2,7,7217,-5646,1706745600000
2020,6,124,75,2749.7599999999998,2457.49,128.03,32.76653333333333,1.7070666666666667,2020,6,124,145,-70,1590969600000
2023,12,61,1072,35190.67,31676.66,1336.99,29.549123134328358,1.2471921641791044,2023,12,61,4829,-3757,1701388800000
2025,1,172,12,381.96999999999997,271.32,0.0,22.61,0.0,2025,1,172,51,-39,1735689600000
2018,11,194,447,26620.08,20602.74,3040.2,46.09114093959732,6.801342281879195,2018,11,194,782,-335,1541030400000
2022,6,112,983,25332.84,19122.76,3558.58,19.45346897253306,3.6201220752797556,2022,6,112,7719,-6736,1654041600000
2018,6,262,99546,1345091.34,1065829.18,156334.16,10.706901131135353,1.5704715407952103,2018,6,262,108111,-8565,1527811200000
2016,10,44,4,245.10999999999999,225.01,18.05,56.2525,4.5125,2016,10,44,46,-42,1475280000000
2020,12,43,27357,420997.52999999997,273432.86,54280.63,9.994987023430932,1.984158716233505,2020,12,43,20402,6955,1606780800000
2025,7,197,4002,122805.63,109080.94,3740.28,27.256606696651676,0.9346026986506747,2025,7,197,3953,49,1751328000000
2018,10,188,1558,36809.26,32944.84,1283.14,21.145596919127083,0.8235815147625161,2018,10,188,6836,-5278,1538352000000
2021,8,241,160,6352.16,5537.79,100.83,34.6111875,0.6301875,2021,8,241,706,-546,1627776000000
2017,12,3,41,981.88,848.75,61.58,20.701219512195124,1.5019512195121951,2017,12,3,510,-469,1512086400000
2018,8,91,391,12922.67,11734.52,234.72,30.011560102301793,0.600306905370844,2018,8,91,1983,-1592,1533081600000
2018,9,12,3790,79258.08,67795.06,6954.82,17.887878627968337,1.8350448548812663,2018,9,12,5771,-1981,1535760000000
2021,6,18,231,9425.78,8042.51,137.55,34.81606060606061,0.5954545454545455,2021,6,18,749,-518,1622505600000
2019,4,140,131208,2242510.31,1505789.75,248676.61999999997,11.476356243521737,1.895285500884092,2019,4,140,132884,-1676,1554076800000
2023,2,240,11,646.73,537.63,72.8,48.875454545454545,6.618181818181818,2023,2,240,100,-89,1675209600000
2016,6,142,303340,4247978.48,3406108.54,462673.0,11.228682468517176,1.5252620821520406,2016,6,142,267665,35675,1464739200000
2023,12,219,476,33189.18,27948.72,2442.82,58.71579831932773,5.131974789915967,2023,12,219,1262,-786,1701388800000
2019,5,9,124,3599.2,3288.53,42.42,26.520403225806454,0.3420967741935484,2019,5,9,723,-599,1556668800000
2023,1,46,3,117.25,106.2,0.0,35.4,0.0,2023,1,46,53,-50,1672531200000
2019,10,227,214,6595.84,5683.25,211.03,26.557242990654206,0.9861214953271028,2019,10,227,1712,-1498,1569888000000
2021,9,235,253,9656.619999999999,8488.4,136.77,33.55098814229249,0.5405928853754941,2021,9,235,889,-636,1630454400000
2019,11,240,30,1293.04,1152.17,37.239999999999995,38.40566666666667,1.2413333333333332,2019,11,240,224,-194,1572566400000
2016,6,85,347,6085.95,5123.7,494.2,14.765706051873199,1.424207492795389,2016,6,85,2082,-1735,1464739200000
2022,10,121,115,3472.37,3120.52,84.5,27.13495652173913,0.7347826086956522,2022,10,121,674,-559,1664582400000
2023,3,31,21,1036.08,804.07,122.26,38.28904761904762,5.821904761904762,2023,3,31,193,-172,1677628800000
2022,4,43,64290,1112833.39,736043.97,145198.78,11.448809612692486,2.2584971224140613,2022,4,43,49724,14566,1648771200000
2021,2,34,44,1248.54,1064.18,57.17,24.185909090909092,1.2993181818181818,2021,2,34,215,-171,1612137600000
2022,7,207,243,3459.52,2658.15,284.17,10.93888888888889,1.1694238683127574,2022,7,207,253,-10,1656633600000
2023,7,209,6329,194625.66999999998,139699.16999999998,23654.25,22.072866171591087,3.73743877389793,2023,7,209,9109,-2780,1688169600000
2016,5,107,293104,4128391.56,3261053.76,483323.55,11.12592717943119,1.6489831254435285,2016,5,107,244736,48368,1462060800000
2021,12,169,167,6126.73,5361.78,112.64999999999999,32.10646706586826,0.6745508982035927,2021,12,169,594,-427,1638316800000
2017,9,242,73,1203.74,1037.71,54.67,14.215205479452056,0.7489041095890411,2017,9,242,857,-784,1504224000000
2016,7,100,212814,3011008.33,2451696.88,280601.92,11.520374035542774,1.318531299632543,2016,7,100,167123,45691,1467331200000
2020,8,166,7612,121240.13,93087.13,11735.05,12.228997635312664,1.5416513399894902,2020,8,166,9228,-1616,1596240000000
2024,3,14,511,19796.25,17530.82,395.68,34.30688845401174,0.7743248532289628,2024,3,14,2170,-1659,1709251200000
2021,11,226,3162,80791.29,64536.22,7412.02,20.409936748893106,2.344092346616066,2021,11,226,7364,-4202,1635724800000
2022,3,106,200,5767.86,4582.7,630.51,22.9135,3.1525499999999997,2022,3,106,1267,-1067,1646092800000
2017,3,204,10,247.55,235.38,6.77,23.538,0.6769999999999999,2017,3,204,94,-84,1488326400000
2021,3,225,1057,35068.54,30269.48,523.61,28.637161778618733,0.4953736991485336,2021,3,225,2293,-1236,1614556800000
2016,11,135,197,4417.69,3686.84,390.0,18.714923857868023,1.9796954314720812,2016,11,135,1874,-1677,1477958400000
2021,4,244,4650,106261.48,86585.69,7605.89,18.620578494623658,1.6356752688172043,2021,4,244,10514,-5864,1617235200000
2023,10,214,12,708.37,580.83,58.519999999999996,48.4025,4.876666666666666,2023,10,214,61,-49,1696118400000
2024,6,263,65072,1370947.7899999998,909159.47,158258.56,13.971592543643963,2.432053110400787,2024,6,263,70511,-5439,1717200000000
2020,8,194,92,3891.54,3069.07,256.40999999999997,33.35945652173913,2.787065217391304,2020,8,194,234,-142,1596240000000
2016,7,216,984,42177.95,34157.0,4401.53,34.71239837398374,4.473099593495935,2016,7,216,4623,-3639,1467331200000
2024,1,148,27964,679879.64,465001.44,81550.72,16.62857388070376,2.9162752109855528,2024,1,148,26983,981,1704067200000
2020,6,76,1042,45577.25,41322.19,1013.38,39.6566122840691,0.9725335892514395,2020,6,76,1202,-160,1590969600000
2024,11,37,1701,50291.17,45003.06,808.25,26.456825396825394,0.47516166960611406,2024,11,37,4228,-2527,1730419200000
2018,7,102,122,2986.08,2612.45,135.92000000000002,21.413524590163934,1.1140983606557378,2018,7,102,1168,-1046,1530403200000
2020,10,198,236,7441.5,6187.49,659.58,26.218177966101695,2.7948305084745764,2020,10,198,962,-726,1601510400000
2024,7,180,165,5952.64,5318.46,199.68,32.23309090909091,1.2101818181818182,2024,7,180,590,-425,1719792000000
2016,8,215,833,51653.15,42044.39,4579.51,50.47345738295318,5.497611044417767,2016,8,215,1350,-517,1470009600000
2017,5,169,165,2963.7200000000003,2358.61,348.71,14.29460606060606,2.1133939393939394,2017,5,169,1849,-1684,1493596800000
2019,12,205,667,28423.99,25285.94,79.03,37.90995502248875,0.11848575712143929,2019,12,205,1576,-909,1575158400000
2025,3,55,1050,39065.65,36414.68,96.9,34.68064761904762,0.09228571428571429,2025,3,55,1705,-655,1740787200000
2016,11,138,258047,11526204.97,8812622.13,1503455.81,34.15122876840266,5.8262867229613216,2016,11,138,126178,131869,1477958400000
2017,4,166,55659,825183.75,659939.84,93828.65,11.856839684507447,1.6857767836288828,2017,4,166,80512,-24853,1491004800000
2021,3,2,3,95.59,70.18,17.22,23.393333333333334,5.739999999999999,2021,3,2,9,-6,1614556800000
2022,8,143,33185,564236.06,369277.44,72634.05,11.127842097333133,2.1887614886243787,2022,8,143,43360,-10175,1659312000000
2023,3,10,1095,80173.5,63156.28,8711.07,57.67696803652968,7.95531506849315,2023,3,10,3460,-2365,1677628800000
2025,9,8,59,2762.92,1997.45,535.63,33.85508474576271,9.078474576271187,2025,9,8,91,-32,1756684800000
2024,8,214,8,407.61,318.55,7.1,39.81875,0.8875,2024,8,214,83,-75,1722470400000
2023,2,101,44,1623.07,1439.55,52.67,32.717045454545456,1.1970454545454545,2023,2,101,267,-223,1675209600000
2018,10,149,238,7924.7699999999995,7275.17,109.86,30.567941176470587,0.4615966386554622,2018,10,149,1094,-856,1538352000000
2022,5,245,2,39.1,28.5,8.0,14.25,4.0,2022,5,245,45,-43,1651363200000
2024,6,116,3559,89623.85,75302.57,4332.12,21.158350660297838,1.2172295588648496,2024,6,116,8752,-5193,1717200000000
2021,6,14,354,14559.36,12513.76,160.11,35.34960451977401,0.4522881355932204,2021,6,14,2067,-1713,1622505600000
2024,10,71,997,28786.7,26992.32,53.519999999999996,27.073540621865597,0.05368104312938816,2024,10,71,1363,-366,1727740800000
2019,5,227,239,8406.3,7527.36,157.31,31.495230125523012,0.6582008368200837,2019,5,227,1844,-1605,1556668800000
2025,3,44,5,281.5,246.2,30.3,49.239999999999995,6.0600000000000005,2025,3,44,20,-15,1740787200000
2021,2,134,190,6704.64,5585.39,283.56,29.396789473684212,1.4924210526315789,2021,2,134,523,-333,1612137600000
2023,10,258,125,4531.82,4064.34,118.37,32.514720000000004,0.94696,2023,10,258,791,-666,1696118400000
2016,7,130,1045,54343.86,44197.65,5337.42,42.294401913875596,5.107578947368421,2016,7,130,3327,-2282,1467331200000
2016,7,165,277,4603.7,3714.31,548.12,13.409061371841155,1.9787725631768953,2016,7,165,2156,-1879,1467331200000
2020,3,41,16260,209439.96,162493.09,17121.38,9.993424969249693,1.0529753997539977,2020,3,41,24395,-8135,1583020800000
2025,2,151,28151,553736.54,384881.7,58242.27,13.672043621896202,2.0689236616816453,2025,2,151,30679,-2528,1738368000000
2025,6,88,15869,476073.78,343742.44,40043.93,21.66125401726637,2.5234060117209656,2025,6,88,20470,-4601,1748736000000
2018,10,106,1212,22051.12,18135.57,2038.74,14.963341584158416,1.6821287128712872,2018,10,106,4326,-3114,1538352000000
2016,7,250,114,2170.17,1777.5,177.06,15.592105263157896,1.553157894736842,2016,7,250,1057,-943,1467331200000
2018,3,226,15319,266898.98,223736.43,22043.89,14.605158952934264,1.4389901429597232,2018,3,226,23814,-8495,1519862400000
2020,3,76,1039,27277.59,25082.53,224.3,24.141029836381133,0.21588065447545718,2020,3,76,2058,-1019,1583020800000
2020,10,257,144,4843.27,3992.68,379.25,27.72694444444444,2.6336805555555554,2020,10,257,589,-445,1601510400000
2024,10,66,2167,65659.53,54363.17,4084.47,25.08683433317951,1.8848500230733731,2024,10,66,5309,-3142,1727740800000
2021,5,94,167,5049.04,4318.86,68.31,25.861437125748502,0.40904191616766467,2021,5,94,317,-150,1619827200000
2019,9,91,586,17993.17,15997.63,60.96,27.29970989761092,0.1040273037542662,2019,9,91,1679,-1093,1567296000000
2018,7,167,221,4914.31,4416.0,109.24,19.981900452488688,0.4942986425339366,2018,7,167,1345,-1124,1530403200000
2025,10,97,5923,140867.7,114119.05,5384.61,19.267102819517138,0.9091018065169677,2025,10,97,7736,-1813,1759276800000
2019,5,127,833,18719.82,15883.41,1079.48,19.067719087635055,1.2958943577430972,2019,5,127,5647,-4814,1556668800000
2024,2,63,143,5037.94,4583.71,5.0,32.053916083916086,0.03496503496503497,2024,2,63,549,-406,1706745600000
2016,5,68,294024,4303850.09,3433778.45,477425.97,11.678565185154953,1.6237653048730716,2016,5,68,264799,29225,1462060800000
2020,7,112,307,11344.66,10443.61,304.27,34.01827361563518,0.9911074918566775,2020,7,112,1337,-1030,1593561600000
2024,4,28,447,19010.52,15982.98,1352.67,35.75610738255033,3.0261073825503355,2024,4,28,1261,-814,1711929600000
2024,7,263,52893,1097831.81,721251.8200000001,129163.45999999999,13.636054298300344,2.441976443007581,2024,7,263,58722,-5829,1719792000000
2017,4,19,67,1889.58,1660.0,115.68,24.776119402985074,1.7265671641791045,2017,4,19,590,-523,1491004800000
2023,11,155,164,5760.47,5249.11,135.07,32.00676829268293,0.8235975609756098,2023,11,155,610,-446,1698796800000
2025,9,132,188038,13830280.88,10747325.66,1630856.8,57.155073229879065,8.673017156106745,2025,9,132,39640,148398,1756684800000
2016,12,221,134,2438.36,2047.0,210.42,15.276119402985074,1.5702985074626865,2016,12,221,317,-183,1480550400000
2016,12,163,265925,4126690.2,3329321.89,430896.6,12.519777719281754,1.6203689010059226,2016,12,163,242703,23222,1480550400000
2016,9,225,1649,26832.63,21955.02,2517.72,13.314141904184355,1.5268162522741053,2016,9,225,14146,-12497,1472688000000
2017,12,236,366264,4529403.09,3585830.3,520790.37000000005,9.790288698862023,1.4218988762204312,2017,12,236,375690,-9426,1512086400000
2019,12,197,686,28210.22,23821.91,1756.3799999999999,34.72581632653061,2.5603206997084547,2019,12,197,2447,-1761,1575158400000
2022,7,137,39659,671079.3400000001,438086.95,82146.55,11.046343831160645,2.071321768072821,2022,7,137,42946,-3287,1656633600000
2016,9,229,186320,2607585.06,2089478.38,284871.5,11.214461034778875,1.528936775440103,2016,9,229,162565,23755,1472688000000
2016,12,46,4,100.75,93.5,3.05,23.375,0.7625,2016,12,46,145,-141,1480550400000
2024,1,16,81,3162.0,2836.19,135.6,35.01469135802469,1.674074074074074,2024,1,16,504,-423,1704067200000
2025,7,194,186,9618.55,7100.96,801.71,38.17720430107527,4.310268817204301,2025,7,194,508,-322,1751328000000
2019,2,88,25661,636689.4099999999,463092.44,73645.85,18.046546899964927,2.869952457035969,2019,2,88,25437,224,1548979200000
2019,8,228,569,15540.65,13460.1,706.63,23.655711775043937,1.2418804920913884,2019,8,228,3696,-3127,1564617600000
2016,3,123,134,2516.14,2170.8,162.85,16.200000000000003,1.2152985074626865,2016,3,123,1871,-1737,1456790400000
2017,10,211,80572,1220540.35,987033.19,134681.46,12.250325050886163,1.67156654917341,2017,10,211,83668,-3096,1506816000000
2019,2,28,989,44716.67,36880.69,3023.09,37.29088978766431,3.0567138523761375,2019,2,28,1936,-947,1548979200000
2023,11,230,110855,3238448.44,2210810.46,405978.87,19.943263362049525,3.6622513192909656,2023,11,230,101075,9780,1698796800000
2020,12,68,31367,516898.61000000004,343052.94,60161.92,10.936746899607868,1.9180004463289444,2020,12,68,29469,1898,1606780800000
2016,8,213,94,1806.73,1492.5,138.14,15.877659574468085,1.4695744680851062,2016,8,213,1538,-1444,1470009600000
2021,2,14,464,17648.11,15314.26,290.36,33.00487068965517,0.6257758620689655,2021,2,14,1238,-774,1612137600000
2021,9,192,74,2928.57,2524.54,92.03,34.115405405405404,1.2436486486486487,2021,9,192,338,-264,1630454400000
2022,7,100,56064,1020229.1,680334.15,119402.49,12.134955586472604,2.1297533176369865,2022,7,100,49406,6658,1656633600000
2022,3,265,9886,560276.82,530243.3200000001,18207.21,53.63577989075461,1.8417165688852923,2022,3,265,10996,-1110,1646092800000
2022,9,126,69,2324.82,2045.02,43.0,29.637971014492752,0.6231884057971014,2022,9,126,286,-217,1661990400000
2021,6,203,136,6001.15,5268.63,82.72,38.73992647058824,0.6082352941176471,2021,6,203,555,-419,1622505600000
2023,3,216,507,32098.68,26818.82,3015.98,52.8970808678501,5.948678500986193,2023,3,216,2816,-2309,1677628800000
2025,6,143,47313,1013034.7,676137.35,93517.98,14.29073087734872,1.9765810665144885,2025,6,143,56290,-8977,1748736000000
2022,3,127,234,6772.37,5773.38,416.74,24.672564102564102,1.7809401709401709,2022,3,127,2644,-2410,1646092800000
2022,9,34,104,3023.78,2302.17,414.71,22.13625,3.9875961538461535,2022,9,34,512,-408,1661990400000
2021,7,38,117,5411.45,4744.33,10.0,40.54982905982906,0.08547008547008547,2021,7,38,564,-447,1625097600000
2024,7,143,31071,642399.88,428799.53,72606.19,13.80063499726433,2.336783174020791,2024,7,143,40764,-9693,1719792000000
2020,6,142,16353,254148.2,166295.42,29399.95,10.169107808964716,1.7978322020424387,2020,6,142,13159,3194,1590969600000
2020,11,234,39444,618757.42,397658.24,78500.97,10.08159010242369,1.9901878612716764,2020,11,234,32950,6494,1604188800000
2021,9,195,223,8039.96,6453.72,508.7,28.940448430493273,2.281165919282511,2021,9,195,1042,-819,1630454400000
2018,4,135,298,8947.11,7563.1,633.69,25.379530201342284,2.126476510067114,2018,4,135,2080,-1782,1522540800000
2021,10,244,3156,74790.57,60563.1,6188.39,19.1898288973384,1.9608333333333334,2021,10,244,11804,-8648,1633046400000
2017,2,129,5454,83757.40000000001,70309.76,5613.04,12.89141180784745,1.0291602493582692,2017,2,129,15707,-10253,1485907200000
2019,10,40,3116,59444.36,43723.85,7890.07,14.032044287548139,2.532114890885751,2019,10,40,7557,-4441,1569888000000
2020,2,264,40463,887569.42,663085.92,109414.89,16.387463114450238,2.704072609544522,2020,2,264,35975,4488,1580515200000
2024,11,49,1564,45560.18,40593.39,1071.05,25.95485294117647,0.684814578005115,2024,11,49,5018,-3454,1730419200000
2025,7,256,7236,190410.5,157762.28,4498.98,21.802415699281372,0.6217495854063018,2025,7,256,10617,-3381,1751328000000
2025,2,62,1405,36880.03,33337.26,264.09000000000003,23.7275871886121,0.18796441281138793,2025,2,62,2147,-742,1738368000000
2023,4,178,22,853.8299999999999,724.6800000000001,45.3,32.940000000000005,2.059090909090909,2023,4,178,285,-263,1680307200000
2016,6,209,21232,410484.83,336863.89,45913.71,15.86585766767144,2.1624769216277318,2016,6,209,27805,-6573,1464739200000
2023,7,73,26,955.68,853.25,27.23,32.81730769230769,1.0473076923076923,2023,7,73,250,-224,1688169600000
2022,6,58,7,284.77,225.20000000000002,19.97,32.17142857142857,2.8528571428571428,2022,6,58,82,-75,1654041600000
2022,10,164,82472,1605962.8800000001,1062349.93,208551.0,12.881340697448831,2.528749151227083,2022,10,164,74421,8051,1664582400000
2021,4,112,367,9766.57,7759.83,869.45,21.143950953678473,2.369073569482289,2021,4,112,3516,-3149,1617235200000
2023,1,24,8524,189652.92,133245.18,24247.99,15.631766776161426,2.844672688878461,2023,1,24,11233,-2709,1672531200000
2019,10,139,297,12382.2,11063.17,20.369999999999997,37.24973063973064,0.06858585858585858,2019,10,139,991,-694,1569888000000
2024,1,1,295,30738.03,26012.25,3731.52,88.1771186440678,12.649220338983051,2024,1,1,7176,-6881,1704067200000
2024,1,256,912,27148.25,22234.5,2137.98,24.379934210526315,2.3442763157894735,2024,1,256,5465,-4553,1704067200000
2025,6,47,757,21062.1,19002.96,60.519999999999996,25.102985468956405,0.07994715984147951,2025,6,47,1134,-377,1748736000000
2018,3,15,64,2150.33,1854.5,107.22,28.9765625,1.6753125,2018,3,15,877,-813,1519862400000
2020,11,224,3057,51446.950000000004,34868.94,5895.84,11.406261040235526,1.9286359175662415,2020,11,224,6828,-3771,1604188800000
2021,3,19,153,6310.78,5464.26,237.64000000000001,35.71411764705883,1.5532026143790851,2021,3,19,266,-113,1614556800000
2019,3,183,162,6387.85,5709.06,16.0,35.24111111111112,0.09876543209876543,2019,3,183,482,-320,1551398400000
2023,12,234,91155,2136895.46,1413790.89,274844.98,15.509745927266742,3.0151388294662933,2023,12,234,76312,14843,1701388800000
2022,10,187,3,221.29999999999998,179.60000000000002,0.0,59.866666666666674,0.0,2022,10,187,31,-28,1664582400000
2020,5,3,121,3244.45,2857.61,104.12,23.616611570247937,0.8604958677685951,2020,5,3,189,-68,1588291200000
2017,5,112,7287,119479.78,96858.5,13023.52,13.291958281871826,1.7872265678605737,2017,5,112,28506,-21219,1493596800000
2020,6,256,269,6540.7,5390.07,554.23,20.037434944237916,2.0603345724907065,2020,6,256,1223,-954,1590969600000
2022,5,72,133,4415.71,4046.31,173.6,30.423383458646615,1.305263157894737,2022,5,72,762,-629,1651363200000
2017,12,112,4422,69393.56,55786.46,7502.23,12.615662596110358,1.6965694255992763,2017,12,112,23309,-18887,1512086400000
2016,12,245,9,549.1,499.48,43.72,55.49777777777778,4.857777777777778,2016,12,245,149,-140,1480550400000
2020,2,25,4973,92502.34,73924.1,8594.81,14.865091494067968,1.728294791876131,2020,2,25,11195,-6222,1580515200000
2017,6,135,182,3625.01,3028.71,278.19,16.641263736263735,1.5285164835164835,2017,6,135,2024,-1842,1496275200000
2020,3,186,97433,1705485.5,1138365.84,202681.82,11.683575790543246,2.08021738014841,2020,3,186,68844,28589,1583020800000
2020,12,234,37592,587910.92,376641.22,74605.13,10.019185464992551,1.9846012449457333,2020,12,234,31569,6023,1606780800000
2023,7,118,7,155.15,128.0,0.0,18.285714285714285,0.0,2023,7,118,88,-81,1688169600000
2017,1,138,212196,8966861.41,6767354.68,1200955.21,31.891999283681123,5.659650558917227,2017,1,138,95116,117080,1483228800000
2017,5,139,13,424.07,398.5,10.719999999999999,30.653846153846153,0.8246153846153845,2017,5,139,686,-673,1493596800000
2024,1,261,12893,402974.75,289176.68,48640.55,22.428967656868068,3.772632436205693,2024,1,261,12617,276,1704067200000
2019,10,203,304,13107.31,11837.26,88.82000000000001,38.938355263157895,0.292171052631579,2019,10,203,1644,-1340,1569888000000
2021,4,56,344,12411.35,10204.19,489.2,29.663343023255816,1.422093023255814,2021,4,56,933,-589,1617235200000
2023,1,220,123,4497.54,3832.15,227.99,31.15569105691057,1.853577235772358,2023,1,220,1288,-1165,1672531200000
2024,1,221,4,70.48,56.48,9.0,14.12,2.25,2024,1,221,53,-49,1704067200000
2022,7,135,149,4706.55,4250.400000000001,59.7,28.5261744966443,0.4006711409395973,2022,7,135,869,-720,1656633600000
2020,1,140,125865,2093191.76,1389283.77,240182.31000000003,11.037887975211536,1.9082533667024195,2020,1,140,127626,-1761,1577836800000
2017,5,236,381377,4844245.51,3849350.55,544947.57,10.093294954860937,1.4288946895067085,2017,5,236,389088,-7711,1493596800000
2020,1,109,9,275.14,243.5,8.7,27.055555555555557,0.9666666666666666,2020,1,109,65,-56,1577836800000
2025,8,250,722,19450.77,17011.46,112.75,23.56157894736842,0.1561634349030471,2025,8,250,1111,-389,1754006400000
2019,10,65,8529,180137.12,140767.17,18417.01,16.50453394301794,2.159339899167546,2019,10,65,13039,-4510,1569888000000
2025,6,156,21,911.96,730.01,0.0,34.76238095238095,0.0,2025,6,156,49,-28,1748736000000
2018,5,148,123982,1977350.58,1594731.51,225113.98,12.862605136229453,1.8156988917746126,2018,5,148,97909,26073,1525132800000
2023,12,36,324,10856.64,9157.83,764.63,28.264907407407406,2.3599691358024693,2023,12,36,2111,-1787,1701388800000
2025,2,88,10541,305913.22,218301.09,27298.54,20.709713499667963,2.5897486007020207,2025,2,88,12874,-2333,1738368000000
2016,11,235,188,3291.62,2843.51,190.78,15.125053191489362,1.0147872340425532,2016,11,235,1709,-1521,1477958400000
2019,2,101,259,10499.93,9557.52,171.16,36.90162162162162,0.6608494208494209,2019,2,101,655,-396,1548979200000
2017,9,93,2516,118502.29,94188.95,13432.78,37.43598966613673,5.338942766295708,2017,9,93,4868,-2352,1504224000000
2019,5,80,2600,55909.6,44704.27,5420.32,17.193949999999997,2.0847384615384614,2019,5,80,11604,-9004,1556668800000
2025,7,6,85,1848.17,707.58,0.0,8.324470588235295,0.0,2025,7,6,133,-48,1751328000000
2023,2,114,39261,902681.48,591192.77,120085.83,15.058016097399456,3.0586543898525256,2023,2,114,28212,11049,1675209600000
2021,11,264,30491,858374.05,621186.19,110610.08,20.372771965498014,3.627630448329015,2021,11,264,23245,7246,1635724800000
2023,11,94,82,2593.27,2339.3,13.93,28.528048780487808,0.1698780487804878,2023,11,94,183,-101,1698796800000
2019,10,105,7,174.35,131.5,14.629999999999999,18.785714285714285,2.09,2019,10,105,4,3,1569888000000
2022,10,151,32404,566607.46,396605.5,74522.97,12.239399456857178,2.2998077397852117,2022,10,151,35313,-2909,1664582400000
2023,4,159,245,6800.05,5990.38,131.17000000000002,24.450530612244897,0.5353877551020408,2023,4,159,796,-551,1680307200000
2023,10,76,585,20921.57,19047.3,339.28000000000003,32.55948717948718,0.579965811965812,2023,10,76,1561,-976,1696118400000
2023,10,216,828,52600.86,44402.1,5024.63,53.62572463768116,6.068393719806763,2023,10,216,3463,-2635,1696118400000
2018,8,214,11,553.87,493.88,28.16,44.89818181818182,2.56,2018,8,214,167,-156,1533081600000
2024,11,141,83948,1730774.56,1132752.1500000001,212454.53999999998,13.493497760518418,2.530787392195168,2024,11,141,94513,-10565,1730419200000
2024,7,57,26,1312.1,1039.5,193.34,39.98076923076923,7.436153846153847,2024,7,57,90,-64,1719792000000
2025,6,82,3863,101536.58,87917.06,1680.97,22.758752265078954,0.4351462593838985,2025,6,82,5503,-1640,1748736000000
2023,12,11,58,2346.91,2225.06,6.34,38.36310344827586,0.1093103448275862,2023,12,11,188,-130,1701388800000
2023,11,1,431,44478.14,37724.03,5370.91,87.5267517401392,12.461508120649652,2023,11,1,10291,-9860,1698796800000
2021,3,97,1657,38815.12,32649.06,1640.89,19.70371756185878,0.9902776101388051,2021,3,97,2940,-1283,1614556800000
2016,8,201,8,289.99,230.31,48.7,28.78875,6.0875,2016,8,201,394,-386,1470009600000
2016,10,232,22455,383027.04,314465.04,40636.14,14.004232464929858,1.8096700066800266,2016,10,232,50909,-28454,1475280000000
2020,8,91,603,23587.77,21368.7,1042.57,35.43731343283582,1.7289718076285239,2020,8,91,858,-255,1596240000000
2024,6,73,48,1669.97,1521.01,24.0,31.687708333333333,0.5,2024,6,73,235,-187,1717200000000
2017,4,262,118475,1594338.1400000001,1269105.12,180879.2,10.712007765351341,1.5267288457480481,2017,4,262,124050,-5575,1491004800000
2020,1,11,130,4548.65,3971.54,109.57000000000001,30.55030769230769,0.8428461538461539,2020,1,11,609,-479,1577836800000
2020,10,54,47,1374.98,1045.29,178.51,22.240212765957445,3.7980851063829784,2020,10,54,308,-261,1601510400000
2018,3,142,268670,3734597.51,2988997.24,415874.22,11.125161871440802,1.5478997282912121,2018,3,142,244634,24036,1519862400000
2021,1,217,178,5015.95,4238.6,285.83,23.8123595505618,1.6057865168539325,2021,1,217,1362,-1184,1609459200000
2021,1,5,18,1827.88,1580.7,22.0,87.81666666666666,1.2222222222222223,2021,1,5,36,-18,1609459200000
2021,5,40,482,11215.49,8505.14,1240.63,17.64551867219917,2.5739211618257265,2021,5,40,2026,-1544,1619827200000
2021,6,121,221,7701.28,6693.42,59.64,30.286968325791854,0.26986425339366515,2021,6,121,686,-465,1622505600000
2025,3,51,1030,37585.37,34366.81,13.73,33.36583495145631,0.013330097087378642,2025,3,51,1384,-354,1740787200000
2023,11,38,134,5655.01,5220.14,131.59,38.95626865671642,0.9820149253731344,2023,11,38,676,-542,1698796800000
2020,9,70,2013,78231.53,61785.87,6982.88,30.693427719821162,3.4688922006954797,2020,9,70,935,1078,1598918400000
2018,3,40,5426,90626.4,71773.02,11174.43,13.227611500184299,2.059423147806856,2018,3,40,10815,-5389,1519862400000
2019,3,74,33189,468295.70999999996,370467.28,29317.07,11.162351381481818,0.8833369489891228,2019,3,74,63388,-30199,1551398400000
2016,8,1,747,62278.92,52596.27,6858.49,70.41,9.181378848728246,2016,8,1,18173,-17426,1470009600000
2025,5,223,3187,99664.48,78530.57,5103.6,24.640906808911204,1.601380608722937,2025,5,223,7268,-4081,1746057600000
2023,11,214,6,433.95,383.31,0.0,63.885,0.0,2023,11,214,58,-52,1698796800000
2022,10,142,126017,2199791.3,1430656.92,295743.6,11.352888261107628,2.3468547894331717,2022,10,142,103503,22514,1664582400000
2016,9,116,12029,197997.98,164628.35,17682.78,13.685954775958102,1.470012469864494,2016,9,116,28862,-16833,1472688000000
2023,11,243,429,15881.35,13098.47,1356.29,30.532564102564102,3.1615151515151516,2023,11,243,5424,-4995,1698796800000
2016,7,58,3,18.66,14.5,1.56,4.833333333333333,0.52,2016,7,58,211,-208,1467331200000
2019,8,99,2,146.3,126.21000000000001,0.0,63.105000000000004,0.0,2019,8,99,10,-8,1564617600000
2019,6,98,177,6072.56,5393.33,173.56,30.47079096045198,0.9805649717514124,2019,6,98,1217,-1040,1559347200000
2020,7,128,54,2146.94,1886.02,95.98,34.92629629629629,1.7774074074074075,2020,7,128,96,-42,1593561600000
2021,9,170,90929,1595720.42,1039786.88,202880.6,11.435151381847376,2.2311979676450857,2021,9,170,88008,2921,1630454400000
2023,4,36,315,10928.81,8798.72,1030.44,27.932444444444442,3.2712380952380955,2023,4,36,2267,-1952,1680307200000
2025,4,235,963,26734.56,24211.27,128.56,25.141505711318796,0.13349948078920043,2025,4,235,1177,-214,1743465600000
2025,5,107,85938,1914318.6099999999,1227138.4200000002,206074.13,14.279345807442576,2.3979395610789176,2025,5,107,80898,5040,1746057600000
2024,7,130,981,45135.51,38718.91,2768.85,39.46881753312946,2.8224770642201835,2024,7,130,2551,-1570,1719792000000
2017,5,69,435,7007.93,6166.4,272.47,14.175632183908045,0.6263678160919541,2017,5,69,4009,-3574,1493596800000
2023,7,95,452,14546.11,12415.53,970.53,27.467986725663717,2.1471902654867256,2023,7,95,4003,-3551,1688169600000
2017,6,246,141753,2130940.7800000003,1693441.4,252615.22,11.946423708845668,1.7820802381607443,2017,6,246,177381,-35628,1496275200000
2019,1,134,722,25615.96,21539.91,1758.8,29.833670360110805,2.4360110803324098,2019,1,134,2079,-1357,1546300800000
2017,2,123,137,2774.8,2151.84,396.56,15.706861313868615,2.8945985401459855,2017,2,123,1358,-1221,1485907200000
2022,8,102,57,1663.73,1508.49,78.89,26.464736842105264,1.3840350877192982,2022,8,102,657,-600,1659312000000
2023,1,255,1284,39700.21,29545.98,5285.44,23.010887850467288,4.116386292834891,2023,1,255,8019,-6735,1672531200000
2024,1,60,119,3890.52,3520.1,18.3,29.580672268907563,0.15378151260504203,2024,1,60,228,-109,1704067200000
2022,3,219,335,20477.28,17010.28,1790.42,50.77695522388059,5.344537313432836,2022,3,219,1064,-729,1646092800000
2019,12,247,891,18501.77,15770.15,576.35,17.69938271604938,0.6468574635241302,2019,12,247,2520,-1629,1575158400000
2022,8,234,85850,1443597.02,926590.94,190854.48,10.793138497379148,2.223115666860804,2022,8,234,73397,12453,1659312000000
2016,10,113,178774,2524590.71,2014873.46,289760.42,11.270506113864432,1.6208196941389688,2016,10,113,156247,22527,1475280000000
2024,6,31,45,2203.33,1921.56,82.25,42.70133333333333,1.8277777777777777,2024,6,31,221,-176,1717200000000
2025,11,213,1545,44827.12,40056.76,92.22,25.926705501618123,0.059689320388349516,2025,11,213,2023,-478,1761955200000
2023,4,115,5,201.81,172.16,20.1,34.432,4.0200000000000005,2023,4,115,33,-28,1680307200000
2020,6,212,205,6791.85,5925.75,249.72,28.90609756097561,1.2181463414634146,2020,6,212,344,-139,1590969600000
2024,9,132,188145,14490429.94,11207466.95,1725982.5699999998,59.568242313109565,9.17368290414308,2024,9,132,42855,145290,1725148800000
2022,4,261,18516,451873.98,323896.01,55583.94,17.492763555843595,3.001941023979261,2022,4,261,17205,1311,1648771200000
2016,3,137,155600,2103942.17,1666738.77,235656.74,10.711688753213368,1.514503470437018,2016,3,137,168349,-12749,1456790400000
2016,4,54,801,14726.07,11818.0,1871.37,14.75405742821473,2.3362921348314605,2016,4,54,3748,-2947,1459468800000
2019,5,108,154,7554.28,6467.46,559.94,41.99649350649351,3.6359740259740265,2019,5,108,558,-404,1556668800000
2019,8,79,148573,2492299.66,1641769.02,294750.1,11.05025152618578,1.9838739205643017,2019,8,79,128953,19620,1564617600000
2019,6,250,325,9343.33,7873.84,291.6,24.2272,0.8972307692307693,2019,6,250,863,-538,1559347200000
2021,6,72,396,14517.75,12060.95,159.01,30.456944444444446,0.40154040404040403,2021,6,72,1006,-610,1622505600000
2020,4,126,110,3597.4900000000002,3105.28,122.91,28.229818181818185,1.1173636363636363,2020,4,126,259,-149,1585699200000
2022,10,213,203,7043.86,6185.22,92.94,30.469064039408867,0.45783251231527095,2022,10,213,592,-389,1664582400000
2023,2,219,205,13842.71,11937.9,957.35,58.23365853658537,4.67,2023,2,219,1106,-901,1675209600000
2023,8,228,249,9653.17,8002.73,567.82,32.13947791164659,2.280401606425703,2023,8,228,1598,-1349,1690848000000
2018,5,64,58,2270.65,1998.51,143.01,34.457068965517244,2.4656896551724135,2018,5,64,766,-708,1525132800000
2017,12,54,378,6253.71,4973.81,777.48,13.158227513227514,2.056825396825397,2017,12,54,2700,-2322,1512086400000
2019,4,192,145,4547.21,4013.17,115.9,27.67703448275862,0.7993103448275862,2019,4,192,687,-542,1554076800000
2018,10,24,25416,360446.86,289842.12,39215.97,11.403923512747875,1.54296388101983,2018,10,24,29286,-3870,1538352000000
2020,9,204,4,433.23,400.5,11.0,100.125,2.75,2020,9,204,14,-10,1598918400000
2024,8,112,1246,36930.42,30739.45,2229.12,24.67050561797753,1.7890208667736758,2024,8,112,6946,-5700,1722470400000
2017,1,28,647,30078.54,24407.93,2908.09,37.724775888717154,4.494729520865533,2017,1,28,2223,-1576,1483228800000
2017,10,65,13692,247660.16,205990.86,25820.52,15.044614373356703,1.8858106923751097,2017,10,65,20213,-6521,1506816000000
2023,6,66,1197,40437.07,31461.07,4556.4,26.28326649958229,3.8065162907268166,2023,6,66,4543,-3346,1685577600000
2016,11,222,18,485.29,398.0,53.410000000000004,22.11111111111111,2.9672222222222224,2016,11,222,267,-249,1477958400000
2023,11,256,923,29085.99,22964.79,3028.62,24.88059588299025,3.2812784398699892,2023,11,256,6963,-6040,1698796800000
2025,1,166,16124,347727.61,251633.77,35644.37,15.606162862813196,2.2106406598858848,2025,1,166,24976,-8852,1735689600000
2025,6,28,1536,49053.92,42482.2,1476.48,27.657682291666664,0.96125,2025,6,28,2631,-1095,1748736000000
2018,6,73,37,970.3,815.8,48.730000000000004,22.048648648648648,1.3170270270270272,2018,6,73,497,-460,1527811200000
2018,10,40,4541,79548.61,62655.49,9734.91,13.797729574983483,2.1437811054833738,2018,10,40,9526,-4985,1538352000000
2019,7,247,1247,28168.38,23995.54,1161.29,19.24261427425822,0.9312670408981556,2019,7,247,3566,-2319,1561939200000
2017,2,197,282,8795.78,7138.88,897.02,25.31517730496454,3.1809219858156026,2017,2,197,1806,-1524,1485907200000
2021,5,80,561,16469.63,13276.1,1532.91,23.6650623885918,2.7324598930481283,2021,5,80,2742,-2181,1619827200000
2016,6,138,299791,13643962.18,10565839.95,1641945.88,35.24401983381756,5.476968554759815,2016,6,138,148607,151184,1464739200000
2023,10,168,541,16051.67,13756.23,533.43,25.427412199630314,0.9860073937153419,2023,10,168,1808,-1267,1696118400000
2017,1,94,79,1601.88,1465.93,30.77,18.556075949367088,0.38949367088607595,2017,1,94,737,-658,1483228800000
2024,12,49,1582,48137.83,42439.19,1936.1,26.826289506953227,1.2238305941845764,2024,12,49,5341,-3759,1733011200000
2025,2,188,3006,78616.49,70697.4,469.45,23.518762475049897,0.15617099135063206,2025,2,188,4000,-994,1738368000000
2021,9,169,241,8317.06,7259.38,80.41,30.121908713692946,0.33365145228215765,2021,9,169,831,-590,1630454400000
2018,8,250,177,4426.83,3813.47,195.23,21.54502824858757,1.1029943502824857,2018,8,250,898,-721,1533081600000
2022,9,246,52595,1026531.79,688604.89,134969.3,13.092592261621828,2.566200209145356,2022,9,246,62851,-10256,1661990400000
2016,7,193,4387,56267.36,48304.61,3277.15,11.010852518805562,0.7470139047184865,2016,7,193,6194,-1807,1467331200000
2018,4,247,1528,27851.52,23917.31,1655.58,15.652689790575916,1.0834947643979058,2018,4,247,4229,-2701,1522540800000
2021,1,147,247,8488.73,7077.09,341.37,28.652186234817815,1.3820647773279353,2021,1,147,545,-298,1609459200000
2022,4,122,29,1241.58,1121.47,17.310000000000002,38.671379310344825,0.596896551724138,2022,4,122,226,-197,1648771200000
2020,12,128,69,2611.0099999999998,2202.4900000000002,180.27,31.920144927536235,2.612608695652174,2020,12,128,143,-74,1606780800000
2017,4,239,254400,3301954.67,2618044.52,375140.92,10.291055503144655,1.4746105345911948,2017,4,239,240998,13402,1491004800000
2020,2,201,34,1522.51,1319.6200000000001,52.16,38.81235294117647,1.5341176470588234,2020,2,201,357,-323,1580515200000
2021,8,71,266,10480.77,9068.91,107.75999999999999,34.093646616541356,0.4051127819548872,2021,8,71,987,-721,1627776000000
2021,6,125,13230,239910.81,158901.06,31696.74,12.010662131519274,2.395823129251701,2021,6,125,11872,1358,1622505600000
2016,10,12,4163,85689.64,73767.66,6828.02,17.719831852029788,1.640168147970214,2016,10,12,7943,-3780,1475280000000
2018,9,232,14245,256646.31,213114.77,25199.87,14.960671814671814,1.769032643032643,2018,9,232,39329,-25084,1535760000000
2022,4,212,69,2074.7999999999997,1860.88,25.869999999999997,26.969275362318843,0.374927536231884,2022,4,212,363,-294,1648771200000
2020,3,255,1689,31081.69,23738.29,3850.23,14.054641799881587,2.2795914742451155,2020,3,255,7320,-5631,1583020800000
2024,4,191,396,16911.11,15400.56,107.11,38.89030303030303,0.270479797979798,2024,4,191,914,-518,1711929600000
2017,12,31,31,792.6899999999999,690.5,52.14,22.274193548387096,1.6819354838709677,2017,12,31,387,-356,1512086400000
2017,1,118,2,103.14999999999999,81.0,21.05,40.5,10.525,2017,1,118,167,-165,1483228800000
2019,5,175,122,5168.99,4659.5,130.81,38.192622950819676,1.0722131147540983,2019,5,175,710,-588,1556668800000
2019,12,93,2622,176290.75,133457.4,21451.2,50.899084668192216,8.181235697940505,2019,12,93,7350,-4728,1575158400000
2020,12,243,528,13946.25,11782.11,1071.18,22.314602272727274,2.02875,2020,12,243,3459,-2931,1606780800000
2021,4,194,112,4972.41,3662.18,431.53999999999996,32.698035714285716,3.853035714285714,2021,4,194,523,-411,1617235200000
2022,3,37,376,10663.81,8657.39,1100.46,23.024973404255316,2.926755319148936,2022,3,37,4029,-3653,1646092800000
2023,12,252,59,2616.9,2269.44,169.62,38.46508474576271,2.874915254237288,2023,12,252,500,-441,1701388800000
2024,3,28,501,20621.7,17409.64,1267.22,34.74978043912176,2.5293812375249503,2024,3,28,1223,-722,1709251200000
2018,1,218,94,2317.79,2074.0,138.67000000000002,22.06382978723404,1.475212765957447,2018,1,218,1027,-933,1514764800000
2024,6,77,409,13259.16,12468.31,0.0,30.48486552567237,0.0,2024,6,77,656,-247,1717200000000
2021,11,137,44465,785863.39,520936.15,93469.03,11.715644889238728,2.1020809625548185,2021,11,137,46552,-2087,1635724800000
2024,9,17,1425,40679.95,36787.56,728.61,25.815831578947368,0.5113052631578947,2024,9,17,4367,-2942,1725148800000
2017,3,250,134,2331.78,1988.61,118.58000000000001,14.840373134328358,0.8849253731343284,2017,3,250,998,-864,1488326400000
2019,10,261,43209,1039749.61,752322.45,115986.47,17.411244185239184,2.6843127589159668,2019,10,261,34789,8420,1569888000000
2023,7,156,3,276.65,214.0,32.3,71.33333333333333,10.766666666666666,2023,7,156,65,-62,1688169600000
2025,8,126,704,18320.56,16154.84,103.91,22.94721590909091,0.1475994318181818,2025,8,126,1171,-467,1754006400000
2025,9,2,6,428.87,316.87,59.48,52.81166666666667,9.913333333333332,2025,9,2,18,-12,1756684800000
2025,11,189,2021,42835.34,33817.25,1518.8799999999999,16.732929242949034,0.7515487382483919,2025,11,189,4348,-2327,1761955200000
2025,8,147,535,14196.19,12558.35,32.13,23.47355140186916,0.06005607476635515,2025,8,147,880,-345,1754006400000
2019,7,89,1254,35054.86,30497.28,730.15,24.32,0.5822567783094099,2019,7,89,5887,-4633,1561939200000
2016,10,30,4,122.6,99.0,16.32,24.75,4.08,2016,10,30,33,-29,1475280000000
2021,2,10,497,23179.57,19650.28,880.05,39.53778672032193,1.7707243460764586,2021,2,10,1066,-569,1612137600000
2017,11,201,6,238.09,210.5,11.71,35.083333333333336,1.9516666666666669,2017,11,201,307,-301,1509494400000
2019,12,180,156,7866.33,7206.61,254.42,46.196217948717944,1.6308974358974357,2019,12,180,624,-468,1575158400000
2023,9,193,2157,26539.44,21835.11,1218.06,10.122906815020862,0.5647009735744088,2023,9,193,2949,-792,1693526400000
2018,5,180,110,4135.08,3544.3,254.61,32.220909090909096,2.314636363636364,2018,5,180,678,-568,1525132800000
2020,4,118,6,254.68,176.22,10.96,29.37,1.8266666666666669,2020,4,118,11,-5,1585699200000
2019,8,253,39,1866.33,1591.1399999999999,129.41,40.79846153846154,3.318205128205128,2019,8,253,140,-101,1564617600000
2024,5,43,59771,1376559.78,925290.89,172082.04,15.48059911997457,2.879022268324104,2024,5,43,43818,15953,1714521600000
2018,9,30,6,163.95999999999998,141.0,17.1,23.5,2.85,2018,9,30,35,-29,1535760000000
2023,9,14,233,9667.12,8311.57,332.96,35.671974248927036,1.4290128755364806,2023,9,14,2064,-1831,1693526400000
2024,12,189,902,27889.99,24176.97,1577.27,26.803736141906874,1.7486363636363635,2024,12,189,3315,-2413,1733011200000
2025,3,248,759,23307.26,20594.51,52.47,27.133741765480895,0.06913043478260869,2025,3,248,621,138,1740787200000
2019,1,261,38612,765318.03,624128.61,84061.77,16.164109862219,2.1770892468662595,2019,1,261,31954,6658,1546300800000
2021,5,196,379,12163.27,10122.45,381.98,26.70831134564644,1.0078627968337732,2021,5,196,1190,-811,1619827200000
2023,8,141,63922,1303837.19,836207.49,163690.05,13.081685335252338,2.560777979412409,2023,8,141,70582,-6660,1690848000000
2018,9,200,187,5742.44,4962.65,240.72,26.538235294117644,1.2872727272727273,2018,9,200,2457,-2270,1535760000000
2023,1,131,133,4870.03,4361.5,114.33,32.79323308270677,0.859624060150376,2023,1,131,647,-514,1672531200000
2017,4,39,140,3666.45,3201.67,206.23000000000002,22.86907142857143,1.4730714285714288,2017,4,39,1928,-1788,1491004800000
2022,6,182,88,2775.2,2408.85,92.44999999999999,27.373295454545453,1.0505681818181818,2022,6,182,474,-386,1654041600000
2023,5,128,25,857.45,710.6,52.05,28.424,2.082,2023,5,128,203,-178,1682899200000
2024,5,82,831,25558.5,22010.47,1067.8,26.486726835138388,1.2849578820697953,2024,5,82,2252,-1421,1714521600000
2024,5,259,204,8271.13,7674.05,50.68,37.617892156862744,0.24843137254901962,2024,5,259,428,-224,1714521600000
2025,6,43,55804,1246866.01,808034.16,153902.39,14.479860941867967,2.757909648053903,2025,6,43,41237,14567,1748736000000
2023,7,212,78,2183.25,1964.9,42.45,25.191025641025643,0.5442307692307693,2023,7,212,328,-250,1688169600000
2025,7,221,68,2910.79,2229.59,3.33,32.78808823529412,0.04897058823529412,2025,7,221,136,-68,1751328000000
2017,8,248,58,1243.8,1118.8,33.16,19.28965517241379,0.5717241379310344,2017,8,248,930,-872,1501545600000
2018,1,35,162,3502.4900000000002,3139.5,128.37,19.37962962962963,0.7924074074074074,2018,1,35,991,-829,1514764800000
2022,4,17,480,13298.69,11080.75,1259.59,23.084895833333334,2.624145833333333,2022,4,17,4102,-3622,1648771200000
2022,8,239,81149,1411713.4900000002,917154.2,188187.75,11.302101073334237,2.31903966777163,2022,8,239,79302,1847,1659312000000
2025,1,13,21346,624945.97,429334.12,71657.14,20.113094725007027,3.3569352571910427,2025,1,13,24677,-3331,1735689600000
2024,4,229,63071,1362502.6,898252.23,165436.49,14.241921485310206,2.6230199299202486,2024,4,229,73299,-10228,1711929600000
2019,6,74,29185,430900.05000000005,337155.53,29605.25,11.552356690080522,1.0143995203015248,2019,6,74,58711,-29526,1559347200000
2024,8,223,871,39607.22,31416.08,3856.18,36.06897818599311,4.4273019517795635,2024,8,223,3957,-3086,1722470400000
2020,3,170,91142,1545346.0599999998,1000376.77,192187.82,10.976023896776459,2.108663623795835,2020,3,170,88968,2174,1583020800000
2019,5,257,305,9458.74,7971.04,458.72,26.13455737704918,1.504,2019,5,257,3581,-3276,1556668800000
2022,9,6,19,349.25,150.2,0.0,7.905263157894736,0.0,2022,9,6,84,-65,1661990400000
2018,3,90,172483,2249937.57,1760489.04,273321.33,10.20673944678606,1.5846276444635123,2018,3,90,144230,28253,1519862400000
2016,2,15,19,455.55,351.5,74.57,18.5,3.9247368421052626,2016,2,15,827,-808,1454284800000
2023,10,253,7,840.62,725.3,78.0,103.61428571428571,11.142857142857142,2023,10,253,39,-32,1696118400000
2019,12,67,211,6956.79,5875.2,324.93,27.844549763033175,1.539952606635071,2019,12,67,1392,-1181,1575158400000
2018,1,114,117460,1610770.9200000002,1270122.25,195986.34,10.813232164140985,1.6685368636131448,2018,1,114,91364,26096,1514764800000
2024,2,171,69,2598.33,2345.35,40.38,33.99057971014493,0.5852173913043479,2024,2,171,512,-443,1706745600000
2021,9,218,294,12925.71,11536.31,81.57000000000001,39.23914965986394,0.2774489795918368,2021,9,218,918,-624,1630454400000
2016,5,139,19,513.41,442.0,51.71,23.263157894736842,2.721578947368421,2016,5,139,855,-836,1462060800000
2016,3,90,242195,3185754.7,2500906.6,375549.27,10.326004252771527,1.550607031524185,2016,3,90,189022,53173,1456790400000
2021,2,47,505,16306.91,13733.98,634.64,27.195999999999998,1.2567128712871287,2021,2,47,876,-371,1612137600000
2020,6,258,209,9940.97,8794.26,152.22,42.0777990430622,0.7283253588516746,2020,6,258,317,-108,1590969600000
2023,7,173,73,2351.71,1928.06,192.05,26.41178082191781,2.6308219178082193,2023,7,173,701,-628,1688169600000
2016,1,123,160,2830.65,2380.3,254.61,14.876875000000002,1.5913125000000001,2016,1,123,1795,-1635,1451606400000
2020,9,194,72,2708.4900000000002,2009.77,233.78,27.91347222222222,3.2469444444444444,2020,9,194,285,-213,1598918400000
2025,7,78,1112,30631.38,27360.26,76.27,24.604550359712228,0.06858812949640287,2025,7,78,1475,-363,1751328000000
2022,3,229,77622,1261036.82,807244.7,165535.58,10.399689521012084,2.132585864832135,2022,3,229,78083,-461,1646092800000
2017,6,240,33,848.38,728.5,73.84,22.075757575757574,2.2375757575757578,2017,6,240,345,-312,1496275200000
2018,2,21,73,1528.31,1386.5,57.379999999999995,18.993150684931507,0.7860273972602739,2018,2,21,861,-788,1517443200000
2017,11,123,121,2310.49,2021.7,139.7,16.708264462809918,1.1545454545454545,2017,11,123,1150,-1029,1509494400000
2022,6,197,378,18699.37,15691.23,1819.84,41.51119047619048,4.814391534391534,2022,6,197,1302,-924,1654041600000
2023,7,186,107186,2665735.65,1818928.64,329975.13,16.96983412012763,3.0785282592875935,2023,7,186,66968,40218,1688169600000
2019,1,46,25,1207.38,1057.09,38.49,42.2836,1.5396,2019,1,46,119,-94,1546300800000
2020,3,236,127218,1897974.1500000001,1206883.71,232380.56999999998,9.48673701834646,1.826632787813045,2020,3,236,133030,-5812,1583020800000
2023,11,245,1,112.8,93.0,18.8,93.0,18.8,2023,11,245,39,-38,1698796800000
2022,7,237,129594,1977945.55,1250038.8,255812.06,9.64580767628131,1.973949874222572,2022,7,237,111336,18258,1656633600000
2025,8,37,7128,173608.07,143603.06,1561.04,20.146332772166105,0.21900112233445565,2025,8,37,10655,-3527,1754006400000
2023,2,211,21289,508127.75,340347.71,65355.31,15.98702193621119,3.069909812579266,2023,2,211,24210,-2921,1675209600000
2022,5,82,447,14832.7,11395.63,1527.31,25.493579418344517,3.416800894854586,2022,5,82,2297,-1850,1651363200000
2023,6,130,598,30479.16,25245.23,2359.58,42.21610367892976,3.9457859531772574,2023,6,130,1933,-1335,1685577600000
2016,9,182,81,1562.76,1357.94,90.32,16.76469135802469,1.1150617283950617,2016,9,182,1264,-1183,1472688000000
2016,10,248,74,1328.5800000000002,1140.2,74.39,15.40810810810811,1.0052702702702703,2016,10,248,1063,-989,1475280000000
2022,10,42,3423,69752.73,56547.75,5746.2699999999995,16.51993865030675,1.6787233420975751,2022,10,42,15166,-11743,1664582400000
2021,2,125,4879,81258.13,52865.15,10556.72,10.83524287763886,2.163705677392908,2021,2,125,4274,605,1612137600000
2019,7,168,1722,37464.47,32147.58,1170.1,18.668745644599305,0.6795005807200929,2019,7,168,5636,-3914,1561939200000
2018,11,136,319,9791.14,8698.09,324.22,27.266739811912228,1.0163636363636364,2018,11,136,1171,-852,1541030400000
2024,11,259,192,7734.5,7132.06,31.799999999999997,37.146145833333335,0.165625,2024,11,259,429,-237,1730419200000
2016,3,193,4972,62792.9,53449.65,3899.89,10.750130732099759,0.7843704746580853,2016,3,193,6976,-2004,1456790400000
2023,2,220,109,4482.87,3755.5,273.77,34.45412844036697,2.511651376146789,2023,2,220,1175,-1066,1675209600000
2022,10,12,1402,34959.88,25983.57,3949.36,18.533216833095576,2.8169472182596293,2022,10,12,1953,-551,1664582400000
2025,1,28,697,25937.579999999998,21611.03,1671.6200000000001,31.005781922525106,2.398307030129125,2025,1,28,1465,-768,1735689600000
2017,10,181,10746,178149.16,144930.51,19559.61,13.486926298157455,1.8201758793969849,2017,10,181,33774,-23028,1506816000000
2016,5,200,150,3463.13,2811.56,379.99,18.74373333333333,2.5332666666666666,2016,5,200,4307,-4157,1462060800000
2018,9,135,372,12970.7,10841.95,1007.19,29.145026881720433,2.7075,2018,9,135,1746,-1374,1535760000000
2016,8,112,6504,102571.51,82718.04,10917.03,12.718025830258302,1.678510147601476,2016,8,112,28574,-22070,1470009600000
2022,5,144,29994,593930.6,405940.19,76503.18000000001,13.534046475961858,2.5506161232246454,2022,5,144,32544,-2550,1651363200000
2018,1,249,175826,2340730.87,1834335.77,292054.5,10.432676452856802,1.66104273543162,2018,1,249,144378,31448,1514764800000
2017,7,161,337688,4914751.22,3898341.92,548374.21,11.544212172182606,1.6239078972305796,2017,7,161,331412,6276,1498867200000
2017,2,243,2065,37264.69,30863.05,3495.7400000000002,14.945786924939467,1.692852300242131,2017,2,243,18100,-16035,1485907200000
2020,12,22,304,11007.66,9467.52,771.54,31.143157894736845,2.537960526315789,2020,12,22,588,-284,1606780800000
2023,4,55,149,8014.75,7194.84,91.91,48.28751677852349,0.6168456375838925,2023,4,55,552,-403,1680307200000
2021,9,265,13781,763199.71,732582.3,15135.55,53.15886365285538,1.0982911254625933,2021,9,265,9556,4225,1630454400000
2020,7,75,16525,264224.33,203531.51,20157.96,12.316581543116492,1.219846293494705,2020,7,75,22095,-5570,1593561600000
2025,5,203,492,15766.5,14547.539999999999,85.41,29.568170731707315,0.17359756097560974,2025,5,203,1241,-749,1746057600000
2020,7,60,205,8034.51,7204.68,197.73,35.14478048780488,0.9645365853658536,2020,7,60,367,-162,1593561600000
2021,1,125,4450,72634.5,47499.3,9284.28,10.674000000000001,2.0863550561797752,2021,1,125,3969,481,1609459200000
2023,12,143,36427,786871.01,522189.28,95132.77,14.335226068575508,2.6116004611963652,2023,12,143,48919,-12492,1701388800000
2020,6,214,5,284.03,213.82999999999998,0.0,42.766,0.0,2020,6,214,35,-30,1590969600000
2024,6,90,56843,1287529.23,855058.94,156972.54,15.04246679450416,2.7615104762239855,2024,6,90,51293,5550,1717200000000
2024,7,67,89,2856.62,2672.93,10.41,30.032921348314606,0.11696629213483146,2024,7,67,417,-328,1719792000000
2020,2,241,226,8207.74,7196.07,64.9,31.841017699115042,0.28716814159292037,2020,2,241,1065,-839,1580515200000
2018,4,76,667,21881.56,19558.31,964.75,29.322803598200903,1.4464017991004499,2018,4,76,2540,-1873,1522540800000
2019,7,105,14,342.77,260.5,30.450000000000003,18.607142857142858,2.1750000000000003,2019,7,105,10,4,1561939200000
2020,2,20,140,4471.71,3837.5099999999998,47.27,27.410785714285712,0.3376428571428572,2020,2,20,524,-384,1580515200000
2019,10,163,203342,3796973.46,2560020.14,444977.79,12.589726372318557,2.188322087911007,2019,10,163,179719,23623,1569888000000
2021,11,56,212,8645.04,6869.92,486.72,32.40528301886793,2.2958490566037737,2021,11,56,987,-775,1635724800000
2022,4,11,60,2506.4,2302.11,57.54,38.368500000000004,0.959,2022,4,11,274,-214,1648771200000
2025,3,256,5870,154582.1,128902.51,4070.03,21.95954173764906,0.6933611584327087,2025,3,256,9614,-3744,1740787200000
2019,1,186,261024,3695486.1500000004,2944340.61,430381.33,11.279961267929385,1.6488189974868213,2019,1,186,189681,71343,1546300800000
2016,11,237,413943,5203870.350000001,4167527.02,557954.24,10.067876543388824,1.347901136146764,2016,11,237,365173,48770,1477958400000
2021,2,201,89,4895.05,3911.08,342.43,43.944719101123596,3.8475280898876405,2021,2,201,240,-151,1612137600000
2023,9,159,266,8043.84,7060.11,208.4,26.54176691729323,0.7834586466165414,2023,9,159,688,-422,1693526400000
2016,10,193,4391,56215.11,48017.83,3490.23,10.935511273058529,0.7948599407879754,2016,10,193,6049,-1658,1475280000000
2022,2,49,414,10324.88,8347.75,1233.3799999999999,20.16364734299517,2.979178743961352,2022,2,49,4153,-3739,1643673600000
2024,10,16,117,4454.91,4018.24,146.32999999999998,34.343931623931624,1.2506837606837606,2024,10,16,734,-617,1727740800000
2024,3,226,3380,105050.9,85880.71,8665.77,25.40849408284024,2.563837278106509,2024,3,226,6040,-2660,1709251200000
2022,8,137,38399,652579.6900000001,426076.67,79455.03,11.096035573843068,2.069195291544051,2022,8,137,42634,-4235,1659312000000
2016,12,35,186,5489.64,4059.51,1142.61,21.825322580645164,6.143064516129032,2016,12,35,1319,-1133,1480550400000
2023,1,76,522,16711.52,14471.51,846.91,27.723199233716475,1.6224329501915709,2023,1,76,1840,-1318,1672531200000
2017,12,113,153323,2074255.5300000003,1642162.2,245865.15,10.710475271159577,1.6035764366729062,2017,12,113,130706,22617,1512086400000
2016,12,223,7143,124951.90000000001,98884.05,11670.94,13.843490130197397,1.6338989220215596,2016,12,223,23986,-16843,1480550400000
2022,2,75,22554,361262.79,260488.25,38658.4,11.549536667553427,1.7140374212999911,2022,2,75,41000,-18446,1643673600000
2020,5,19,39,1289.94,1159.18,35.3,29.722564102564103,0.905128205128205,2020,5,19,78,-39,1588291200000
2022,5,44,40,2577.23,2248.4,18.87,56.21,0.47175,2022,5,44,55,-15,1651363200000
2021,7,111,1,34.56,25.0,5.76,25.0,5.76,2021,7,111,48,-47,1625097600000
2018,7,248,107,2594.42,2294.32,87.78,21.442242990654208,0.8203738317757009,2018,7,248,1010,-903,1530403200000
2017,10,150,44,1012.06,844.5,41.32,19.193181818181817,0.9390909090909091,2017,10,150,540,-496,1506816000000
2019,10,198,362,10344.97,8816.48,312.66,24.354917127071822,0.8637016574585636,2019,10,198,3451,-3089,1569888000000
2025,11,216,3239,171575.04,145293.15,16538.18,44.8574096943501,5.105952454461254,2025,11,216,5658,-2419,1761955200000
2019,2,145,9226,182454.05,140847.76,17074.46,15.266394970734881,1.850689356167353,2019,2,145,22811,-13585,1548979200000
2023,3,66,822,26527.96,20309.79,3202.57,24.70777372262774,3.8960705596107057,2023,3,66,4365,-3543,1677628800000
2025,4,215,1546,57878.85,50335.01,2497.25,32.558221216041396,1.6152975420439846,2025,4,215,1948,-402,1743465600000
2016,6,34,511,7965.49,6370.5,945.19,12.466731898238747,1.8496868884540119,2016,6,34,1893,-1382,1464739200000
2023,5,140,68703,1602636.51,1071678.9100000001,200845.53,15.598720725441394,2.9233880616566963,2023,5,140,70224,-1521,1682899200000
2020,1,2,3,76.69,65.5,5.0,21.833333333333332,1.6666666666666667,2020,1,2,7,-4,1577836800000
2021,11,243,580,17685.24,14338.41,1615.68,24.721396551724137,2.7856551724137932,2021,11,243,6419,-5839,1635724800000
2021,2,91,490,16627.14,14059.97,251.99,28.693816326530612,0.514265306122449,2021,2,91,1027,-537,1612137600000
2021,12,175,34,1332.65,1174.1100000000001,19.79,34.532647058823535,0.5820588235294117,2021,12,175,279,-245,1638316800000
2018,11,111,31,917.1400000000001,802.0,42.82,25.870967741935484,1.3812903225806452,2018,11,111,102,-71,1541030400000
2021,4,226,2587,59812.97,47338.36,4783.07,18.298554310011596,1.8488867413993042,2021,4,226,4717,-2130,1617235200000
2022,3,71,130,4072.97,3682.0,56.02,28.323076923076922,0.43092307692307696,2022,3,71,724,-594,1646092800000
2025,4,129,3942,120706.84,100294.92,6215.28,25.442648401826485,1.576681887366819,2025,4,129,5741,-1799,1743465600000
2018,8,210,252,10236.68,9235.07,277.66,36.647103174603174,1.1018253968253968,2018,8,210,1208,-956,1533081600000
2020,3,158,27629,489294.07,321748.7,63486.99,11.64532556371928,2.2978388649607298,2020,3,158,26857,772,1583020800000
2023,5,24,9557,226435.09,160373.73,28741.29,16.780760698964112,3.0073548184576753,2023,5,24,12255,-2698,1682899200000
2017,2,148,145982,2319429.14,1867927.83,269931.84,12.795603773067914,1.8490761874751684,2017,2,148,108297,37685,1485907200000
2024,10,109,6,455.19,388.23,22.76,64.705,3.7933333333333334,2024,10,109,31,-25,1727740800000
2022,10,119,158,4858.65,4258.22,269.98,26.950759493670887,1.70873417721519,2022,10,119,635,-477,1664582400000
2016,8,239,220398,2933794.7600000002,2341124.45,317998.3,10.622258142088404,1.4428365956133902,2016,8,239,207273,13125,1470009600000
2020,12,127,340,9685.15,8218.1,849.32,24.170882352941177,2.498,2020,12,127,1431,-1091,1606780800000
2018,11,256,5289,88251.47,72412.13,8881.92,13.691081489884667,1.6793193420306296,2018,11,256,19271,-13982,1541030400000
2018,6,47,220,5328.39,4781.47,142.46,21.733954545454548,0.6475454545454545,2018,6,47,851,-631,1527811200000
2023,6,114,43364,1026117.86,679035.7999999999,133775.81000000003,15.658975186790885,3.0849508809150454,2023,6,114,30998,12366,1685577600000
2019,4,79,183908,3111232.4299999997,2048311.86,373688.47000000003,11.137698523174631,2.031931563607891,2019,4,79,159310,24598,1554076800000
2022,3,95,351,10501.71,8892.17,742.77,25.333817663817666,2.1161538461538463,2022,3,95,4177,-3826,1646092800000
2022,5,184,5,171.74,146.6,20.64,29.32,4.128,2022,5,184,41,-36,1651363200000
2017,2,96,16,265.64,221.5,15.26,13.84375,0.95375,2017,2,96,156,-140,1485907200000
2025,11,139,566,21475.79,19784.67,42.129999999999995,34.95524734982332,0.07443462897526501,2025,11,139,1161,-595,1761955200000
2024,6,68,97295,2503062.83,1723397.1500000001,301539.9,17.713111156791204,3.099233259674187,2024,6,68,93976,3319,1717200000000
2017,7,9,36,1044.55,926.06,46.69,25.723888888888887,1.2969444444444445,2017,7,9,591,-555,1498867200000
2025,8,106,1208,28707.16,22775.81,535.14,18.85414735099338,0.4429966887417218,2025,8,106,2075,-867,1754006400000
2019,1,50,62838,850221.25,675375.04,96571.76,10.747876125911073,1.5368369457971292,2019,1,50,86775,-23937,1546300800000
2016,2,254,72,1580.58,1408.3,58.44,19.55972222222222,0.8116666666666666,2016,2,254,1014,-942,1454284800000
2021,6,92,389,14611.06,12403.69,282.84000000000003,31.886092544987147,0.727095115681234,2021,6,92,1551,-1162,1622505600000
2019,9,204,1,76.0,60.21,0.0,60.21,0.0,2019,9,204,40,-39,1567296000000
2018,4,190,609,11370.05,9661.0,1008.1,15.863711001642036,1.655336617405583,2018,4,190,2222,-1613,1522540800000
2022,6,183,19,623.3299999999999,565.8,5.33,29.77894736842105,0.2805263157894737,2022,6,183,182,-163,1654041600000
2017,5,113,163651,2286827.45,1815271.22,269153.93,11.092331974751147,1.6446824645128963,2017,5,113,140939,22712,1493596800000
2023,10,53,53,2111.38,1709.79,153.81,32.26018867924528,2.9020754716981134,2023,10,53,423,-370,1696118400000
2022,11,192,20,456.76,388.83,47.53,19.441499999999998,2.3765,2022,11,192,274,-254,1667260800000
2022,5,88,10382,271576.47,196939.19,33824.83,18.969292043922174,3.258026391832017,2022,5,88,13339,-2957,1651363200000
2023,1,125,13977,336295.9,223867.08,44694.65,16.016819059884096,3.1977284109608646,2023,1,125,13471,506,1672531200000
2016,5,261,58390,1210929.93,999145.59,126781.04,17.11158742935434,2.1712800137009762,2016,5,261,53233,5157,1462060800000
2016,7,40,6498,120033.51,95333.81,14432.14,14.671254232071407,2.2210126192674666,2016,7,40,12396,-5898,1467331200000
2022,6,152,2918,52734.53,41035.91,5341.37,14.063026045236464,1.8304900616860864,2022,6,152,5864,-2946,1654041600000
2018,2,91,147,3049.7,2670.3,154.65,18.165306122448982,1.0520408163265307,2018,2,91,1245,-1098,1517443200000
2022,5,54,78,2435.42,1869.96,378.86,23.973846153846154,4.857179487179487,2022,5,54,744,-666,1651363200000
2025,3,176,7,245.59,214.85999999999999,0.0,30.694285714285712,0.0,2025,3,176,26,-19,1740787200000
2024,7,225,1092,32498.11,30124.69,443.09999999999997,27.586712454212453,0.4057692307692307,2024,7,225,3304,-2212,1719792000000
2017,6,79,273973,3927531.7,3119844.17,461723.44,11.387414708748672,1.6852881123322372,2017,6,79,226391,47582,1496275200000
2022,3,105,2,102.99,81.25,15.64,40.625,7.82,2022,3,105,4,-2,1646092800000
2023,1,7,1509,32617.51,25840.84,2706.82,17.124479787939034,1.7937839628893308,2023,1,7,9432,-7923,1672531200000
2018,11,185,264,8221.58,7210.5,239.74,27.3125,0.9081060606060607,2018,11,185,1044,-780,1541030400000
2020,12,12,182,4318.26,3197.64,429.54,17.569450549450547,2.3601098901098903,2020,12,12,355,-173,1606780800000
2017,1,34,288,4533.37,3734.8,431.94,12.968055555555557,1.4997916666666666,2017,1,34,1406,-1118,1483228800000
2021,11,23,83,6104.6,5239.45,10.0,63.125903614457826,0.12048192771084337,2021,11,23,157,-74,1635724800000
2016,5,13,115646,2325851.68,1888930.88,279739.08,16.333732943638342,2.4189256870103595,2016,5,13,121656,-6010,1462060800000
2022,3,196,163,5998.51,4863.56,577.75,29.837791411042947,3.544478527607362,2022,3,196,1200,-1037,1646092800000
2016,5,16,49,1648.33,1373.8,165.05,28.03673469387755,3.3683673469387756,2016,5,16,1677,-1628,1462060800000
2017,2,169,152,2568.13,2138.2,225.15,14.067105263157893,1.48125,2017,2,169,1714,-1562,1485907200000
2018,9,235,379,10853.82,9704.93,307.93,25.606675461741425,0.8124802110817942,2018,9,235,1671,-1292,1535760000000
2021,10,243,601,17019.35,13834.57,1520.81,23.01925124792013,2.530465890183028,2021,10,243,6495,-5894,1633046400000
2025,10,223,2837,97612.68,75126.63,6448.26,26.481011632005643,2.2729150511103278,2025,10,223,6137,-3300,1759276800000
2021,8,40,655,16478.46,12301.95,2137.93,18.781603053435116,3.2640152671755724,2021,8,40,2538,-1883,1627776000000
2023,10,10,1068,80624.81999999999,64385.909999999996,8016.83,60.28643258426966,7.506395131086142,2023,10,10,3189,-2121,1696118400000
2019,3,257,442,13167.2,11086.68,484.15,25.082986425339367,1.0953619909502261,2019,3,257,4039,-3597,1551398400000
2022,3,94,54,1864.34,1532.3700000000001,218.92,28.377222222222226,4.054074074074074,2022,3,94,259,-205,1646092800000
2022,6,40,659,18157.73,13336.68,2715.35,20.23775417298938,4.1204097116843705,2022,6,40,3117,-2458,1654041600000
2017,2,89,858,14991.16,12152.33,1581.68,14.16355477855478,1.8434498834498836,2017,2,89,7651,-6793,1485907200000
2020,1,165,510,14372.41,12318.27,125.26,24.153470588235294,0.24560784313725492,2020,1,165,1955,-1445,1577836800000
2016,9,158,139994,2147249.95,1721896.6,241033.9,12.29978856236696,1.7217445033358572,2016,9,158,126985,13009,1472688000000
2018,7,128,64,1448.15,1255.5,68.57000000000001,19.6171875,1.0714062500000001,2018,7,128,494,-430,1530403200000
2020,9,65,1278,33445.47,27757.48,2762.54,21.719467918622847,2.1616118935837245,2020,9,65,1846,-568,1598918400000
2024,1,59,2,103.44,86.56,0.0,43.28,0.0,2024,1,59,10,-8,1704067200000
2023,2,228,192,7111.19,5581.57,770.3199999999999,29.070677083333333,4.012083333333333,2023,2,228,1392,-1200,1675209600000
2020,9,117,268,14853.2,12810.15,679.69,47.7990671641791,2.536156716417911,2020,9,117,598,-330,1598918400000
2016,2,128,54,1034.62,851.5,113.3,15.768518518518519,2.098148148148148,2016,2,128,674,-620,1454284800000
2018,9,254,322,11533.02,10344.65,237.13,32.126242236024844,0.7364285714285714,2018,9,254,1026,-704,1535760000000
2025,11,94,444,11782.64,10688.08,24.19,24.07225225225225,0.05448198198198199,2025,11,94,773,-329,1761955200000
2022,9,168,469,11888.92,10051.11,598.71,21.4309381663113,1.2765671641791045,2022,9,168,2026,-1557,1661990400000
2017,7,250,134,2647.38,1909.0,536.37,14.246268656716419,4.00276119402985,2017,7,250,747,-613,1498867200000
2016,9,176,1,72.8,66.5,5.0,66.5,5.0,2016,9,176,68,-67,1472688000000
2022,12,15,32,1218.94,1110.3600000000001,34.68,34.698750000000004,1.08375,2022,12,15,345,-313,1669852800000
2022,4,114,42700,771496.7600000001,508358.27,103732.36,11.905345901639345,2.429329274004684,2022,4,114,35851,6849,1648771200000
2017,5,131,70,1784.53,1491.5,185.32,21.307142857142857,2.6474285714285712,2017,5,131,1321,-1251,1493596800000
2024,2,120,9,399.54,322.37,40.79,35.81888888888889,4.532222222222222,2024,2,120,138,-129,1706745600000
2018,11,153,169,5079.66,4610.11,84.19,27.278757396449702,0.4981656804733728,2018,11,153,386,-217,1541030400000
2019,11,165,547,16530.2,14235.93,81.36,26.02546617915905,0.14873857404021937,2019,11,165,1723,-1176,1572566400000
2020,4,125,644,9745.81,6270.02,1237.29,9.73605590062112,1.9212577639751551,2020,4,125,448,196,1585699200000
2025,5,138,126713,8550149.73,5494124.98,1186749.54,43.35881069819198,9.365649459802862,2025,5,138,46816,79897,1746057600000
2022,11,263,68654,1184256.26,770736.8,157151.3,11.226393218166459,2.289033413930725,2022,11,263,71351,-2697,1667260800000
2020,6,179,440,9753.210000000001,8157.66,622.39,18.540136363636364,1.4145227272727272,2020,6,179,933,-493,1590969600000
2025,8,31,94,3332.31,2717.61,131.46,28.910744680851064,1.3985106382978725,2025,8,31,471,-377,1754006400000
2021,10,1,417,41294.57,34048.39,4947.23,81.65081534772182,11.863860911270983,2021,10,1,7336,-6919,1633046400000
2024,10,245,4,252.85,219.76999999999998,12.2,54.942499999999995,3.05,2024,10,245,32,-28,1727740800000
2017,7,37,2375,35777.770000000004,29491.17,3128.72,12.417334736842104,1.317355789473684,2017,7,37,13170,-10795,1498867200000
2017,2,130,573,29922.22,24162.49,3026.4,42.16839441535777,5.281675392670158,2017,2,130,1879,-1306,1485907200000
2021,1,73,36,1185.1,1020.39,59.31,28.344166666666666,1.6475,2021,1,73,120,-84,1609459200000
2018,11,152,7726,113083.76000000001,94022.58,9109.59,12.169632410044008,1.179082319440849,2018,11,152,13264,-5538,1541030400000
2019,5,214,10,505.86,451.21,7.5,45.120999999999995,0.75,2019,5,214,144,-134,1556668800000
2020,11,202,111,3140.09,2674.88,271.07,24.09801801801802,2.442072072072072,2020,11,202,823,-712,1604188800000
2025,8,17,4899,111700.76,94985.24,1061.6,19.388699734639722,0.21669728516023676,2025,8,17,7512,-2613,1754006400000
2024,4,149,178,6291.43,5737.32,37.06,32.23213483146067,0.20820224719101124,2024,4,149,487,-309,1711929600000
2016,10,239,271255,3634917.2600000002,2901747.43,402943.21,10.697489189139372,1.4854775395845239,2016,10,239,254972,16283,1475280000000
2022,3,3,53,2131.7599999999998,1899.53,36.629999999999995,35.84018867924528,0.6911320754716981,2022,3,3,240,-187,1646092800000
2016,11,128,61,1095.77,893.25,105.6,14.64344262295082,1.7311475409836066,2016,11,128,584,-523,1477958400000
2018,12,160,230,7543.24,6376.22,392.07,27.722695652173915,1.7046521739130434,2018,12,160,2469,-2239,1543622400000
2022,9,260,742,24955.47,19049.66,3598.81,25.673396226415093,4.850148247978437,2022,9,260,2846,-2104,1661990400000
2017,4,41,37073,483487.66000000003,393570.87,43806.08,10.616105251800501,1.181616810077415,2017,4,41,64217,-27144,1491004800000
2016,10,35,216,5952.15,4685.5,894.59,21.69212962962963,4.1416203703703705,2016,10,35,1457,-1241,1475280000000
2021,8,217,193,5028.1,4194.53,260.92,21.733316062176165,1.351917098445596,2021,8,217,1519,-1326,1627776000000
2021,11,259,131,6190.33,5398.91,34.97,41.2130534351145,0.2669465648854962,2021,11,259,463,-332,1635724800000
2023,10,147,90,2767.2599999999998,2456.65,68.64,27.296111111111113,0.7626666666666667,2023,10,147,241,-151,1696118400000
2021,10,141,97164,1580562.28,1023938.29,201063.16,10.538247601992508,2.0693174426742416,2021,10,141,98236,-1072,1633046400000
2024,8,148,35380,859699.29,604604.77,91014.56,17.088885528547202,2.572486150367439,2024,8,148,34222,1158,1722470400000
2023,8,78,152,5048.68,4547.87,29.59,29.920197368421054,0.19467105263157894,2023,8,78,381,-229,1690848000000
2024,6,53,131,5102.71,4268.83,279.03,32.58648854961832,2.13,2024,6,53,636,-505,1717200000000
2021,2,164,22876,359152.26,231452.39,42794.79,10.117694964154573,1.8707287113131668,2021,2,164,20613,2263,1612137600000
2022,7,252,46,1504.47,1339.09,43.47,29.110652173913042,0.945,2022,7,252,654,-608,1656633600000
2021,3,54,36,937.61,771.28,60.88,21.424444444444443,1.6911111111111112,2021,3,54,338,-302,1614556800000
2023,2,188,372,13215.28,11818.06,534.17,31.768978494623653,1.4359408602150536,2023,2,188,2222,-1850,1675209600000
2024,4,225,947,28539.94,25857.29,441.76,27.30442449841605,0.46648363252375924,2024,4,225,2925,-1978,1711929600000
2022,8,188,444,13932.369999999999,12270.2,717.82,27.635585585585588,1.6167117117117118,2022,8,188,2857,-2413,1659312000000
2016,10,98,81,1497.27,1226.8,136.46,15.145679012345678,1.6846913580246914,2016,10,98,1011,-930,1475280000000
2017,1,173,403,5194.03,4391.5,258.64,10.897022332506204,0.6417866004962779,2017,1,173,2940,-2537,1483228800000
2021,12,252,48,2505.4,2135.2599999999998,69.74,44.484583333333326,1.4529166666666666,2021,12,252,508,-460,1638316800000
2021,1,39,1043,35929.12,30921.96,1637.66,29.647133269415146,1.570143815915628,2021,1,39,1735,-692,1609459200000
2020,10,160,113,3997.09,3288.13,335.9,29.09849557522124,2.972566371681416,2020,10,160,593,-480,1601510400000
2022,1,112,424,9654.24,7239.54,1266.95,17.07438679245283,2.9880896226415095,2022,1,112,4803,-4379,1640995200000
2025,4,62,1840,46821.28,42063.04,404.0,22.860347826086958,0.21956521739130436,2025,4,62,2597,-757,1743465600000
2024,7,155,421,13525.17,12658.75,155.21,30.06828978622328,0.3686698337292162,2024,7,155,1116,-695,1719792000000
2025,5,77,1407,34095.37,31241.67,29.34,22.204456289978676,0.02085287846481876,2025,5,77,1748,-341,1746057600000
2025,7,160,1025,26359.579999999998,22514.02,619.38,21.96489756097561,0.6042731707317073,2025,7,160,2142,-1117,1751328000000
2025,6,114,59958,1369122.54,900309.64,136618.71,15.015671636812435,2.2785735014510156,2025,6,114,43943,16015,1748736000000
2019,5,128,89,2973.47,2628.41,116.0,29.532696629213483,1.303370786516854,2019,5,128,469,-380,1556668800000
2025,1,217,370,9782.55,8495.47,304.84,22.960729729729728,0.8238918918918918,2025,1,217,1380,-1010,1735689600000
2020,6,152,1561,26497.65,21991.09,1603.04,14.087821909032671,1.0269314541960282,2020,6,152,2315,-754,1590969600000
2023,12,55,218,9801.52,9231.19,49.65,42.344908256880736,0.22775229357798166,2023,12,55,518,-300,1701388800000
2019,4,148,88969,1657621.78,1131470.75,192351.35,12.717584214726477,2.162004181231665,2019,4,148,74912,14057,1554076800000
2018,8,257,310,8171.58,6862.61,557.55,22.137451612903224,1.798548387096774,2018,8,257,3664,-3354,1533081600000
2019,6,265,4442,352127.98,302592.68,35579.03,68.12081945069788,8.00968707789284,2019,6,265,19453,-15011,1559347200000
2021,12,227,69,2829.18,2504.04,79.28999999999999,36.29043478260869,1.1491304347826086,2021,12,227,567,-498,1638316800000
2016,6,7,21335,307282.05,255884.36,24527.05,11.993642371689711,1.149615655026951,2016,6,7,56157,-34822,1464739200000
2024,4,170,99789,2371062.29,1582529.2,289535.82,15.858753970878553,2.901480323482548,2024,4,170,102697,-2908,1711929600000
2018,7,60,99,2856.91,2496.37,91.55,25.215858585858584,0.9247474747474748,2018,7,60,608,-509,1530403200000
2020,3,244,4068,76358.99,62394.81,5827.83,15.337957227138643,1.4326032448377581,2020,3,244,12698,-8630,1583020800000
2020,1,214,35,2168.88,1753.76,90.17999999999999,50.10742857142857,2.5765714285714285,2020,1,214,129,-94,1577836800000
2025,3,11,285,7748.12,6941.93,21.16,24.357649122807018,0.07424561403508773,2025,3,11,545,-260,1740787200000
2021,4,32,296,11609.72,9850.64,83.71,33.27918918918919,0.282804054054054,2021,4,32,564,-268,1617235200000
2019,4,244,8517,170691.21,138295.14,13664.42,16.237541387812612,1.6043700833626864,2019,4,244,25961,-17444,1554076800000
2016,12,95,1642,32918.65,27095.72,2826.23,16.50165651644336,1.7212119366626066,2016,12,95,12227,-10585,1480550400000
2025,1,72,1396,37069.93,34540.92,56.24,24.742779369627506,0.0402865329512894,2025,1,72,1555,-159,1735689600000
2022,3,242,167,6105.139999999999,5451.55,17.189999999999998,32.644011976047906,0.10293413173652693,2022,3,242,543,-376,1646092800000
2018,7,126,136,3545.7,3167.12,128.66,23.287647058823527,0.9460294117647059,2018,7,126,1092,-956,1530403200000
2024,7,208,177,7437.32,6646.99,103.42999999999999,37.553615819209035,0.5843502824858756,2024,7,208,581,-404,1719792000000
2018,12,256,5083,86794.82,71472.92,8710.320000000002,14.061168601219752,1.7136179421601418,2018,12,256,18022,-12939,1543622400000
2021,6,77,267,10524.14,8889.37,85.84,33.29352059925094,0.321498127340824,2021,6,77,608,-341,1622505600000
2021,10,71,207,7899.78,6867.04,103.44,33.174106280193236,0.49971014492753624,2021,10,71,861,-654,1633046400000
2024,5,178,129,4207.68,3847.41,47.33,29.82488372093023,0.3668992248062015,2024,5,178,356,-227,1714521600000
2019,11,134,650,30395.37,24132.4,2998.75,37.126769230769234,4.6134615384615385,2019,11,134,2105,-1455,1572566400000
2025,10,55,1316,50504.2,47584.1,93.21,36.15813069908815,0.07082826747720364,2025,10,55,1906,-590,1759276800000
2020,8,68,21649,420919.44,304050.41,37453.51,14.044547554159545,1.7300341817174005,2020,8,68,19221,2428,1596240000000
2024,11,194,157,9320.62,7011.91,1039.39,44.66184713375796,6.620318471337581,2024,11,194,420,-263,1730419200000
2016,8,207,354,3678.71,2912.0,230.18,8.225988700564972,0.650225988700565,2016,8,207,423,-69,1470009600000
2025,3,114,66267,1454966.42,935399.85,156191.43,14.115620897279188,2.357001675041876,2025,3,114,46495,19772,1740787200000
2024,6,108,212,8443.9,7996.3,30.3,37.718396226415095,0.1429245283018868,2024,6,108,373,-161,1717200000000
2016,10,116,12325,202851.71,168166.07,18805.44,13.644305882352942,1.5257963488843813,2016,10,116,30772,-18447,1475280000000
2016,8,247,1861,32942.18,27497.26,2770.3,14.775529285330467,1.4886082751209029,2016,8,247,5084,-3223,1470009600000
2020,2,82,1957,72003.22,55747.37,7479.34,28.486136944302505,3.821839550332141,2020,2,82,5079,-3122,1580515200000
2019,6,254,453,15783.66,14154.35,14.06,31.24580573951435,0.031037527593818986,2019,6,254,1100,-647,1559347200000
2020,5,101,33,1372.7,1191.49,41.18,36.10575757575758,1.2478787878787878,2020,5,101,64,-31,1588291200000
2022,12,53,52,2229.57,1897.4,112.11999999999999,36.48846153846154,2.156153846153846,2022,12,53,358,-306,1669852800000
2021,6,188,718,24255.12,20265.49,534.21,28.224916434540393,0.7440250696378831,2021,6,188,2493,-1775,1622505600000
2020,11,235,471,15687.88,13429.7,1155.91,28.513163481953292,2.4541613588110405,2020,11,235,1036,-565,1604188800000
2023,8,214,22,1587.5,1315.7,19.22,59.804545454545455,0.8736363636363635,2023,8,214,78,-56,1690848000000
2023,10,215,539,33526.63,27291.11,2946.26,50.63285714285714,5.466159554730984,2023,10,215,935,-396,1696118400000
2022,8,57,11,535.52,462.15,49.22,42.01363636363636,4.474545454545455,2022,8,57,74,-63,1659312000000
2024,12,69,608,18565.14,16835.17,88.21000000000001,27.68942434210526,0.14508223684210528,2024,12,69,1247,-639,1733011200000
2017,12,26,228,4232.24,3820.5,136.07,16.75657894736842,0.596798245614035,2017,12,26,1767,-1539,1512086400000
2017,3,10,1931,123868.43000000001,99039.65,13401.06,51.28930605903677,6.939958570688762,2017,3,10,3428,-1497,1488326400000
2018,10,254,439,15640.84,13963.53,346.3,31.807585421412302,0.7888382687927107,2018,10,254,1216,-777,1538352000000
2020,12,144,8238,144375.45,97530.17,17325.34,11.839059237679049,2.1031002670551104,2020,12,144,8542,-304,1606780800000
2017,8,50,82700,1180813.5499999998,955746.98,120329.95,11.556795405078597,1.4550175332527207,2017,8,50,101357,-18657,1501545600000
2018,10,201,18,1012.22,886.3,41.72,49.23888888888889,2.3177777777777777,2018,10,201,434,-416,1538352000000
2020,8,255,240,6296.91,5207.29,577.49,21.697041666666667,2.4062083333333333,2020,8,255,1621,-1381,1596240000000
2025,9,17,4424,123248.94,107696.88,1234.74,24.343779385171793,0.2791003616636528,2025,9,17,7170,-2746,1756684800000
2023,5,253,12,882.12,773.6,76.17,64.46666666666667,6.3475,2023,5,253,34,-22,1682899200000
2023,7,169,136,4646.71,4156.62,66.14,30.563382352941176,0.4863235294117647,2023,7,169,549,-413,1688169600000
2021,1,245,3,226.73000000000002,194.35000000000002,5.5,64.78333333333335,1.8333333333333333,2021,1,245,12,-9,1609459200000
2016,2,208,76,2570.89,2053.3,256.19,27.017105263157898,3.3709210526315787,2016,2,208,1377,-1301,1454284800000
2022,11,258,50,1739.59,1481.22,116.37,29.6244,2.3274,2022,11,258,671,-621,1667260800000
2025,11,156,21,794.44,581.3100000000001,27.9,27.681428571428576,1.3285714285714285,2025,11,156,51,-30,1761955200000
2022,3,26,142,4155.99,3809.9700000000003,63.92,26.830774647887324,0.45014084507042257,2022,3,26,1190,-1048,1646092800000
2016,6,37,5579,85788.53,68976.18,9503.73,12.3635382685069,1.703482702993368,2016,6,37,22360,-16781,1464739200000
2018,1,10,2079,129966.81,102641.52,14875.35,49.370620490620496,7.1550505050505055,2018,1,10,3087,-1008,1514764800000
2018,1,145,9385,162928.37,130058.57,15027.88,13.858132125732553,1.6012658497602557,2018,1,145,25514,-16129,1514764800000
2020,11,81,277,11676.01,9832.05,862.43,35.494765342960285,3.113465703971119,2020,11,81,460,-183,1604188800000
2024,9,192,133,4507.45,4007.07,52.18,30.128345864661654,0.3923308270676692,2024,9,192,420,-287,1725148800000
2017,2,171,36,893.1700000000001,781.63,59.71,21.711944444444445,1.658611111111111,2017,2,171,1118,-1082,1485907200000
2023,4,224,4400,106176.26,72365.85,12801.16,16.44678409090909,2.9093545454545455,2023,4,224,12739,-8339,1680307200000
2024,6,62,837,24781.52,23117.25,319.47,27.619175627240143,0.3816845878136201,2024,6,62,1725,-888,1717200000000
2021,8,88,7400,173667.37,125425.33,19678.8,16.949368918918918,2.659297297297297,2021,8,88,8885,-1485,1627776000000
2019,4,179,4056,65611.45,53349.03,4300.35,13.153113905325444,1.0602440828402369,2019,4,179,9303,-5247,1554076800000
2019,7,58,26,922.95,743.91,81.03999999999999,28.611923076923077,3.1169230769230767,2019,7,58,163,-137,1561939200000
2023,3,214,22,1520.1,1330.9,0.0,60.49545454545455,0.0,2023,3,214,68,-46,1677628800000
2024,4,210,338,13943.61,12725.06,158.37,37.648106508875735,0.4685502958579882,2024,4,210,695,-357,1711929600000
2016,8,175,30,1058.48,864.0,136.87,28.8,4.562333333333333,2016,8,175,869,-839,1470009600000
2017,9,32,26,554.5500000000001,479.0,20.57,18.423076923076923,0.7911538461538462,2017,9,32,596,-570,1504224000000
2023,4,225,451,14139.4,12204.91,776.19,27.06188470066519,1.7210421286031043,2023,4,225,3225,-2774,1680307200000
2020,5,152,1251,19620.12,16370.55,1039.13,13.085971223021582,0.8306394884092727,2020,5,152,1864,-613,1588291200000
2019,8,91,614,19237.72,17036.14,107.24,27.74615635179153,0.17465798045602604,2019,8,91,2000,-1386,1564617600000
2022,5,18,102,3622.07,3175.51,113.66,31.13245098039216,1.114313725490196,2022,5,18,566,-464,1651363200000
2018,10,84,3,165.03,123.0,10.83,41.0,3.61,2018,10,84,99,-96,1538352000000
2022,10,69,180,5249.01,4621.97,166.84,25.677611111111112,0.9268888888888889,2022,10,69,1257,-1077,1664582400000
2020,2,14,464,17528.49,15010.54,585.14,32.350301724137935,1.2610775862068966,2020,2,14,4546,-4082,1580515200000
2021,6,106,240,6928.17,5737.89,529.41,23.907875,2.205875,2021,6,106,1076,-836,1622505600000
2022,6,33,2541,69827.26,54157.87,9096.59,21.313604879968516,3.5799252262888626,2022,6,33,9249,-6708,1654041600000
2017,7,6,39,1654.68,1113.0,77.31,28.53846153846154,1.9823076923076923,2017,7,6,155,-116,1498867200000
2022,10,221,3,179.97,137.3,15.92,45.76666666666667,5.306666666666667,2022,10,221,75,-72,1664582400000
2022,11,131,103,3743.52,3421.4300000000003,124.28999999999999,33.21776699029127,1.2066990291262134,2022,11,131,651,-548,1667260800000
2023,3,177,204,6700.84,5993.51,171.63,29.37995098039216,0.8413235294117647,2023,3,177,832,-628,1677628800000
2023,1,122,63,2425.4,2140.15,11.0,33.97063492063492,0.1746031746031746,2023,1,122,236,-173,1672531200000
2024,3,35,872,26885.89,24871.65,31.79,28.522534403669727,0.03645642201834862,2024,3,35,1104,-232,1709251200000
2021,3,192,130,4577.81,4025.48,133.01,30.965230769230768,1.023153846153846,2021,3,192,252,-122,1614556800000
2017,6,38,34,1540.23,1402.0,69.54,41.23529411764706,2.045294117647059,2017,6,38,792,-758,1496275200000
2023,2,156,4,385.55,296.6,15.0,74.15,3.75,2023,2,156,41,-37,1675209600000
2017,9,265,4652,384891.13,329749.27,39828.59,70.88333404987102,8.561605760963026,2017,9,265,22563,-17911,1504224000000
2022,2,40,454,11173.710000000001,8334.7,1492.96,18.358370044052865,3.2884581497797356,2022,2,40,2486,-2032,1643673600000
2023,6,47,93,3004.87,2713.29,24.83,29.17516129032258,0.26698924731182794,2023,6,47,290,-197,1685577600000
2023,12,265,2372,217689.06,191606.53,19160.69,80.77846964586847,8.077862563237774,2023,12,265,14674,-12302,1701388800000
2021,4,94,206,6317.39,5344.8,109.01,25.945631067961166,0.5291747572815534,2021,4,94,376,-170,1617235200000
2019,12,254,407,14624.33,12718.28,61.89,31.24884520884521,0.15206388206388208,2019,12,254,944,-537,1575158400000
2021,6,62,306,10539.12,8930.44,454.74,29.184444444444445,1.486078431372549,2021,6,62,1333,-1027,1622505600000
2023,11,40,418,12849.17,9578.87,1501.82,22.915956937799045,3.592870813397129,2023,11,40,2813,-2395,1698796800000
2016,8,54,554,10421.25,8433.3,1254.3,15.222563176895305,2.2640794223826712,2016,8,54,2945,-2391,1470009600000
2020,2,187,8,477.40000000000003,403.55,0.0,50.44375,0.0,2020,2,187,33,-25,1580515200000
2023,8,41,6426,142967.99,109127.83,12339.06,16.98223311546841,1.9201774042950512,2023,8,41,16120,-9694,1690848000000
2018,4,25,9873,160042.96,131343.06,16847.88,13.303257368580978,1.7064600425402614,2018,4,25,17699,-7826,1522540800000
2023,10,33,1910,63259.37,49420.62,7278.84,25.874670157068064,3.8109109947643978,2023,10,33,8908,-6998,1696118400000
2025,3,73,150,3928.52,3459.75,18.65,23.065,0.12433333333333332,2025,3,73,535,-385,1740787200000
2025,5,68,113835,2856716.71,1883409.55,322636.8,16.545083234506084,2.8342495717485834,2025,5,68,113817,18,1746057600000
2017,7,61,1711,28184.65,23287.91,2618.2,13.610701344243132,1.5302162478082992,2017,7,61,15406,-13695,1498867200000
2024,1,185,125,4374.08,4045.64,31.099999999999998,32.36512,0.2488,2024,1,185,383,-258,1704067200000
2023,2,89,281,9097.51,7779.57,419.79,27.6853024911032,1.493914590747331,2023,2,89,2260,-1979,1675209600000
2024,3,84,1,65.48,50.1,0.0,50.1,0.0,2024,3,84,33,-32,1709251200000
2025,5,44,2,211.91,175.53,20.0,87.765,10.0,2025,5,44,31,-29,1746057600000
2016,5,67,86,3136.81,1429.8,1564.0900000000001,16.625581395348835,18.187093023255816,2016,5,67,2082,-1996,1462060800000
2016,8,198,443,7830.13,6519.23,715.03,14.71609480812641,1.6140632054176072,2016,8,198,7527,-7084,1470009600000
2022,3,239,104851,1760732.91,1128181.68,241082.93,10.759856176860497,2.2992907077662585,2022,3,239,101862,2989,1646092800000
2024,10,238,73798,1592143.64,1065134.96,194347.63,14.433114176535948,2.633508089650126,2024,10,238,83508,-9710,1727740800000
2025,8,96,108,3061.5,2583.47,161.43,23.921018518518515,1.4947222222222223,2025,8,96,266,-158,1754006400000
2019,12,25,5685,108615.87,87407.3,9978.33,15.375074758135444,1.755203166226913,2019,12,25,12126,-6441,1575158400000
2025,1,206,7,377.69,320.2,0.0,45.74285714285714,0.0,2025,1,206,47,-40,1735689600000
2020,8,254,607,25771.72,22509.9,1167.28,37.0838550247117,1.9230313014827018,2020,8,254,846,-239,1596240000000
2020,5,52,86,2152.51,1675.82,216.28,19.48627906976744,2.5148837209302326,2020,5,52,173,-87,1588291200000
2024,5,25,2079,61735.68,52748.89,3574.9,25.372241462241462,1.7195286195286195,2024,5,25,6040,-3961,1714521600000
2024,11,218,412,17477.06,16099.6,159.32,39.07669902912622,0.38669902912621357,2024,11,218,970,-558,1730419200000
2018,11,201,27,1528.01,1363.96,39.08,50.517037037037035,1.4474074074074073,2018,11,201,372,-345,1541030400000
2016,6,167,233,3339.2000000000003,2826.52,181.45,12.13098712446352,0.7787553648068669,2016,6,167,1731,-1498,1464739200000
2019,6,44,31,1655.98,1598.0,10.0,51.54838709677419,0.3225806451612903,2019,6,44,79,-48,1559347200000
2018,9,224,16774,242811.13,196180.02,26649.18,11.695482294026469,1.5887194467628474,2018,9,224,31171,-14397,1535760000000
2022,3,51,242,9659.13,8793.640000000001,34.64,36.337355371900834,0.14314049586776859,2022,3,51,497,-255,1646092800000
2021,6,154,19,836.04,723.9200000000001,25.02,38.10105263157895,1.3168421052631578,2021,6,154,64,-45,1622505600000
2018,8,135,374,12118.33,10193.42,918.87,27.25513368983957,2.456871657754011,2018,8,135,2095,-1721,1533081600000
2023,7,220,140,4806.01,4141.44,218.92,29.581714285714284,1.5637142857142856,2023,7,220,1226,-1086,1688169600000
2016,9,131,68,1453.82,1252.1,110.3,18.413235294117644,1.6220588235294118,2016,9,131,1461,-1393,1472688000000
2017,7,36,1195,19762.15,15929.92,2188.52,13.3304769874477,1.831397489539749,2017,7,36,7781,-6586,1498867200000
2016,9,168,1835,32208.3,27436.33,1918.67,14.951678474114443,1.0455967302452316,2016,9,168,7456,-5621,1472688000000
2017,2,186,324172,4587600.19,3681410.47,509825.94,11.356349314561406,1.5727019606875363,2017,2,186,254405,69767,1485907200000
2017,10,68,233835,3417412.2199999997,2725093.16,387049.82,11.65391476896102,1.6552262065131396,2017,10,68,218226,15609,1506816000000
2017,4,231,191412,3103116.92,2499326.4,365288.44,13.057313021127202,1.9083883978016007,2017,4,231,179654,11758,1491004800000
2019,3,252,201,7942.09,7123.05,231.64,35.43805970149254,1.1524378109452735,2019,3,252,1332,-1131,1551398400000
2019,12,15,140,4810.75,4117.88,95.46,29.41342857142857,0.6818571428571428,2019,12,15,697,-557,1575158400000
2018,8,185,123,3379.29,2937.57,137.07,23.88268292682927,1.114390243902439,2018,8,185,1062,-939,1533081600000
2020,11,67,142,4363.99,3687.34,351.33,25.96718309859155,2.4741549295774647,2020,11,67,300,-158,1604188800000
2020,8,70,2140,84616.65,67547.88,7100.95,31.56442990654206,3.318200934579439,2020,8,70,986,1154,1596240000000
2021,7,158,19962,377023.44,250984.71,49917.41,12.573124436429215,2.500621681194269,2021,7,158,29110,-9148,1625097600000
2024,2,150,60,2026.02,1874.72,21.96,31.245333333333335,0.366,2024,2,150,229,-169,1706745600000
2025,5,87,33433,954974.43,675928.47,85434.94,20.217404061855053,2.5554075314808724,2025,5,87,44627,-11194,1746057600000
2025,8,252,337,8568.78,7179.62,115.77,21.304510385756675,0.34353115727002964,2025,8,252,1326,-989,1754006400000
2025,11,208,674,17626.28,15320.52,124.34,22.73074183976261,0.18448071216617212,2025,11,208,1328,-654,1761955200000
2018,9,39,656,24343.670000000002,22229.96,547.52,33.88713414634146,0.8346341463414634,2018,9,39,2113,-1457,1535760000000
2021,10,204,4,361.75,332.5,0.0,83.125,0.0,2021,10,204,9,-5,1633046400000
2023,8,1,314,30836.42,26865.06,3036.8,85.55751592356688,9.671337579617836,2023,8,1,8626,-8312,1690848000000
2018,5,226,14369,266808.84,223647.23,21554.69,15.564564687869721,1.5000828171758647,2018,5,226,21754,-7385,1525132800000
2018,10,116,9497,152244.42,127623.06,12244.23,13.438249973675898,1.289273454775192,2018,10,116,22543,-13046,1538352000000
2023,10,32,100,3601.2,3246.08,11.25,32.4608,0.1125,2023,10,32,241,-141,1696118400000
2024,6,67,165,4853.5,4437.01,50.43,26.890969696969698,0.30563636363636365,2024,6,67,475,-310,1717200000000
2017,2,27,2,19.21,14.0,3.6100000000000003,7.0,1.8050000000000002,2017,2,27,70,-68,1485907200000
2017,6,220,205,4173.96,3467.73,357.65999999999997,16.915756097560976,1.744682926829268,2017,6,220,3728,-3523,1496275200000
2019,12,213,639,21281.44,17906.19,160.71,28.02220657276995,0.2515023474178404,2019,12,213,1449,-810,1575158400000
2020,11,164,26268,415292.44,270248.64,48879.1,10.288131566925538,1.8607849855337293,2020,11,164,22353,3915,1604188800000
2025,5,109,9,410.89,322.99,0.0,35.88777777777778,0.0,2025,5,109,34,-25,1746057600000
2018,2,105,7,128.52,104.5,16.42,14.928571428571429,2.345714285714286,2018,2,105,9,-2,1517443200000
2020,3,212,127,2702.87,2404.29,43.41,18.931417322834644,0.34181102362204724,2020,3,212,538,-411,1583020800000
2022,6,98,50,1448.4,1282.55,81.3,25.651,1.626,2022,6,98,541,-491,1654041600000
2019,4,249,142961,2387970.12,1556412.12,295505.56,10.886970012800695,2.0670361846937277,2019,4,249,118944,24017,1554076800000
2018,10,231,153843,2622350.17,2108938.32,314088.95,13.708380101792086,2.0416200282105783,2018,10,231,145480,8363,1538352000000
2024,2,57,7,243.4,210.38,13.58,30.054285714285715,1.94,2024,2,57,42,-35,1706745600000
2020,9,187,1,3.3,2.5,0.0,2.5,0.0,2020,9,187,9,-8,1598918400000
2017,6,40,6298,113917.82,90650.61,13971.78,14.393555096856145,2.218447126071769,2017,6,40,11935,-5637,1496275200000
2016,11,3,20,356.32,316.38,11.95,15.818999999999999,0.5974999999999999,2016,11,3,483,-463,1477958400000
2017,1,157,481,16192.67,13008.82,1623.35,27.045363825363825,3.374948024948025,2017,1,157,3583,-3102,1483228800000
2025,9,37,6728,193133.35,163992.21,1645.45,24.37458531510107,0.24456747919143876,2025,9,37,9991,-3263,1756684800000
2024,12,108,222,8304.34,7724.85,82.69,34.796621621621625,0.37247747747747745,2024,12,108,368,-146,1733011200000
2022,10,86,125,6463.12,5917.530000000001,113.53999999999999,47.34024000000001,0.9083199999999999,2022,10,86,663,-538,1664582400000
2023,8,99,2,64.2,48.1,0.0,24.05,0.0,2023,8,99,7,-5,1690848000000
2019,5,71,604,21885.93,19782.88,64.56,32.75311258278146,0.10688741721854304,2019,5,71,1805,-1201,1556668800000
2025,6,169,1131,29728.93,26697.44,58.5,23.60516357206012,0.05172413793103448,2025,6,169,1670,-539,1748736000000
2023,7,221,3,244.04,184.7,38.59,61.56666666666666,12.863333333333335,2023,7,221,66,-63,1688169600000
2017,4,197,387,12005.2,10217.36,871.3,26.401447028423775,2.251421188630491,2017,4,197,2355,-1968,1491004800000
2019,5,74,30880,451353.39,351863.68,31058.64,11.394549222797927,1.0057849740932643,2019,5,74,61654,-30774,1556668800000
2022,6,120,15,458.42999999999995,385.48,33.85,25.698666666666668,2.256666666666667,2022,6,120,154,-139,1654041600000
2017,11,231,158187,2581495.05,2072144.87,310318.78,13.099337303318226,1.9617211275262825,2017,11,231,149588,8599,1509494400000
2019,9,118,41,3372.1,3246.74,10.0,79.18878048780488,0.24390243902439024,2019,9,118,191,-150,1567296000000
2016,12,263,188187,2595987.9,2070676.52,290667.82,11.003292044615197,1.5445690722525998,2016,12,263,196135,-7948,1480550400000
2019,12,92,516,16857.29,14322.47,347.46,27.75672480620155,0.6733720930232557,2019,12,92,3137,-2621,1575158400000
2017,11,176,2,120.34,93.08,25.16,46.54,12.58,2017,11,176,61,-59,1509494400000
2020,1,225,1122,31552.5,27569.16,426.15,24.57144385026738,0.3798128342245989,2020,1,225,5521,-4399,1577836800000
2020,7,194,73,2879.41,2165.7,247.69,29.66712328767123,3.393013698630137,2020,7,194,175,-102,1593561600000
2024,7,64,48,2182.02,1960.33,75.91,40.84020833333333,1.5814583333333332,2024,7,64,418,-370,1719792000000
2022,12,191,204,9324.4,8476.93,61.67,41.55357843137255,0.30230392156862745,2022,12,191,756,-552,1669852800000
2016,12,254,79,1479.14,1318.01,67.54,16.683670886075948,0.8549367088607596,2016,12,254,911,-832,1480550400000
2017,12,223,4978,105258.69,82967.94,10247.22,16.666922458818803,2.0585014061872235,2017,12,223,19824,-14846,1512086400000
2018,8,258,187,6052.96,5261.41,300.1,28.135882352941177,1.604812834224599,2018,8,258,1734,-1547,1533081600000
2019,2,49,2218,45612.31,39157.840000000004,2328.85,17.654571686203788,1.0499774571686202,2019,2,49,11247,-9029,1548979200000
2023,5,29,110,4839.0199999999995,4237.15,132.37,38.51954545454545,1.2033636363636364,2023,5,29,502,-392,1682899200000
2016,4,247,2031,34340.17,28931.32,2607.14,14.244864598719841,1.2836730674544559,2016,4,247,5460,-3429,1459468800000
2016,5,117,43,2490.59,1961.54,411.97,45.617209302325584,9.580697674418605,2016,5,117,469,-426,1462060800000
2019,2,59,26,920.9,828.76,0.0,31.875384615384615,0.0,2019,2,59,62,-36,1548979200000
2018,3,116,11849,179347.08,149517.54,15033.26,12.618578783019665,1.2687366022449151,2018,3,116,26794,-14945,1519862400000
2016,11,113,170339,2372357.32,1888336.37,275974.26,11.085754700919932,1.6201472358062452,2016,11,113,143690,26649,1477958400000
2024,5,23,15,1019.17,782.87,49.6,52.19133333333333,3.3066666666666666,2024,5,23,89,-74,1714521600000
2025,7,85,1961,55033.6,49400.39,186.95,25.191427842937276,0.09533401325854156,2025,7,85,2310,-349,1751328000000
2016,6,146,12035,187605.5,156675.42,16609.42,13.018314914831741,1.3800930619027834,2016,6,146,15149,-3114,1464739200000
2017,12,132,197374,11129237.73,9164618.06,1136622.29,46.43275233820058,5.758723489416033,2017,12,132,80443,116931,1512086400000
2016,1,160,204,3988.56,3372.11,282.99,16.529950980392158,1.3872058823529412,2016,1,160,3529,-3325,1451606400000
2018,4,215,924,55416.23,44526.82,5803.46,48.189199134199136,6.280800865800866,2018,4,215,1031,-107,1522540800000
2017,11,218,110,2456.9,2168.5,116.04,19.713636363636365,1.054909090909091,2017,11,218,1062,-952,1509494400000
2018,10,244,8388,160416.72,134894.04,13498.57,16.081788268955652,1.6092715784453981,2018,10,244,29024,-20636,1538352000000
2020,5,106,166,3775.66,3207.91,339.88,19.324759036144577,2.047469879518072,2020,5,106,178,-12,1588291200000
2017,4,69,457,7001.150000000001,6008.96,372.87,13.14870897155361,0.8159080962800875,2017,4,69,4119,-3662,1491004800000
2017,5,45,22233,375915.28,312148.51,36984.28,14.039873611298521,1.6634858093824494,2017,5,45,26647,-4414,1493596800000
2021,8,213,423,15787.05,12875.56,252.2,30.43867612293144,0.5962174940898345,2021,8,213,960,-537,1627776000000
2023,6,20,58,2165.67,1871.79,101.78,32.272241379310344,1.7548275862068965,2023,6,20,271,-213,1685577600000
2019,9,168,1560,30386.43,25830.88,998.5,16.558256410256412,0.6400641025641025,2019,9,168,5409,-3849,1567296000000
2020,4,232,315,6877.14,5547.48,539.07,17.611047619047618,1.7113333333333336,2020,4,232,1216,-901,1585699200000
2024,1,192,67,2159.15,1934.31,47.88,28.870298507462685,0.7146268656716418,2024,1,192,270,-203,1704067200000
2020,7,151,14021,207411.21,151909.79,21044.67,10.834447614292847,1.5009393053277227,2020,7,151,11567,2454,1593561600000
2019,4,41,27912,397761.35,307832.53,32511.03,11.028680495844082,1.1647689165950128,2019,4,41,47500,-19588,1554076800000
2022,11,184,2,175.60000000000002,144.5,29.0,72.25,14.5,2022,11,184,24,-22,1667260800000
2025,7,66,6474,181664.53,147734.7,6441.87,22.81969416126043,0.9950370713623725,2025,7,66,7353,-879,1751328000000
2018,4,150,70,2610.92,2341.5,56.77,33.45,0.811,2018,4,150,495,-425,1522540800000
2025,5,137,48313,1055262.44,692531.65,94604.1,14.334271314139052,1.9581499803365554,2025,5,137,54851,-6538,1746057600000
2017,5,88,41030,903909.81,739578.8,104267.09,18.02531805995613,2.5412403119668534,2017,5,88,43254,-2224,1493596800000
2020,7,7,1641,29947.74,25063.59,1887.38,15.273363802559414,1.1501401584399757,2020,7,7,3689,-2048,1593561600000
2016,5,50,120119,1800053.18,1453823.8,192170.91,12.103195997302675,1.5998377442369651,2016,5,50,130916,-10797,1462060800000
2018,6,192,109,3398.2,3017.76,203.94,27.68587155963303,1.8710091743119266,2018,6,192,728,-619,1527811200000
2022,7,214,3,212.32999999999998,134.0,40.68,44.666666666666664,13.56,2022,7,214,62,-59,1656633600000
2024,5,34,247,7784.33,6691.58,337.99,27.091417004048584,1.3683805668016196,2024,5,34,491,-244,1714521600000
2020,12,67,131,4435.16,3786.04,329.68,28.901068702290075,2.5166412213740457,2020,12,67,298,-167,1606780800000
2022,8,211,23286,442730.9,299394.73,56263.97,12.85728463454436,2.416214463626213,2022,8,211,26587,-3301,1659312000000
2023,9,49,548,18514.91,15534.87,1505.02,28.34830291970803,2.7463868613138684,2023,9,49,3950,-3402,1693526400000
2025,4,31,107,3680.17,2929.32,205.1,27.376822429906543,1.916822429906542,2025,4,31,351,-244,1743465600000
2021,7,49,664,21297.14,17347.58,1788.0,26.125873493975906,2.6927710843373496,2021,7,49,3979,-3315,1625097600000
2019,12,5,33,2535.7599999999998,2465.5,16.8,74.71212121212122,0.5090909090909091,2019,12,5,79,-46,1575158400000
2016,4,230,371180,6183666.72,4954095.23,645614.86,13.346880839484887,1.739357885661943,2016,4,230,350687,20493,1459468800000
2019,11,152,6412,94294.13,74462.14,7951.07,11.612935121646911,1.2400296319401123,2019,11,152,10977,-4565,1572566400000
2021,1,10,544,25666.98,21719.89,1699.43,39.92626838235294,3.123952205882353,2021,1,10,1241,-697,1609459200000
2023,4,9,51,1506.28,1390.22,28.46,27.259215686274512,0.5580392156862746,2023,4,9,337,-286,1680307200000
2020,12,220,281,9283.34,7975.21,654.8,28.38153024911032,2.3302491103202847,2020,12,220,883,-602,1606780800000
2016,8,233,137125,2085758.9100000001,1652469.29,233848.09,12.050824357338195,1.7053643755697356,2016,8,233,147914,-10789,1470009600000
2016,11,77,78,1667.82,1350.5,184.94,17.314102564102566,2.371025641025641,2016,11,77,624,-546,1477958400000
2017,3,92,498,10201.15,8678.14,630.51,17.42598393574297,1.2660843373493975,2017,3,92,4118,-3620,1488326400000
2017,6,66,5202,97674.23,80088.68,11342.13,15.395747789311802,2.180340253748558,2017,6,66,15129,-9927,1496275200000
2024,12,26,482,13548.99,12358.85,296.95,25.64076763485477,0.6160788381742739,2024,12,26,1133,-651,1733011200000
2025,7,202,588,19271.39,15982.75,548.21,27.18154761904762,0.9323299319727891,2025,7,202,2287,-1699,1751328000000
2025,10,27,15,651.12,595.08,0.0,39.672000000000004,0.0,2025,10,27,88,-73,1759276800000
2024,3,214,6,344.71,285.63,0.0,47.605,0.0,2024,3,214,49,-43,1709251200000
2016,3,63,128,3790.62,3221.0,400.16,25.1640625,3.12625,2016,3,63,1379,-1251,1456790400000
2024,8,211,26507,617783.89,422462.82,69821.36,15.937783227072094,2.6340725091485266,2024,8,211,26524,-17,1722470400000
2023,7,5,43,3900.19,2780.2000000000003,35.0,64.65581395348838,0.813953488372093,2023,7,5,57,-14,1688169600000
2023,3,125,16370,411998.31,275981.91,54550.16,16.85900488698839,3.3323249847281615,2023,3,125,16139,231,1677628800000
2020,2,235,394,11660.62,10200.4,107.57,25.88934010152284,0.2730203045685279,2020,2,235,1413,-1019,1580515200000
2016,4,137,149466,2050990.8900000001,1626358.89,231421.86,10.881129420737826,1.5483244349885592,2016,4,137,163589,-14123,1459468800000
2016,10,163,286326,4402153.18,3550544.7,464623.87,12.400357285052703,1.6227093243365953,2016,10,163,260136,26190,1475280000000
2017,1,216,474,24709.8,20232.54,2573.97,42.6846835443038,5.430316455696202,2017,1,216,3501,-3027,1483228800000
2021,11,145,3239,63822.77,48790.29,6574.82,15.063380673047238,2.029891941957394,2021,11,145,10673,-7434,1635724800000
2023,5,119,165,6159.65,5376.06,286.74,32.58218181818182,1.737818181818182,2023,5,119,717,-552,1682899200000
2023,10,228,308,14247.82,11326.37,1466.21,36.77392857142858,4.760422077922078,2023,10,228,1747,-1439,1696118400000
2022,6,258,87,2844.2599999999998,2530.9900000000002,130.46,29.091839080459774,1.4995402298850575,2022,6,258,747,-660,1654041600000
2025,6,187,5,192.3,142.04,0.0,28.407999999999998,0.0,2025,6,187,33,-28,1748736000000
2025,11,263,76717,1471749.65,916914.07,167080.58,11.95190205560697,2.177882086108685,2025,11,263,82763,-6046,1761955200000
2019,9,34,154,2994.66,2334.83,344.23,15.161233766233766,2.2352597402597403,2019,9,34,797,-643,1567296000000
2019,12,234,191516,3251312.2800000003,2122925.74,401893.92,11.084847950040729,2.098487437080975,2019,12,234,166323,25193,1575158400000
2016,6,258,201,4587.84,3830.8,350.43,19.058706467661693,1.7434328358208955,2016,6,258,2216,-2015,1464739200000
2016,8,69,511,11607.630000000001,9814.5,1095.28,19.20645792563601,2.143405088062622,2016,8,69,4469,-3958,1470009600000
2020,3,35,556,14314.34,13151.28,20.01,23.65338129496403,0.03598920863309353,2020,3,35,1098,-542,1583020800000
2022,10,214,15,898.3399999999999,736.2,34.24,49.080000000000005,2.2826666666666666,2022,10,214,35,-20,1664582400000
2016,4,228,1477,26452.81,21498.89,2698.78,14.555781990521327,1.8272037914691945,2016,4,228,9079,-7602,1459468800000
2023,10,220,152,5197.59,4550.68,147.64000000000001,29.93868421052632,0.9713157894736844,2023,10,220,1333,-1181,1696118400000
2023,11,186,111638,2884000.0900000003,1977596.4000000001,372252.25,17.71436607606729,3.334458248983321,2023,11,186,71815,39823,1698796800000
2022,2,173,51,1210.57,1033.52,46.7,20.265098039215687,0.915686274509804,2022,2,173,688,-637,1643673600000
2023,3,70,16373,952741.88,650700.5,127091.4,39.74228913455079,7.762254931900079,2023,3,70,2195,14178,1677628800000
2016,4,129,7155,108129.13,90938.6,6383.52,12.709797344514326,0.8921761006289308,2016,4,129,21466,-14311,1459468800000
2020,5,126,166,5884.78,5099.09,165.28,30.71740963855422,0.9956626506024097,2020,5,126,435,-269,1588291200000
2021,6,190,87,2344.23,1953.19,196.09,22.450459770114943,2.2539080459770116,2021,6,190,409,-322,1622505600000
2019,1,20,178,5455.79,4711.81,157.09,26.470842696629216,0.8825280898876404,2019,1,20,792,-614,1546300800000
2021,1,198,253,8077.6,6788.56,441.07,26.83225296442688,1.7433596837944665,2021,1,198,810,-557,1609459200000
2023,12,76,715,24832.25,22806.82,215.85999999999999,31.89765034965035,0.3019020979020979,2023,12,76,1675,-960,1701388800000
2018,7,37,1446,26307.100000000002,22293.05,1900.15,15.417047026279391,1.314073305670816,2018,7,37,10244,-8798,1530403200000
2020,4,5,1,114.78,99.49,2.75,99.49,2.75,2020,4,5,4,-3,1585699200000
2024,3,26,304,9807.36,8937.23,132.72,29.39878289473684,0.43657894736842107,2024,3,26,1099,-795,1709251200000
2022,1,202,69,1763.56,1467.71,154.9,21.271159420289855,2.2449275362318843,2022,1,202,1330,-1261,1640995200000
2020,1,201,33,1623.94,1435.81,5.0,43.50939393939394,0.15151515151515152,2020,1,201,360,-327,1577836800000
2022,4,163,103333,1876473.28,1231517.59,245176.99,11.91795060629228,2.372688202220007,2022,4,163,88290,15043,1648771200000
2025,4,100,55610,1316026.68,852427.44,150936.88,15.328671821614817,2.714203920158245,2025,4,100,49264,6346,1743465600000
2016,5,38,20,1036.02,888.51,114.93,44.4255,5.7465,2016,5,38,742,-722,1462060800000
2017,6,4,23444,347417.34,281614.17,36992.85,12.012206534721036,1.5779239890803616,2017,6,4,47419,-23975,1496275200000
2017,11,44,4,427.62,351.5,43.62,87.875,10.905,2017,11,44,28,-24,1509494400000
2018,2,160,119,3211.46,2648.5,277.25,22.256302521008404,2.3298319327731094,2018,2,160,2302,-2183,1517443200000
2018,11,118,25,1575.3999999999999,1492.0,40.620000000000005,59.68,1.6248000000000002,2018,11,118,199,-174,1541030400000
2021,3,184,15,518.71,455.97,0.0,30.398000000000003,0.0,2021,3,184,42,-27,1614556800000
2020,12,139,248,9194.5,8028.17,644.45,32.371653225806455,2.5985887096774194,2020,12,139,396,-148,1606780800000
2022,8,94,43,1468.75,1330.9,10.35,30.951162790697676,0.24069767441860465,2022,8,94,231,-188,1659312000000
2024,6,171,108,3989.79,3737.34,6.35,34.605000000000004,0.05879629629629629,2024,6,171,591,-483,1717200000000
2025,3,204,2,312.0,280.0,30.0,140.0,15.0,2025,3,204,8,-6,1740787200000
2024,9,64,82,2840.88,2364.74,185.02,28.838292682926827,2.256341463414634,2024,9,64,448,-366,1725148800000
2017,5,41,38340,509554.26,413646.91,47259.04,10.788912623891497,1.2326301512780387,2017,5,41,63803,-25463,1493596800000
2025,3,198,2252,56274.96,48784.97,402.5,21.662952930728242,0.17873001776198935,2025,3,198,3954,-1702,1740787200000
2022,12,65,2304,68109.78,54185.53,7506.0,23.51802517361111,3.2578125,2022,12,65,4612,-2308,1669852800000
2023,5,64,21,986.85,860.37,65.33,40.97,3.110952380952381,2023,5,64,389,-368,1682899200000
2025,5,217,888,21653.83,18856.33,300.07,21.234605855855857,0.33791666666666664,2025,5,217,1958,-1070,1746057600000
2025,4,123,480,12474.78,11375.39,49.68,23.698729166666666,0.1035,2025,4,123,1029,-549,1743465600000
2025,5,58,71,2267.71,1933.16,30.05,27.227605633802817,0.4232394366197183,2025,5,58,168,-97,1746057600000
2020,1,253,22,1009.4499999999999,804.54,111.47999999999999,36.57,5.0672727272727265,2020,1,253,139,-117,1577836800000
2024,5,109,2,75.81,58.93000000000001,0.0,29.465000000000003,0.0,2024,5,109,35,-33,1714521600000
2019,1,48,241362,3236864.3400000003,2568715.53,356559.34,10.642584706788972,1.4772803506765773,2019,1,48,208897,32465,1546300800000
2017,8,142,214163,2800331.9099999997,2223489.43,310505.06,10.382229563463344,1.449853896331299,2017,8,142,194041,20122,1501545600000
2020,12,159,699,17316.010000000002,14580.54,1325.72,20.859141630901288,1.8965951359084408,2020,12,159,1394,-695,1606780800000
2025,11,8,53,2504.83,1958.35,272.48,36.949999999999996,5.141132075471698,2025,11,8,78,-25,1761955200000
2025,9,92,1438,45057.11,38974.89,928.79,27.103539638386646,0.6458901251738526,2025,9,92,4567,-3129,1756684800000
2024,2,113,45695,998529.84,650940.95,129609.53,14.245343035343033,2.836405077141919,2024,2,113,41344,4351,1706745600000
2019,6,8,105,4719.47,3517.98,635.88,33.50457142857143,6.056,2019,6,8,150,-45,1559347200000
2019,11,47,255,7437.3,6434.27,92.77,25.232431372549023,0.36380392156862745,2019,11,47,746,-491,1572566400000
2021,1,157,158,5235.96,4327.04,238.93,27.38632911392405,1.5122151898734177,2021,1,157,606,-448,1609459200000
2022,8,40,458,11712.68,8464.44,1551.99,18.481310043668124,3.388624454148472,2022,8,40,2622,-2164,1659312000000
2019,7,119,458,13096.56,11450.87,295.64,25.00189956331878,0.6455021834061135,2019,7,119,1638,-1180,1561939200000
2020,12,5,11,893.26,754.92,21.5,68.6290909090909,1.9545454545454546,2020,12,5,25,-14,1606780800000
2021,12,166,18178,337415.94,245097.19,43013.36,13.483176917152603,2.3662317086588183,2021,12,166,23903,-5725,1638316800000
2025,9,128,166,4965.48,4285.93,34.9,25.81885542168675,0.21024096385542168,2025,9,128,682,-516,1756684800000
2021,11,60,61,2209.25,1868.3400000000001,3.76,30.628524590163938,0.06163934426229508,2021,11,60,257,-196,1635724800000
2023,2,23,81,5154.23,4320.7,10.98,53.34197530864197,0.13555555555555557,2023,2,23,146,-65,1675209600000
2021,7,94,113,3646.71,3012.78,92.00999999999999,26.661769911504425,0.8142477876106193,2021,7,94,307,-194,1625097600000
2016,11,253,27,1145.98,957.0,104.14,35.44444444444444,3.857037037037037,2016,11,253,59,-32,1477958400000
2020,6,218,223,9724.19,8745.16,309.33,39.21596412556054,1.3871300448430492,2020,6,218,298,-75,1590969600000
2018,1,33,8863,158526.92,129674.76,19043.29,14.63102335552296,2.14862800406183,2018,1,33,25153,-16290,1514764800000
2019,10,262,91755,1502140.8,984746.97,178338.82,10.732352133398724,1.9436414364339818,2019,10,262,97378,-5623,1569888000000
2019,7,197,751,30013.23,25557.24,1454.31,34.03094540612517,1.9364980026631158,2019,7,197,2673,-1922,1561939200000
2016,9,26,229,3681.31,3167.24,190.03,13.830742358078602,0.8298253275109171,2016,9,26,2440,-2211,1472688000000
2020,9,206,3,239.8,205.67,7.75,68.55666666666666,2.5833333333333335,2020,9,206,40,-37,1598918400000
2019,1,51,837,32573.17,29662.58,50.25,35.43916367980884,0.06003584229390681,2019,1,51,1838,-1001,1546300800000
2017,4,208,71,2409.69,2092.62,163.41,29.473521126760563,2.301549295774648,2017,4,208,1372,-1301,1491004800000
2020,1,152,5915,90289.37,70880.09,7244.17,11.983109044801353,1.2247117497886728,2020,1,152,9969,-4054,1577836800000
2021,10,194,137,6662.92,4648.99,869.1999999999999,33.934233576642335,6.344525547445255,2021,10,194,705,-568,1633046400000
2017,11,57,21,588.72,513.0,50.660000000000004,24.428571428571427,2.4123809523809525,2017,11,57,354,-333,1509494400000
2022,6,140,69677,1258565.15,837537.21,160542.02,12.020282302624969,2.30408915424028,2022,6,140,71144,-1467,1654041600000
2017,7,165,145,2955.02,2407.0,277.14,16.6,1.911310344827586,2017,7,165,1637,-1492,1498867200000
2023,5,150,51,2626.34,2352.28,62.36,46.12313725490196,1.2227450980392156,2023,5,150,261,-210,1682899200000
2016,5,152,12122,184225.48,152086.86,16085.89,12.54635043722158,1.3269996700214486,2016,5,152,20568,-8446,1462060800000
2024,8,77,360,11836.15,11183.29,7.85,31.06469444444445,0.021805555555555554,2024,8,77,746,-386,1722470400000
2024,2,132,126802,9746599.58,7544518.59,1135305.87,59.49841950442422,8.95337510449362,2024,2,132,29588,97214,1706745600000
2021,2,228,613,23620.47,19791.6,1607.23,32.28646003262642,2.621908646003263,2021,2,228,1155,-542,1612137600000
2025,4,69,1478,39470.72,35583.23,62.879999999999995,24.07525710419486,0.04254397834912043,2025,4,69,1865,-387,1743465600000
2025,9,163,99946,2495179.88,1618955.42,303969.96,16.198301282692654,3.0413419246393056,2025,9,163,91742,8204,1756684800000
2021,4,189,416,11795.07,9797.46,723.06,23.551586538461535,1.738125,2021,4,189,1468,-1052,1617235200000
2016,12,69,568,9297.65,7993.43,519.72,14.072940140845072,0.915,2016,12,69,4418,-3850,1480550400000
2017,12,180,75,2743.8,2272.8,248.02,30.304000000000002,3.3069333333333333,2017,12,180,677,-602,1512086400000
2018,7,254,238,8275.86,7438.8,173.94,31.25546218487395,0.7308403361344538,2018,7,254,1127,-889,1530403200000
2021,4,26,569,17601.53,14849.35,244.03,26.097275922671354,0.42887521968365555,2021,4,26,1223,-654,1617235200000
2023,5,9,64,1939.28,1777.64,21.34,27.775625,0.3334375,2023,5,9,395,-331,1682899200000
2024,12,184,9,575.34,445.05,79.59,49.45,8.843333333333334,2024,12,184,26,-17,1733011200000
2017,6,228,1301,21483.94,17571.13,2033.85,13.50586471944658,1.5632974634896233,2017,6,228,6818,-5517,1496275200000
2016,3,241,136,2914.31,2609.73,107.67999999999999,19.189191176470587,0.7917647058823529,2016,3,241,2212,-2076,1456790400000
2017,1,226,17366,302609.12,251180.81,28356.09,14.463941610042612,1.6328509731659564,2017,1,226,26629,-9263,1483228800000
2016,11,6,34,1088.59,581.0,19.21,17.08823529411765,0.5650000000000001,2016,11,6,220,-186,1477958400000
2019,7,198,335,9331.88,8065.86,288.92,24.077194029850745,0.8624477611940299,2019,7,198,3478,-3143,1561939200000
2020,7,26,376,11580.68,10265.4,615.0,27.30159574468085,1.6356382978723405,2020,7,26,650,-274,1593561600000
2025,1,6,87,2292.0299999999997,1056.87,70.49000000000001,12.147931034482758,0.8102298850574714,2025,1,6,89,-2,1735689600000
2021,10,114,42273,763617.61,503373.1,102687.77,11.907673928985403,2.4291573817803327,2021,10,114,35045,7228,1633046400000
2024,3,34,145,4312.05,3729.01,139.78,25.717310344827588,0.964,2024,3,34,446,-301,1709251200000
2025,7,16,398,11240.09,9839.25,143.59,24.72173366834171,0.36077889447236183,2025,7,16,1324,-926,1751328000000
2018,9,156,17,936.6899999999999,779.38,57.84,45.845882352941175,3.4023529411764706,2018,9,156,109,-92,1535760000000
2024,11,152,2805,64725.09,52943.99,3529.89,18.87486274509804,1.258427807486631,2024,11,152,5086,-2281,1730419200000
2016,5,25,16966,286198.23,234034.62,32346.09,13.79433101497112,1.906524224920429,2016,5,25,24524,-7558,1462060800000
2021,12,136,158,7520.61,6602.55,136.86,41.788291139240506,0.8662025316455697,2021,12,136,476,-318,1638316800000
2018,4,64,46,1762.3899999999999,1561.32,88.65,33.94173913043478,1.9271739130434784,2018,4,64,664,-618,1522540800000
2024,10,240,35,1463.3999999999999,1324.1,28.240000000000002,37.83142857142857,0.8068571428571429,2024,10,240,95,-60,1727740800000
2024,12,242,278,9791.8,8599.76,171.59,30.934388489208633,0.6172302158273382,2024,12,242,549,-271,1733011200000
2016,8,249,214166,3003321.99,2382961.77,347791.14,11.126704378846316,1.6239325569885044,2016,8,249,165736,48430,1470009600000
2022,8,249,64755,1155448.59,755968.79,157333.76,11.674292178210177,2.429677399428616,2022,8,249,50302,14453,1659312000000
2022,12,84,2,124.8,94.7,0.0,47.35,0.0,2022,12,84,25,-23,1669852800000
2021,2,97,1249,28815.63,24371.44,1132.21,19.512762209767814,0.9064931945556446,2021,2,97,2122,-873,1612137600000
2023,9,207,265,3969.87,2995.2,344.5,11.302641509433961,1.3,2023,9,207,243,22,1693526400000
2024,3,62,613,17787.56,16331.97,164.92000000000002,26.64269168026101,0.2690375203915172,2024,3,62,1537,-924,1709251200000
2017,6,119,345,6753.39,5693.03,562.14,16.501536231884057,1.629391304347826,2017,6,119,2124,-1779,1496275200000
2017,6,167,182,2757.44,2411.55,88.44,13.250274725274727,0.4859340659340659,2017,6,167,1512,-1330,1496275200000
2019,11,61,1772,46539.89,40657.88,1124.76,22.944627539503383,0.6347404063205417,2019,11,61,9708,-7936,1572566400000
2021,10,55,250,11380.039999999999,10037.68,67.19,40.15072,0.26876,2021,10,55,683,-433,1633046400000
2023,3,32,123,3909.2,3515.23,24.919999999999998,28.57910569105691,0.20260162601626014,2023,3,32,277,-154,1677628800000
2021,8,239,76311,1272474.01,819984.73,168999.77,10.745301856875155,2.2146187312445123,2021,8,239,73095,3216,1627776000000
2019,5,183,117,4644.92,4088.72,52.0,34.94632478632479,0.4444444444444444,2019,5,183,432,-315,1556668800000
2024,10,217,280,8397.95,7350.58,381.14,26.25207142857143,1.3612142857142857,2024,10,217,1180,-900,1727740800000
2025,2,233,38497,868417.27,557215.29,91338.09,14.474252279398396,2.372602800218199,2025,2,233,50974,-12477,1738368000000
2019,2,217,695,13153.64,11506.37,420.8,16.55592805755396,0.6054676258992806,2019,2,217,2723,-2028,1548979200000
2021,2,30,2,97.03999999999999,81.00999999999999,5.56,40.504999999999995,2.78,2021,2,30,19,-17,1612137600000
2016,8,190,629,10153.65,8433.0,954.47,13.406995230524643,1.5174403815580286,2016,8,190,2013,-1384,1470009600000
2021,10,93,293,16869.63,12939.37,2080.63,44.161672354948806,7.1011262798634815,2021,10,93,529,-236,1633046400000
2016,11,260,6220,99499.7,84278.64,6930.63,13.549620578778136,1.114249196141479,2016,11,260,12631,-6411,1477958400000
2020,12,79,25304,407011.86,266956.61,49148.59,10.549976683528296,1.9423249288650015,2020,12,79,23347,1957,1606780800000
2017,6,15,20,738.17,590.51,82.44,29.5255,4.122,2017,6,15,790,-770,1496275200000
2017,4,212,108,2112.98,1710.02,228.54,15.833518518518519,2.116111111111111,2017,4,212,1241,-1133,1491004800000
2020,3,8,50,2694.88,2014.0,300.07,40.28,6.0014,2020,3,8,56,-6,1583020800000
2018,5,250,191,4343.1,3748.75,169.1,19.626963350785342,0.8853403141361256,2018,5,250,960,-769,1525132800000
2022,7,181,1068,27324.98,21508.93,3533.75,20.139447565543072,3.3087546816479403,2022,7,181,7892,-6824,1656633600000
2023,8,187,2,77.74000000000001,58.3,10.0,29.15,5.0,2023,8,187,30,-28,1690848000000
2018,9,252,98,3929.45,3468.4700000000003,182.82999999999998,35.39255102040816,1.865612244897959,2018,9,252,1232,-1134,1535760000000
2018,3,237,371572,4343963.95,3416907.43,496012.02,9.19581515830041,1.3349014995747797,2018,3,237,325250,46322,1519862400000
2024,2,35,621,19714.4,18240.49,74.66,29.37276972624799,0.12022544283413848,2024,2,35,850,-229,1706745600000
2020,8,193,1615,20547.25,17554.66,1050.79,10.869758513931888,0.6506439628482972,2020,8,193,1781,-166,1596240000000
2025,6,33,6563,186616.68,152056.43,6788.91,23.168738381837574,1.0344217583422215,2025,6,33,11575,-5012,1748736000000
2022,5,179,783,15120.12,12268.2,1278.81,15.668199233716477,1.6332183908045976,2022,5,179,4087,-3304,1651363200000
2023,11,93,420,31542.22,24311.99,4017.44,57.88569047619048,9.565333333333333,2023,11,93,829,-409,1698796800000
2024,4,166,21789,514114.21,383755.26,50959.52,17.612339253751895,2.338772775253568,2024,4,166,27826,-6037,1711929600000
2017,1,21,73,2229.25,1876.6,259.18,25.706849315068492,3.5504109589041097,2017,1,21,1098,-1025,1483228800000
2018,10,121,257,7576.24,6686.0,164.88,26.01556420233463,0.641556420233463,2018,10,121,1441,-1184,1538352000000
2018,12,77,401,14079.03,12574.02,354.96,31.356658354114714,0.8851870324189526,2018,12,77,881,-480,1543622400000
2022,9,67,53,2070.73,1752.48,47.8,33.06566037735849,0.9018867924528301,2022,9,67,461,-408,1661990400000
2019,4,149,364,14025.63,12599.56,85.78,34.614175824175824,0.23565934065934066,2019,4,149,1135,-771,1554076800000
2018,8,164,203592,2944254.66,2320053.77,328264.82,11.395603805650516,1.6123660065228496,2018,8,164,182192,21400,1533081600000
2020,9,224,2667,44930.23,30894.65,4855.36,11.584045744281966,1.820532433445819,2020,9,224,6048,-3381,1598918400000
2020,3,152,3870,56275.72,44969.8,4207.23,11.620103359173127,1.0871395348837207,2020,3,152,6474,-2604,1583020800000
2017,7,26,239,4384.85,3516.23,303.05,14.712259414225942,1.2679916317991633,2017,7,26,1733,-1494,1498867200000
2019,9,245,4,88.84,71.0,0.0,17.75,0.0,2019,9,245,98,-94,1567296000000
2024,1,226,2598,83859.3,68369.11,7217.4,26.31605465742879,2.7780600461893763,2024,1,226,5188,-2590,1704067200000
2024,6,172,12,580.98,458.14,15.12,38.178333333333335,1.26,2024,6,172,39,-27,1717200000000
2021,2,94,168,5419.58,4652.29,25.48,27.69220238095238,0.15166666666666667,2021,2,94,300,-132,1612137600000
2024,11,123,369,10206.039999999999,9524.73,28.22,25.812276422764228,0.07647696476964769,2024,11,123,819,-450,1730419200000
2024,9,240,33,1206.4,1075.65,18.189999999999998,32.59545454545455,0.5512121212121212,2024,9,240,96,-63,1725148800000
2023,3,5,53,4483.4,3275.6000000000004,0.0,61.80377358490567,0.0,2023,3,5,66,-13,1677628800000
2019,6,2,17,818.6999999999999,684.8,74.66,40.28235294117647,4.391764705882353,2019,6,2,7,10,1559347200000
2021,12,240,22,1173.86,1001.06,15.0,45.50272727272727,0.6818181818181818,2021,12,240,108,-86,1638316800000
2018,1,209,14482,261627.34,213554.27,29807.4,14.746186300234774,2.0582378124568432,2018,1,209,20768,-6286,1514764800000
2024,2,243,587,19708.72,16674.5,1218.59,28.406303236797275,2.0759625212947186,2024,2,243,5419,-4832,1706745600000
2018,3,208,125,4420.78,3600.01,465.78,28.80008,3.7262399999999998,2018,3,208,1288,-1163,1519862400000
2023,7,222,119,5344.87,4903.22,39.8,41.203529411764706,0.334453781512605,2023,7,222,303,-184,1688169600000
2016,1,239,271939,3440603.2600000002,2735050.16,381111.63,10.05758703238594,1.4014599965433425,2016,1,239,257779,14160,1451606400000
2021,9,207,330,3848.2999999999997,3127.92,194.48,9.478545454545454,0.5893333333333333,2021,9,207,327,3,1630454400000
2023,6,37,569,19060.18,15652.51,1527.02,27.508804920913885,2.6836906854130054,2023,6,37,3992,-3423,1685577600000
2018,1,179,5320,73284.17,61131.75,5876.24,11.49093045112782,1.1045563909774436,2018,1,179,12550,-7230,1514764800000
2020,8,129,696,16534.37,14039.16,939.89,20.171206896551723,1.3504166666666666,2020,8,129,2429,-1733,1596240000000
2016,5,209,22069,426143.54,349365.17,48160.09,15.83058453033667,2.1822506683583307,2016,5,209,28748,-6679,1462060800000
2023,3,208,120,4689.65,4051.95,125.3,33.76625,1.0441666666666667,2023,3,208,474,-354,1677628800000
2020,7,56,181,6743.97,5729.61,355.88,31.655303867403312,1.9661878453038675,2020,7,56,541,-360,1593561600000
2023,10,180,92,4256.99,3674.67,319.24,39.9420652173913,3.47,2023,10,180,442,-350,1696118400000
2021,7,35,515,19083.73,16278.02,43.04,31.607805825242718,0.08357281553398058,2021,7,35,1131,-616,1625097600000
2020,1,197,674,26823.53,22480.52,1480.8,33.35388724035608,2.197032640949555,2020,1,197,2513,-1839,1577836800000
2017,2,64,12,338.72,317.01,10.21,26.4175,0.8508333333333334,2017,2,64,597,-585,1485907200000
2018,9,230,259390,4422962.7700000005,3532902.52,475044.9,13.620041327730444,1.8313924977832607,2018,9,230,235740,23650,1535760000000
2018,11,151,73442,986132.9000000001,788633.02,110420.5,10.738174613981101,1.5035061681326762,2018,11,151,72846,596,1541030400000
2024,7,261,18509,571431.63,417497.52,63343.66,22.556460100491655,3.422316710789346,2024,7,261,17016,1493,1719792000000
2022,7,257,66,2615.06,2224.82,203.14,33.70939393939394,3.0778787878787877,2022,7,257,1399,-1333,1656633600000
2024,1,23,4,74.2,63.7,0.0,15.925,0.0,2024,1,23,57,-53,1704067200000
2024,9,250,258,8666.63,7674.86,74.97,29.74751937984496,0.2905813953488372,2024,9,250,373,-115,1725148800000
2020,12,247,679,16275.539999999999,13819.960000000001,1173.46,20.35340206185567,1.728217967599411,2020,12,247,1412,-733,1606780800000
2021,7,242,389,14414.14,12625.49,78.83,32.456272493573266,0.2026478149100257,2021,7,242,690,-301,1625097600000
2016,4,139,20,782.78,675.3,48.86,33.765,2.443,2016,4,139,754,-734,1459468800000
2020,5,217,76,2051.34,1791.0,65.04,23.56578947368421,0.8557894736842107,2020,5,217,308,-232,1588291200000
2025,9,189,2086,56730.7,47658.63,1356.7,22.84689837008629,0.6503835091083413,2025,9,189,4654,-2568,1756684800000
2021,12,195,147,5605.79,4542.47,371.35,30.901156462585035,2.5261904761904765,2021,12,195,804,-657,1638316800000
2023,5,34,95,2685.8,2128.56,281.24,22.405894736842104,2.960421052631579,2023,5,34,447,-352,1682899200000
2022,12,217,107,3245.5299999999997,2651.0,350.83,24.77570093457944,3.278785046728972,2022,12,217,1256,-1149,1669852800000
2020,6,234,9781,157627.52,104157.52,17850.86,10.648964318576834,1.825054697883652,2020,6,234,8135,1646,1590969600000
2023,4,84,5,611.75,509.8,10.0,101.96000000000001,2.0,2023,4,84,20,-15,1680307200000
2018,7,114,103828,1463602.03,1162776.21,170268.68999999997,11.199062006395192,1.6399111029780018,2018,7,114,83069,20759,1530403200000
2017,9,204,2,94.1,92.5,0.0,46.25,0.0,2017,9,204,50,-48,1504224000000
2020,9,12,273,6042.52,4515.95,527.52,16.541941391941393,1.9323076923076923,2020,9,12,449,-176,1598918400000
2024,10,29,265,10272.09,9519.43,80.35,35.922377358490564,0.3032075471698113,2024,10,29,588,-323,1727740800000
2020,10,132,24455,1262487.91,1033521.22,125008.9,42.26216397464731,5.111793089347781,2020,10,132,3319,21136,1601510400000
2019,6,170,218177,3914318.95,2591081.4,469474.74000000005,11.876052012815283,2.151806744065598,2019,6,170,220443,-2266,1559347200000
2023,2,54,50,1663.42,1217.66,254.66,24.3532,5.0931999999999995,2023,2,54,629,-579,1675209600000
2025,5,233,48318,1182655.69,773565.54,124764.62,16.009883273314294,2.5821561322902435,2025,5,233,62392,-14074,1746057600000
2021,7,107,70090,1171036.29,756029.81,149152.62,10.786557426166357,2.128015694107576,2021,7,107,56652,13438,1625097600000
2025,9,236,162664,3438324.3600000003,2209375.9899999998,417116.28,13.582452109870653,2.5642814636305515,2025,9,236,167334,-4670,1756684800000
2023,7,125,14352,351471.51,235793.31,45014.71,16.429299749163878,3.1364764492753623,2023,7,125,13970,382,1688169600000
2017,10,242,70,1613.6000000000001,1278.88,105.28,18.269714285714286,1.504,2017,10,242,856,-786,1506816000000
2021,9,16,117,4783.84,4287.1,64.53999999999999,36.641880341880345,0.5516239316239315,2021,9,16,653,-536,1630454400000
2019,5,40,3733,69663.45,52463.89,8267.34,14.05408250736673,2.214663809268685,2019,5,40,7665,-3932,1556668800000
2025,6,255,10653,299106.03,245390.05,7449.55,23.03483056416033,0.6992912794517976,2025,6,255,13833,-3180,1748736000000
2025,9,175,193,6368.4,5655.95,76.26,29.30544041450777,0.39512953367875653,2025,9,175,688,-495,1756684800000
2023,2,108,74,3710.74,3312.0,82.74,44.75675675675676,1.1181081081081081,2023,2,108,209,-135,1675209600000
2016,3,87,95581,1978056.01,1599600.95,243944.85,16.73555361421203,2.5522316150699407,2016,3,87,100457,-4876,1456790400000
2017,5,60,62,1005.53,884.76,28.990000000000002,14.27032258064516,0.46758064516129033,2017,5,60,616,-554,1493596800000
2022,9,119,179,6541.8,5597.3,451.3,31.269832402234638,2.5212290502793295,2022,9,119,730,-551,1661990400000
2022,3,184,1,8.3,7.5,0.0,7.5,0.0,2022,3,184,21,-20,1646092800000
2022,9,112,842,22489.05,16653.94,3309.81,19.779026128266032,3.9308907363420427,2022,9,112,7332,-6490,1661990400000
2025,4,132,160281,11617832.66,8914269.88,1386297.04,55.61651025386665,8.649166401507353,2025,4,132,39668,120613,1743465600000
2022,10,100,55153,1101854.19,745560.82,133837.78,13.518046525121026,2.4266636447700036,2022,10,100,48893,6260,1664582400000
2020,6,263,18865,285569.92,187204.98,31853.46,9.923402067320435,1.6884950967399948,2020,6,263,14577,4288,1590969600000
2023,12,91,361,11401.65,10624.63,79.59,29.431108033240996,0.22047091412742384,2023,12,91,852,-491,1701388800000
2019,7,85,458,13520.49,11948.52,103.53,26.088471615720525,0.22604803493449782,2019,7,85,1267,-809,1561939200000
2021,6,222,298,11910.1,10084.98,103.25999999999999,33.84221476510067,0.34651006711409393,2021,6,222,529,-231,1622505600000
2023,11,114,45887,1075386.59,714752.99,139684.97999999998,15.576372175125853,3.0441079172750447,2023,11,114,32160,13727,1698796800000
2020,10,33,1211,29187.32,23684.96,3229.51,19.558183319570603,2.6668125516102394,2020,10,33,3918,-2707,1601510400000
2021,6,151,32600,541208.58,380862.51,66393.69,11.682899079754602,2.0366162576687117,2021,6,151,31862,738,1622505600000
2022,6,249,70184,1300746.89,858686.61,179022.67,12.234791547931152,2.5507618545537447,2022,6,249,56898,13286,1654041600000
2019,9,7,8332,124186.35,101402.28,7681.39,12.170220835333653,0.9219143062890063,2019,9,7,23804,-15472,1567296000000
2016,4,28,720,29878.08,24379.66,2733.15,33.860638888888886,3.796041666666667,2016,4,28,2845,-2125,1459468800000
2020,10,131,250,8675.34,7619.85,563.31,30.479400000000002,2.25324,2020,10,131,564,-314,1601510400000
2016,6,66,5655,103948.04000000001,85439.91,11873.16,15.108737400530504,2.099586206896552,2016,6,66,17166,-11511,1464739200000
2022,2,66,622,15478.52,11695.42,2163.5,18.802926045016076,3.4782958199356915,2022,2,66,3286,-2664,1643673600000
2022,9,169,100,3208.5,2940.11,44.03,29.4011,0.4403,2022,9,169,556,-456,1661990400000
2023,4,129,652,22271.1,17922.9,1905.85,27.489110429447855,2.9230828220858895,2023,4,129,4696,-4044,1680307200000
2017,6,229,183738,2463725.31,1958774.44,277671.89,10.66069316091391,1.5112382305238983,2017,6,229,167967,15771,1496275200000
2018,1,119,402,6680.91,5580.8,549.2,13.882587064676617,1.3661691542288559,2018,1,119,1744,-1342,1514764800000
2025,6,46,84,3725.5099999999998,3331.48,63.65,39.66047619047619,0.7577380952380952,2025,6,46,189,-105,1748736000000
2025,3,75,28236,583933.14,433141.01,42530.36,15.34002727015158,1.5062459271851538,2025,3,75,47196,-18960,1740787200000
2018,10,119,382,9909.19,8676.66,485.48,22.71376963350785,1.270890052356021,2018,10,119,1757,-1375,1538352000000
2022,12,57,4,245.8,203.39,31.66,50.8475,7.915,2022,12,57,46,-42,1669852800000
2017,6,184,7,512.58,447.01,55.71,63.85857142857143,7.958571428571429,2017,6,184,99,-92,1496275200000
2019,3,67,239,7480.37,6534.68,82.1,27.341757322175734,0.3435146443514644,2019,3,67,1301,-1062,1551398400000
2020,10,146,1527,27634.19,22144.41,1985.75,14.501905697445972,1.3004256712508186,2020,10,146,1715,-188,1601510400000
2016,1,175,26,993.27,873.8,78.59,33.607692307692304,3.022692307692308,2016,1,175,830,-804,1451606400000
2021,7,53,95,3715.0499999999997,3243.57,89.98,34.142842105263156,0.9471578947368422,2021,7,53,416,-321,1625097600000
2024,10,150,138,4301.8,3988.18,40.32,28.899855072463765,0.2921739130434783,2024,10,150,374,-236,1727740800000
2022,5,37,618,19567.35,15477.01,2517.44,25.043705501618124,4.073527508090615,2022,5,37,4786,-4168,1651363200000
2017,3,67,84,1436.54,1131.31,169.45000000000002,13.46797619047619,2.017261904761905,2017,3,67,1672,-1588,1488326400000
2016,4,242,122,2267.11,1943.0,184.43,15.926229508196721,1.51172131147541,2016,4,242,1256,-1134,1459468800000
2017,9,14,380,10440.03,8559.52,873.32,22.525052631578948,2.2982105263157897,2017,9,14,6790,-6410,1504224000000
2023,4,168,443,11357.15,9507.16,489.04,21.460857787810383,1.1039277652370203,2023,4,168,1973,-1530,1680307200000
2022,11,169,87,2508.64,2313.4,29.39,26.59080459770115,0.337816091954023,2022,11,169,470,-383,1667260800000
2017,12,71,130,2488.05,2235.0,98.78,17.192307692307693,0.7598461538461538,2017,12,71,1364,-1234,1512086400000
2025,6,182,1095,36217.11,32007.56,80.99,29.230648401826485,0.0739634703196347,2025,6,182,1291,-196,1748736000000
2024,3,53,80,2447.92,1984.26,171.61,24.80325,2.145125,2024,3,53,448,-368,1709251200000
2022,9,60,52,1645.37,1468.16,6.709999999999999,28.233846153846155,0.12903846153846152,2022,9,60,204,-152,1661990400000
2016,3,262,143677,2011671.3,1615582.64,222397.56,11.244546030331925,1.547899524628159,2016,3,262,147122,-3445,1456790400000
2022,11,214,17,1055.1,919.1,5.0,54.06470588235294,0.29411764705882354,2022,11,214,37,-20,1667260800000
2025,4,80,4401,116705.81,96671.42,2839.42,21.965785048852535,0.6451760963417406,2025,4,80,6065,-1664,1743465600000
2016,5,181,19425,329758.8,268715.75,36749.49,13.833500643500644,1.891865637065637,2016,5,181,47357,-27932,1462060800000
2020,11,220,263,8787.74,7549.6,642.37,28.705703422053233,2.442471482889734,2020,11,220,817,-554,1604188800000
2024,7,190,91,2659.26,2339.84,129.28,25.712527472527473,1.4206593406593406,2024,7,190,389,-298,1719792000000
2022,9,29,78,3461.75,3068.33,79.92,39.3375641025641,1.0246153846153847,2022,9,29,439,-361,1661990400000
2019,11,258,232,8097.11,7015.4800000000005,120.77,30.239137931034485,0.5205603448275862,2019,11,258,1341,-1109,1572566400000
2024,1,146,1492,35083.52,27536.35,2691.71,18.455998659517427,1.8040951742627347,2024,1,146,2327,-835,1704067200000
2017,12,51,80,2508.8,2202.1,176.87,27.526249999999997,2.210875,2017,12,51,800,-720,1512086400000
2024,1,34,62,2033.04,1713.62,123.1,27.639032258064514,1.9854838709677418,2024,1,34,277,-215,1704067200000
2025,9,264,6080,202487.51,142299.55,25522.64,23.404531249999998,4.197802631578948,2025,9,264,7141,-1061,1756684800000
2022,5,27,5,342.3,310.4,4.95,62.08,0.99,2022,5,27,66,-61,1651363200000
2022,11,182,72,2151.5,1935.34,20.56,26.87972222222222,0.28555555555555556,2022,11,182,361,-289,1667260800000
2020,12,49,558,15411.22,13218.59,1332.47,23.689229390681003,2.3879390681003585,2020,12,49,1899,-1341,1606780800000
2022,4,73,18,528.6899999999999,482.0,14.54,26.77777777777778,0.8077777777777777,2022,4,73,240,-222,1648771200000
2016,3,51,30,1063.62,957.0,67.58,31.9,2.252666666666667,2016,3,51,916,-886,1456790400000
2020,1,14,688,23777.52,20662.510000000002,661.95,30.032718023255818,0.9621366279069768,2020,1,14,4836,-4148,1577836800000
2025,4,172,4,132.22,122.28999999999999,0.0,30.572499999999998,0.0,2025,4,172,60,-56,1743465600000
2025,6,39,3651,102091.21,94694.28,214.63,25.936532456861134,0.05878663379895919,2025,6,39,4623,-972,1748736000000
2021,7,122,109,4526.67,3977.3,13.17,36.48899082568808,0.1208256880733945,2021,7,122,346,-237,1625097600000
2025,9,101,313,13325.16,11717.06,825.78,37.434696485623,2.6382747603833865,2025,9,101,700,-387,1756684800000
2020,6,100,9750,160643.83,110787.5,14318.67,11.362820512820512,1.4685815384615384,2020,6,100,6413,3337,1590969600000
2017,12,46,2,82.06,74.7,0.0,37.35,0.0,2017,12,46,144,-142,1512086400000
2021,10,8,15,933.42,672.05,141.77,44.80333333333333,9.451333333333334,2021,10,8,82,-67,1633046400000
2019,7,153,100,2139.14,1877.66,55.629999999999995,18.776600000000002,0.5562999999999999,2019,7,153,386,-286,1561939200000
2022,11,119,113,3617.7799999999997,3200.37,147.21,28.321858407079645,1.3027433628318585,2022,11,119,515,-402,1667260800000
2025,10,4,14979,285282.53,189896.69,14303.03,12.67752787235463,0.9548721543494225,2025,10,4,20942,-5963,1759276800000
2022,7,258,85,2539.9,2247.78,90.22,26.444470588235298,1.0614117647058823,2022,7,258,772,-687,1656633600000
2023,12,191,300,13142.9,12159.76,130.31,40.53253333333333,0.4343666666666667,2023,12,191,770,-470,1701388800000
2022,2,155,161,6957.349999999999,6317.71,93.0,39.240434782608695,0.577639751552795,2022,2,155,611,-450,1643673600000
2025,4,97,4527,119608.42,100855.41,3595.57,22.278641484426775,0.7942500552242103,2025,4,97,5924,-1397,1743465600000
2024,5,91,954,29836.89,28150.78,71.28999999999999,29.508155136268343,0.07472746331236896,2024,5,91,1343,-389,1714521600000
2020,1,68,149680,2546993.2800000003,1673306.9,304365.19,11.179228353821486,2.0334392704436133,2020,1,68,143679,6001,1577836800000
2017,10,231,176482,2883936.28,2322112.69,341274.22,13.157787706394986,1.9337621967112792,2017,10,231,166890,9592,1506816000000
2022,5,210,128,5407.07,4918.55,84.22,38.426171875,0.65796875,2022,5,210,600,-472,1651363200000
2016,12,167,282,4393.3,3812.87,221.03,13.52081560283688,0.7837943262411348,2016,12,167,1646,-1364,1480550400000
2022,5,58,4,174.81,152.4,10.16,38.1,2.54,2022,5,58,89,-85,1651363200000
2023,4,31,27,1101.6,884.37,137.53,32.754444444444445,5.093703703703704,2023,4,31,296,-269,1680307200000
2025,3,217,797,21119.78,18782.81,201.95,23.56688833124216,0.2533877038895859,2025,3,217,1748,-951,1740787200000
2017,11,74,32282,417699.18,344899.41,30142.36,10.683954215971749,0.933720339508085,2017,11,74,69901,-37619,1509494400000
2020,7,145,1790,30054.51,26139.44,1161.49,14.60303910614525,0.648877094972067,2020,7,145,3332,-1542,1593561600000
2020,10,28,233,8754.71,7387.01,642.8,31.70390557939914,2.7587982832618025,2020,10,28,631,-398,1601510400000
2021,9,64,116,6974.47,6316.03,18.939999999999998,54.44853448275862,0.1632758620689655,2021,9,64,384,-268,1630454400000
2018,11,82,2505,53396.83,44518.53,3627.39,17.771868263473053,1.4480598802395208,2018,11,82,6478,-3973,1541030400000
2021,11,215,439,24507.63,19734.09,1748.52,44.95236902050114,3.9829612756264234,2021,11,215,812,-373,1635724800000
2022,3,93,329,21484.39,16496.78,2683.11,50.14218844984802,8.15534954407295,2022,3,93,592,-263,1646092800000
2016,6,72,189,4235.65,3361.0,598.65,17.78306878306878,3.1674603174603173,2016,6,72,1989,-1800,1464739200000
2018,11,264,146783,2519028.2299999995,2022398.38,294192.46,13.778151284549299,2.0042679329350133,2018,11,264,132702,14081,1541030400000
2017,11,111,15,331.35,283.0,30.35,18.866666666666667,2.0233333333333334,2017,11,111,96,-81,1509494400000
2022,7,108,53,2220.94,1982.42,30.42,37.404150943396225,0.5739622641509434,2022,7,108,234,-181,1656633600000
2023,8,205,308,12035.1,11001.72,68.02,35.71987012987013,0.22084415584415584,2023,8,205,1332,-1024,1690848000000
2025,6,173,932,24241.24,21416.36,67.51,22.978927038626612,0.07243562231759657,2025,6,173,1682,-750,1748736000000
2021,6,53,100,4279.32,3752.46,91.56,37.5246,0.9156,2021,6,53,400,-300,1622505600000
2021,10,208,112,4877.2,4100.58,27.41,36.61232142857143,0.24473214285714287,2021,10,208,516,-404,1633046400000
2021,1,167,425,12862.35,10763.72,603.17,25.3264,1.4192235294117646,2021,1,167,886,-461,1609459200000
2021,12,65,2274,56229.32,44363.95,5946.02,19.509212840809145,2.614784520668426,2021,12,65,4402,-2128,1638316800000
2020,7,259,277,14292.22,13021.26,310.03,47.00815884476534,1.1192418772563175,2020,7,259,439,-162,1593561600000
2022,7,45,4603,102003.3,73312.02,11325.36,15.927008472735174,2.46043015424723,2022,7,45,8766,-4163,1656633600000
2022,9,83,173,5022.71,3986.37,616.84,23.042601156069363,3.565549132947977,2022,9,83,958,-785,1661990400000
2020,4,205,125,4412.71,3818.4900000000002,243.54,30.54792,1.9483199999999998,2020,4,205,198,-73,1585699200000
2023,6,129,711,25459.5,20220.53,2347.86,28.43956399437412,3.3021940928270044,2023,6,129,4874,-4163,1685577600000
2019,2,55,304,11467.74,10552.45,58.980000000000004,34.712006578947374,0.19401315789473686,2019,2,55,1261,-957,1548979200000
2016,2,41,37139,489055.2,396724.35,46457.39,10.682149492447293,1.250905786370123,2016,2,41,70346,-33207,1454284800000
2024,1,30,3,109.95,105.45,0.0,35.15,0.0,2024,1,30,39,-36,1704067200000
2024,2,25,1298,38081.79,31523.18,2865.96,24.285963020030817,2.2079815100154083,2024,2,25,4652,-3354,1706745600000
2025,5,49,4459,109079.71,91655.53,2004.94,20.555176048441353,0.44963893249607534,2025,5,49,7780,-3321,1746057600000
2021,6,3,114,4614.65,3946.6,11.5,34.61929824561403,0.10087719298245613,2021,6,3,333,-219,1622505600000
2024,4,204,2,0.0,0.0,0.0,0.0,0.0,2024,4,204,6,-4,1711929600000
2021,8,16,159,6748.38,6003.4,81.67999999999999,37.75723270440251,0.5137106918238993,2021,8,16,789,-630,1627776000000
2024,9,112,2099,59738.86,49808.01,2266.92,23.729399714149597,1.08,2024,9,112,8812,-6713,1725148800000
2016,11,35,178,5118.5599999999995,3994.09,841.3,22.43870786516854,4.726404494382022,2016,11,35,1228,-1050,1477958400000
2023,4,231,44536,1199735.67,827715.0,153567.93,18.585301778336625,3.448175184120711,2023,4,231,49478,-4942,1680307200000
2023,5,211,26524,669958.99,456525.63,83729.09,17.21179422409893,3.156729377167848,2023,5,211,29118,-2594,1682899200000
2024,4,25,1913,56971.71,48336.24,3338.92,25.26724516466283,1.7453842132775745,2024,4,25,5546,-3633,1711929600000
2023,9,92,208,7624.18,6415.62,501.64,30.844326923076924,2.4117307692307692,2023,9,92,2544,-2336,1693526400000
2018,5,263,168662,2188981.5,1721577.33,255068.97,10.207262631772421,1.512308463080006,2018,5,263,172029,-3367,1525132800000
2024,5,235,399,14734.15,13581.91,121.92999999999999,34.03987468671679,0.3055889724310777,2024,5,235,590,-191,1714521600000
2019,7,252,149,5853.83,5062.07,219.65,33.97362416107382,1.4741610738255033,2019,7,252,1227,-1078,1561939200000
2021,7,202,162,4790.13,4029.95,341.66,24.876234567901232,2.1090123456790124,2021,7,202,1454,-1292,1625097600000
2017,8,194,410,20606.29,15660.64,2477.94,38.19668292682927,6.043756097560975,2017,8,194,819,-409,1501545600000
2018,10,203,279,12845.4,11873.54,171.17,42.55749103942652,0.6135125448028673,2018,10,203,921,-642,1538352000000
2016,9,100,192106,2846629.8000000003,2310518.28,276380.62,12.027309297991733,1.4386881201003612,2016,9,100,149990,42116,1472688000000
2021,12,32,103,4222.97,3567.19,43.019999999999996,34.632912621359225,0.4176699029126213,2021,12,32,315,-212,1638316800000
2021,3,7,2126,41243.21,33978.05,2047.92,15.982149576669803,0.9632737535277517,2021,3,7,5994,-3868,1614556800000
2018,2,90,154366,1977398.91,1545466.5,241584.1,10.011702706554551,1.565008486324709,2018,2,90,130040,24326,1517443200000
2019,9,16,183,5564.2,5068.29,34.3,27.6955737704918,0.18743169398907103,2019,9,16,1170,-987,1567296000000
2021,3,168,1016,26446.74,22151.9,597.09,21.803051181102365,0.5876870078740157,2021,3,168,3233,-2217,1614556800000
2016,11,183,17,287.94,253.8,9.0,14.929411764705883,0.5294117647058824,2016,11,183,427,-410,1477958400000
2019,3,54,252,5494.6,4331.42,558.35,17.188174603174602,2.215674603174603,2019,3,54,2122,-1870,1551398400000
2018,1,32,45,836.86,725.5,38.86,16.122222222222224,0.8635555555555555,2018,1,32,577,-532,1514764800000
2022,8,117,111,6337.02,5704.35,16.869999999999997,51.39054054054054,0.15198198198198196,2022,8,117,356,-245,1659312000000
2025,6,152,5697,136518.34,111795.73,3413.35,19.62361418290328,0.5991486747410918,2025,6,152,7793,-2096,1748736000000
2017,8,220,163,3443.25,2853.5,261.16,17.506134969325153,1.6022085889570554,2017,8,220,3038,-2875,1501545600000
2018,3,38,52,1926.49,1751.75,77.73,33.6875,1.4948076923076923,2018,3,38,614,-562,1519862400000
2019,1,85,558,16307.25,14786.27,86.46,26.498691756272404,0.15494623655913978,2019,1,85,1394,-836,1546300800000
2018,3,113,152964,2036336.83,1601727.11,248155.83,10.471268468397794,1.622315250647211,2018,3,113,132944,20020,1519862400000
2018,2,138,225192,9495030.17,7073480.36,1301808.3499999999,31.41088653238126,5.780881869693417,2018,2,138,85646,139546,1517443200000
2024,8,250,178,6311.8,5691.14,35.22,31.972696629213484,0.19786516853932584,2024,8,250,336,-158,1722470400000
2018,10,248,164,4837.18,4356.84,94.94,26.56609756097561,0.5789024390243902,2018,10,248,858,-694,1538352000000
2025,9,39,3263,100045.1,93724.81,161.63,28.723509040760035,0.04953417100827459,2025,9,39,4256,-993,1756684800000
2018,4,27,3,204.28,168.5,20.599999999999998,56.166666666666664,6.866666666666666,2018,4,27,73,-70,1522540800000
2018,4,241,179,3997.4,3477.8,227.35,19.42905027932961,1.2701117318435753,2018,4,241,1463,-1284,1522540800000
2021,3,12,274,6496.8,4752.65,666.92,17.34543795620438,2.434014598540146,2021,3,12,467,-193,1614556800000
2018,1,230,309252,4749510.840000001,3749953.1,536228.48,12.125881481768914,1.7339531514751723,2018,1,230,270544,38708,1514764800000
2017,7,139,26,1142.8600000000001,970.0,97.54,37.30769230769231,3.7515384615384617,2017,7,139,763,-737,1498867200000
2019,8,29,162,4808.69,4295.2300000000005,177.54,26.51376543209877,1.095925925925926,2019,8,29,842,-680,1564617600000
2021,4,203,202,8210.94,7273.76,34.86,36.00871287128713,0.17257425742574256,2021,4,203,538,-336,1617235200000
2022,1,127,178,4942.26,4222.33,334.08,23.720955056179776,1.8768539325842695,2022,1,127,1947,-1769,1640995200000
2022,11,251,5,195.7,149.6,25.0,29.919999999999998,5.0,2022,11,251,62,-57,1667260800000
2024,1,238,64234,1341134.81,879734.11,173979.49,13.69577030855933,2.7085264813027368,2024,1,238,73542,-9308,1704067200000
2017,4,194,698,34337.36,26510.98,4003.04,37.98134670487106,5.735014326647565,2017,4,194,1785,-1087,1491004800000
2017,3,54,550,9555.05,7678.01,1109.52,13.960018181818182,2.017309090909091,2017,3,54,3229,-2679,1488326400000
2024,6,117,344,16261.72,15243.24,5.0,44.31174418604651,0.014534883720930232,2024,6,117,482,-138,1717200000000
2023,5,252,50,2822.1,2422.63,125.77,48.452600000000004,2.5154,2023,5,252,646,-596,1682899200000
2021,4,150,121,4237.74,3718.52,17.64,30.731570247933885,0.14578512396694215,2021,4,150,347,-226,1617235200000
2018,9,69,587,14094.81,12719.04,325.3,21.66787052810903,0.5541737649063032,2018,9,69,3479,-2892,1535760000000
2024,12,233,39783,1049443.74,715372.47,127436.67,17.98186335872106,3.2032946233315736,2024,12,233,51206,-11423,1733011200000
2025,2,168,2223,59093.18,51574.34,214.24,23.200332883490777,0.09637426900584796,2025,2,168,2144,79,1738368000000
2018,11,69,755,18901.18,16830.2,595.77,22.291655629139076,0.7890993377483444,2018,11,69,3559,-2804,1541030400000
2024,4,250,237,7021.58,6315.78,15.68,26.64886075949367,0.06616033755274262,2024,4,250,345,-108,1711929600000
2016,12,128,55,909.44,790.9,58.55,14.379999999999999,1.0645454545454545,2016,12,128,613,-558,1480550400000
2017,2,181,11116,179279.43,144267.98,20807.57,12.978407700611731,1.8718576826196474,2017,2,181,33653,-22537,1485907200000
2020,11,106,249,6697.43,5713.12,573.81,22.94425702811245,2.304457831325301,2020,11,106,575,-326,1604188800000
2024,5,126,230,8514.38,7581.47,88.99,32.96291304347826,0.38691304347826083,2024,5,126,424,-194,1714521600000
2017,4,116,12006,187957.13,155714.24,17024.66,12.969701815758787,1.4180126603364984,2017,4,116,28346,-16340,1491004800000
2023,8,260,707,20557.94,16599.13,1513.19,23.47826025459689,2.14029702970297,2023,8,260,2362,-1655,1690848000000
2024,6,32,173,7085.66,6451.58,1.46,37.29236994219653,0.008439306358381502,2024,6,32,294,-121,1717200000000
2017,9,39,122,2997.69,2616.0299999999997,126.42,21.442868852459014,1.0362295081967212,2017,9,39,1542,-1420,1504224000000
2017,12,142,308950,4188636.43,3330280.24,480597.1,10.779350186114259,1.5555821330312347,2017,12,142,267171,41779,1512086400000
2018,10,152,8223,118716.37,98307.56,9836.76,11.955193968138149,1.1962495439620577,2018,10,152,14123,-5900,1538352000000
2019,1,75,57726,747458.8200000001,610418.5,64175.3,10.574411876797283,1.1117226206562034,2019,1,75,97864,-40138,1546300800000
2025,1,243,1163,30711.29,25568.91,1042.77,21.98530524505589,0.8966208082545142,2025,1,243,7654,-6491,1735689600000
2019,11,48,213605,3747026.62,2517450.14,417743.36999999994,11.7855393834414,1.955681608576578,2019,11,48,186603,27002,1572566400000
2016,4,177,460,8146.34,6755.61,822.01,14.686108695652173,1.7869782608695652,2016,4,177,2956,-2496,1459468800000
2024,6,231,50493,1340986.72,946317.82,154855.24,18.74156457330719,3.0668655061097576,2024,6,231,58120,-7627,1717200000000
2017,12,116,11348,173476.86000000002,143466.07,15396.12,12.642410116320058,1.356725414169898,2017,12,116,27893,-16545,1512086400000
2019,5,140,135744,2336443.87,1571532.53,259684.56,11.577178586162187,1.9130463224893919,2019,5,140,137689,-1945,1556668800000
2021,1,177,554,17253.95,14838.27,895.57,26.783880866425992,1.6165523465703973,2021,1,177,967,-413,1609459200000
2017,5,72,87,2043.61,1617.11,265.25,18.587471264367814,3.0488505747126435,2017,5,72,1525,-1438,1493596800000
2022,8,208,64,3021.47,2670.92,127.05,41.733125,1.98515625,2022,8,208,578,-514,1659312000000
2018,7,123,248,6840.86,6086.51,316.74,24.542379032258065,1.2771774193548386,2018,7,123,1102,-854,1530403200000
2016,7,53,75,1606.1100000000001,1377.0,104.53,18.36,1.3937333333333333,2016,7,53,1218,-1143,1467331200000
2017,4,207,452,5387.08,4366.21,462.92,9.659756637168142,1.0241592920353983,2017,4,207,489,-37,1491004800000
2019,4,212,321,8894.17,7782.16,88.38,24.243489096573207,0.2753271028037383,2019,4,212,1145,-824,1554076800000
2017,3,239,261635,3389931.24,2679530.59,391876.1,10.241483708219466,1.4977969308387638,2017,3,239,251112,10523,1488326400000
2016,4,87,94608,1968665.3800000001,1594990.77,242464.37,16.858941844241503,2.5628315787248437,2016,4,87,97966,-3358,1459468800000
2017,12,203,46,1686.27,1532.51,79.66,33.3154347826087,1.7317391304347824,2017,12,203,744,-698,1512086400000
2019,10,2,4,177.14000000000001,132.0,21.7,33.0,5.425,2019,10,2,4,0,1569888000000
2019,12,42,11426,171051.75,140238.14,9373.44,12.27359880973219,0.8203605811307545,2019,12,42,30737,-19311,1575158400000
2022,3,257,69,2370.75,1967.23,180.32,28.510579710144928,2.6133333333333333,2022,3,257,1692,-1623,1646092800000
2022,11,99,1,99.56,67.2,0.0,67.2,0.0,2022,11,99,4,-3,1667260800000
2023,8,113,37668,840768.49,549789.64,107527.17,14.595668471912498,2.8546025804396304,2023,8,113,34485,3183,1690848000000
2018,7,182,202,5991.82,5360.74,156.99,26.53831683168317,0.7771782178217822,2018,7,182,1245,-1043,1530403200000
2022,7,155,137,6486.75,5920.52,106.68,43.215474452554744,0.7786861313868614,2022,7,155,723,-586,1656633600000
2024,12,136,213,7716.53,7111.82,45.230000000000004,33.38882629107981,0.2123474178403756,2024,12,136,423,-210,1733011200000
2021,10,224,5552,104622.84,70546.0,13139.07,12.706412103746398,2.366547190201729,2021,10,224,13054,-7502,1633046400000
2022,7,85,107,3541.86,3025.61,275.85,28.27672897196262,2.5780373831775703,2022,7,85,734,-627,1656633600000
2024,10,207,314,6953.92,5345.12,754.15,17.022675159235668,2.4017515923566877,2024,10,207,289,25,1727740800000
2017,9,117,27,4189.57,3683.85,454.84,136.4388888888889,16.845925925925926,2017,9,117,374,-347,1504224000000
2020,12,158,5652,96189.99,62031.7,13528.46,10.975176928520877,2.393570417551309,2020,12,158,9400,-3748,1606780800000
2023,4,246,54366,1303062.21,869465.34,164443.89,15.99281425891182,3.0247560975609757,2023,4,246,61947,-7581,1680307200000
2016,7,117,48,3574.35,2984.57,493.1,62.17854166666667,10.272916666666667,2016,7,117,506,-458,1467331200000
2020,9,37,689,20651.25,17684.25,1577.29,25.66654571843251,2.289245283018868,2020,9,37,2000,-1311,1598918400000
2024,7,255,2574,74025.85,61808.12,3788.07,24.012478632478633,1.4716666666666667,2024,7,255,7481,-4907,1719792000000
2025,8,71,2658,67642.11,61621.46,143.22,23.183393528969148,0.05388261851015801,2025,8,71,3120,-462,1754006400000
2022,10,127,222,7941.83,6608.1,773.33,29.76621621621622,3.4834684684684687,2022,10,127,2741,-2519,1664582400000
2020,2,148,81347,1477628.08,992851.82,181492.44,12.205143643895902,2.2310895300379854,2020,2,148,63406,17941,1580515200000
2022,9,200,60,2535.08,2273.9700000000003,68.96,37.8995,1.1493333333333333,2022,9,200,1165,-1105,1661990400000
2025,4,71,2098,53411.21,49145.25,55.94,23.424809342230695,0.026663489037178262,2025,4,71,2283,-185,1743465600000
2021,8,32,150,6142.5,5143.27,36.33,34.28846666666667,0.2422,2021,8,32,460,-310,1627776000000
2017,3,124,145,7987.63,6898.06,675.25,47.5728275862069,4.656896551724138,2017,3,124,1085,-940,1488326400000
2017,4,123,135,2218.4700000000003,1573.3,472.38,11.654074074074074,3.499111111111111,2017,4,123,1307,-1172,1491004800000
2023,11,75,18429,398807.62,287114.77,42132.93,15.579508926149005,2.2862298551196485,2023,11,75,37565,-19136,1698796800000
2019,9,79,166927,2853286.1700000004,1888449.02,341167.73,11.313023177796282,2.043813942621625,2019,9,79,142502,24425,1567296000000
2025,7,146,4466,119163.51,97032.4,4671.84,21.7269144648455,1.0460904612628752,2025,7,146,4430,36,1751328000000
2020,8,115,13,771.97,592.62,38.41,45.58615384615385,2.9546153846153844,2020,8,115,48,-35,1596240000000
2019,8,221,9,1295.6399999999999,879.51,311.62,97.72333333333333,34.62444444444444,2019,8,221,157,-148,1564617600000
2021,3,211,9921,173366.96,116011.69,20931.7,11.693548029432517,2.1098377179719785,2021,3,211,13212,-3291,1614556800000
2022,4,174,98,4164.5,3630.59,61.81,37.046836734693876,0.6307142857142858,2022,4,174,420,-322,1648771200000
2021,10,67,66,2661.77,2216.9,86.82,33.58939393939394,1.3154545454545454,2021,10,67,411,-345,1633046400000
2018,1,68,202715,2784247.65,2196589.04,328350.8,10.835848555854279,1.6197656808820264,2018,1,68,194220,8495,1514764800000
2025,2,196,989,27853.65,23767.51,521.03,24.031860465116278,0.5268250758341759,2025,2,196,1577,-588,1738368000000
2021,4,51,682,27378.59,23302.79,272.52,34.168313782991206,0.3995894428152492,2021,4,51,1392,-710,1617235200000
2025,3,17,3935,100430.75,88718.56,958.48,22.546012706480305,0.2435781448538755,2025,3,17,6260,-2325,1740787200000
2020,5,97,667,13104.36,11254.85,764.47,16.87383808095952,1.1461319340329836,2020,5,97,777,-110,1588291200000
2016,4,136,146,2294.21,1918.5,189.4,13.14041095890411,1.2972602739726027,2016,4,136,1502,-1356,1459468800000
2020,12,162,43321,659345.98,418653.9,82533.77,9.66399436762771,1.9051677015766026,2020,12,162,33744,9577,1606780800000
2022,12,102,77,2333.09,2088.42,114.72,27.122337662337664,1.4898701298701298,2022,12,102,655,-578,1669852800000
2017,4,46,4,83.45,71.5,7.25,17.875,1.8125,2017,4,46,137,-133,1491004800000
2024,2,94,96,3543.78,3239.79,20.13,33.7478125,0.2096875,2024,2,94,192,-96,1706745600000
2024,3,255,2279,65868.93,54652.22,3252.43,23.980789820096533,1.427130320315928,2024,3,255,8349,-6070,1709251200000
2016,10,83,1653,25795.22,21937.12,1573.07,13.271094978826376,0.9516454930429522,2016,10,83,5211,-3558,1475280000000
2020,3,229,59443,917434.43,588555.24,110922.45,9.901169860202211,1.8660304829836987,2020,3,229,58160,1283,1583020800000
2025,1,38,211,8880.119999999999,8146.36,61.129999999999995,38.60834123222749,0.28971563981042653,2025,1,38,667,-456,1735689600000
2022,12,60,55,1369.28,1265.71,12.02,23.01290909090909,0.21854545454545454,2022,12,60,244,-189,1669852800000
2025,10,249,94116,2087071.3499999999,1330895.02,233874.52,14.141007055123465,2.4849602618045816,2025,10,249,76524,17592,1759276800000
2024,11,24,9102,203750.92,148859.74,22244.04,16.35461876510657,2.4438628872775214,2024,11,24,11592,-2490,1730419200000
2022,6,9,40,1064.4,952.47,70.98,23.81175,1.7745000000000002,2022,6,9,397,-357,1654041600000
2021,3,188,1366,42132.0,35694.56,522.97,26.130717423133234,0.38284773060029287,2021,3,188,2401,-1035,1614556800000
2020,11,211,8266,142645.3,95004.9,17796.98,11.493455117348173,2.153034115654488,2020,11,211,10035,-1769,1604188800000
2017,10,32,38,745.36,652.01,28.71,17.158157894736842,0.7555263157894737,2017,10,32,632,-594,1506816000000
2024,6,36,996,32472.04,28308.1,1186.04,28.421787148594376,1.1908032128514057,2024,6,36,2757,-1761,1717200000000
2016,6,252,67,3039.84,2566.5,272.06,38.30597014925373,4.060597014925373,2016,6,252,1372,-1305,1464739200000
2021,2,211,6427,113219.56,76748.3,13286.720000000001,11.941543488408279,2.0673284580675277,2021,2,211,8165,-1738,1612137600000
2016,7,56,413,13147.28,10692.06,1235.16,25.888765133171912,2.990702179176756,2016,7,56,3335,-2922,1467331200000
2024,7,129,1384,50357.88,41768.53,3355.49,30.179573699421965,2.424486994219653,2024,7,129,4370,-2986,1719792000000
2017,5,154,22,1586.52,1337.01,117.41,60.77318181818182,5.336818181818182,2017,5,154,78,-56,1493596800000
2017,5,6,48,1642.1599999999999,909.01,76.67,18.937708333333333,1.5972916666666668,2017,5,6,201,-153,1493596800000
2018,5,206,10,442.52,368.5,14.01,36.85,1.401,2018,5,206,180,-170,1525132800000
2024,4,254,381,15028.69,13686.05,140.88,35.92139107611548,0.36976377952755907,2024,4,254,583,-202,1711929600000
2020,4,192,16,732.8000000000001,614.33,40.82,38.395625,2.55125,2020,4,192,40,-24,1585699200000
2020,9,193,1654,18342.47,15066.36,1266.96,9.109044740024185,0.7659975816203144,2020,9,193,1885,-231,1598918400000
2022,3,234,99033,1665027.86,1065129.91,225054.57,10.755302878838366,2.272520977855866,2022,3,234,85300,13733,1646092800000
2019,8,86,208,12059.41,10872.75,103.92,52.27283653846154,0.49961538461538463,2019,8,86,967,-759,1564617600000
2020,12,161,51496,817048.2000000001,525288.11,100584.89,10.200561402827404,1.9532563694267515,2020,12,161,44887,6609,1606780800000
2025,10,209,10820,290227.98,201912.49,27534.25,18.661043438077634,2.5447550831792976,2025,10,209,13571,-2751,1759276800000
2020,5,130,264,8924.62,7734.38,345.19,29.29689393939394,1.3075378787878789,2020,5,130,482,-218,1588291200000
2016,3,21,86,3021.21,2648.51,241.57,30.796627906976745,2.808953488372093,2016,3,21,1553,-1467,1456790400000
2017,7,206,8,402.43,342.0,52.03,42.75,6.50375,2017,7,206,170,-162,1498867200000
2018,8,92,413,10518.14,9197.49,552.55,22.269951573849877,1.3378934624697336,2018,8,92,4182,-3769,1533081600000
2021,10,81,172,8831.84,7854.82,10.35,45.66755813953488,0.06017441860465116,2021,10,81,387,-215,1633046400000
2016,9,148,162839,2658042.99,2157787.18,293208.39,13.251046616596762,1.800602988227636,2016,9,148,112696,50143,1472688000000
2022,1,213,156,5507.599999999999,4969.07,24.880000000000003,31.85301282051282,0.1594871794871795,2022,1,213,552,-396,1640995200000
2023,3,51,327,13987.98,12501.72,109.31,38.23155963302752,0.33428134556574923,2023,3,51,568,-241,1677628800000
2018,9,123,252,6964.94,6332.2300000000005,94.55,25.127896825396828,0.3751984126984127,2018,9,123,1103,-851,1535760000000
2025,10,253,15,356.3,275.64,15.0,18.375999999999998,1.0,2025,10,253,68,-53,1759276800000
2023,12,241,177,6133.4,5633.21,60.99,31.826045197740115,0.3445762711864407,2023,12,241,462,-285,1701388800000
2025,5,251,23,1335.47,983.76,55.33,42.77217391304348,2.4056521739130434,2025,5,251,56,-33,1746057600000
2016,6,220,287,5088.68,4202.18,478.95,14.641742160278747,1.668815331010453,2016,6,220,4602,-4315,1464739200000
2017,6,102,89,2626.88,2141.6,272.95,24.062921348314607,3.0668539325842694,2017,6,102,1364,-1275,1496275200000
2023,1,5,56,5081.64,3605.2000000000003,0.0,64.37857142857143,0.0,2023,1,5,56,0,1672531200000
2024,4,115,15,1194.27,1037.25,81.28,69.15,5.418666666666667,2024,4,115,49,-34,1711929600000
2025,11,100,55664,1332343.41,865150.55,150348.95,15.542371191434322,2.701008730957172,2025,11,100,50161,5503,1761955200000
2016,10,253,34,1463.46,1189.01,166.27,34.970882352941175,4.890294117647059,2016,10,253,65,-31,1475280000000
2020,5,184,12,263.94,231.6,0.0,19.3,0.0,2020,5,184,25,-13,1588291200000
2022,3,33,2103,54130.33,41398.71,7409.87,19.68554921540656,3.523475986685687,2022,3,33,9316,-7213,1646092800000
2019,12,251,8,487.5,401.86,16.66,50.2325,2.0825,2019,12,251,125,-117,1575158400000
2024,4,248,221,7377.34,6603.14,48.4,29.87846153846154,0.21900452488687783,2024,4,248,343,-122,1711929600000
2019,1,202,332,7561.01,6487.49,555.11,19.54063253012048,1.6720180722891567,2019,1,202,3111,-2779,1546300800000
2019,11,205,647,26917.21,24165.87,47.11,37.35064914992272,0.0728129829984544,2019,11,205,1475,-828,1572566400000
2020,10,112,314,7792.12,6193.01,828.17,19.72296178343949,2.637484076433121,2020,10,112,2724,-2410,1601510400000
2018,11,100,162575,2405370.09,1942637.99,244981.43,11.949180316776872,1.5068825465169922,2018,11,100,120178,42397,1541030400000
2021,10,231,48833,997282.37,686010.11,128810.43000000001,14.048084492044314,2.6377742510187785,2021,10,231,51484,-2651,1633046400000
2016,7,48,332281,4805500.99,3882835.71,483273.63,11.685397931269016,1.4544124701683214,2016,7,48,290236,42045,1467331200000
2017,11,153,79,1164.52,1009.5,49.19,12.778481012658228,0.6226582278481012,2017,11,153,337,-258,1509494400000
2024,7,245,1,131.0,130.0,0.0,130.0,0.0,2024,7,245,33,-32,1719792000000
2025,11,1,593,60354.39,51916.08,6178.06,87.54819561551433,10.41831365935919,2025,11,1,8333,-7740,1761955200000
2020,5,144,659,12628.07,9100.46,1181.23,13.809499241274658,1.7924582701062215,2020,5,144,964,-305,1588291200000
2017,1,1,696,59188.54,49950.14,6832.07,71.76744252873563,9.816192528735632,2017,1,1,15820,-15124,1483228800000
2016,3,127,1367,24419.260000000002,20312.05,2113.07,14.858851499634236,1.545771762984638,2016,3,127,10216,-8849,1456790400000
2024,12,257,259,9812.77,8317.16,514.32,32.112586872586874,1.985791505791506,2024,12,257,1741,-1482,1733011200000
2019,3,113,121618,2000145.6400000001,1306617.51,243914.69,10.743619447779112,2.0055805061750727,2019,3,113,106317,15301,1551398400000
2017,12,11,90,1999.12,1732.0,129.87,19.244444444444444,1.443,2017,12,11,676,-586,1512086400000
2023,3,61,662,21748.59,18464.03,1666.71,27.891283987915408,2.517688821752266,2023,3,61,5141,-4479,1677628800000
2017,3,231,190735,3091447.38,2480835.78,371191.78,13.006714971033107,1.9461125645529138,2017,3,231,181414,9321,1488326400000
2016,1,45,24026,377958.48,312547.6,37289.58,13.008723882460666,1.552051111296096,2016,1,45,29432,-5406,1451606400000
2018,6,12,4804,101701.39,86338.3,9116.19,17.972169025811823,1.8976248959200668,2018,6,12,7132,-2328,1527811200000
2023,8,159,240,6788.41,5970.75,102.04,24.878125,0.4251666666666667,2023,8,159,797,-557,1690848000000
2018,2,117,33,4617.59,4257.53,260.32,129.0160606060606,7.888484848484849,2018,2,117,384,-351,1517443200000
2024,9,234,100518,2294560.83,1527418.6,278382.49,15.195473447541735,2.769478998786287,2024,9,234,88640,11878,1725148800000
2025,7,153,200,5354.47,4879.74,13.34,24.398699999999998,0.0667,2025,7,153,288,-88,1751328000000
2025,2,112,3007,71770.72,56972.72,1516.73,18.946697705354175,0.5043997339541071,2025,2,112,7869,-4862,1738368000000
2022,9,187,3,121.64999999999999,99.60000000000001,0.0,33.2,0.0,2022,9,187,18,-15,1661990400000
2019,6,130,1406,68585.23,55589.27,5294.85,39.537176386913224,3.765896159317212,2019,6,130,3766,-2360,1559347200000
2023,5,244,2293,73202.29,58345.01,6746.86,25.444836458787616,2.942372437854339,2023,5,244,10306,-8013,1682899200000
2023,7,147,57,2155.8199999999997,1907.72,5.0,33.46877192982456,0.08771929824561403,2023,7,147,269,-212,1688169600000
2025,1,221,33,1406.23,1139.03,18.0,34.516060606060606,0.5454545454545454,2025,1,221,62,-29,1735689600000
2025,6,228,3053,93835.84,79331.3,970.09,25.984703570258763,0.3177497543399935,2025,6,228,4802,-1749,1748736000000
2025,7,177,3159,89003.69,80816.14,135.39000000000001,25.582823678379235,0.0428584995251662,2025,7,177,3198,-39,1751328000000
2016,1,168,2180,32915.090000000004,27816.37,2163.88,12.759802752293577,0.992605504587156,2016,1,168,7723,-5543,1451606400000
2017,5,177,254,5472.51,4537.0,539.11,17.862204724409448,2.12248031496063,2017,5,177,2260,-2006,1493596800000
2016,2,159,568,7896.320000000001,6876.8,314.3,12.107042253521128,0.5533450704225352,2016,2,159,3411,-2843,1454284800000
2022,6,138,96138,4501795.51,3146671.65,588658.6799999999,32.73077919241091,6.123059352181238,2022,6,138,51898,44240,1654041600000
2023,7,234,77080,1693346.8800000001,1096823.97,217323.00999999998,14.229683056564609,2.8194474571873376,2023,7,234,67367,9713,1688169600000
2018,1,67,91,1971.8,1712.8,124.42999999999999,18.821978021978023,1.3673626373626373,2018,1,67,1255,-1164,1514764800000
2017,4,38,15,809.79,720.6700000000001,55.1,48.04466666666667,3.6733333333333333,2017,4,38,626,-611,1491004800000
2018,6,113,133498,1823606.76,1443006.28,217371.98999999996,10.809197740790124,1.6282790004344632,2018,6,113,114188,19310,1527811200000
2018,6,214,14,838.54,678.0,96.14,48.42857142857143,6.867142857142857,2018,6,214,133,-119,1527811200000
2020,11,50,11184,180730.39,120918.84,20471.530000000002,10.811770386266094,1.8304300786838343,2020,11,50,17057,-5873,1604188800000
2019,4,74,28230,407409.18,318789.28,26808.73,11.292571023733618,0.9496539142755933,2019,4,74,57987,-29757,1554076800000
2023,6,43,54238,1250157.84,834232.04,159842.4,15.380951362513368,2.947055569895645,2023,6,43,40613,13625,1685577600000
2023,10,30,4,77.24,61.43,7.21,15.3575,1.8025,2023,10,30,37,-33,1696118400000
2022,10,260,847,30715.73,24862.02,3128.14,29.353034238488785,3.6931995277449823,2022,10,260,3094,-2247,1664582400000
2023,12,81,121,4872.38,4497.34,5.05,37.16809917355372,0.04173553719008264,2023,12,81,271,-150,1701388800000
2019,4,257,380,10730.480000000001,8789.55,619.53,23.130394736842103,1.630342105263158,2019,4,257,4073,-3693,1554076800000
2020,6,86,207,13556.46,12446.97,241.29,60.13028985507246,1.1656521739130434,2020,6,86,315,-108,1590969600000
2016,10,122,28,602.01,539.0,17.84,19.25,0.6371428571428571,2016,10,122,383,-355,1475280000000
2018,12,89,1712,50525.1,44332.66,1531.23,25.895245327102806,0.894410046728972,2018,12,89,7249,-5537,1543622400000
2017,2,212,121,2101.49,1762.2,176.59,14.563636363636364,1.4594214876033058,2017,2,212,1219,-1098,1485907200000
2018,8,105,19,361.9,296.5,36.44,15.605263157894736,1.917894736842105,2018,8,105,10,9,1533081600000
2025,4,20,456,13483.85,12006.43,185.96,26.329890350877193,0.4078070175438597,2025,4,20,964,-508,1743465600000
2017,1,17,2874,39764.74,32833.7,3136.15,11.42439109255393,1.091214335421016,2017,1,17,16438,-13564,1483228800000
2018,3,39,337,10856.7,9905.75,260.71,29.393916913946587,0.7736201780415429,2018,3,39,1790,-1453,1519862400000
2024,10,19,180,6027.25,5418.39,234.55,30.10216666666667,1.3030555555555556,2024,10,19,563,-383,1727740800000
2016,7,11,58,2292.78,1996.85,169.76999999999998,34.42844827586207,2.927068965517241,2016,7,11,835,-777,1467331200000
2022,7,236,107566,1753945.1500000001,1130999.83,230397.66,10.51447325363033,2.1419190078649386,2022,7,236,112537,-4971,1656633600000
2023,11,32,130,4382.65,4032.02,2.55,31.015538461538462,0.019615384615384614,2023,11,32,232,-102,1698796800000
2020,1,230,228572,4195611.06,2776791.66,498702.77999999997,12.148433141417147,2.18181920795198,2020,1,230,193892,34680,1577836800000
2024,3,76,1425,46659.159999999996,42952.91,251.29,30.142392982456144,0.1763438596491228,2024,3,76,2245,-820,1709251200000
2016,5,143,122824,1686562.01,1351531.3,187643.93,11.00380463101674,1.5277464502051716,2016,5,143,132899,-10075,1462060800000
2018,7,186,288006,4273153.35,3446743.03,467954.38,11.967608417880182,1.624807747060825,2018,7,186,220433,67573,1530403200000
2018,6,201,13,503.32,441.5,5.0,33.96153846153846,0.38461538461538464,2018,6,201,332,-319,1527811200000
2017,6,18,89,1587.09,1382.5,71.31,15.53370786516854,0.8012359550561798,2017,6,18,1395,-1306,1496275200000
2016,8,188,1520,25566.74,21475.31,2134.08,14.128493421052632,1.404,2016,8,188,8776,-7256,1470009600000
2017,1,179,6113,90287.8,75192.76,7620.38,12.300467855390151,1.2465859643382955,2017,1,179,14310,-8197,1483228800000
2023,6,161,151364,3807332.08,2512108.7,493646.12,16.596474062524777,3.2613178827198013,2023,6,161,128295,23069,1685577600000
2024,1,232,3737,102051.84,75375.88,9931.66,20.17015788065293,2.6576558736954774,2024,1,232,13889,-10152,1704067200000
2019,5,198,313,8446.14,7447.84,183.32,23.795015974440894,0.5856869009584664,2019,5,198,3692,-3379,1556668800000
2021,3,255,354,8908.87,7033.12,866.35,19.867570621468925,2.447316384180791,2021,3,255,2895,-2541,1614556800000
2021,10,192,55,2032.91,1773.8400000000001,51.87,32.251636363636365,0.9430909090909091,2021,10,192,298,-243,1633046400000
2020,5,26,163,4345.78,3869.46,230.15,23.739018404907977,1.411963190184049,2020,5,26,264,-101,1588291200000
2024,12,38,169,7418.2699999999995,6804.95,89.73,40.265976331360946,0.5309467455621302,2024,12,38,687,-518,1733011200000
2025,6,32,599,18817.829999999998,16772.75,21.02,28.001252086811352,0.03509181969949916,2025,6,32,902,-303,1748736000000
2025,7,240,135,3765.91,3348.67,28.05,24.804962962962964,0.20777777777777778,2025,7,240,326,-191,1751328000000
2020,2,230,226288,4174320.81,2765766.64,502703.38,12.222330127978505,2.2215202750477268,2020,2,230,188223,38065,1580515200000
2022,3,89,293,9641.789999999999,8451.25,440.34000000000003,28.843856655290104,1.5028668941979524,2022,3,89,2768,-2475,1646092800000
2025,9,172,27,1148.43,872.32,89.03999999999999,32.30814814814815,3.2977777777777777,2025,9,172,78,-51,1756684800000
2016,6,214,9,360.7,296.54,47.42,32.94888888888889,5.268888888888889,2016,6,214,189,-180,1464739200000
2022,9,149,51,2266.41,2028.8300000000002,88.68,39.78098039215686,1.7388235294117649,2022,9,149,431,-380,1661990400000
2025,10,127,1963,49173.97,40554.96,689.43,20.6596841569027,0.3512124299541518,2025,10,127,5583,-3620,1759276800000
2022,8,77,73,2570.13,2328.27,58.910000000000004,31.894109589041097,0.806986301369863,2022,8,77,439,-366,1659312000000
2019,4,5,32,2702.27,2385.83,0.0,74.5571875,0.0,2019,4,5,63,-31,1554076800000
2024,8,265,2125,205094.81,181902.31,17147.85,85.60108705882352,8.069576470588235,2024,8,265,18294,-16169,1722470400000
2018,5,215,1020,58896.48,47479.98,5741.42,46.54900000000001,5.628843137254902,2018,5,215,1213,-193,1525132800000
2023,11,3,101,3453.24,3149.6,51.120000000000005,31.184158415841583,0.5061386138613861,2023,11,3,243,-142,1698796800000
2022,12,20,61,2053.34,1771.3,110.39,29.037704918032787,1.809672131147541,2022,12,20,300,-239,1669852800000
2021,1,256,332,9155.76,7601.18,621.87,22.895120481927712,1.8731024096385542,2021,1,256,2188,-1856,1609459200000
2017,12,195,462,11845.22,9626.5,1186.81,20.836580086580085,2.5688528138528137,2017,12,195,3477,-3015,1512086400000
2018,6,198,333,7698.22,6651.92,483.0,19.975735735735736,1.4504504504504505,2018,6,198,4700,-4367,1527811200000
2017,8,101,40,1453.18,1189.5,208.92999999999998,29.7375,5.223249999999999,2017,8,101,587,-547,1501545600000
2021,12,134,221,12114.99,9806.95,1417.2,44.37533936651584,6.412669683257919,2021,12,134,947,-726,1638316800000
2020,10,234,44160,697772.88,448773.03,88071.66,10.162432744565217,1.9943763586956522,2020,10,234,37507,6653,1601510400000
2023,8,249,63935,1448064.29,947753.74,189321.66,14.823707515445374,2.9611583639634005,2023,8,249,46018,17917,1690848000000
2024,5,17,1214,36570.95,33170.72,912.31,27.32349258649094,0.751490939044481,2024,5,17,4066,-2852,1714521600000
2024,5,101,107,4632.8,4228.01,113.11,39.514112149532714,1.0571028037383177,2024,5,101,345,-238,1714521600000
2025,10,163,115828,2895660.44,1858782.99,368579.07,16.047786286562836,3.1821240978001866,2025,10,163,105208,10620,1759276800000
2016,6,27,3,96.66,80.0,11.68,26.666666666666668,3.893333333333333,2016,6,27,119,-116,1464739200000
2018,5,139,143,5748.42,5181.25,111.0,36.23251748251748,0.7762237762237763,2018,5,139,874,-731,1525132800000
2021,1,4,1157,27982.08,20628.86,3346.12,17.82961106309421,2.8920656871218666,2021,1,4,6260,-5103,1609459200000
2017,1,93,1117,58573.21,46719.36,6616.2,41.82574753804835,5.923187108325873,2017,1,93,1013,104,1483228800000
2020,2,105,3,44.019999999999996,28.0,7.12,9.333333333333334,2.3733333333333335,2020,2,105,2,1,1580515200000
2021,10,73,33,1282.56,1118.22,12.79,33.88545454545454,0.3875757575757576,2021,10,73,279,-246,1633046400000
2021,9,204,5,214.05,189.25,0.0,37.85,0.0,2021,9,204,14,-9,1630454400000
2017,2,141,205393,2496118.38,1977482.94,280863.7,9.62780104482626,1.367445336501244,2017,2,141,208566,-3173,1485907200000
2020,7,249,11265,184618.18,121134.62,22369.85,10.753184198845982,1.9857833999112293,2020,7,249,9625,1640,1593561600000
2022,5,7,2405,45550.65,36433.08,4250.46,15.148889812889813,1.7673430353430353,2022,5,7,12084,-9679,1651363200000
2023,2,86,135,7643.099999999999,6967.05,35.5,51.60777777777778,0.26296296296296295,2023,2,86,518,-383,1675209600000
2024,10,83,423,14785.45,12253.68,1032.7,28.96851063829787,2.441371158392435,2024,10,83,883,-460,1727740800000
2022,7,159,209,4150.69,3647.43,146.51,17.45181818181818,0.7010047846889952,2022,7,159,924,-715,1656633600000
2023,3,67,76,2821.56,2382.48,59.83,31.34842105263158,0.7872368421052631,2023,3,67,385,-309,1677628800000
2025,3,101,336,9454.63,8289.34,28.43,24.670654761904764,0.08461309523809524,2025,3,101,591,-255,1740787200000
2023,6,159,189,5455.28,4804.77,110.01,25.422063492063494,0.5820634920634921,2023,6,159,746,-557,1685577600000
2017,5,259,55,1473.78,1181.56,181.55,21.48290909090909,3.3009090909090912,2017,5,259,1141,-1086,1493596800000
2022,9,101,69,2658.13,2419.38,35.75,35.063478260869566,0.5181159420289855,2022,9,101,286,-217,1661990400000
2022,11,62,194,6480.07,5597.2,595.17,28.851546391752578,3.067886597938144,2022,11,62,1509,-1315,1667260800000
2016,1,237,411853,4829025.09,3847324.52,510494.0,9.341499321359805,1.2395053574940573,2016,1,237,354784,57069,1451606400000
2021,1,38,134,6006.01,5365.26,200.0,40.03925373134329,1.492537313432836,2021,1,38,300,-166,1609459200000
2020,6,93,55,2984.59,2417.29,257.48,43.95072727272727,4.681454545454546,2020,6,93,114,-59,1590969600000
2020,1,229,125647,1961433.47,1265024.64,233257.25,10.068084713522806,1.8564490198731367,2020,1,229,125461,186,1577836800000
2021,9,211,21674,409109.37,276192.3,52561.85,12.74302389960321,2.42511073175233,2021,9,211,26703,-5029,1630454400000
2021,10,24,11804,209985.96,149993.97,26835.4,12.707045916638428,2.273415791257201,2021,10,24,13219,-1415,1633046400000
2023,11,48,84944,2068555.7,1389021.83,256654.98,16.3522065125259,3.0214609625164814,2023,11,48,78946,5998,1698796800000
2017,2,264,151879,2493117.06,2003656.89,283232.43,13.192455112293338,1.864855773345887,2017,2,264,139233,12646,1485907200000
2019,12,26,547,14958.7,13019.31,111.9,23.801297989031077,0.20457038391224863,2019,12,26,1789,-1242,1575158400000
2024,12,174,205,8538.119999999999,7785.73,51.6,37.97917073170731,0.25170731707317073,2024,12,174,495,-290,1733011200000
2024,4,77,332,11021.66,10165.13,34.91,30.61786144578313,0.10515060240963854,2024,4,77,593,-261,1711929600000
2016,9,61,3443,61664.0,51346.47,5627.64,14.91329363926808,1.6345164101074645,2016,9,61,21805,-18362,1472688000000
2018,8,39,543,19493.7,17871.79,355.34,32.91305709023941,0.6544014732965009,2018,8,39,2457,-1914,1533081600000
2020,9,247,727,16867.3,14287.81,1144.16,19.653108665749656,1.5738101788170564,2020,9,247,1380,-653,1598918400000
2020,12,196,332,9133.539999999999,7740.52,703.5,23.314819277108434,2.1189759036144578,2020,12,196,872,-540,1606780800000
2024,2,168,663,18662.69,16458.6,259.7,24.82443438914027,0.39170437405731523,2024,2,168,1645,-982,1706745600000
2023,1,118,10,706.31,549.8,47.0,54.98,4.7,2023,1,118,59,-49,1672531200000
2023,8,112,602,18793.46,15096.47,1550.93,25.0771926910299,2.5762956810631232,2023,8,112,6051,-5449,1690848000000
2024,12,229,62170,1451437.3199999998,970017.2300000001,186060.84,15.60265771272318,2.9927752935499434,2024,12,229,75075,-12905,1733011200000
2020,12,185,340,10070.52,8560.71,843.93,25.17855882352941,2.4821470588235295,2020,12,185,636,-296,1606780800000
2025,5,96,128,3586.94,3087.02,64.39,24.11734375,0.503046875,2025,5,96,286,-158,1746057600000
2019,12,84,2,85.6,85.0,0.0,42.5,0.0,2019,12,84,47,-45,1575158400000
2020,2,107,141800,2313924.36,1490879.67,288469.39999999997,10.513961001410436,2.034339915373766,2020,2,107,132633,9167,1580515200000
2016,4,229,227074,3054926.2600000002,2436084.0,338998.37,10.728150294617613,1.4928982182019959,2016,4,229,199524,27550,1459468800000
2021,4,77,448,16174.74,13811.95,103.46000000000001,30.830245535714287,0.23093750000000002,2021,4,77,816,-368,1617235200000
2023,11,249,75689,1770817.48,1172452.35,234821.33,15.490392923674511,3.102449893643726,2023,11,249,56672,19017,1698796800000
2018,6,16,143,3967.21,3585.55,180.4,25.073776223776225,1.2615384615384615,2018,6,16,1290,-1147,1527811200000
2024,10,198,520,15770.8,13730.77,422.83,26.405326923076924,0.8131346153846154,2024,10,198,2214,-1694,1727740800000
2022,10,40,543,15239.77,11149.17,2201.43,20.53254143646409,4.054198895027624,2022,10,40,3241,-2698,1664582400000
2017,4,3,28,770.4,677.0,33.49,24.178571428571427,1.1960714285714287,2017,4,3,596,-568,1491004800000
2017,2,18,103,1699.83,1455.54,111.43,14.131456310679612,1.081844660194175,2017,2,18,1382,-1279,1485907200000
2019,10,214,28,2237.29,1401.1,600.3,50.03928571428571,21.439285714285713,2019,10,214,171,-143,1569888000000
2020,8,119,477,17444.49,15440.75,530.14,32.37054507337526,1.111404612159329,2020,8,119,921,-444,1596240000000
2020,12,178,59,1624.26,1405.42,132.02,23.820677966101695,2.237627118644068,2020,12,178,211,-152,1606780800000
2022,11,68,78079,1544326.69,1042462.31,201076.74,13.351378859872694,2.5752986078202844,2022,11,68,77212,867,1667260800000
2020,6,189,196,4925.01,4235.31,354.06,21.60872448979592,1.8064285714285715,2020,6,189,415,-219,1590969600000
2022,2,22,76,2900.74,2594.79,54.25,34.14197368421053,0.7138157894736842,2022,2,22,489,-413,1643673600000
2022,1,31,9,309.62,259.35,37.57,28.81666666666667,4.174444444444444,2022,1,31,101,-92,1640995200000
2020,5,88,580,14716.94,11436.83,1089.93,19.718672413793104,1.8791896551724139,2020,5,88,749,-169,1588291200000
2019,8,177,471,13866.21,12451.27,172.7,26.435817409766454,0.36666666666666664,2019,8,177,1785,-1314,1564617600000
2017,12,36,1109,17854.97,14696.32,1628.14,13.251866546438233,1.4681154192966637,2017,12,36,8409,-7300,1512086400000
2017,4,241,85,1692.6299999999999,1419.8,134.49,16.703529411764706,1.5822352941176472,2017,4,241,1679,-1594,1491004800000
2021,1,75,24650,368532.27,275852.91,31712.74,11.19078742393509,1.2865208924949292,2021,1,75,32598,-7948,1609459200000
2017,10,1,684,59745.979999999996,50307.6,7237.04,73.54912280701754,10.58046783625731,2017,10,1,19984,-19300,1506816000000
2021,7,262,36478,636564.5,418726.26,81274.72,11.478871100389275,2.2280475903284174,2021,7,262,40424,-3946,1625097600000
2022,7,6,3,595.96,562.5,32.06,187.5,10.686666666666667,2022,7,6,52,-49,1656633600000
2018,9,247,1219,23503.73,20339.83,1227.31,16.685668580803938,1.0068170631665299,2018,9,247,3886,-2667,1535760000000
2019,10,212,184,4771.0,4083.95,21.19,22.195380434782606,0.11516304347826088,2019,10,212,836,-652,1569888000000
2020,12,85,289,9475.81,8160.48,721.87,28.236955017301035,2.497820069204152,2020,12,85,587,-298,1606780800000
2021,2,163,29314,448892.5,285273.64,56747.56,9.731651770485094,1.9358518114211638,2021,2,163,24834,4480,1612137600000
2023,5,194,135,7930.18,5748.38,1028.5,42.580592592592595,7.618518518518519,2023,5,194,634,-499,1682899200000
2019,3,3,294,11343.06,10197.88,73.95,34.68666666666667,0.251530612244898,2019,3,3,775,-481,1551398400000
2019,7,20,166,5659.93,4925.79,93.84,29.67343373493976,0.5653012048192771,2019,7,20,694,-528,1561939200000
2017,5,63,68,2254.91,1963.1,167.54000000000002,28.86911764705882,2.463823529411765,2017,5,63,1031,-963,1493596800000
2022,4,21,83,3135.46,2803.23,110.88,33.77385542168675,1.3359036144578313,2022,4,21,484,-401,1648771200000
2022,10,163,103021,1981023.53,1316785.0,259777.44,12.781714407742111,2.5215969559604354,2022,10,163,87612,15409,1664582400000
2018,7,174,159,3343.07,2969.45,104.06,18.675786163522012,0.6544654088050315,2018,7,174,1073,-914,1530403200000
2024,10,249,86240,1975989.55,1320586.17,246027.97,15.312919410946195,2.85282896567718,2024,10,249,66802,19438,1727740800000
2019,4,132,230480,13194680.879999999,10529817.37,1385486.16,45.68646897778549,6.011307532106907,2019,4,132,66221,164259,1554076800000
2025,3,180,744,20021.08,17778.38,311.61,23.895672043010755,0.4188306451612903,2025,3,180,1034,-290,1740787200000
2025,3,182,1081,36406.38,32306.32,40.15,29.885587419056428,0.03714153561517114,2025,3,182,903,178,1740787200000
2018,6,94,94,1914.35,1670.53,94.28,17.77159574468085,1.0029787234042553,2018,6,94,657,-563,1527811200000
2025,8,153,185,5024.75,4528.61,34.67,24.478972972972972,0.1874054054054054,2025,8,153,293,-108,1754006400000
2016,2,181,15673,254572.49,206046.41,28711.54,13.146583934154279,1.8319109296241944,2016,2,181,42263,-26590,1454284800000
2019,3,125,46480,832009.4,551667.76,104182.8,11.868927710843373,2.2414543889845095,2019,3,125,40820,5660,1551398400000
2020,7,61,1464,55058.07,50254.270000000004,1993.59,34.32668715846995,1.3617418032786885,2020,7,61,2396,-932,1593561600000
2019,7,99,5,427.55,334.81,0.0,66.962,0.0,2019,7,99,12,-7,1561939200000
2022,9,131,122,4398.5,4017.78,64.02,32.93262295081967,0.5247540983606557,2022,9,131,657,-535,1661990400000
2016,1,6,39,836.98,688.5,63.12,17.653846153846153,1.6184615384615384,2016,1,6,245,-206,1451606400000
2021,12,154,6,295.38,221.39,31.09,36.89833333333333,5.181666666666667,2021,12,154,41,-35,1638316800000
2023,3,86,140,7232.6,6711.19,1.01,47.93707142857143,0.007214285714285715,2023,3,86,540,-400,1677628800000
2025,2,37,2927,74830.81,64474.01,845.6800000000001,22.027335155449265,0.288923812777588,2025,2,37,5149,-2222,1738368000000
2025,2,58,30,1155.97,1008.12,0.0,33.604,0.0,2025,2,58,88,-58,1738368000000
2019,5,138,206468,8837876.96,6378946.59,1127854.71,30.895570209427127,5.462612656682875,2019,5,138,94600,111868,1556668800000
2024,9,49,1515,45546.94,40439.97,1318.2,26.693049504950494,0.8700990099009901,2024,9,49,5291,-3776,1725148800000
2017,5,160,181,5123.61,4178.15,480.06,23.083701657458562,2.652265193370166,2017,5,160,2990,-2809,1493596800000
2016,2,165,231,5959.71,5287.87,366.75,22.89121212121212,1.5876623376623376,2016,2,165,2588,-2357,1454284800000
2017,7,149,67,1654.19,1263.3,158.26,18.855223880597013,2.362089552238806,2017,7,149,962,-895,1498867200000
2022,7,76,337,12892.56,11711.06,305.15,34.750919881305634,0.9054896142433234,2022,7,76,1433,-1096,1656633600000
2019,3,197,911,34246.28,29786.12,1328.5,32.69607025246981,1.4582875960482986,2019,3,197,3715,-2804,1551398400000
2023,1,213,208,7587.94,6451.26,123.91,31.01567307692308,0.5957211538461539,2023,1,213,568,-360,1672531200000
2025,2,217,536,13965.2,12440.789999999999,118.88,23.210429104477612,0.22179104477611938,2025,2,217,1445,-909,1738368000000
2021,7,219,375,21209.45,17955.78,1212.18,47.882079999999995,3.2324800000000002,2021,7,219,1202,-827,1625097600000
2025,3,261,20660,613445.07,428391.74,66768.44,20.735321393998063,3.231773475314618,2025,3,261,21365,-705,1740787200000
2021,10,28,222,11139.15,9127.54,852.52,41.11504504504505,3.8401801801801803,2021,10,28,1034,-812,1633046400000
2024,11,249,83356,1886332.04,1258296.52,236078.67,15.095452276980662,2.8321736887566584,2024,11,249,64551,18805,1730419200000
2025,6,118,29,1555.07,1227.15,20.0,42.31551724137931,0.6896551724137931,2025,6,118,107,-78,1748736000000
2017,2,21,47,1324.2,1176.6,84.99,25.034042553191487,1.8082978723404255,2017,2,21,1034,-987,1485907200000
2017,7,146,9736,145358.92,122061.24,11977.41,12.537103533278554,1.2302187756778964,2017,7,146,11693,-1957,1498867200000
2020,2,69,598,15564.51,13462.34,234.42000000000002,22.51227424749164,0.3920066889632107,2020,2,69,2663,-2065,1580515200000
2019,1,150,172,6598.13,6076.5,70.36,35.32848837209303,0.40906976744186047,2019,1,150,651,-479,1546300800000
2022,6,145,3594,80799.99,60789.17,9497.74,16.91407067334446,2.642665553700612,2022,6,145,11197,-7603,1654041600000
2024,5,35,1034,31126.15,29459.93,62.04,28.49122823984526,0.06,2024,5,35,1273,-239,1714521600000
2024,9,15,82,3177.97,2851.07,32.4,34.76914634146342,0.39512195121951216,2024,9,15,415,-333,1725148800000
2024,11,157,1030,39340.52,32498.38,2790.62,31.551825242718447,2.7093398058252425,2024,11,157,1394,-364,1730419200000
2023,3,18,117,3914.15,3516.16,46.29,30.05264957264957,0.39564102564102566,2023,3,18,484,-367,1677628800000
2023,8,170,88719,2075097.79,1362148.34,259370.42,15.353513227155402,2.923504773498349,2023,8,170,87446,1273,1690848000000
2017,11,154,20,1858.47,1635.5,94.85,81.775,4.7425,2017,11,154,46,-26,1509494400000
2023,1,72,179,5243.59,4846.88,64.86,27.077541899441343,0.3623463687150838,2023,1,72,597,-418,1672531200000
2018,2,202,284,6162.25,5093.3,640.99,17.934154929577467,2.2570070422535213,2018,2,202,3487,-3203,1517443200000
2018,1,227,111,1908.73,1664.5,111.56,14.995495495495495,1.005045045045045,2018,1,227,1892,-1781,1514764800000
2024,8,100,49355,1168513.3699999999,796109.7100000001,129166.22,16.130274744200182,2.617084793840543,2024,8,100,42324,7031,1722470400000
2018,7,34,134,2087.81,1707.5,212.71,12.742537313432836,1.5873880597014927,2018,7,34,868,-734,1530403200000
2023,1,78,123,4337.08,3729.81,28.02,30.323658536585366,0.2278048780487805,2023,1,78,332,-209,1672531200000
2024,5,81,217,8539.82,7937.01,14.15,36.576082949308756,0.0652073732718894,2024,5,81,347,-130,1714521600000
2019,7,44,41,1960.85,1819.21,6.99,44.3709756097561,0.1704878048780488,2019,7,44,73,-32,1561939200000
2022,10,112,962,25802.25,19449.87,3613.93,20.218160083160083,3.7566839916839916,2022,10,112,8174,-7212,1664582400000
2020,1,246,110740,1920315.47,1260217.55,240341.63999999998,11.37996703991331,2.170323640960809,2020,1,246,127705,-16965,1577836800000
2023,6,179,590,15230.11,12503.51,1046.35,21.192389830508475,1.7734745762711863,2023,6,179,3372,-2782,1685577600000
2019,6,195,702,25054.91,21014.31,1282.33,29.934914529914533,1.8266809116809115,2019,6,195,2633,-1931,1559347200000
2024,6,120,29,1051.49,883.95,63.650000000000006,30.481034482758623,2.194827586206897,2024,6,120,221,-192,1717200000000
2019,6,32,243,9021.29,7955.26,13.78,32.73769547325103,0.05670781893004115,2019,6,32,732,-489,1559347200000
2019,6,149,262,8198.85,7472.27,61.26,28.520114503816796,0.23381679389312976,2019,6,149,931,-669,1559347200000
2023,6,134,311,17043.23,13879.43,1837.25,44.6283922829582,5.907556270096463,2023,6,134,1087,-776,1685577600000
2021,11,67,59,2491.63,2225.07,16.31,37.71305084745763,0.27644067796610167,2021,11,67,473,-414,1635724800000
2024,6,47,278,8696.32,8057.68,6.4399999999999995,28.98446043165468,0.02316546762589928,2024,6,47,376,-98,1717200000000
2024,7,191,368,16376.07,15111.25,109.23,41.063179347826086,0.29682065217391307,2024,7,191,1008,-640,1719792000000
2024,10,173,209,6139.81,5414.01,104.89,25.904354066985647,0.501866028708134,2024,10,173,612,-403,1727740800000
2018,7,139,120,4749.15,4302.28,110.37,35.852333333333334,0.9197500000000001,2018,7,139,822,-702,1530403200000
2022,12,31,26,985.98,829.58,86.2,31.90692307692308,3.3153846153846156,2022,12,31,206,-180,1669852800000
2016,2,115,100,1585.5,1278.88,167.5,12.788800000000002,1.675,2016,2,115,245,-145,1454284800000
2020,10,212,327,10127.22,8487.82,792.52,25.95663608562691,2.4236085626911312,2020,10,212,575,-248,1601510400000
2025,1,9,117,3575.83,2963.9900000000002,157.79,25.333247863247866,1.3486324786324786,2025,1,9,346,-229,1735689600000
2025,9,198,1895,48631.82,41346.43,671.5,21.818696569920846,0.35435356200527707,2025,9,198,4851,-2956,1756684800000
2022,3,162,122274,2131463.58,1367451.03,287776.45,11.18349796358997,2.353537546821074,2022,3,162,97181,25093,1646092800000
2016,1,223,8494,151858.43,120848.39,14296.06,14.227500588650813,1.6830774664469037,2016,1,223,27006,-18512,1451606400000
2019,7,15,136,4489.13,4043.18,44.230000000000004,29.72926470588235,0.32522058823529415,2019,7,15,786,-650,1561939200000
2021,10,90,64117,1106149.2,721032.84,143539.63999999998,11.245579799429168,2.2387142255564045,2021,10,90,49224,14893,1633046400000
2021,1,213,808,25511.97,20982.43,1402.85,25.96835396039604,1.736200495049505,2021,1,213,1225,-417,1609459200000
2023,2,195,72,3126.61,2470.82,259.04,34.316944444444445,3.597777777777778,2023,2,195,690,-618,1675209600000
2017,11,196,693,17408.39,14332.83,1485.85,20.682294372294372,2.144083694083694,2017,11,196,3144,-2451,1509494400000
2021,6,168,870,24337.37,20444.0,575.52,23.498850574712645,0.6615172413793103,2021,6,168,2836,-1966,1622505600000
2018,10,82,2246,44785.270000000004,37450.89,2972.39,16.674483526268922,1.3234149599287621,2018,10,82,6633,-4387,1538352000000
2025,8,224,8062,156168.63,102424.34,8646.05,12.704581989580749,1.0724448027784668,2025,8,224,14578,-6516,1754006400000
2017,10,82,2469,47315.39,39615.61,3122.68,16.045204536249493,1.2647549615228837,2017,10,82,7800,-5331,1506816000000
2020,1,123,350,9364.92,8117.43,53.41,23.192657142857144,0.15259999999999999,2020,1,123,1357,-1007,1577836800000
2016,1,245,4,157.7,154.5,0.0,38.625,0.0,2016,1,245,119,-115,1451606400000
2022,4,30,1,71.3,65.0,6.0,65.0,6.0,2022,4,30,31,-30,1648771200000
2021,6,229,66651,1052066.31,673547.69,133051.63,10.105590163688467,1.996243567238301,2021,6,229,63758,2893,1622505600000
2021,10,154,20,939.06,845.21,16.55,42.2605,0.8275,2021,10,154,51,-31,1633046400000
2019,10,259,214,7862.44,6934.4,79.43,32.40373831775701,0.37116822429906543,2019,10,259,768,-554,1569888000000
2016,5,124,93,4857.73,3907.29,620.84,42.01387096774194,6.675698924731183,2016,5,124,1283,-1190,1462060800000
2020,8,237,46289,660261.8200000001,418911.12,76101.98,9.049906457257663,1.644061872151051,2020,8,237,39344,6945,1596240000000
2018,1,109,7,478.09999999999997,473.5,0.0,67.64285714285714,0.0,2018,1,109,72,-65,1514764800000
2019,4,163,199182,3611191.18,2418008.62,416967.92000000004,12.139694450301734,2.0934016125955157,2019,4,163,176037,23145,1554076800000
2020,8,13,3104,69860.78,49952.94,8331.18,16.093086340206185,2.6840141752577322,2020,8,13,4340,-1236,1596240000000
2021,1,121,304,10644.35,9210.96,456.28,30.299210526315786,1.5009210526315788,2021,1,121,564,-260,1609459200000
2025,1,211,29003,641104.72,414686.69,71084.33,14.298061924628486,2.450930248594973,2025,1,211,29764,-761,1735689600000
2024,9,100,53420,1321200.45,905256.9,151494.5,16.946029576937477,2.835913515537252,2024,9,100,45679,7741,1725148800000
2020,7,122,110,5369.4,5042.68,90.75,45.84254545454546,0.825,2020,7,122,212,-102,1593561600000
2019,11,250,273,9392.91,7893.28,127.92,28.91311355311355,0.4685714285714286,2019,11,250,718,-445,1572566400000
2020,7,135,147,7317.75,6420.49,300.04,43.676802721088436,2.04108843537415,2020,7,135,365,-218,1593561600000
2023,12,39,526,19355.04,17822.95,303.16,33.88393536121673,0.5763498098859317,2023,12,39,1376,-850,1701388800000
2025,4,203,386,14766.08,13654.29,218.22,35.373808290155445,0.5653367875647668,2025,4,203,990,-604,1743465600000
2016,4,122,385,6726.33,5426.5,832.45,14.094805194805195,2.1622077922077922,2016,4,122,809,-424,1459468800000
2020,7,192,67,2291.83,2040.75,124.13,30.458955223880597,1.852686567164179,2020,7,192,125,-58,1593561600000
2017,12,45,22301,372886.01,308994.83,36645.94,13.855649074032556,1.643242007084884,2017,12,45,27397,-5096,1512086400000
2023,1,260,640,20686.82,16353.0,1883.02,25.5515625,2.94221875,2023,1,260,2343,-1703,1672531200000
2024,9,207,268,5692.88,4297.82,641.55,16.036641791044776,2.3938432835820893,2024,9,207,229,39,1725148800000
2022,8,68,83225,1572601.6500000001,1048701.83,198203.81,12.600803003905078,2.381541724241514,2022,8,68,78145,5080,1659312000000
2021,3,132,36699,1932564.42,1577841.13,198643.03,42.994117823373934,5.4127641080138424,2021,3,132,4887,31812,1614556800000
2023,9,183,44,1609.81,1442.07,17.46,32.77431818181818,0.39681818181818185,2023,9,183,133,-89,1693526400000
2023,9,11,29,1449.21,1264.9,82.11,43.61724137931035,2.8313793103448277,2023,9,11,216,-187,1693526400000
2024,1,155,226,8816.95,8027.51,275.5,35.51995575221239,1.2190265486725664,2024,1,155,770,-544,1704067200000
2017,5,187,2,93.42,88.82,3.0,44.41,1.5,2017,5,187,57,-55,1493596800000
2020,12,56,225,7761.82,6426.08,598.36,28.560355555555557,2.659377777777778,2020,12,56,769,-544,1606780800000
2025,11,39,3000,80683.82,74846.37,91.73,24.94879,0.03057666666666667,2025,11,39,4128,-1128,1761955200000
2024,10,242,258,9297.699999999999,8354.96,52.879999999999995,32.38356589147286,0.2049612403100775,2024,10,242,615,-357,1727740800000
2019,3,158,81117,1457120.49,968104.51,182580.47,11.934668565158969,2.250828679561621,2019,3,158,81218,-101,1551398400000
2021,9,96,12,547.68,433.55,32.18,36.12916666666667,2.6816666666666666,2021,9,96,108,-96,1630454400000
2021,2,35,932,31621.08,27350.77,300.03,29.34631974248927,0.32192060085836904,2021,2,35,1414,-482,1612137600000
2018,8,47,225,5565.14,4963.09,167.56,22.05817777777778,0.7447111111111111,2018,8,47,929,-704,1533081600000
2024,3,141,83042,1683692.11,1094811.09,202965.17,13.183823727752223,2.444126706967559,2024,3,141,94126,-11084,1709251200000
2024,8,106,243,7646.3,6679.75,382.43,27.488683127572017,1.5737860082304527,2024,8,106,997,-754,1722470400000
2018,10,261,52029,1093428.9200000002,899944.27,118168.92,17.296974187472372,2.2712125929769935,2018,10,261,42692,9337,1538352000000
2019,2,56,557,22042.1,18096.16,1415.24,32.48861759425494,2.5408258527827647,2019,2,56,2020,-1463,1548979200000
2025,8,9,166,4513.74,3953.59,148.44,23.816807228915664,0.8942168674698795,2025,8,9,680,-514,1754006400000
2018,5,151,81997,1121905.4200000002,898534.3,122966.27,10.958136273278292,1.4996435235435444,2018,5,151,77282,4715,1525132800000
2018,7,141,174341,2124649.04,1680369.85,239072.93000000002,9.63840892274336,1.3712949334924087,2018,7,141,179595,-5254,1530403200000
2018,10,55,272,12400.61,11250.69,277.53000000000003,41.362830882352945,1.0203308823529413,2018,10,55,1257,-985,1538352000000
2020,7,240,43,1936.99,1743.75,56.46,40.55232558139535,1.3130232558139534,2020,7,240,160,-117,1593561600000
2021,2,217,157,4087.56,3459.2200000000003,93.02,22.033248407643313,0.592484076433121,2021,2,217,1133,-976,1612137600000
2020,7,221,11,497.17,369.59,44.84,33.599090909090904,4.076363636363637,2020,7,221,25,-14,1593561600000
2020,10,252,93,3502.0299999999997,2938.17,264.13,31.593225806451613,2.84010752688172,2020,10,252,279,-186,1601510400000
2019,11,10,2429,156789.14,121145.41,16542.19,49.87460271716756,6.81028818443804,2019,11,10,5827,-3398,1572566400000
2018,7,30,1,24.8,23.5,0.0,23.5,0.0,2018,7,30,32,-31,1530403200000
2021,12,60,47,1938.02,1715.73,10.020000000000001,36.504893617021274,0.21319148936170215,2021,12,60,239,-192,1638316800000
2018,5,62,549,11163.71,9854.67,610.86,17.950218579234974,1.1126775956284154,2018,5,62,3974,-3425,1525132800000
2024,8,65,2373,72042.5,59232.77,5422.38,24.961133586177834,2.2850316055625792,2024,8,65,4931,-2558,1722470400000
2024,1,244,1893,56885.29,46577.56,4495.63,24.605155837295296,2.3748705758055997,2024,1,244,8672,-6779,1704067200000
2023,1,147,49,1405.69,1226.27,19.82,25.02591836734694,0.40448979591836737,2023,1,147,268,-219,1672531200000
2021,9,238,66864,1153737.36,768457.21,147157.64,11.49283934553721,2.200850083752094,2021,9,238,71033,-4169,1630454400000
2022,12,136,156,6175.19,5650.87,67.22,36.22352564102564,0.4308974358974359,2022,12,136,474,-318,1669852800000
2025,1,123,388,11034.539999999999,10099.84,74.33,26.030515463917528,0.1915721649484536,2025,1,123,894,-506,1735689600000
2023,7,265,2723,255670.66,229134.56,19960.41,84.14783694454646,7.330301138450238,2023,7,265,16023,-13300,1688169600000
2016,5,90,228213,3124328.47,2467533.17,362725.11,10.812412833624727,1.589414757266238,2016,5,90,175220,52993,1462060800000
2021,9,161,98643,1696429.02,1100633.28,217921.73,11.1577433776345,2.2091960909542494,2021,9,161,92413,6230,1630454400000
2018,3,123,191,4261.5,3812.7,144.54,19.96178010471204,0.7567539267015706,2018,3,123,1278,-1087,1519862400000
2016,3,153,169,2667.7000000000003,2234.83,227.47,13.223846153846154,1.3459763313609467,2016,3,153,653,-484,1456790400000
2022,7,250,73,2273.14,1988.67,70.52,27.24205479452055,0.9660273972602739,2022,7,250,316,-243,1656633600000
2017,3,244,12171,221565.11000000002,184758.07,20648.73,15.180188152164982,1.6965516391422233,2017,3,244,39214,-27043,1488326400000
2021,12,192,45,1709.3,1567.79,36.41,34.839777777777776,0.809111111111111,2021,12,192,244,-199,1638316800000
2024,12,235,410,13381.43,12240.82,19.09,29.855658536585366,0.0465609756097561,2024,12,235,581,-171,1733011200000
2016,8,179,6542,97383.52,81120.91,8048.04,12.400016814429838,1.23021094466524,2016,8,179,14752,-8210,1470009600000
2021,8,13,17335,404186.48,284345.75,51528.32,16.402985289875975,2.972501874819729,2021,8,13,21424,-4089,1627776000000
2021,9,248,150,6890.53,5840.0,171.96,38.93333333333333,1.1464,2021,9,248,468,-318,1630454400000
2022,10,171,49,1851.87,1604.05,69.47,32.73571428571429,1.4177551020408163,2022,10,171,579,-530,1664582400000
2024,1,158,23722,571644.67,381818.41,74348.47,16.09554042660821,3.1341569007672203,2024,1,158,27218,-3496,1704067200000
2021,1,174,571,17365.61,14655.39,815.59,25.66618213660245,1.428353765323993,2021,1,174,860,-289,1609459200000
2022,9,151,28601,505204.61000000004,354108.41,66425.84,12.380980035663088,2.322500611866718,2022,9,151,29979,-1378,1661990400000
2021,1,261,3844,81594.46,58944.3,8334.5,15.33410509885536,2.16818418314256,2021,1,261,3825,19,1609459200000
2023,9,115,1,53.64,45.2,0.0,45.2,0.0,2023,9,115,32,-31,1693526400000
2020,5,4,516,13201.69,10480.52,929.88,20.31108527131783,1.8020930232558139,2020,5,4,2101,-1585,1588291200000
2024,9,253,49,2794.71,2288.69,258.72,46.70795918367347,5.28,2024,9,253,87,-38,1725148800000
2020,12,7,1887,33388.8,27316.98,2589.62,14.476406995230525,1.3723476417594065,2020,12,7,4961,-3074,1606780800000
2023,10,145,3626,100913.04,77685.16,10032.55,21.424478764478767,2.7668367346938774,2023,10,145,9967,-6341,1696118400000
2018,7,42,13299,177756.97,149023.82,11314.86,11.205641025641027,0.8508053237085496,2018,7,42,35188,-21889,1530403200000
2024,2,159,315,9737.38,8701.5,178.64,27.623809523809523,0.5671111111111111,2024,2,159,702,-387,1706745600000
2018,9,162,269046,4078439.41,3205015.59,496976.02,11.91251901161883,1.8471786237297712,2018,9,162,236163,32883,1535760000000
2018,9,165,321,9242.39,8242.73,178.0,25.678286604361368,0.5545171339563862,2018,9,165,1656,-1335,1535760000000
2021,7,172,6,421.7,372.85,0.0,62.14166666666667,0.0,2021,7,172,45,-39,1625097600000
2020,9,99,7,516.35,496.0,13.75,70.85714285714286,1.9642857142857142,2020,9,99,10,-3,1598918400000
2021,10,215,389,21245.329999999998,17238.08,1382.13,44.313830334190236,3.5530334190231367,2021,10,215,939,-550,1633046400000
2016,9,55,60,2102.86,1752.01,193.67000000000002,29.200166666666668,3.2278333333333338,2016,9,55,1088,-1028,1472688000000
2019,6,168,1694,35628.94,30742.13,1129.56,18.147656434474616,0.6668004722550177,2019,6,168,6041,-4347,1559347200000
2016,11,174,81,1787.6100000000001,1578.32,112.3,19.485432098765433,1.3864197530864197,2016,11,174,1177,-1096,1477958400000
2023,6,35,204,7151.0,6530.97,100.23,32.01455882352941,0.4913235294117647,2023,6,35,617,-413,1685577600000
2022,11,66,986,26760.79,20988.82,3250.8,21.28683569979716,3.296957403651116,2022,11,66,4049,-3063,1667260800000
2018,8,264,103914,1859519.6,1505832.43,206699.11,14.49114103970591,1.9891363050214599,2018,8,264,91749,12165,1533081600000
2020,1,134,763,37060.01,29055.07,3948.56,38.080039318479685,5.175045871559633,2020,1,134,2217,-1454,1577836800000
2020,4,247,324,4767.7300000000005,3992.45,326.49,12.322376543209876,1.0076851851851851,2020,4,247,621,-297,1585699200000
2019,12,117,192,10594.9,9374.84,32.69,48.82729166666667,0.17026041666666666,2019,12,117,744,-552,1575158400000
2020,3,113,45402,746352.22,485500.38,94042.31,10.693369895599313,2.0713252720144486,2020,3,113,40014,5388,1583020800000
2020,7,97,1114,26159.84,22449.19,1688.43,20.151876122082584,1.5156463195691203,2020,7,97,1546,-432,1593561600000
2018,7,243,1494,31516.96,26257.82,2858.94,17.575515394912983,1.9136144578313254,2018,7,243,13870,-12376,1530403200000
2023,12,87,18271,608825.52,443002.58,73131.84,24.246214219254558,4.002618356959116,2023,12,87,25425,-7154,1701388800000
2020,3,221,3,219.79,176.0,16.41,58.666666666666664,5.47,2020,3,221,68,-65,1583020800000
2020,8,79,19967,330823.64,221334.35,37375.94,11.085007762808635,1.8718856112585767,2020,8,79,17942,2025,1596240000000
2020,11,250,269,9839.53,8189.99,718.39,30.446059479553902,2.6705947955390332,2020,11,250,478,-209,1604188800000
2021,2,150,73,2436.02,2115.23,30.23,28.975753424657533,0.4141095890410959,2021,2,150,211,-138,1612137600000
2024,2,240,20,1154.1699999999998,1065.8500000000001,0.0,53.292500000000004,0.0,2024,2,240,93,-73,1706745600000
2025,9,85,1827,54992.54,49061.43,470.76,26.85354679802956,0.25766830870279145,2025,9,85,2242,-415,1756684800000
2022,7,42,3338,62553.76,50664.26,4962.09,15.17802875973637,1.4865458358298382,2022,7,42,13803,-10465,1656633600000
2025,1,97,2536,62732.42,52641.17,2358.86,20.757559148264985,0.9301498422712934,2025,1,97,4533,-1997,1735689600000
2016,10,255,18363,307076.32,247339.76,35823.5,13.469463595273105,1.9508522572564395,2016,10,255,38412,-20049,1475280000000
2019,7,254,483,16783.49,14821.83,78.89,30.687018633540372,0.16333333333333333,2019,7,254,1210,-727,1561939200000
2020,6,7,1227,22030.56,18312.21,1355.02,14.924376528117358,1.1043357783211083,2020,6,7,2623,-1396,1590969600000
2016,1,21,142,3506.5,3094.81,254.35,21.794436619718308,1.7911971830985915,2016,1,21,1543,-1401,1451606400000
2017,2,37,3075,45934.56,37412.84,4430.41,12.166777235772356,1.4407837398373984,2017,2,37,14447,-11372,1485907200000
2017,8,129,5241,80473.18000000001,68190.24,4998.98,13.010921579851175,0.9538217897347834,2017,8,129,16427,-11186,1501545600000
2019,4,160,244,7916.71,6611.78,406.14,27.09745901639344,1.6645081967213113,2019,4,160,2298,-2054,1554076800000
2019,3,84,5,417.03999999999996,403.52,0.0,80.704,0.0,2019,3,84,59,-54,1551398400000
2017,9,69,345,6071.92,5359.1,255.36,15.533623188405798,0.7401739130434783,2017,9,69,3631,-3286,1504224000000
2024,5,87,21904,703913.5,520088.28,76559.64,23.743986486486488,3.4952355734112492,2024,5,87,30355,-8451,1714521600000
2025,1,167,479,13763.89,12379.75,79.82,25.84498956158664,0.16663883089770354,2025,1,167,566,-87,1735689600000
2020,5,245,8,469.59000000000003,371.01,0.0,46.37625,0.0,2020,5,245,12,-4,1588291200000
2018,7,73,26,542.2,464.5,35.93,17.865384615384617,1.3819230769230768,2018,7,73,536,-510,1530403200000
2017,5,210,52,1298.4,1098.66,103.02,21.128076923076925,1.981153846153846,2017,5,210,1088,-1036,1493596800000
2023,2,162,101903,2359752.63,1525384.72,309776.91,14.968987370342385,3.039919433186461,2023,2,162,78375,23528,1675209600000
2018,9,138,226236,9606923.42,7227292.57,1279887.71,31.945811320921518,5.657312319878357,2018,9,138,87733,138503,1535760000000
2024,8,224,4615,106092.18,76297.13,9274.63,16.532422535211268,2.0096706392199346,2024,8,224,11999,-7384,1722470400000
2016,1,254,59,1155.31,1039.44,32.55,17.61762711864407,0.5516949152542372,2016,1,254,950,-891,1451606400000
2020,4,46,5,155.69,146.69,5.5,29.338,1.1,2020,4,46,11,-6,1585699200000
2023,3,12,1221,38663.11,28659.58,4328.93,23.472219492219494,3.5453972153972155,2023,3,12,1425,-204,1677628800000
2016,1,189,4327,67722.81,54987.51,7504.4800000000005,12.707998613357985,1.7343378784377168,2016,1,189,13235,-8908,1451606400000
2019,1,256,3986,67274.9,55604.91,6341.63,13.950052684395384,1.5909759157049674,2019,1,256,15264,-11278,1546300800000
2016,5,59,5,41.89,31.5,4.89,6.3,0.978,2016,5,59,87,-82,1462060800000
2022,1,238,60127,953488.25,621829.14,124825.27,10.34192858449615,2.0760269097077853,2022,1,238,65511,-5384,1640995200000
2025,3,225,3834,104000.46,92750.09,765.41,24.191468440271255,0.19963745435576422,2025,3,225,5964,-2130,1740787200000
2016,7,138,274432,11439183.58,8779379.47,1407252.16,31.99109240176073,5.127871968283582,2016,7,138,128780,145652,1467331200000
2023,3,122,81,2866.92,2519.77,6.0,31.10827160493827,0.07407407407407407,2023,3,122,299,-218,1677628800000
2018,12,219,970,57095.12,48794.0,3674.45,50.30309278350516,3.7880927835051543,2018,12,219,1956,-986,1543622400000
2017,12,237,401294,4831994.56,3824281.85,540270.7,9.529875477829222,1.346321400270126,2017,12,237,346317,54977,1512086400000
2020,3,178,48,928.14,816.28,26.71,17.00583333333333,0.5564583333333334,2020,3,178,256,-208,1583020800000
2021,7,24,9689,171383.44,122733.69,21179.92,12.667322737124575,2.185975848900815,2021,7,24,10397,-708,1625097600000
2022,9,190,62,1484.59,1225.17,142.07,19.760806451612904,2.291451612903226,2022,9,190,466,-404,1661990400000
2020,2,84,4,341.33000000000004,298.04,34.47,74.51,8.6175,2020,2,84,53,-49,1580515200000
2022,8,75,19493,331156.45,239635.46,35235.77,12.293410968039808,1.8076114502641973,2022,8,75,38118,-18625,1659312000000
2023,2,207,226,3126.84,2288.4,343.29,10.12566371681416,1.518982300884956,2023,2,207,234,-8,1675209600000
2021,8,22,187,7709.05,6681.35,106.73,35.72914438502674,0.5707486631016043,2021,8,22,784,-597,1627776000000
2016,2,243,2258,42530.08,34676.75,4604.01,15.357285208148804,2.0389769707705936,2016,2,243,20999,-18741,1454284800000
2017,5,184,5,65.2,58.0,2.2,11.6,0.44000000000000006,2017,5,184,67,-62,1493596800000
2024,4,238,72193,1533196.32,1024484.63,183622.9,14.19091366198939,2.543500062332913,2024,4,238,80254,-8061,1711929600000
2016,4,86,37,2207.5099999999998,1762.55,403.82,47.63648648648648,10.914054054054054,2016,4,86,484,-447,1459468800000
2021,2,114,10746,174427.5,112718.76,22944.3,10.489369067560022,2.135147962032384,2021,2,114,9808,938,1612137600000
2016,2,66,4303,77310.9,63252.46,9242.4,14.699618870555426,2.147896816174762,2016,2,66,16405,-12102,1454284800000
2023,11,79,75273,1760615.23,1176197.17,224751.91999999998,15.625751198969084,2.9858238677879183,2023,11,79,66123,9150,1698796800000
2025,4,154,78,2970.34,2450.66,261.03,31.418717948717948,3.346538461538461,2025,4,154,418,-340,1743465600000
2025,8,131,671,17901.91,15731.289999999999,61.21,23.44454545454545,0.0912220566318927,2025,8,131,1417,-746,1754006400000
2018,11,187,30,1340.26,1063.9,31.97,35.46333333333334,1.0656666666666665,2018,11,187,75,-45,1541030400000
2018,8,106,1095,18799.16,15429.53,1686.55,14.09089497716895,1.5402283105022831,2018,8,106,3753,-2658,1533081600000
2017,2,248,58,1183.22,1007.3,101.58,17.367241379310343,1.7513793103448276,2017,2,248,922,-864,1485907200000
2021,1,57,33,1312.08,1074.93,62.75,32.57363636363637,1.9015151515151516,2021,1,57,69,-36,1609459200000
2022,1,60,51,1590.6799999999998,1405.26,17.17,27.554117647058824,0.3366666666666667,2022,1,60,199,-148,1640995200000
2024,7,132,182051,13716898.73,10669436.61,1563170.0,58.60685527681803,8.58644006349869,2024,7,132,37885,144166,1719792000000
2021,3,200,207,9781.77,8208.97,252.02,39.65685990338164,1.2174879227053141,2021,3,200,737,-530,1614556800000
2023,1,196,194,10356.8,8192.73,1124.72,42.23056701030928,5.7975257731958765,2023,1,196,1032,-838,1672531200000
2016,10,256,15163,244383.77,198601.39,26541.44,13.097763635164545,1.7504082305612345,2016,10,256,35078,-19915,1475280000000
2023,11,129,845,27906.4,22725.87,2309.7,26.89452071005917,2.7333727810650887,2023,11,129,4331,-3486,1698796800000
2025,8,256,7379,170206.41,135898.49,5435.46,18.41692505759588,0.7366120070470253,2025,8,256,11125,-3746,1754006400000
2016,7,90,202158,2702418.44,2134406.95,310275.86,10.558112713817906,1.5348186072280097,2016,7,90,153991,48167,1467331200000
2016,9,153,104,1402.41,1170.0,99.53,11.25,0.9570192307692308,2016,9,153,480,-376,1472688000000
2018,9,190,384,7631.92,6374.51,700.64,16.600286458333333,1.8245833333333332,2018,9,190,1412,-1028,1535760000000
2023,1,99,2,0.0,0.0,0.0,0.0,0.0,2023,1,99,5,-3,1672531200000
2025,11,117,1025,46619.15,44376.53,4.1,43.294175609756095,0.004,2025,11,117,1138,-113,1761955200000
2023,12,258,157,5493.46,5013.68,93.68,31.93426751592357,0.596687898089172,2023,12,258,739,-582,1701388800000
2024,3,130,1154,47730.82,40768.98,2777.3,35.32840554592721,2.406672443674177,2024,3,130,2039,-885,1709251200000
2016,4,71,190,8258.960000000001,7155.84,840.66,37.66231578947369,4.424526315789474,2016,4,71,2039,-1849,1459468800000
2018,9,145,10248,199877.57,160968.82,17484.36,15.707339968774395,1.7061241217798595,2018,9,145,25737,-15489,1535760000000
2021,10,129,999,27351.91,22245.56,2152.08,22.26782782782783,2.154234234234234,2021,10,129,5381,-4382,1633046400000
2024,10,133,311,9290.32,8267.48,168.67,26.58353697749196,0.5423472668810289,2024,10,133,990,-679,1727740800000
2025,2,114,58407,1250778.17,795559.9600000001,134501.54,13.62096940435222,2.302832537195884,2025,2,114,41814,16593,1738368000000
2018,6,87,70773,1496215.08,1211864.69,184110.05,17.12326296751586,2.6014165006429004,2018,6,87,74954,-4181,1527811200000
2022,6,198,116,3996.6,3271.19,452.71,28.19991379310345,3.9026724137931033,2022,6,198,1895,-1779,1654041600000
2025,3,140,76582,1706069.77,1125494.18,192635.25,14.696589015695594,2.515411584967747,2025,3,140,79193,-2611,1740787200000
2025,2,259,451,15260.22,13921.58,27.72,30.868248337028824,0.06146341463414634,2025,2,259,479,-28,1738368000000
2025,4,92,1011,28220.1,24567.75,316.2,24.300445103857566,0.3127596439169139,2025,4,92,2951,-1940,1743465600000
2017,9,240,26,686.5400000000001,631.2,18.05,24.27692307692308,0.6942307692307692,2017,9,240,298,-272,1504224000000
2024,11,159,571,16815.34,14962.99,176.07,26.204886164623467,0.308353765323993,2024,11,159,815,-244,1730419200000
2023,5,86,185,9757.56,8939.72,51.29,48.32281081081081,0.27724324324324323,2023,5,86,609,-424,1682899200000
2018,11,78,288,8594.19,7637.0,156.78,26.51736111111111,0.544375,2018,11,78,958,-670,1541030400000
2020,6,147,136,4607.26,3944.29,174.62,29.002132352941175,1.283970588235294,2020,6,147,323,-187,1590969600000
2019,5,114,91043,1565200.82,1034214.87,188281.49,11.35963083378184,2.0680501521259185,2019,5,114,72758,18285,1556668800000
2023,4,131,141,4660.98,4253.1,13.98,30.163829787234047,0.09914893617021277,2023,4,131,732,-591,1680307200000
2024,1,91,461,14662.33,13626.65,101.66,29.55889370932755,0.22052060737527115,2024,1,91,874,-413,1704067200000
2018,12,167,426,12392.29,10956.45,211.10999999999999,25.7193661971831,0.4955633802816901,2018,12,167,1491,-1065,1543622400000
2019,1,88,27345,596280.3200000001,484167.89,68370.33,17.705901993051747,2.500286341195831,2019,1,88,26951,394,1546300800000
2023,11,180,67,2873.56,2496.29,134.15,37.258059701492535,2.0022388059701495,2023,11,180,376,-309,1698796800000
2025,1,241,368,12148.98,11069.92,40.24,30.081304347826087,0.10934782608695652,2025,1,241,650,-282,1735689600000
2025,2,227,511,13754.82,12072.17,181.14000000000001,23.624598825831704,0.35448140900195696,2025,2,227,986,-475,1738368000000
2016,7,122,21,537.8,457.8,45.769999999999996,21.8,2.1795238095238094,2016,7,122,464,-443,1467331200000
2018,4,16,111,3564.35,3226.5,146.46,29.06756756756757,1.3194594594594595,2018,4,16,1297,-1186,1522540800000
2019,7,17,1138,24380.55,21140.48,857.85,18.576871704745166,0.7538224956063269,2019,7,17,7579,-6441,1561939200000
2025,3,253,39,1449.14,1273.07,60.53,32.642820512820514,1.5520512820512822,2025,3,253,54,-15,1740787200000
2019,6,14,843,28917.03,25998.23,600.87,30.840130486358245,0.7127758007117437,2019,6,14,5429,-4586,1559347200000
2023,1,250,77,2553.01,2225.64,72.27,28.90441558441558,0.9385714285714285,2023,1,250,268,-191,1672531200000
2024,3,11,102,3918.97,3546.62,60.61,34.77078431372549,0.5942156862745098,2024,3,11,259,-157,1709251200000
2023,6,33,1776,59190.56,45677.71,7368.15,25.719431306306305,4.148733108108108,2023,6,33,8596,-6820,1685577600000
2024,7,28,457,20227.71,16949.37,1577.82,37.088336980306345,3.4525601750547046,2024,7,28,1352,-895,1719792000000
2024,5,71,828,25299.44,23709.01,151.0,28.634070048309177,0.1823671497584541,2024,5,71,1224,-396,1714521600000
2024,12,6,70,1630.58,460.94,0.0,6.5848571428571425,0.0,2024,12,6,99,-29,1733011200000
2016,3,212,114,1964.01,1746.5,55.57,15.320175438596491,0.4874561403508772,2016,3,212,1471,-1357,1456790400000
2018,5,164,216913,3247406.17,2561637.28,368116.72,11.809514782424289,1.6970708071899792,2018,5,164,192907,24006,1525132800000
2017,4,32,19,321.62,276.0,22.92,14.526315789473685,1.2063157894736842,2017,4,32,752,-733,1491004800000
2020,2,44,27,2172.06,2081.0,20.0,77.07407407407408,0.7407407407407407,2020,2,44,53,-26,1580515200000
2020,5,205,312,13002.9,11546.45,265.21,37.00785256410256,0.8500320512820512,2020,5,205,356,-44,1588291200000
2020,12,230,25869,418018.73,274049.93,47565.13,10.593758166144806,1.8386922571417526,2020,12,230,20176,5693,1606780800000
2022,5,162,113477,2103531.72,1376064.61,279203.76,12.126374595733058,2.4604436141244483,2022,5,162,94581,18896,1651363200000
2022,12,116,3180,76063.58,60096.65,7382.93,18.898317610062893,2.321676100628931,2022,12,116,9339,-6159,1669852800000
2025,1,22,345,10001.22,8987.88,191.0,26.05182608695652,0.553623188405797,2025,1,22,799,-454,1735689600000
2019,4,49,1920,38771.46,32587.5,2480.2,16.97265625,1.2917708333333333,2019,4,49,11956,-10036,1554076800000
2018,11,230,276120,4691480.299999999,3742264.89,516958.41000000003,13.553038135593221,1.8722237070838768,2018,11,230,249712,26408,1541030400000
2020,6,170,16503,267984.27999999997,177314.05,29896.93,10.744352541962067,1.8116057686481246,2020,6,170,15144,1359,1590969600000
2019,11,189,1140,22343.54,17757.61,2336.93,15.576850877192983,2.049938596491228,2019,11,189,6119,-4979,1572566400000
2024,5,149,218,6759.7,6360.85,30.91,29.178211009174312,0.14178899082568808,2024,5,149,603,-385,1714521600000
2024,9,210,423,15874.09,14809.08,43.9,35.00964539007092,0.10378250591016548,2024,9,210,818,-395,1725148800000
2016,7,180,134,4991.77,4111.01,545.54,30.679179104477612,4.071194029850746,2016,7,180,1010,-876,1467331200000
2020,9,134,195,6248.59,5348.1900000000005,425.11,27.42661538461539,2.180051282051282,2020,9,134,542,-347,1598918400000
2023,9,215,464,28786.76,23647.0,2222.06,50.963362068965516,4.788922413793103,2023,9,215,847,-383,1693526400000
2020,11,84,11,495.76,415.57,26.400000000000002,37.77909090909091,2.4000000000000004,2020,11,84,30,-19,1604188800000
2017,1,109,2,14.600000000000001,12.0,0.0,6.0,0.0,2017,1,109,86,-84,1483228800000
2023,8,14,270,12277.23,10483.89,462.84999999999997,38.82922222222222,1.7142592592592591,2023,8,14,2228,-1958,1690848000000
2020,9,63,297,10089.05,8588.46,738.42,28.917373737373733,2.486262626262626,2020,9,63,553,-256,1598918400000
2023,3,237,153935,3092417.27,1951780.6,403260.22,12.679251632182416,2.6196785656283494,2023,3,237,138353,15582,1677628800000
2023,9,74,6980,158378.31,121257.02,13388.01,17.372065902578797,1.9180530085959886,2023,9,74,18449,-11469,1693526400000
2025,5,214,53,1609.2,996.7,48.76,18.805660377358492,0.9199999999999999,2025,5,214,151,-98,1746057600000
2022,7,77,59,2098.7,1897.14,16.91,32.15491525423729,0.2866101694915254,2022,7,77,429,-370,1656633600000
2023,1,249,67337,1518799.53,989695.28,205528.74,14.69764438570177,3.0522408185692855,2023,1,249,50033,17304,1672531200000
2022,5,75,23929,420435.8,302426.88,47751.16,12.638508922228258,1.9955351247440345,2022,5,75,43940,-20011,1651363200000
2022,1,96,7,358.96999999999997,321.2,23.12,45.885714285714286,3.302857142857143,2022,1,96,53,-46,1640995200000
2018,8,68,185946,2666601.57,2117380.77,299775.94000000006,11.387073505211191,1.6121666505329508,2018,8,68,176330,9616,1533081600000
2018,7,28,770,36005.69,29123.95,3355.46,37.82331168831169,4.35774025974026,2018,7,28,2179,-1409,1530403200000
2020,12,30,1,48.44,42.6,2.75,42.6,2.75,2020,12,30,12,-11,1606780800000
2024,6,206,3,263.33,238.82999999999998,21.0,79.61,7.0,2024,6,206,76,-73,1717200000000
2021,2,185,288,9314.97,7872.53,136.19,27.33517361111111,0.4728819444444444,2021,2,185,512,-224,1612137600000
2023,6,62,244,8427.14,7336.41,511.73,30.067254098360657,2.097254098360656,2023,6,62,1742,-1498,1685577600000
2025,6,251,22,1572.1,1285.28,0.0,58.42181818181818,0.0,2025,6,251,64,-42,1748736000000
2023,10,51,380,15477.55,14196.96,53.63,37.36042105263158,0.14113157894736844,2023,10,51,582,-202,1696118400000
2018,11,203,256,12408.16,11370.28,235.1,44.41515625,0.918359375,2018,11,203,876,-620,1541030400000
2016,12,119,348,5214.27,4393.55,344.87,12.62514367816092,0.9910057471264367,2016,12,119,2092,-1744,1480550400000
2022,10,13,21607,547149.73,388873.89,73626.55,17.997588281575418,3.407532281205165,2022,10,13,28603,-6996,1664582400000
2017,10,95,1238,26231.25,21680.93,2054.98,17.512867528271407,1.659919224555735,2017,10,95,10825,-9587,1506816000000
2018,10,90,157411,2203051.3400000003,1736540.45,262987.35000000003,11.031887542801964,1.6707050333204163,2018,10,90,129406,28005,1538352000000
2020,1,237,293001,4237458.96,2660720.8,509127.93,9.08092736884857,1.7376320558632905,2020,1,237,263602,29399,1577836800000
2023,2,39,322,13637.61,12206.7,196.41,37.90900621118013,0.6099689440993789,2023,2,39,931,-609,1675209600000
2020,9,203,236,9979.56,8767.1,565.29,37.14872881355932,2.3952966101694915,2020,9,203,413,-177,1598918400000
2016,11,69,439,7617.71,6763.3,331.29,15.406150341685649,0.7546469248291572,2016,11,69,3831,-3392,1477958400000
2016,8,109,6,280.55,229.38,40.83,38.23,6.805,2016,8,109,89,-83,1470009600000
2016,11,72,130,3232.08,2702.7,305.81,20.79,2.3523846153846155,2016,11,72,1529,-1399,1477958400000
2016,8,113,165413,2258837.2800000003,1797716.04,254380.47,10.868045679601966,1.5378505316994433,2016,8,113,138606,26807,1470009600000
2020,11,129,801,20398.420000000002,17144.35,1474.28,21.403682896379525,1.8405493133583022,2020,11,129,2730,-1929,1604188800000
2021,5,178,60,2221.78,1900.64,24.369999999999997,31.677333333333333,0.4061666666666666,2021,5,178,269,-209,1619827200000
2025,4,143,43700,907452.32,591265.45,95752.06,13.530101830663614,2.1911226544622426,2025,4,143,55984,-12284,1743465600000
2023,4,21,104,4389.57,4034.34,59.68,38.79173076923077,0.5738461538461539,2023,4,21,377,-273,1680307200000
2020,10,256,477,11333.82,9385.38,979.5,19.675849056603774,2.0534591194968552,2020,10,256,3048,-2571,1601510400000
2025,9,57,118,4574.69,3907.15,245.27,33.1114406779661,2.0785593220338985,2025,9,57,167,-49,1756684800000
2018,2,150,43,1235.43,1084.59,71.38,25.223023255813953,1.66,2018,2,150,391,-348,1517443200000
2021,2,210,331,12370.619999999999,10596.67,212.79,32.014108761329304,0.6428700906344411,2021,2,210,562,-231,1612137600000
2016,12,94,113,1903.48,1672.7,73.18,14.802654867256637,0.6476106194690266,2016,12,94,871,-758,1480550400000
2019,9,219,736,43855.02,35706.32,3379.5,48.514021739130435,4.591711956521739,2019,9,219,3256,-2520,1567296000000
2022,4,26,106,4284.26,3850.4,136.36,36.324528301886794,1.2864150943396229,2022,4,26,810,-704,1648771200000
2024,12,251,6,234.89000000000001,174.31,0.0,29.051666666666666,0.0,2024,12,251,43,-37,1733011200000
2017,5,62,502,7796.07,6593.76,565.83,13.134980079681275,1.1271513944223108,2017,5,62,4608,-4106,1493596800000
2019,4,75,54244,826086.1,607443.96,72630.61,11.198362215175871,1.3389611754295405,2019,4,75,90470,-36226,1554076800000
2016,2,264,175913,2913745.23,2344566.88,331742.86,13.327990995548936,1.8858348160738545,2016,2,264,166220,9693,1454284800000
2016,9,27,5,185.47,158.0,15.35,31.6,3.07,2016,9,27,88,-83,1472688000000
2019,9,100,133749,2410544.9,1638297.13,252712.06999999998,12.249042086295972,1.8894501641133763,2019,9,100,101390,32359,1567296000000
2020,10,217,178,4563.34,3918.66,315.57,22.01494382022472,1.7728651685393257,2020,10,217,1229,-1051,1601510400000
2023,10,212,99,3443.1,3101.27,15.03,31.325959595959596,0.15181818181818182,2023,10,212,299,-200,1696118400000
2020,5,257,52,1393.47,1239.24,66.23,23.83153846153846,1.2736538461538462,2020,5,257,151,-99,1588291200000
2024,3,78,342,10717.74,9621.43,92.67,28.132836257309943,0.27096491228070174,2024,3,78,464,-122,1709251200000
2025,5,25,5972,150560.58,124004.52,4829.16,20.764320160750167,0.8086336235766912,2025,5,25,8817,-2845,1746057600000
2017,9,136,78,1744.15,1558.0,53.74,19.974358974358974,0.688974358974359,2017,9,136,898,-820,1504224000000
2025,10,42,13560,297976.03,243678.94,4237.28,17.97042330383481,0.3124837758112094,2025,10,42,21505,-7945,1759276800000
2018,12,165,626,19718.66,17604.35,328.43,28.12196485623003,0.5246485623003195,2018,12,165,2064,-1438,1543622400000
2023,6,162,116912,2848484.83,1871144.12,372283.43,16.0047225263446,3.1843046907075405,2023,6,162,94903,22009,1685577600000
2020,9,135,228,9603.56,8222.24,497.65,36.062456140350875,2.1826754385964913,2020,9,135,497,-269,1598918400000
2020,2,168,1193,24134.44,20559.88,724.56,17.23376362112322,0.6073428331936295,2020,2,168,4740,-3547,1580515200000
2023,6,115,3,4.5,3.0,0.0,1.0,0.0,2023,6,115,48,-45,1685577600000
2017,3,252,61,3536.57,2847.9,508.22,46.68688524590164,8.331475409836067,2017,3,252,1386,-1325,1488326400000
2023,2,98,31,1088.4,993.0,0.0,32.03225806451613,0.0,2023,2,98,331,-300,1675209600000
2018,12,92,608,19400.03,17111.36,530.01,28.143684210526317,0.8717269736842105,2018,12,92,3303,-2695,1543622400000
2025,7,61,8413,225217.37,201002.28,1645.42,23.89186734815167,0.19558064899560204,2025,7,61,11804,-3391,1751328000000
2016,4,60,81,1524.43,1282.5,105.39,15.833333333333334,1.301111111111111,2016,4,60,779,-698,1459468800000
2025,10,160,651,18235.62,15303.87,614.29,23.508248847926268,0.9436098310291858,2025,10,160,1842,-1191,1759276800000
2023,4,215,464,29245.7,23779.46,2613.44,51.24883620689655,5.632413793103448,2023,4,215,837,-373,1680307200000
2020,3,263,65071,979702.01,627849.66,116758.98000000001,9.648686204299919,1.7943320373130889,2020,3,263,62407,2664,1583020800000
2016,2,101,51,808.18,570.0,81.7,11.176470588235293,1.6019607843137256,2016,2,101,564,-513,1454284800000
2018,2,38,50,2080.11,1925.6,70.95,38.512,1.419,2018,2,38,588,-538,1517443200000
2017,4,23,14,1394.9,1188.1,162.06,84.86428571428571,11.575714285714286,2017,4,23,264,-250,1491004800000
2018,1,97,7464,113159.62000000001,93429.92,10701.4,12.517406216505895,1.4337352625937834,2018,1,97,14201,-6737,1514764800000
2021,9,262,39702,708677.7100000001,467593.19,91842.84,11.777572666364415,2.3133051231675985,2021,9,262,45661,-5959,1630454400000
2025,11,64,134,4539.48,3766.39,144.62,28.107388059701492,1.0792537313432835,2025,11,64,649,-515,1761955200000
2025,9,16,319,9241.85,8103.71,124.09,25.403479623824452,0.38899686520376175,2025,9,16,1063,-744,1756684800000
2018,12,169,400,10714.06,9624.18,187.21,24.06045,0.468025,2018,12,169,1812,-1412,1543622400000
2017,8,66,3473,64995.01,53553.73,7363.24,15.420020155485172,2.120138209041175,2017,8,66,13340,-9867,1501545600000
2018,4,132,227154,12944090.860000001,10601534.98,1374359.41,46.67113491287849,6.050342102714458,2018,4,132,78318,148836,1522540800000
2017,6,203,43,2182.94,1844.02,235.57,42.88418604651163,5.478372093023256,2017,6,203,869,-826,1496275200000
2021,11,169,202,7236.95,6332.04,70.94,31.346732673267326,0.35118811881188117,2021,11,169,658,-456,1635724800000
2017,2,224,27331,374553.72000000003,299667.53,43813.92,10.964382203358824,1.6030851414145109,2017,2,224,40554,-13223,1485907200000
2016,9,20,51,1330.04,1110.3,116.66,21.770588235294117,2.287450980392157,2016,9,20,898,-847,1472688000000
2020,7,138,12044,451969.0,342889.81,50897.15,28.46976170707406,4.22593407505812,2020,7,138,2594,9450,1593561600000
2019,2,138,178465,8504397.58,6236399.32,1085236.06,34.94466321127392,6.0809461799232345,2019,2,138,69050,109415,1548979200000
2023,9,23,10,504.87,401.2,42.53,40.12,4.253,2023,9,23,87,-77,1693526400000
2022,12,69,197,5294.2699999999995,4559.0,303.22,23.14213197969543,1.5391878172588833,2022,12,69,1235,-1038,1669852800000
2022,12,58,7,335.0,317.1,0.0,45.300000000000004,0.0,2022,12,58,100,-93,1669852800000
2019,8,57,38,1197.24,973.41,99.05,25.616052631578945,2.606578947368421,2019,8,57,322,-284,1564617600000
2024,1,135,151,5926.76,5220.13,115.47,34.57039735099338,0.7647019867549669,2024,1,135,871,-720,1704067200000
2025,9,158,45783,1128815.78,756900.72,112516.32,16.53235305681148,2.4576004193696352,2025,9,158,46503,-720,1756684800000
2016,9,7,19103,275589.11,230163.56,21418.32,12.048555724231797,1.1212019054598754,2016,9,7,48903,-29800,1472688000000
2018,10,240,63,2115.85,1850.16,119.09,29.367619047619048,1.8903174603174604,2018,10,240,252,-189,1538352000000
2020,4,153,32,505.82,439.6,27.5,13.7375,0.859375,2020,4,153,44,-12,1585699200000
2025,3,92,1298,37250.39,32897.12,237.57,25.34446841294299,0.1830277349768875,2025,3,92,3397,-2099,1740787200000
2016,9,194,867,37582.58,29200.57,4177.4,33.680011534025375,4.8182237600922715,2016,9,194,2657,-1790,1472688000000
2021,2,171,146,6465.65,5122.21,207.89,35.0836301369863,1.423904109589041,2021,2,171,322,-176,1612137600000
2016,6,134,598,16368.98,13333.58,1677.92,22.29695652173913,2.8058862876254183,2016,6,134,2698,-2100,1464739200000
2020,5,7,905,14588.65,11988.35,776.75,13.246795580110497,0.8582872928176796,2020,5,7,1652,-747,1588291200000
2023,11,5,1,15.5,3.0,10.0,3.0,10.0,2023,11,5,12,-11,1698796800000
2016,11,259,71,1511.53,1329.5,73.49,18.725352112676056,1.0350704225352112,2016,11,259,1288,-1217,1477958400000
2016,8,123,94,2492.84,1950.5,370.42,20.75,3.9406382978723404,2016,8,123,1301,-1207,1470009600000
2018,3,2,6,375.4,280.0,62.56,46.666666666666664,10.426666666666668,2018,3,2,4,2,1519862400000
2017,4,53,70,1344.66,1186.0,58.36,16.942857142857143,0.8337142857142857,2017,4,53,1011,-941,1491004800000
2022,3,119,188,6013.36,5436.4800000000005,142.33,28.91744680851064,0.7570744680851065,2022,3,119,649,-461,1646092800000
2025,10,131,673,19133.829999999998,16647.81,204.78,24.736716196136705,0.30427934621099556,2025,10,131,1211,-538,1759276800000
2016,5,60,75,1098.51,944.0,56.93,12.586666666666666,0.7590666666666667,2016,5,60,696,-621,1462060800000
2016,8,32,29,826.08,715.35,73.99000000000001,24.667241379310347,2.551379310344828,2016,8,32,802,-773,1470009600000
2019,8,114,75039,1270859.91,840381.35,148749.96,11.199261050920187,1.9823020029584615,2019,8,114,59023,16016,1564617600000
2020,9,148,7189,131856.22,92359.05,13892.07,12.847273612463486,1.9324064543051884,2020,9,148,8141,-952,1598918400000
2019,7,73,50,1480.87,1330.71,12.22,26.6142,0.2444,2019,7,73,463,-413,1561939200000
2024,9,16,118,4864.24,4256.24,190.53,36.069830508474574,1.6146610169491526,2024,9,16,712,-594,1725148800000
2023,7,138,103190,6670445.83,4342170.87,847343.14,42.079376586878574,8.211485027618956,2023,7,138,37603,65587,1688169600000
2022,7,173,80,2140.95,1787.8,192.95000000000002,22.3475,2.411875,2022,7,173,764,-684,1656633600000
2016,3,105,21,372.42,297.5,46.08,14.166666666666666,2.1942857142857144,2016,3,105,20,1,1456790400000
2017,1,2,7,330.26,281.0,17.0,40.142857142857146,2.4285714285714284,2017,1,2,8,-1,1483228800000
2016,8,111,17,194.58,161.5,12.48,9.5,0.7341176470588235,2016,8,111,148,-131,1470009600000
2025,5,8,41,2003.88,1565.38,232.45000000000002,38.18,5.669512195121952,2025,5,8,69,-28,1746057600000
2020,9,60,201,6483.88,5503.4400000000005,421.82,27.38029850746269,2.0986069651741293,2020,9,60,449,-248,1598918400000
2019,7,34,136,2509.77,1991.44,227.06,14.642941176470588,1.6695588235294119,2019,7,34,709,-573,1561939200000
2021,4,265,12488,549149.4,531162.9400000001,5970.54,42.53386771300449,0.47810217809096733,2021,4,265,5861,6627,1617235200000
2020,2,251,6,211.3,189.20999999999998,2.8,31.534999999999997,0.4666666666666666,2020,2,251,87,-81,1580515200000
2021,7,174,235,9665.22,8256.34,124.07,35.13336170212766,0.5279574468085106,2021,7,174,655,-420,1625097600000
2021,5,33,1796,44973.36,35432.14,4869.37,19.72836302895323,2.7112305122494433,2021,5,33,6314,-4518,1619827200000
2020,10,262,28922,448019.24,290424.17,55943.16,10.04163508747666,1.9342770209529079,2020,10,262,30122,-1200,1601510400000
2016,12,219,495,31385.77,25618.68,3434.1,51.754909090909095,6.9375757575757575,2016,12,219,1941,-1446,1480550400000
2025,1,55,657,26870.02,25291.76,103.88,38.495829528158296,0.15811263318112634,2025,1,55,1009,-352,1735689600000
2025,4,25,4218,113827.8,95864.72,4078.52,22.727529634898055,0.9669321953532479,2025,4,25,6959,-2741,1743465600000
2025,5,148,56943,1364135.71,928278.58,122268.88,16.30189101382084,2.1472152854608995,2025,5,148,57495,-552,1746057600000
2017,12,42,14700,185492.67,154470.21,12559.02,10.508177551020408,0.8543551020408163,2017,12,42,40424,-25724,1512086400000
2017,4,155,55,1543.35,1271.43,116.57,23.116909090909093,2.1194545454545453,2017,4,155,1267,-1212,1491004800000
2021,12,78,186,8129.65,7038.95,129.42,37.843817204301075,0.6958064516129031,2021,12,78,473,-287,1638316800000
2024,3,176,3,141.22,122.84,0.0,40.946666666666665,0.0,2024,3,176,17,-14,1709251200000
2018,6,259,169,5801.43,5254.32,142.99,31.09065088757396,0.8460946745562131,2018,6,259,915,-746,1527811200000
2016,6,71,140,2727.3,2246.8,272.86,16.04857142857143,1.949,2016,6,71,2007,-1867,1464739200000
2018,7,214,5,139.6,108.5,1.56,21.7,0.312,2018,7,214,130,-125,1530403200000
2018,5,3,93,2415.56,2187.0,53.65,23.516129032258064,0.5768817204301075,2018,5,3,608,-515,1525132800000
2019,2,264,71014,1350768.9,1074307.77,148350.63,15.128112344044837,2.0890335708451855,2019,2,264,62534,8480,1548979200000
2020,5,65,715,16092.37,13863.02,852.82,19.38883916083916,1.1927552447552447,2020,5,65,755,-40,1588291200000
2022,11,202,129,4532.9,3644.87,567.53,28.254806201550387,4.399457364341085,2022,11,202,1705,-1576,1667260800000
2023,11,190,67,1886.48,1537.01,182.53,22.94044776119403,2.7243283582089552,2023,11,190,470,-403,1698796800000
2024,8,52,555,17040.95,13695.31,1699.01,24.676234234234233,3.061279279279279,2024,8,52,1823,-1268,1722470400000
2021,12,205,246,11036.71,9902.79,14.32,40.25524390243903,0.05821138211382114,2021,12,205,994,-748,1638316800000
2016,6,31,33,869.89,758.0,34.17,22.96969696969697,1.0354545454545454,2016,6,31,521,-488,1464739200000
2023,11,7,1678,39408.8,32297.36,2691.02,19.247532777115616,1.6037067938021454,2023,11,7,8496,-6818,1698796800000
2019,1,241,324,10328.48,9407.03,95.34,29.034043209876547,0.2942592592592593,2019,1,241,1394,-1070,1546300800000
2016,9,254,67,1767.8600000000001,1546.44,130.44,23.081194029850746,1.946865671641791,2016,9,254,982,-915,1472688000000
2019,10,95,1167,32462.62,26809.8,1533.96,22.973264781491,1.3144473007712083,2019,10,95,8061,-6894,1569888000000
2021,11,25,1560,39272.1,31691.45,3930.45,20.315032051282053,2.5195192307692307,2021,11,25,5508,-3948,1635724800000
2019,9,210,394,12657.64,11341.25,16.2,28.78489847715736,0.04111675126903553,2019,9,210,1194,-800,1567296000000
2021,11,221,14,406.06,263.78,85.93,18.84142857142857,6.137857142857143,2021,11,221,62,-48,1635724800000
2022,6,41,11049,194848.1,146980.38,21108.11,13.302595710019007,1.910409086795185,2022,6,41,23430,-12381,1654041600000
2024,4,85,420,13095.4,12006.77,56.13,28.58754761904762,0.13364285714285715,2024,4,85,804,-384,1711929600000
2025,5,205,1385,39727.78,36202.43,34.5,26.138938628158844,0.024909747292418773,2025,5,205,2589,-1204,1746057600000
2022,5,14,195,7514.83,6540.6900000000005,482.34,33.542,2.4735384615384612,2022,5,14,2527,-2332,1651363200000
2025,8,248,697,17796.829999999998,15593.51,25.78,22.37232424677188,0.036987087517934,2025,8,248,901,-204,1754006400000
2022,7,123,68,2075.46,1870.08,54.980000000000004,27.501176470588234,0.8085294117647059,2022,7,123,452,-384,1656633600000
2023,1,91,211,7511.86,6733.26,137.04999999999998,31.911184834123222,0.6495260663507109,2023,1,91,715,-504,1672531200000
2019,10,229,136940,2214236.84,1445493.23,261714.33000000002,10.555668394917483,1.9111605812764716,2019,10,229,135360,1580,1569888000000
2018,5,15,103,3289.5,2961.0,99.2,28.74757281553398,0.9631067961165048,2018,5,15,878,-775,1525132800000
2024,7,252,100,4168.63,3691.38,134.18,36.9138,1.3418,2024,7,252,788,-688,1719792000000
2021,3,99,1,5.3,4.5,0.0,4.5,0.0,2021,3,99,3,-2,1614556800000
2020,12,151,23032,337706.53,239971.6,39843.37,10.419051754081279,1.7299135984716916,2020,12,151,20971,2061,1606780800000
2021,10,88,8839,217397.04,156815.35,26434.94,17.74129992080552,2.9907161443602215,2021,10,88,10833,-1994,1633046400000
2022,8,181,969,26070.7,20517.84,3302.31,21.174241486068112,3.4079566563467494,2022,8,181,8168,-7199,1659312000000
2022,10,255,1969,51031.78,38607.85,7047.08,19.607846622651092,3.5790147282884712,2022,10,255,9519,-7550,1664582400000
2016,12,226,18476,309780.33,261328.43,24403.62,14.144210326910587,1.3208281013206322,2016,12,226,28741,-10265,1480550400000
2017,3,88,40945,890522.71,723058.42,106184.43,17.659260471364025,2.5933430211259005,2017,3,88,41653,-708,1488326400000
2018,3,95,1403,30947.59,25653.62,2350.91,18.284832501781896,1.675630791161796,2018,3,95,10589,-9186,1519862400000
2018,11,90,140807,1926113.69,1520041.0,228587.13999999998,10.795209045004865,1.623407501047533,2018,11,90,116825,23982,1541030400000
2023,3,206,2,61.95,47.400000000000006,5.0,23.700000000000003,2.5,2023,3,206,66,-64,1677628800000
2017,9,102,54,1137.6,945.0,81.25,17.5,1.5046296296296295,2017,9,102,1214,-1160,1504224000000
2023,7,63,60,2542.5,2193.17,170.23000000000002,36.55283333333333,2.837166666666667,2023,7,63,539,-479,1688169600000
2023,8,232,3878,109708.48,79957.48,11790.66,20.61822588963383,3.0403971119133573,2023,8,232,14034,-10156,1690848000000
2019,5,25,7019,131593.28999999998,106453.8,11952.36,15.166519447214704,1.702857956973928,2019,5,25,13892,-6873,1556668800000
2023,9,41,6733,154218.45,117470.21,14079.09,17.446934501708007,2.0910574780929747,2023,9,41,16088,-9355,1693526400000
2024,8,144,33060,773151.23,535050.26,83514.82,16.1842183908046,2.5261591046581975,2024,8,144,30122,2938,1722470400000
2025,10,100,57550,1412878.51,921692.07,160029.81,16.015500781928758,2.780709122502172,2025,10,100,51275,6275,1759276800000
2022,2,89,279,8330.53,7324.87,389.46,26.254014336917564,1.3959139784946235,2022,2,89,2074,-1795,1643673600000
2019,12,151,62556,940380.96,662393.57,107241.84,10.588809546646203,1.7143333972760406,2019,12,151,60915,1641,1575158400000
2021,10,184,9,382.37,330.12,2.0,36.68,0.2222222222222222,2021,10,184,39,-30,1633046400000
2018,12,105,7,158.13,124.0,23.87,17.714285714285715,3.41,2018,12,105,10,-3,1543622400000
2018,3,77,139,3672.43,3322.5,101.91,23.902877697841728,0.7331654676258993,2018,3,77,682,-543,1519862400000
2017,9,260,5207,88798.40000000001,74773.45,6479.94,14.360178605723064,1.2444670635682733,2017,9,260,10697,-5490,1504224000000
2021,9,183,101,4654.63,3922.98,30.65,38.84138613861386,0.30346534653465346,2021,9,183,241,-140,1630454400000
2021,12,107,76058,1323387.4100000001,861187.38,171971.63,11.32277183202293,2.261059060190907,2021,12,107,62007,14051,1638316800000
2016,2,203,49,2305.8,1914.7,276.48,39.07551020408163,5.642448979591837,2016,2,203,731,-682,1454284800000
2017,3,184,5,512.4,412.5,84.32,82.5,16.863999999999997,2017,3,184,52,-47,1488326400000
2020,9,88,3220,78024.27,58108.1,7887.64,18.045993788819874,2.4495776397515527,2020,9,88,3340,-120,1598918400000
2018,11,210,446,17558.19,15906.9,336.06,35.66569506726457,0.7534977578475336,2018,11,210,1414,-968,1541030400000
2020,8,257,114,3385.63,2873.71,255.42000000000002,25.20798245614035,2.2405263157894737,2020,8,257,374,-260,1596240000000
2023,8,63,95,3393.3,3017.09,109.73,31.75884210526316,1.1550526315789473,2023,8,63,653,-558,1690848000000
2022,5,252,49,2427.57,1978.28,296.04,40.373061224489796,6.0416326530612245,2022,5,252,659,-610,1651363200000
2022,6,50,28622,529615.3300000001,354912.87,66440.31,12.400002445671161,2.3213021452029907,2022,6,50,40193,-11571,1654041600000
2024,11,139,213,9558.32,8861.13,70.24,41.601549295774646,0.3297652582159624,2024,11,139,757,-544,1730419200000
2017,1,252,69,4525.7,3731.85,643.52,54.08478260869565,9.326376811594203,2017,1,252,1213,-1144,1483228800000
2018,2,158,83184,1206760.69,950738.65,149917.37,11.429345186574341,1.8022380505866513,2018,2,158,84293,-1109,1517443200000
2023,10,109,3,417.0,398.0,16.0,132.66666666666666,5.333333333333333,2023,10,109,28,-25,1696118400000
2019,4,185,242,7400.91,6479.76,38.66,26.77586776859504,0.15975206611570247,2019,4,185,983,-741,1554076800000
2025,11,222,1054,35775.83,33494.1,39.4,31.7780834914611,0.03738140417457305,2025,11,222,1235,-181,1761955200000
2016,3,6,73,2013.99,1530.01,101.0,20.95904109589041,1.3835616438356164,2016,3,6,296,-223,1456790400000
2017,8,153,73,1410.83,1212.0,72.12,16.602739726027398,0.9879452054794521,2017,8,153,369,-296,1501545600000
2018,2,98,56,2236.88,2092.5,72.54,37.36607142857143,1.2953571428571429,2018,2,98,741,-685,1517443200000
2016,1,119,337,5825.4800000000005,4950.0,429.0,14.688427299703264,1.2729970326409497,2016,1,119,2157,-1820,1451606400000
2016,2,78,141,2667.16,2043.7,424.76,14.494326241134752,3.012482269503546,2016,2,78,1116,-975,1454284800000
2020,5,212,172,4614.27,3847.67,158.09,22.370174418604652,0.9191279069767442,2020,5,212,324,-152,1588291200000
2023,3,27,3,256.9,239.0,0.0,79.66666666666667,0.0,2023,3,27,58,-55,1677628800000
2025,7,28,1539,48431.8,41923.63,1603.24,27.240825211176087,1.0417413905133204,2025,7,28,2809,-1270,1751328000000
2018,2,106,1224,18922.99,15114.69,2000.56,12.348602941176472,1.6344444444444444,2018,2,106,4118,-2894,1517443200000
2017,8,187,1,0.3,0.0,0.0,0.0,0.0,2017,8,187,46,-45,1501545600000
2019,1,79,194171,2586719.39,2030357.56,316424.38,10.456543768121913,1.6296170900906932,2019,1,79,168727,25444,1546300800000
2020,2,112,1470,26467.3,20405.66,2704.86,13.881401360544217,1.8400408163265307,2020,2,112,12445,-10975,1580515200000
2023,4,218,215,7517.72,6855.41,50.91,31.885627906976744,0.2367906976744186,2023,4,218,906,-691,1680307200000
2024,3,148,42091,1031949.9,729150.93,106592.24,17.323202822456107,2.5324235584804353,2024,3,148,40809,1282,1709251200000
2016,9,72,150,2831.56,2384.8,214.39000000000001,15.898666666666667,1.4292666666666667,2016,9,72,1735,-1585,1472688000000
2019,12,164,158019,2867342.5,1914430.2,328329.3,12.115189945512881,2.0777836842405026,2019,12,164,141470,16549,1575158400000
2017,8,213,115,4329.92,3338.5,739.27,29.030434782608694,6.428434782608695,2017,8,213,1332,-1217,1501545600000
2019,1,18,337,10741.19,9656.22,103.08,28.65347181008902,0.3058753709198813,2019,1,18,1489,-1152,1546300800000
2018,7,156,23,1333.8999999999999,1166.82,12.0,50.73130434782608,0.5217391304347826,2018,7,156,99,-76,1530403200000
2021,4,27,3,218.23000000000002,163.55,0.0,54.51666666666667,0.0,2021,4,27,55,-52,1617235200000
2023,4,92,201,7749.29,6514.86,468.88,32.41223880597015,2.33273631840796,2023,4,92,2231,-2030,1680307200000
2023,9,185,121,3976.03,3623.03,58.4,29.942396694214878,0.4826446280991735,2023,9,185,369,-248,1693526400000
2020,5,80,264,6599.11,5731.55,221.29,21.710416666666667,0.8382196969696969,2020,5,80,526,-262,1588291200000
2025,11,170,106722,2420920.41,1525999.85,288341.77,14.298831075129778,2.7018025336856506,2025,11,170,110866,-4144,1761955200000
2023,11,162,121769,3026704.25,2005071.23,400702.73,16.46618786390625,3.290679319038507,2023,11,162,97596,24173,1698796800000
2023,2,116,1986,50757.1,39761.36,4907.19,20.020825780463245,2.4708912386706947,2023,2,116,6782,-4796,1675209600000
2023,9,241,107,4107.4,3685.86,78.26,34.44728971962617,0.7314018691588785,2023,9,241,480,-373,1693526400000
2024,10,48,91866,2210225.35,1496502.77,266293.24,16.290061284914984,2.8987137787647224,2024,10,48,88944,2922,1727740800000
2017,10,258,78,2404.83,2160.5,114.23,27.69871794871795,1.4644871794871794,2017,10,258,1537,-1459,1506816000000
2025,5,180,814,21749.94,18912.82,836.22,23.234422604422605,1.0272972972972974,2025,5,180,1217,-403,1746057600000
2020,5,242,237,7553.72,6093.47,392.5,25.71084388185654,1.6561181434599157,2020,5,242,374,-137,1588291200000
2017,9,231,165798,2718723.02,2193708.86,317275.33,13.231214248664037,1.9136257976573905,2017,9,231,157819,7979,1504224000000
2024,4,22,255,9438.97,8543.93,44.61,33.505607843137255,0.17494117647058824,2024,4,22,611,-356,1711929600000
2024,4,130,1069,41459.07,35996.22,1962.65,33.67279700654818,1.8359681945743687,2024,4,130,2182,-1113,1711929600000
2019,12,43,114516,1945307.6600000001,1313773.05,220430.13,11.472397306926544,1.9248849942366133,2019,12,43,93309,21207,1575158400000
2024,12,178,126,3765.84,3449.2,24.96,27.374603174603173,0.1980952380952381,2024,12,178,361,-235,1733011200000
2016,1,206,10,314.93,248.0,46.95,24.8,4.695,2016,1,206,194,-184,1451606400000
2018,10,47,299,7832.46,7015.09,170.11,23.461839464882942,0.5689297658862876,2018,10,47,961,-662,1538352000000
2018,2,145,9477,158921.89,126439.2,14902.36,13.341690408357074,1.5724765221061519,2018,2,145,26061,-16584,1517443200000
2017,11,159,411,6693.55,5932.1,236.77,14.433333333333334,0.5760827250608272,2017,11,159,2460,-2049,1509494400000
2018,9,195,793,23593.62,20242.37,1441.73,25.526317780580076,1.8180706179066835,2018,9,195,4242,-3449,1535760000000
2022,6,239,100711,1790291.99,1165823.6,242559.52000000002,11.575931129668062,2.408470971393393,2022,6,239,96750,3961,1654041600000
2022,2,48,94039,1601905.9600000002,1045006.62,202817.4,11.112481204606599,2.156737098437882,2022,2,48,83098,10941,1643673600000
2019,3,130,1430,70066.61,57566.8,5124.34,40.2565034965035,3.5834545454545457,2019,3,130,3450,-2020,1551398400000
2023,9,98,50,1911.77,1655.92,103.89,33.1184,2.0778,2023,9,98,445,-395,1693526400000
2024,11,203,240,11344.48,10328.34,172.27,43.03475,0.7177916666666667,2024,11,203,756,-516,1730419200000
2025,11,77,1266,35329.4,32231.84,22.240000000000002,25.45958925750395,0.01756714060031596,2025,11,77,1689,-423,1761955200000
2016,6,200,83,1953.72,1601.65,191.31,19.29698795180723,2.3049397590361447,2016,6,200,3927,-3844,1464739200000
2017,9,261,57901,1171661.22,968606.89,121958.91,16.728672907203677,2.106335123745704,2017,9,261,49222,8679,1504224000000
2018,12,90,140349,1914348.45,1507548.77,227436.08,10.741428652858232,1.6205037442375791,2018,12,90,114146,26203,1543622400000
2016,12,130,897,45616.07,37039.03,4362.8,41.292118171683384,4.86376811594203,2016,12,130,2519,-1622,1480550400000
2018,12,2,9,386.64,306.5,51.92,34.05555555555556,5.768888888888889,2018,12,2,11,-2,1543622400000
2023,5,192,49,1804.66,1548.7,149.26,31.606122448979594,3.0461224489795917,2023,5,192,379,-330,1682899200000
2016,4,119,425,7889.52,6744.99,572.71,15.870564705882352,1.3475529411764706,2016,4,119,2697,-2272,1459468800000
2021,3,44,124,13264.7,11952.5,0.0,96.39112903225806,0.0,2021,3,44,151,-27,1614556800000
2019,4,69,871,25533.7,22726.02,223.06,26.09187141216992,0.2560964408725603,2019,4,69,3409,-2538,1554076800000
2021,10,219,335,19400.04,16221.01,1550.6299999999999,48.42092537313433,4.628746268656716,2021,10,219,904,-569,1633046400000
2022,6,123,79,3033.56,2708.2400000000002,89.82,34.28151898734178,1.1369620253164556,2022,6,123,494,-415,1654041600000
2024,3,202,256,8166.33,6899.49,482.4,26.9511328125,1.884375,2024,3,202,2070,-1814,1709251200000
2016,12,49,4374,64824.91,52998.06,6383.08,12.116611796982166,1.459323273891175,2016,12,49,20553,-16179,1480550400000
2018,7,94,69,1553.7,1374.82,68.36,19.924927536231884,0.9907246376811594,2018,7,94,643,-574,1530403200000
2022,7,265,7943,505735.27,469887.74,24568.93,59.15746443409291,3.0931549792269926,2022,7,265,13255,-5312,1656633600000
2018,2,172,1,23.8,22.5,0.0,22.5,0.0,2018,2,172,89,-88,1517443200000
2016,12,59,5,70.15,62.5,3.1500000000000004,12.5,0.6300000000000001,2016,12,59,51,-46,1480550400000
2022,1,180,16,529.31,453.88,28.43,28.3675,1.776875,2022,1,180,266,-250,1640995200000
2022,12,247,331,9273.06,7994.68,429.92,24.153111782477342,1.2988519637462237,2022,12,247,1147,-816,1669852800000
2020,8,187,3,259.99,218.12,2.75,72.70666666666666,0.9166666666666666,2020,8,187,16,-13,1596240000000
2024,7,183,59,2852.16,2542.67,59.87,43.096101694915255,1.0147457627118643,2024,7,183,183,-124,1719792000000
2019,7,126,177,5423.52,4756.67,90.64,26.873841807909606,0.512090395480226,2019,7,126,946,-769,1561939200000
2017,12,100,191938,2823455.22,2298337.52,270993.5,11.97437464181142,1.4118803988788047,2017,12,100,147556,44382,1512086400000
2019,5,47,340,10042.5,9049.68,65.69,26.616705882352942,0.19320588235294117,2019,5,47,1056,-716,1556668800000
2023,6,173,75,2417.94,2035.96,165.33,27.146133333333335,2.2044,2023,6,173,669,-594,1685577600000
2019,2,172,3,249.22,207.0,0.0,69.0,0.0,2019,2,172,92,-89,1548979200000
2020,11,91,589,19096.6,16490.02,1532.36,27.996638370118845,2.601629881154499,2020,11,91,976,-387,1604188800000
2024,2,248,124,3964.22,3544.01,21.51,28.580725806451614,0.1734677419354839,2024,2,248,234,-110,1706745600000
2016,7,219,662,39019.15,31891.14,4132.81,48.17392749244713,6.242915407854985,2016,7,219,2354,-1692,1467331200000
2016,9,4,30241,463546.59,376452.76,49331.53,12.448423001884859,1.6312797195859925,2016,9,4,52001,-21760,1472688000000
2017,8,23,8,367.09,303.0,33.15,37.875,4.14375,2017,8,23,239,-231,1501545600000
2021,9,6,9,351.26,254.84,5.72,28.315555555555555,0.6355555555555555,2021,9,6,44,-35,1630454400000
2016,6,42,17571,237558.27000000002,197041.16,17468.47,11.213998064993456,0.9941648170280577,2016,6,42,48207,-30636,1464739200000
2019,6,251,18,1171.55,959.9,20.48,53.327777777777776,1.1377777777777778,2019,6,251,104,-86,1559347200000
2019,3,142,229983,3853679.45,2565467.44,436938.3,11.155030763143362,1.89987216446433,2019,3,142,208332,21651,1551398400000
2020,7,236,33485,495244.15,319765.45,56983.07,9.54951321487233,1.7017491414066,2020,7,236,31796,1689,1593561600000
2021,1,143,20442,308512.59,200171.15,37165.8,9.79215096370218,1.818109773994717,2021,1,143,23780,-3338,1609459200000
2021,1,229,30319,433769.18,272763.96,53628.53,8.99646954055213,1.7688093274844157,2021,1,229,30033,286,1609459200000
2019,3,218,871,33620.56,30981.68,105.19999999999999,35.5702411021814,0.12078071182548793,2019,3,218,2117,-1246,1551398400000
2020,6,160,56,1540.14,1315.91,51.07,23.498392857142857,0.9119642857142857,2020,6,160,255,-199,1590969600000
2023,2,166,14660,338733.77,239690.29,44128.32,16.34995156889495,3.0101173260572986,2023,2,166,21809,-7149,1675209600000
2022,5,89,349,11926.47,9945.630000000001,1120.84,28.497507163323785,3.2115759312320913,2022,5,89,3180,-2831,1651363200000
2020,8,248,378,16536.89,14397.84,576.66,38.08952380952381,1.5255555555555556,2020,8,248,560,-182,1596240000000
2023,10,67,52,1815.11,1591.64,57.76,30.60846153846154,1.1107692307692307,2023,10,67,441,-389,1696118400000
2024,5,196,402,15245.1,13106.03,910.16,32.60206467661692,2.2640796019900495,2024,5,196,1270,-868,1714521600000
2025,4,149,394,10774.51,9782.53,58.370000000000005,24.828756345177666,0.1481472081218274,2025,4,149,930,-536,1743465600000
2017,3,178,116,1145.92,953.5,43.13,8.219827586206897,0.37181034482758624,2017,3,178,906,-790,1488326400000
2017,6,262,113142,1562147.1,1242569.76,179163.76,10.98239168478549,1.58353007724806,2017,6,262,117498,-4356,1496275200000
2016,12,203,55,1880.76,1596.53,171.95,29.02781818181818,3.126363636363636,2016,12,203,881,-826,1480550400000
2024,5,262,53377,1196274.82,813406.05,133127.24,15.23888659909699,2.4940937107743033,2024,5,262,55586,-2209,1714521600000
2021,8,86,176,9979.52,8866.24,5.08,50.376363636363635,0.028863636363636366,2021,8,86,718,-542,1627776000000
2017,3,116,13296,208591.2,173282.04,18603.22,13.03264440433213,1.3991591456077017,2017,3,116,29644,-16348,1488326400000
2023,7,83,137,3757.15,3110.14,199.69,22.701751824817517,1.4575912408759124,2023,7,83,901,-764,1688169600000
2020,8,252,102,3539.62,3063.5299999999997,205.89,30.034607843137252,2.018529411764706,2020,8,252,221,-119,1596240000000
2017,6,169,157,2637.61,2280.63,106.42,14.526305732484078,0.6778343949044586,2017,6,169,1691,-1534,1496275200000
2018,8,195,579,17007.2,14365.48,1232.94,24.810846286701207,2.1294300518134714,2018,8,195,3300,-2721,1533081600000
2019,2,123,446,11883.22,10779.72,27.48,24.169775784753362,0.061614349775784755,2019,2,123,1478,-1032,1548979200000
2024,3,212,254,8468.78,7564.66,24.34,29.78212598425197,0.09582677165354331,2024,3,212,346,-92,1709251200000
2018,11,253,25,1211.15,961.36,153.51999999999998,38.4544,6.1408,2018,11,253,39,-14,1541030400000
2023,1,236,138391,2830541.55,1807215.31,372941.98,13.058763286629912,2.6948427282120946,2023,1,236,146348,-7957,1672531200000
2024,4,249,81942,1859445.55,1247738.54,224161.83000000002,15.227094042127359,2.735615801420517,2024,4,249,62644,19298,1711929600000
2018,1,69,384,6061.37,5284.86,309.78,13.76265625,0.8067187499999999,2018,1,69,3621,-3237,1514764800000
2016,11,236,383507,4999424.94,4004379.77,551518.48,10.441477652298394,1.4380923425126528,2016,11,236,387344,-3837,1477958400000
2021,4,228,746,29499.29,24803.16,1848.81,33.248203753351206,2.478297587131367,2021,4,228,1549,-803,1617235200000
2025,10,188,3992,103114.53,90957.57,872.61,22.784962424849702,0.21858967935871743,2025,10,188,5940,-1948,1759276800000
2024,8,263,52125,1089189.14,714796.06,128625.33,13.713113860911273,2.4676322302158273,2024,8,263,56579,-4454,1722470400000
2016,2,70,1294,40189.21,33588.61,3846.18,25.957194744976817,2.9723183925811436,2016,2,70,3813,-2519,1454284800000
2019,11,154,46,2424.81,1862.7,271.06,40.493478260869566,5.892608695652174,2019,11,154,140,-94,1572566400000
2016,6,241,120,2360.58,2032.5,154.69,16.9375,1.2890833333333334,2016,6,241,1955,-1835,1464739200000
2020,10,196,368,10751.74,9043.72,874.57,24.57532608695652,2.3765489130434783,2020,10,196,975,-607,1601510400000
2022,12,66,999,31220.08,24476.5,3692.08,24.501001001001,3.695775775775776,2022,12,66,4206,-3207,1669852800000
2016,10,59,7,28.71,22.0,0.76,3.142857142857143,0.10857142857142857,2016,10,59,67,-60,1475280000000
2018,12,259,310,12834.43,11371.12,373.02,36.68103225806452,1.203290322580645,2018,12,259,1120,-810,1543622400000
2023,3,222,157,7313.15,6697.3,16.8,42.65796178343949,0.1070063694267516,2023,3,222,270,-113,1677628800000
2020,3,185,178,4168.65,3688.28,49.65,20.72067415730337,0.2789325842696629,2020,3,185,497,-319,1583020800000
2023,10,65,2413,79499.37,62109.11,8649.47,25.739374222958972,3.5845296311645254,2023,10,65,5537,-3124,1696118400000
2024,8,244,2133,62296.79,52763.84,3350.83,24.73691514299109,1.5709470229723395,2024,8,244,9772,-7639,1722470400000
2019,7,28,1005,54582.01,42731.27,5311.62,42.51867661691542,5.2851940298507465,2019,7,28,2941,-1936,1561939200000
2019,10,239,189495,3023049.9299999997,1953402.34,367024.62,10.308463758938231,1.9368564869785483,2019,10,239,184355,5140,1569888000000
2019,7,116,8122,140879.49,113127.26,10948.05,13.928497906919477,1.3479500123122383,2019,7,116,18992,-10870,1561939200000
2021,1,221,8,466.4,392.54,5.59,49.0675,0.69875,2021,1,221,50,-42,1609459200000
2023,9,117,123,6315.56,5759.75,15.95,46.827235772357724,0.12967479674796747,2023,9,117,301,-178,1693526400000
2019,10,61,1804,47578.89,41603.45,1258.85,23.061779379157425,0.697810421286031,2019,10,61,10202,-8398,1569888000000
2025,6,22,1071,26052.22,23377.32,69.06,21.827563025210083,0.06448179271708683,2025,6,22,1841,-770,1748736000000
2025,10,33,6054,151527.26,118028.35,7288.48,19.495928311859927,1.2039114634952097,2025,10,33,12487,-6433,1759276800000
2017,12,191,107,2907.1,2547.5,210.73000000000002,23.80841121495327,1.9694392523364488,2017,12,191,892,-785,1512086400000
2024,10,219,660,42788.69,35410.8,4105.46,53.652727272727276,6.220393939393939,2024,10,219,1775,-1115,1727740800000
2020,4,70,64,2146.04,1903.27,47.71,29.73859375,0.74546875,2020,4,70,165,-101,1585699200000
2016,7,43,136394,1883043.46,1546689.3,176785.96,11.339863190462925,1.2961417657668226,2016,7,43,115005,21389,1467331200000
2017,7,253,33,1548.31,1330.0,94.7,40.303030303030305,2.8696969696969696,2017,7,253,95,-62,1498867200000
2021,6,39,678,27190.81,23476.260000000002,106.95,34.625752212389386,0.1577433628318584,2021,6,39,1684,-1006,1622505600000
2021,9,31,44,1814.94,1429.84,159.9,32.49636363636363,3.6340909090909093,2021,9,31,368,-324,1630454400000
2021,4,65,1705,43186.02,34645.69,3702.95,20.320052785923757,2.171818181818182,2021,4,65,2691,-986,1617235200000
2017,12,86,21,728.89,665.5,35.83,31.69047619047619,1.706190476190476,2017,12,86,437,-416,1512086400000
2018,2,48,263986,3548435.83,2823022.76,390368.22,10.693835127620403,1.4787459183441545,2018,2,48,229468,34518,1517443200000
2021,8,21,108,5381.3,4693.16,127.82000000000001,43.45518518518519,1.1835185185185186,2021,8,21,502,-394,1627776000000
2022,3,6,5,166.93,125.1,16.18,25.02,3.2359999999999998,2022,3,6,43,-38,1646092800000
2022,12,96,15,424.66999999999996,318.04,66.13,21.20266666666667,4.408666666666666,2022,12,96,112,-97,1669852800000
2018,10,264,144765,2933063.17,2437413.84,291586.75,16.837038234379857,2.0142075087210305,2018,10,264,131278,13487,1538352000000
2023,10,112,876,29330.53,22997.64,2991.32,26.253013698630138,3.414748858447489,2023,10,112,7393,-6517,1696118400000
2019,9,2,2,101.1,92.5,6.0,46.25,3.0,2019,9,2,8,-6,1567296000000
2020,4,225,186,4225.37,3649.7,274.63,19.622043010752687,1.476505376344086,2020,4,225,355,-169,1585699200000
2019,1,26,800,20674.95,18777.3,104.56,23.471625,0.1307,2019,1,26,2439,-1639,1546300800000
2016,7,15,16,640.22,546.3,57.1,34.14375,3.56875,2016,7,15,868,-852,1467331200000
2025,5,181,6565,155553.51,126571.48,3760.91,19.279738004569687,0.5728728103579589,2025,5,181,14224,-7659,1746057600000
2021,6,34,70,1907.94,1467.43,258.71999999999997,20.963285714285714,3.6959999999999997,2021,6,34,413,-343,1622505600000
2025,4,180,605,17260.17,15159.11,492.95,25.05638016528926,0.814793388429752,2025,4,180,945,-340,1743465600000
2024,9,222,520,18304.39,17217.19,25.7,33.109980769230766,0.049423076923076924,2024,9,222,612,-92,1725148800000
2016,8,53,68,1263.0900000000001,1047.5,93.02,15.404411764705882,1.3679411764705882,2016,8,53,1112,-1044,1470009600000
2020,1,5,39,2387.8,2294.5,10.0,58.833333333333336,0.2564102564102564,2020,1,5,84,-45,1577836800000
2021,2,87,4885,110215.56,78922.96,12841.94,16.15618423746162,2.6288515864892528,2021,2,87,6096,-1211,1612137600000
2017,7,2,5,241.28,210.5,18.86,42.1,3.772,2017,7,2,3,2,1498867200000
2024,8,222,488,17153.46,16262.08,49.62,33.323934426229506,0.10168032786885245,2024,8,222,574,-86,1722470400000
2016,11,248,75,1989.28,1766.73,114.0,23.5564,1.52,2016,11,248,1032,-957,1477958400000
2025,6,54,586,16733.43,12646.92,640.46,21.581774744027303,1.0929351535836178,2025,6,54,1122,-536,1748736000000
2017,4,121,72,2387.58,2029.75,256.29,28.19097222222222,3.5595833333333338,2017,4,121,1538,-1466,1491004800000
2021,9,141,82196,2176384.23,1700928.9,171538.14,20.693572679935762,2.086940240400993,2021,9,141,82204,-8,1630454400000
2023,6,4,4097,107025.8,74836.22,12855.68,18.26610202587259,3.137827678789358,2023,6,4,12531,-8434,1685577600000
2023,2,29,82,4341.72,3807.73,66.24,46.435731707317075,0.8078048780487804,2023,2,29,334,-252,1675209600000
2024,2,88,7472,244599.06,178727.96,27859.24,23.919694860813703,3.7284850107066383,2024,2,88,10094,-2622,1706745600000
2024,9,111,14,498.26,435.02,26.3,31.072857142857142,1.8785714285714286,2024,9,111,34,-20,1725148800000
2019,5,229,141775,2288832.6,1494092.01,266778.84,10.538473002997709,1.8817058014459533,2019,5,229,136794,4981,1556668800000
2022,5,100,56039,1073397.06,718412.22,129300.15,12.819861525009369,2.307324363389782,2022,5,100,49060,6979,1651363200000
2020,11,149,213,7755.2,6841.81,516.83,32.12117370892019,2.426431924882629,2020,11,149,382,-169,1604188800000
2023,12,27,1,79.2,60.0,13.2,60.0,13.2,2023,12,27,55,-54,1701388800000
2017,7,108,21,1432.46,1373.75,35.65,65.41666666666667,1.6976190476190476,2017,7,108,496,-475,1498867200000
2016,3,156,11,542.22,402.5,91.8,36.59090909090909,8.345454545454546,2016,3,156,93,-82,1456790400000
2019,11,38,220,8635.35,7839.18,101.31,35.632636363636365,0.4605,2019,11,38,971,-751,1572566400000
2021,12,108,66,3020.31,2701.46,10.0,40.93121212121212,0.15151515151515152,2021,12,108,250,-184,1638316800000
2022,3,194,119,7119.38,5151.06,931.72,43.28621848739496,7.829579831932773,2022,3,194,354,-235,1646092800000
2018,12,93,1169,67203.87,53528.23,7223.68,45.78976047904192,6.179366980325065,2018,12,93,1009,160,1543622400000
2020,4,98,11,416.93,353.68,16.28,32.152727272727276,1.4800000000000002,2020,4,98,27,-16,1585699200000
2022,10,101,50,1735.71,1557.49,40.67,31.1498,0.8134,2022,10,101,332,-282,1664582400000
2023,6,92,235,8974.14,7529.54,575.3,32.04059574468085,2.4480851063829787,2023,6,92,2781,-2546,1685577600000
2016,4,193,4606,58412.200000000004,49790.74,3678.92,10.809973947025618,0.7987234042553192,2016,4,193,6523,-1917,1459468800000
2018,8,262,80697,1090200.43,862902.26,127143.67,10.693114490005824,1.5755687324188012,2018,8,262,86706,-6009,1533081600000
2017,12,156,3,229.92,210.5,0.0,70.16666666666667,0.0,2017,12,156,75,-72,1512086400000
2018,9,5,21,1727.74,1600.5,0.0,76.21428571428571,0.0,2018,9,5,67,-46,1535760000000
2021,4,63,338,12847.31,11049.91,74.17,32.69204142011834,0.2194378698224852,2021,4,63,737,-399,1617235200000
2021,6,185,204,7483.3099999999995,6413.07,66.57,31.43661764705882,0.3263235294117647,2021,6,185,553,-349,1622505600000
2017,2,29,53,2344.87,2222.36,58.63,41.931320754716985,1.1062264150943397,2017,2,29,796,-743,1485907200000
2022,7,219,353,20253.61,16960.22,1653.46,48.04594900849859,4.684022662889518,2022,7,219,1409,-1056,1656633600000
2022,8,95,428,15198.93,12757.960000000001,1304.77,29.80831775700935,3.0485280373831776,2022,8,95,4426,-3998,1659312000000
2017,4,152,10595,151746.17,125606.91,12879.05,11.855300613496933,1.2155781028787163,2017,4,152,17633,-7038,1491004800000
2020,11,254,550,20408.61,17408.3,1425.79,31.651454545454545,2.5923454545454545,2020,11,254,834,-284,1604188800000
2023,3,75,20181,429383.52,307699.05,44792.96,15.246967444626133,2.219560973192607,2023,3,75,40891,-20710,1677628800000
2023,8,124,121,6088.92,5311.56,322.53,43.897190082644634,2.6655371900826443,2023,8,124,823,-702,1690848000000
2023,11,263,62291,1333943.87,867428.4,169479.21,13.925421007850252,2.720765600166958,2023,11,263,68062,-5771,1698796800000
2025,2,200,252,9072.37,7818.23,56.0,31.02472222222222,0.2222222222222222,2025,2,200,1019,-767,1738368000000
2017,3,42,19943,252689.92,210825.54,17190.34,10.57140550569122,0.8619736248307677,2017,3,42,47921,-27978,1488326400000
2019,9,114,86894,1492934.6800000002,988812.55,179780.01,11.379526204340921,2.0689576955831246,2019,9,114,66905,19989,1567296000000
2022,7,113,40908,708496.65,462136.38,94113.57,11.296968319155178,2.3006152830742157,2022,7,113,36815,4093,1656633600000
2023,5,108,137,6670.07,5968.35,36.67,43.56459854014599,0.2676642335766424,2023,5,108,296,-159,1682899200000
2023,7,15,29,1027.1,902.13,54.77,31.107931034482757,1.8886206896551725,2023,7,15,425,-396,1688169600000
2018,7,238,134365,1755188.98,1388324.1,201747.44,10.332483161537603,1.501488036318982,2018,7,238,143769,-9404,1530403200000
2016,3,195,818,16527.28,12898.18,1981.0,15.76794621026895,2.421760391198044,2016,3,195,4859,-4041,1456790400000
2023,12,255,1336,41271.6,33006.12,3748.68,24.705179640718566,2.805898203592814,2023,12,255,7630,-6294,1701388800000
2025,5,187,11,465.71,320.90999999999997,0.0,29.173636363636362,0.0,2025,5,187,36,-25,1746057600000
2024,4,173,142,3977.63,3548.56,32.129999999999995,24.989859154929576,0.2262676056338028,2024,4,173,617,-475,1711929600000
2017,10,260,5537,95687.24,80480.05,7133.32,14.53495575221239,1.2883005237493226,2017,10,260,11094,-5557,1506816000000
2022,10,170,106492,2013037.68,1324608.37,263953.69,12.438571629793788,2.478624591518612,2022,10,170,104214,2278,1664582400000
2022,2,129,558,14282.73,11771.06,1299.8700000000001,21.095089605734767,2.329516129032258,2022,2,129,4474,-3916,1643673600000
2019,2,140,129635,2151984.33,1455887.29,237167.38999999998,11.230665252439541,1.8295012149496663,2019,2,140,130761,-1126,1548979200000
2025,4,144,43379,1010650.58,670907.77,102801.44,15.466188017243367,2.3698434726480557,2025,4,144,39952,3427,1743465600000
2017,5,179,6800,102353.94,85403.14,8850.66,12.559285294117647,1.3015676470588236,2017,5,179,15378,-8578,1493596800000
2021,10,21,100,4316.51,3802.17,46.44,38.0217,0.4644,2021,10,21,405,-305,1633046400000
2023,6,31,16,684.98,562.16,63.669999999999995,35.135,3.9793749999999997,2023,6,31,204,-188,1685577600000
2022,11,232,3807,93359.43000000001,67816.24,11686.15,17.813564486472288,3.0696480168111373,2022,11,232,14315,-10508,1667260800000
2025,9,26,1095,28070.39,25878.68,81.12,23.63349771689498,0.07408219178082193,2025,9,26,2320,-1225,1756684800000
2018,6,127,1008,20384.19,17237.86,1605.4,17.101051587301587,1.5926587301587303,2018,6,127,6834,-5826,1527811200000
2023,11,171,62,2073.99,1885.22,9.49,30.406774193548387,0.15306451612903227,2023,11,171,519,-457,1698796800000
2024,7,212,174,5895.69,5283.42,37.010000000000005,30.36448275862069,0.2127011494252874,2024,7,212,377,-203,1719792000000
2020,7,78,424,15100.49,13137.06,529.14,30.983632075471697,1.2479716981132074,2020,7,78,566,-142,1593561600000
2024,11,27,9,344.06,316.68,0.0,35.18666666666667,0.0,2024,11,27,61,-52,1730419200000
2019,3,5,25,1709.6,1553.82,15.62,62.1528,0.6248,2019,3,5,62,-37,1551398400000
2018,12,57,22,481.28000000000003,407.46999999999997,13.66,18.521363636363635,0.620909090909091,2018,12,57,286,-264,1543622400000
2024,4,59,13,426.16999999999996,369.47,0.0,28.42076923076923,0.0,2024,4,59,26,-13,1711929600000
2025,8,59,37,1390.28,1214.1,41.98,32.81351351351351,1.1345945945945946,2025,8,59,98,-61,1754006400000
2020,12,81,286,11047.42,9419.39,722.52,32.93493006993007,2.526293706293706,2020,12,81,488,-202,1606780800000
2021,8,245,4,295.53,232.48,12.05,58.12,3.0125,2021,8,245,45,-41,1627776000000
2021,10,155,177,8035.21,7004.5,65.96,39.57344632768361,0.3726553672316384,2021,10,155,683,-506,1633046400000
2022,2,265,8103,407422.17,385860.75,13031.14,47.61949278045169,1.6081870912007898,2022,2,265,8078,25,1643673600000
2016,1,184,11,1110.5,940.0,149.95999999999998,85.45454545454545,13.632727272727271,2016,1,184,68,-57,1451606400000
2017,12,227,117,2297.46,2054.31,94.97,17.558205128205127,0.8117094017094016,2017,12,227,2062,-1945,1512086400000
2022,10,234,96639,1720284.2,1121944.03,230885.8,11.609640310847588,2.389157586481648,2022,10,234,82997,13642,1664582400000
2022,2,186,97073,1675416.58,1099828.97,216557.57,11.329916351611674,2.2308733633451117,2022,2,186,64662,32411,1643673600000
2019,11,89,1373,39195.19,33382.99,954.15,24.31390386016023,0.694938091769847,2019,11,89,6390,-5017,1572566400000
2019,5,55,352,16295.13,14980.03,241.92,42.556903409090914,0.6872727272727273,2019,5,55,1246,-894,1556668800000
2024,10,168,1180,34183.14,30272.2,258.42,25.654406779661016,0.219,2024,10,168,1977,-797,1727740800000
2022,10,122,49,1612.99,1470.5,46.44,30.010204081632654,0.9477551020408163,2022,10,122,256,-207,1664582400000
2018,5,158,92902,1426819.73,1131858.83,171259.23,12.183363436739791,1.8434396460786637,2018,5,158,94363,-1461,1525132800000
2019,9,92,493,15749.55,13737.8,353.78000000000003,27.8657200811359,0.7176064908722111,2019,9,92,3436,-2943,1567296000000
2019,5,4,12893,234601.24,162398.47,24064.13,12.5958636469402,1.8664492360195455,2019,5,4,32813,-19920,1556668800000
2021,8,141,78125,1236372.9600000002,792591.69,155376.45,10.145173631999999,1.9888185600000001,2021,8,141,77849,276,1627776000000
2022,8,36,336,10562.98,8288.460000000001,1326.82,24.66803571428572,3.9488690476190476,2022,8,36,2618,-2282,1659312000000
2016,7,107,254504,3492325.25,2757309.08,406372.07,10.834050073869173,1.596721741112124,2016,7,107,215265,39239,1467331200000
2017,3,164,246383,3664325.64,2887138.01,416134.58,11.71808935681439,1.6889744016429706,2017,3,164,214697,31686,1488326400000
2023,3,89,376,13802.08,11794.64,853.49,31.368723404255316,2.2699202127659577,2023,3,89,2889,-2513,1677628800000
2022,5,236,152415,2559883.25,1655687.06,342201.48,10.863019125414166,2.245195551618935,2022,5,236,155644,-3229,1651363200000
2017,2,120,66,1762.21,1499.0,96.18,22.71212121212121,1.4572727272727273,2017,2,120,404,-338,1485907200000
2018,1,30,4,71.81,61.0,3.45,15.25,0.8625,2018,1,30,32,-28,1514764800000
2018,9,4,16189,248089.30000000002,202732.82,25046.69,12.52287479152511,1.5471425041694977,2018,9,4,37936,-21747,1535760000000
2023,9,62,304,10472.52,9304.19,512.31,30.60588815789474,1.6852302631578946,2023,9,62,1405,-1101,1693526400000
2022,2,3,38,1491.03,1267.27,79.56,33.34921052631579,2.093684210526316,2022,2,3,214,-176,1643673600000
2017,9,129,5242,82886.01000000001,70835.17,4714.99,13.513004578405189,0.8994639450591377,2017,9,129,16056,-10814,1504224000000
2019,10,35,764,23008.14,20541.37,35.16,26.88660994764398,0.04602094240837696,2019,10,35,1496,-732,1569888000000
2017,4,172,7,254.31,218.5,29.71,31.214285714285715,4.244285714285715,2017,4,172,133,-126,1491004800000
2018,5,194,1188,43484.18,33089.87,5425.21,27.85342592592593,4.566675084175084,2018,5,194,3075,-1887,1525132800000
2020,1,223,3031,105087.52,80153.29,11390.73,26.44450346420323,3.758076542395249,2020,1,223,12157,-9126,1577836800000
2016,10,230,335293,5935859.26,4820928.36,583977.32,14.378255316991408,1.7416925495014806,2016,10,230,316679,18614,1475280000000
2018,6,83,956,15473.460000000001,13276.24,807.87,13.887280334728032,0.8450523012552301,2018,6,83,3497,-2541,1527811200000
2020,8,162,29309,441133.77,283852.1,50854.3,9.684810126582278,1.7351086696919036,2020,8,162,22643,6666,1596240000000
2016,9,31,46,2647.32,2129.5,368.03000000000003,46.29347826086956,8.000652173913045,2016,9,31,441,-395,1472688000000
2019,1,144,66940,960990.6,765513.61,113253.65000000001,11.435817299073797,1.691868090827607,2019,1,144,61026,5914,1546300800000
2021,2,116,2983,54295.46,44041.74,3884.2,14.764244049614481,1.3021119678176332,2021,2,116,5835,-2852,1612137600000
2022,2,61,528,14201.15,12465.78,942.02,23.609431818181818,1.784128787878788,2022,2,61,4298,-3770,1643673600000
2022,6,265,8637,571316.36,530876.83,28756.74,61.4654197059164,3.329482459187218,2022,6,265,13747,-5110,1654041600000
2019,12,34,143,2505.94,2011.23,232.34,14.064545454545454,1.6247552447552447,2019,12,34,729,-586,1575158400000
2020,6,36,186,6202.38,5466.66,300.82,29.390645161290323,1.6173118279569891,2020,6,36,515,-329,1590969600000
2022,11,253,3,99.77,75.0,14.07,25.0,4.69,2022,11,253,32,-29,1667260800000
2021,10,59,3,27.13,20.83,0.0,6.9433333333333325,0.0,2021,10,59,38,-35,1633046400000
2025,7,144,44077,1036893.05,702498.3,92243.92,15.937978991310661,2.092790344170429,2025,7,144,40893,3184,1751328000000
2025,8,42,12250,271163.46,222389.11,3925.03,18.15421306122449,0.320410612244898,2025,8,42,20112,-7862,1754006400000
2020,10,151,24937,370363.24,263908.75,42322.84,10.583019208405181,1.6971905201106787,2020,10,151,22512,2425,1601510400000
2019,2,125,41271,724262.18,482787.36,91212.54999999999,11.697980664389037,2.210088197523685,2019,2,125,36596,4675,1548979200000
2016,1,36,2938,47583.44,38426.46,5314.84,13.079121851599728,1.808999319264806,2016,1,36,14001,-11063,1451606400000
2018,2,243,1557,29145.07,24356.62,2535.59,15.64330122029544,1.628509955041747,2018,2,243,15608,-14051,1517443200000
2024,11,85,740,22586.94,20776.43,157.23,28.076256756756756,0.21247297297297296,2024,11,85,1022,-282,1730419200000
2018,4,209,17154,345549.62,284562.53,37619.35,16.58869826279585,2.1930366095371343,2018,4,209,23501,-6347,1522540800000
2017,3,51,56,2334.46,1978.12,264.19,35.32357142857143,4.717678571428571,2017,3,51,791,-735,1488326400000
2016,8,115,226,3732.79,3033.03,432.1,13.420486725663718,1.9119469026548674,2016,8,115,360,-134,1470009600000
2020,12,39,1021,35409.19,30863.64,2611.89,30.228834476003918,2.558168462291871,2020,12,39,1693,-672,1606780800000
2025,3,166,24682,546780.8,403582.53,45964.52,16.351289603759827,1.8622688598979011,2025,3,166,31215,-6533,1740787200000
2018,11,127,724,15934.65,13630.74,1159.27,18.82698895027624,1.6012016574585635,2018,11,127,5750,-5026,1541030400000
2025,2,165,683,17353.32,15674.54,78.99,22.949546120058567,0.11565153733528549,2025,2,165,1314,-631,1738368000000
2016,1,199,25,427.86,309.5,56.7,12.38,2.2680000000000002,2016,1,199,26,-1,1451606400000
2018,9,216,1302,69398.33,58275.11,5727.62,44.7581490015361,4.399093701996928,2018,9,216,3340,-2038,1535760000000
2024,9,74,11307,245355.44,196598.11,13754.57,17.38729194304413,1.2164650216679933,2024,9,74,25862,-14555,1725148800000
2018,9,99,3,144.92,129.5,0.0,43.166666666666664,0.0,2018,9,99,5,-2,1535760000000
2021,9,111,6,138.6,114.8,0.0,19.133333333333333,0.0,2021,9,111,39,-33,1630454400000
2019,9,86,168,9057.07,8168.66,19.700000000000003,48.62297619047619,0.11726190476190478,2019,9,86,871,-703,1567296000000
2018,7,40,3708,65789.57,52361.69,7919.99,14.121275620280475,2.135919633225458,2018,7,40,8442,-4734,1530403200000
2017,12,37,2057,31491.54,25946.09,2888.16,12.613558580456976,1.4040641711229946,2017,12,37,13284,-11227,1512086400000
2018,8,198,310,7315.61,6351.85,345.59,20.48983870967742,1.114806451612903,2018,8,198,4471,-4161,1533081600000
2020,2,33,5422,110153.03,84550.98,12910.91,15.59405754334194,2.3812080413131684,2020,2,33,17798,-12376,1580515200000
2017,9,173,282,4351.13,3566.6,344.67,12.647517730496453,1.2222340425531915,2017,9,173,2591,-2309,1504224000000
2019,12,176,1,93.8,73.0,20.0,73.0,20.0,2019,12,176,59,-58,1575158400000
2017,1,80,5727,88113.33,71061.67,9502.82,12.408184040509866,1.659301554042256,2017,1,80,19699,-13972,1483228800000
2024,2,188,715,21952.67,20226.72,230.05,28.28911888111888,0.3217482517482518,2024,2,188,2250,-1535,1706745600000
2024,6,91,858,27356.76,25642.97,171.81,29.886911421911424,0.20024475524475524,2024,6,91,1270,-412,1717200000000
2024,10,194,180,11462.93,8721.89,1232.91,48.45494444444444,6.849500000000001,2024,10,194,585,-405,1727740800000
2021,8,128,43,1776.11,1506.47,69.09,35.03418604651163,1.6067441860465117,2021,8,128,206,-163,1627776000000
2018,9,91,471,18170.03,16401.68,342.67,34.82309978768578,0.7275371549893843,2018,9,91,1784,-1313,1535760000000
2022,11,50,22053,414331.97000000003,280233.91,51129.3,12.707291978415634,2.3184736770507417,2022,11,50,34192,-12139,1667260800000
2023,12,49,650,21114.32,18250.24,1262.38,28.07729230769231,1.942123076923077,2023,12,49,4530,-3880,1701388800000
2025,9,64,212,6386.57,5427.45,344.23,25.601179245283017,1.6237264150943398,2025,9,64,704,-492,1756684800000
2018,2,72,114,2209.35,1970.3,107.88,17.28333333333333,0.9463157894736842,2018,2,72,1099,-985,1517443200000
2016,9,89,1164,23507.43,19496.5,2007.51,16.749570446735394,1.7246649484536083,2016,9,89,9800,-8636,1472688000000
2022,12,95,406,13318.08,11248.69,1085.49,27.70613300492611,2.6736206896551726,2022,12,95,4218,-3812,1669852800000
2018,7,98,92,3234.31,2927.81,112.32000000000001,31.824021739130433,1.2208695652173913,2018,7,98,1442,-1350,1530403200000
2024,5,255,2713,81399.29,68443.88,3607.4,25.228116476225583,1.3296719498709915,2024,5,255,8223,-5510,1714521600000
2024,4,70,14486,911053.46,592674.46,120105.14,40.913603479221315,8.29111832113765,2024,4,70,1832,12654,1711929600000
2023,9,141,64863,1396113.91,914983.9,173737.79,14.106407350878005,2.67853460370319,2023,9,141,71771,-6908,1693526400000
2018,4,74,37241,474523.27,394052.49,32097.62,10.581146854273516,0.8618893155393249,2018,4,74,71205,-33964,1522540800000
2024,6,66,2185,69030.15,57374.2,4399.64,26.258215102974827,2.0135652173913043,2024,6,66,4686,-2501,1717200000000
2023,12,68,90952,2421764.31,1663754.0799999998,306155.59,18.29266074412877,3.3661226800949953,2023,12,68,88390,2562,1701388800000
2018,3,190,536,9715.28,8114.5,964.21,15.138992537313433,1.7988992537313433,2018,3,190,1887,-1351,1519862400000
2024,10,50,23715,575268.4500000001,401328.39,61128.600000000006,16.92297659709045,2.577634408602151,2024,10,50,40192,-16477,1727740800000
2024,11,102,230,7053.49,6435.33,36.56,27.979695652173913,0.15895652173913044,2024,11,102,684,-454,1730419200000
2019,2,117,128,7304.96,6686.81,18.95,52.240703125,0.148046875,2019,2,117,711,-583,1548979200000
2024,10,100,55415,1400858.16,956861.29,166212.65,17.267189208698007,2.9994162230443018,2024,10,100,49613,5802,1727740800000
2017,2,79,291490,4161494.18,3303459.87,496564.73,11.333012693402862,1.7035395039280936,2017,2,79,241091,50399,1485907200000
2021,9,193,2784,22998.83,18903.07,1126.27,6.7898958333333335,0.40455100574712644,2021,9,193,3196,-412,1630454400000
2019,4,164,171747,3027752.4,1996547.55,348749.97000000003,11.62493405998358,2.0306029799647156,2019,4,164,156683,15064,1554076800000
2019,5,223,4013,123708.65,95489.36,12024.490000000002,23.7950062297533,2.9963842511836534,2019,5,223,13743,-9730,1556668800000
2017,7,22,111,2823.11,2275.0,255.51999999999998,20.495495495495497,2.301981981981982,2017,7,22,1635,-1524,1498867200000
2016,12,137,132666,1823561.01,1450208.71,203611.99,10.931276363197805,1.5347714561379704,2016,12,137,146808,-14142,1480550400000
2017,7,202,427,8282.960000000001,6941.01,742.11,16.25529274004684,1.7379625292740046,2017,7,202,3976,-3549,1498867200000
2018,5,84,4,288.24,234.5,27.0,58.625,6.75,2018,5,84,59,-55,1525132800000
2020,2,156,11,536.66,448.2,22.58,40.74545454545454,2.0527272727272727,2020,2,156,70,-59,1580515200000
2023,5,48,90487,2223450.76,1489845.24,274548.4,16.464743443809606,3.0341198183164435,2023,5,48,81836,8651,1682899200000
2022,10,9,29,1030.66,928.01,44.25,32.000344827586204,1.5258620689655173,2022,10,9,370,-341,1664582400000
2022,4,93,407,26418.98,19970.91,3333.96,49.06857493857494,8.19154791154791,2022,4,93,749,-342,1648771200000
2024,5,66,1972,63781.59,52944.64,3971.19,26.84819472616633,2.013788032454361,2024,5,66,4562,-2590,1714521600000
2018,6,29,133,3735.3,3323.5,137.71,24.98872180451128,1.0354135338345865,2018,6,29,890,-757,1527811200000
2019,10,49,1577,32620.39,27160.6,2142.12,17.22295497780596,1.3583512999365883,2019,10,49,10650,-9073,1569888000000
2020,2,131,199,8241.08,7330.06,93.79,36.83447236180905,0.4713065326633166,2020,2,131,989,-790,1580515200000
2020,8,212,309,10607.41,9149.88,502.84,29.611262135922328,1.627313915857605,2020,8,212,537,-228,1596240000000
2021,5,30,3,177.49,163.34,0.0,54.446666666666665,0.0,2021,5,30,13,-10,1619827200000
2021,10,83,193,4504.39,3712.14,292.75,19.233886010362692,1.516839378238342,2021,10,83,1024,-831,1633046400000
2025,9,209,11002,311479.46,223718.84,26535.07,20.33437920378113,2.4118405744410105,2025,9,209,13461,-2459,1756684800000
2019,2,183,156,5921.54,5344.6900000000005,10.91,34.26083333333334,0.06993589743589744,2019,2,183,449,-293,1548979200000
2021,5,69,637,18611.28,15941.0,244.94,25.025117739403452,0.38452119309262167,2021,5,69,1830,-1193,1619827200000
2024,10,257,173,5915.39,5168.39,163.46,29.875086705202314,0.9448554913294798,2024,10,257,1700,-1527,1727740800000
2022,10,216,821,53443.64,44343.86,6645.19,54.012009744214375,8.094019488428746,2022,10,216,3197,-2376,1664582400000
2023,3,173,73,2000.2,1725.32,84.62,23.634520547945204,1.159178082191781,2023,3,173,690,-617,1677628800000
2017,7,48,281861,4015579.42,3239146.71,409140.89,11.492000347689109,1.4515697098924647,2017,7,48,248123,33738,1498867200000
2021,7,89,688,26087.63,22247.44,686.8,32.33639534883721,0.9982558139534883,2021,7,89,2849,-2161,1625097600000
2021,5,102,157,5261.88,4498.7699999999995,43.57,28.654585987261143,0.277515923566879,2021,5,102,576,-419,1619827200000
2017,1,62,453,7547.2,6338.4,583.46,13.99205298013245,1.287991169977925,2017,1,62,4512,-4059,1483228800000
2018,6,133,367,8068.07,6892.67,549.43,18.781117166212535,1.49708446866485,2018,6,133,2650,-2283,1527811200000
2017,9,211,79234,1203008.55,972723.99,133244.87000000002,12.276598303758487,1.681662796274327,2017,9,211,83965,-4731,1504224000000
2022,8,8,23,1453.53,1081.46,186.82,47.02,8.122608695652174,2022,8,8,76,-53,1659312000000
2024,7,136,171,6459.95,6021.33,24.42,35.212456140350874,0.14280701754385966,2024,7,136,390,-219,1719792000000
2024,4,188,1240,38862.92,35555.22,507.51,28.673564516129034,0.4092822580645161,2024,4,188,2751,-1511,1711929600000
2017,1,207,309,3619.38,2872.02,312.0,9.294563106796117,1.0097087378640777,2017,1,207,336,-27,1483228800000
2018,8,130,1098,49219.07,40842.49,3860.56,37.197167577413474,3.5159927140255007,2018,8,130,3022,-1924,1533081600000
2017,1,244,9520,169090.16,141116.41,15416.5,14.82315231092437,1.6193802521008402,2017,1,244,34514,-24994,1483228800000
2019,3,237,311889,4589886.35,2920376.19,530625.21,9.363511345382491,1.7013271067591353,2019,3,237,283689,28200,1551398400000
2021,7,143,33688,561612.16,368656.32,69779.29,10.943253383994302,2.071339646164806,2021,7,143,41165,-7477,1625097600000
2017,2,63,432,7277.26,5976.19,823.8,13.833773148148147,1.9069444444444443,2017,2,63,1223,-791,1485907200000
2017,12,232,16378,270571.87,222194.61,28168.2,13.566650995237513,1.7198803272682868,2017,12,232,43305,-26927,1512086400000
2022,2,236,134848,2134801.05,1358770.95,286682.6,10.076315184504034,2.1259684978642617,2022,2,236,139051,-4203,1643673600000
2020,3,42,7750,104062.83,86129.36,5333.03,11.113465806451613,0.6881329032258064,2020,3,42,17399,-9649,1583020800000
2016,7,148,174761,3330144.98,2794526.25,314188.74,15.990559964751862,1.79781953639542,2016,7,148,123522,51239,1467331200000
2016,2,194,461,32195.88,25527.25,3090.81,55.3736442516269,6.704577006507592,2016,2,194,562,-101,1454284800000
2018,3,126,163,3783.2000000000003,3328.5,184.93,20.420245398773005,1.1345398773006135,2018,3,126,1325,-1162,1519862400000
2017,5,8,107,4041.4,3209.51,456.23,29.995420560747664,4.263831775700935,2017,5,8,202,-95,1493596800000
2018,8,101,130,4802.07,4379.03,104.46000000000001,33.68484615384615,0.8035384615384616,2018,8,101,559,-429,1533081600000
2018,11,131,302,11221.42,9969.49,335.1,33.011556291390725,1.1096026490066226,2018,11,131,1310,-1008,1541030400000
2023,3,239,94420,2057166.4700000002,1325481.61,276304.37,14.038144566829063,2.9263330862105486,2023,3,239,94493,-73,1677628800000
2023,8,220,137,4703.89,4086.12,137.38,29.825693430656933,1.0027737226277371,2023,8,220,1311,-1174,1690848000000
2024,5,118,8,576.82,489.48,27.2,61.185,3.4,2024,5,118,64,-56,1714521600000
2022,2,72,137,4166.82,3894.96,41.61,28.43036496350365,0.30372262773722625,2022,2,72,603,-466,1643673600000
2018,2,265,3414,277493.98,237415.75,29689.86,69.54181312243702,8.696502636203867,2018,2,265,17314,-13900,1517443200000
2022,12,129,947,30417.92,24829.52,3335.45,26.219134107708555,3.5221224920802534,2022,12,129,5288,-4341,1669852800000
2024,7,113,41252,900795.13,595142.92,109812.17,14.427007660234656,2.6619841462232134,2024,7,113,37418,3834,1719792000000
2021,1,152,2028,31601.95,25792.08,2282.51,12.717988165680474,1.1254980276134123,2021,1,152,3318,-1290,1609459200000
2017,6,35,74,1473.66,1206.75,101.59,16.30743243243243,1.3728378378378379,2017,6,35,1202,-1128,1496275200000
2021,11,230,105552,2137786.1199999996,1436056.04,265707.65,13.605199711990299,2.5173151621949375,2021,11,230,98359,7193,1635724800000
2023,10,157,341,16729.78,13332.56,1730.56,39.098416422287386,5.0749560117302055,2023,10,157,1113,-772,1696118400000
2024,7,101,100,3933.5,3629.88,74.27,36.2988,0.7426999999999999,2024,7,101,366,-266,1719792000000
2019,7,43,101531,1678551.24,1134023.72,179153.84000000003,11.169236193871821,1.764523544533197,2019,7,43,79059,22472,1561939200000
2016,4,258,191,4996.9800000000005,4438.49,267.57,23.238167539267014,1.4008900523560208,2016,4,258,2266,-2075,1459468800000
2018,6,17,1934,31059.41,26526.78,1960.62,13.71601861427094,1.0137642192347467,2018,6,17,12212,-10278,1527811200000
2017,2,258,101,1938.5900000000001,1686.51,109.28,16.698118811881187,1.081980198019802,2017,2,258,1542,-1441,1485907200000
2016,1,194,486,26477.170000000002,20355.39,3341.1,41.883518518518514,6.874691358024691,2016,1,194,489,-3,1451606400000
2016,3,151,100124,1356662.6400000001,1092457.48,142644.46,10.911045104070952,1.4246779992808916,2016,3,151,89901,10223,1456790400000
2023,10,45,4990,152341.74,111379.97,16727.21,22.320635270541082,3.35214629258517,2023,10,45,9409,-4419,1696118400000
2018,12,16,257,9097.02,8153.12,316.74,31.72420233463035,1.2324513618677042,2018,12,16,1347,-1090,1543622400000
2023,1,152,2053,46741.21,36008.82,4278.14,17.53961032635168,2.0838480272771553,2023,1,152,4645,-2592,1672531200000
2024,1,182,232,8561.41,7820.49,18.98,33.70900862068965,0.08181034482758621,2024,1,182,389,-157,1704067200000
2024,3,93,576,36967.56,28998.11,4285.39,50.34394097222222,7.439913194444445,2024,3,93,1105,-529,1709251200000
2020,4,89,225,5471.6,4782.76,351.03000000000003,21.256711111111112,1.5601333333333334,2020,4,89,502,-277,1585699200000
2016,8,245,49,695.23,562.0,78.53,11.46938775510204,1.6026530612244898,2016,8,245,183,-134,1470009600000
2019,10,189,1189,23472.68,18916.67,2233.83,15.90973086627418,1.8787468460891505,2019,10,189,6628,-5439,1569888000000
2021,3,36,355,11358.29,9452.11,404.62,26.625661971830986,1.1397746478873239,2021,3,36,1103,-748,1614556800000
2016,6,178,160,2155.49,1770.3,154.45000000000002,11.064375,0.9653125000000001,2016,6,178,984,-824,1464739200000
2022,3,151,33561,557418.26,388194.28,72305.43,11.566826971782724,2.154448020023241,2022,3,151,36128,-2567,1646092800000
2023,5,43,59918,1385327.65,925444.12,177771.0,15.445177075336293,2.9669047698521314,2023,5,43,44984,14934,1682899200000
2017,6,218,66,1860.1,1557.5,155.47,23.598484848484848,2.3556060606060605,2017,6,218,1366,-1300,1496275200000
2016,4,241,117,2287.15,1959.64,177.21,16.74905982905983,1.5146153846153847,2016,4,241,2071,-1954,1459468800000
2023,5,144,30093,758102.57,516987.89,94243.53,17.179672681354468,3.1317425979463662,2023,5,144,31525,-1432,1682899200000
2018,3,144,97434,1431921.1500000001,1148236.36,163480.94999999998,11.784760555863457,1.6778634768150746,2018,3,144,85966,11468,1519862400000
2020,9,235,506,15762.83,13617.96,1120.62,26.91296442687747,2.2146640316205533,2020,9,235,1092,-586,1598918400000
2024,2,182,247,9175.38,8333.35,22.65,33.73825910931174,0.09170040485829958,2024,2,182,361,-114,1706745600000
2017,8,139,33,1103.3,913.1,85.41,27.66969696969697,2.588181818181818,2017,8,139,879,-846,1501545600000
2019,1,166,39566,563472.29,449240.31,63419.57,11.35420082899459,1.6028805034625688,2019,1,166,55131,-15565,1546300800000
2024,5,60,218,7882.25,7206.5,38.69,33.05733944954128,0.17747706422018347,2024,5,60,286,-68,1714521600000
2016,8,33,10423,201562.96,167086.6,22808.69,16.030567015254725,2.188303751319198,2016,8,33,28243,-17820,1470009600000
2016,11,127,1074,20198.65,16679.96,1937.73,15.530689013035381,1.8042178770949722,2016,11,127,8046,-6972,1477958400000
2020,9,159,701,17239.66,14609.94,1154.3,20.84156918687589,1.6466476462196862,2020,9,159,1388,-687,1598918400000
2023,2,256,879,25555.75,19450.13,3044.77,22.127565415244597,3.4639021615472125,2023,2,256,6396,-5517,1675209600000
2019,10,169,302,10566.69,9390.43,156.39,31.094139072847682,0.5178476821192053,2019,10,169,1141,-839,1569888000000
2020,2,111,4,46.85,37.5,2.65,9.375,0.6625,2020,2,111,57,-53,1580515200000
2023,2,233,36082,865696.28,567461.13,109782.04,15.726986586109417,3.0425708109306577,2023,2,233,45221,-9139,1675209600000
2016,1,178,210,2176.03,1793.02,136.39000000000001,8.538190476190476,0.6494761904761905,2016,1,178,1062,-852,1451606400000
2018,1,242,119,2065.09,1811.0,80.5,15.218487394957982,0.6764705882352942,2018,1,242,837,-718,1514764800000
2018,10,168,1763,33001.69,28301.66,1589.18,16.05312535450936,0.9014066931366989,2018,10,168,6547,-4784,1538352000000
2021,5,259,228,10444.13,8955.81,65.39,39.279868421052626,0.2867982456140351,2021,5,259,646,-418,1619827200000
2023,1,240,14,781.6500000000001,726.0,18.0,51.857142857142854,1.2857142857142858,2023,1,240,100,-86,1672531200000
2024,5,39,1399,46710.09,44185.69,138.55,31.583766976411724,0.09903502501786991,2024,5,39,2042,-643,1714521600000
2018,10,135,432,14923.89,13219.7,313.97,30.60115740740741,0.7267824074074075,2018,10,135,1980,-1548,1538352000000
2019,12,169,356,11123.05,9802.92,70.02,27.53629213483146,0.19668539325842696,2019,12,169,1303,-947,1575158400000
2017,11,3,24,537.4200000000001,474.7,16.48,19.779166666666665,0.6866666666666666,2017,11,3,435,-411,1509494400000
2017,3,5,4,243.27999999999997,218.0,10.0,54.5,2.5,2017,3,5,55,-51,1488326400000
2021,11,144,27593,532141.06,362526.81,67742.07,13.138361540970536,2.4550454825499224,2021,11,144,29609,-2016,1635724800000
2019,3,112,2623,46526.840000000004,36504.86,4622.19,13.917216927182615,1.762176896683187,2019,3,112,16992,-14369,1551398400000
2016,1,198,633,10696.22,8903.16,953.78,14.065023696682465,1.5067614533965243,2016,1,198,7744,-7111,1451606400000
2019,9,216,1172,65830.51,54584.98,5180.1,46.57421501706485,4.419880546075086,2019,9,216,4774,-3602,1567296000000
2023,2,126,41,1208.11,999.94,86.12,24.38878048780488,2.100487804878049,2023,2,126,241,-200,1675209600000
2019,6,96,92,3828.67,3501.04,17.509999999999998,38.05478260869565,0.19032608695652173,2019,6,96,174,-82,1559347200000
2023,7,243,429,16784.35,13620.6,1539.55,31.749650349650352,3.588694638694639,2023,7,243,5170,-4741,1688169600000
2024,4,72,818,25035.67,23171.67,68.48,28.327224938875304,0.08371638141809291,2024,4,72,1210,-392,1711929600000
2024,8,174,176,7556.17,6876.53,2.0,39.07119318181818,0.011363636363636364,2024,8,174,482,-306,1722470400000
2025,1,220,299,8993.18,7551.95,186.1,25.257357859531773,0.6224080267558528,2025,1,220,1144,-845,1735689600000
2020,7,88,1672,43965.55,34568.99,3498.3,20.675233253588516,2.0922846889952154,2020,7,88,2157,-485,1593561600000
2024,8,218,403,16868.079999999998,15547.19,156.05,38.57863523573201,0.3872208436724566,2024,8,218,1196,-793,1722470400000
2025,2,205,927,29349.87,26874.82,44.879999999999995,28.991175836030205,0.048414239482200645,2025,2,205,1697,-770,1738368000000
2025,10,173,507,12094.44,10336.86,156.42,20.38828402366864,0.3085207100591716,2025,10,173,1171,-664,1759276800000
2023,11,62,260,8372.52,7644.69,248.09,29.402653846153843,0.9541923076923077,2023,11,62,1401,-1141,1698796800000
2022,4,55,142,7477.75,6902.110000000001,52.64,48.60640845070423,0.37070422535211267,2022,4,55,554,-412,1648771200000
2021,2,178,54,1663.54,1365.67,57.18,25.290185185185187,1.058888888888889,2021,2,178,197,-143,1612137600000
2020,11,221,15,907.86,713.34,43.6,47.556000000000004,2.9066666666666667,2020,11,221,30,-15,1604188800000
2023,10,236,150778,3205530.83,2071933.22,420012.9,13.741614957089231,2.785637825146905,2023,10,236,158301,-7523,1696118400000
2018,8,134,596,20453.170000000002,16952.97,1615.11,28.444580536912753,2.70991610738255,2018,8,134,2222,-1626,1533081600000
2022,2,231,39658,776409.89,526815.4,102856.56,13.283962882646629,2.593589187553583,2022,2,231,43670,-4012,1643673600000
2023,5,159,206,6178.11,5399.19,149.92,26.209660194174756,0.7277669902912621,2023,5,159,838,-632,1682899200000
2020,11,73,53,1511.42,1318.63,104.05,24.87981132075472,1.9632075471698112,2020,11,73,134,-81,1604188800000
2017,10,217,712,9663.92,8040.5,751.62,11.292837078651685,1.0556460674157304,2017,10,217,3167,-2455,1506816000000
2024,8,83,320,11168.89,9233.4,736.96,28.854374999999997,2.303,2024,8,83,815,-495,1722470400000
2024,12,252,106,4055.31,3527.61,188.70000000000002,33.27933962264151,1.7801886792452832,2024,12,252,631,-525,1733011200000
2023,6,214,19,1461.6,1289.0,0.0,67.84210526315789,0.0,2023,6,214,61,-42,1685577600000
2020,7,229,18136,264451.59,169426.03,30175.04,9.341973423026026,1.663820026466696,2020,7,229,16565,1571,1593561600000
2019,2,157,488,23383.41,18502.51,2258.35,37.914979508196716,4.627766393442623,2019,2,157,2095,-1607,1548979200000
2025,9,122,450,14052.15,12704.95,43.0,28.233222222222224,0.09555555555555556,2025,9,122,576,-126,1756684800000
2017,2,207,562,3813.87,3213.5,118.89,5.717971530249111,0.21154804270462635,2017,2,207,643,-81,1485907200000
2019,10,106,777,17163.29,13718.92,1479.47,17.656267696267697,1.9040797940797942,2019,10,106,3390,-2613,1569888000000
2021,2,39,904,33482.49,28214.43,999.85,31.210652654867257,1.106028761061947,2021,2,39,1469,-565,1612137600000
2019,9,48,205612,3674694.3899999997,2484427.35,400259.06,12.083085374394491,1.9466716923136782,2019,9,48,182766,22846,1567296000000
2017,8,70,1556,57078.65,47288.05,5449.86,30.39077763496144,3.5024807197943444,2017,8,70,3814,-2258,1501545600000
2016,6,84,4,221.46,191.0,27.26,47.75,6.815,2016,6,84,69,-65,1464739200000
2016,10,63,138,4811.36,4083.5,472.82,29.590579710144926,3.426231884057971,2016,10,63,1156,-1018,1475280000000
2017,4,85,254,4491.18,3807.3,353.69,14.989370078740158,1.39248031496063,2017,4,85,1576,-1322,1491004800000
2018,12,96,53,852.16,717.58,48.44,13.539245283018868,0.9139622641509434,2018,12,96,200,-147,1543622400000
2020,1,226,9484,238931.81,188719.77,22158.11,19.898752636018557,2.3363675664276675,2020,1,226,15282,-5798,1577836800000
2021,2,168,832,22234.1,18578.28,485.78000000000003,22.32966346153846,0.5838701923076923,2021,2,168,2513,-1681,1612137600000
2025,2,49,2343,59210.64,50334.81,1161.03,21.48306017925736,0.4955313700384123,2025,2,49,5207,-2864,1738368000000
2017,1,77,93,2069.85,1751.51,171.38,18.833440860215052,1.8427956989247312,2017,1,77,668,-575,1483228800000
2018,6,85,310,7807.3,7034.51,218.5,22.691967741935485,0.7048387096774194,2018,6,85,1423,-1113,1527811200000
2019,1,135,556,19015.06,16936.4,93.16,30.461151079136695,0.16755395683453236,2019,1,135,2004,-1448,1546300800000
2016,9,88,42109,940908.75,774158.52,104962.18,18.384633213802275,2.492630554038329,2016,9,88,46023,-3914,1472688000000
2023,3,238,66558,1443789.38,949723.34,187159.22,14.26910874725803,2.8119718140569128,2023,3,238,77994,-11436,1677628800000
2017,9,53,66,1802.16,1521.9,118.95,23.059090909090912,1.8022727272727272,2017,9,53,1044,-978,1504224000000
2025,6,178,318,8061.64,7192.84,62.61,22.618993710691825,0.1968867924528302,2025,6,178,582,-264,1748736000000
2020,6,255,211,5783.7,4661.58,564.48,22.092796208530807,2.675260663507109,2020,6,255,891,-680,1590969600000
2019,2,244,7993,158310.14,130001.11,11881.15,16.26437007381459,1.4864443888402352,2019,2,244,24435,-16442,1548979200000
2022,12,167,155,4681.93,3966.17,190.96,25.588193548387096,1.232,2022,12,167,471,-316,1669852800000
2017,12,99,1,250.3,250.0,0.0,250.0,0.0,2017,12,99,4,-3,1512086400000
2021,12,187,7,481.35,386.0,20.0,55.142857142857146,2.857142857142857,2021,12,187,25,-18,1638316800000
2023,12,90,53509,1269260.12,843236.99,162590.93,15.758788054345997,3.038571642153656,2023,12,90,47076,6433,1701388800000
2025,7,234,100626,2204386.67,1393331.68,241250.16,13.846636853298351,2.3974932919921295,2025,7,234,90359,10267,1751328000000
2019,6,217,497,9083.44,7954.98,334.07,16.00599597585513,0.6721730382293762,2019,6,217,2317,-1820,1559347200000
2018,5,140,158796,2260758.96,1812508.98,253451.47999999998,11.414072016927378,1.5960822690747876,2018,5,140,166851,-8055,1525132800000
2019,11,45,11886,248076.27,179903.72,24563.04,15.135766447921926,2.0665522463402324,2019,11,45,17617,-5731,1572566400000
2022,2,217,104,2242.02,1900.15,175.57,18.270673076923078,1.688173076923077,2022,2,217,1549,-1445,1643673600000
2021,4,62,477,15030.88,13014.78,291.97,27.284654088050317,0.6120964360587002,2021,4,62,1481,-1004,1617235200000
2019,2,255,5767,101783.92,77810.81,11740.58,13.492424137333101,2.035821050806312,2019,2,255,19284,-13517,1548979200000
2023,8,123,95,3519.77,3081.53,106.47,32.43715789473684,1.1207368421052633,2023,8,123,474,-379,1690848000000
2018,6,251,8,73.69999999999999,69.5,0.0,8.6875,0.0,2018,6,251,108,-100,1527811200000
2017,11,120,37,964.01,825.01,76.86,22.29756756756757,2.077297297297297,2017,11,120,352,-315,1509494400000
2020,10,218,493,19637.5,17270.03,1249.22,35.03048681541582,2.5339148073022315,2020,10,218,727,-234,1601510400000
2023,1,116,2269,58005.93,45676.64,5287.16,20.130736007051564,2.3301718818862933,2023,1,116,7362,-5093,1672531200000
2018,8,9,85,2069.63,1794.69,145.08,21.114,1.7068235294117649,2018,8,9,894,-809,1533081600000
2024,8,98,103,3352.62,3026.95,93.95,29.3878640776699,0.9121359223300971,2024,8,98,807,-704,1722470400000
2017,5,228,1380,25735.34,20835.27,2568.12,15.098021739130434,1.8609565217391304,2017,5,228,7015,-5635,1493596800000
2020,6,23,209,17116.92,14261.19,56.0,68.23535885167465,0.2679425837320574,2020,6,23,479,-270,1590969600000
2022,8,39,234,9145.34,8367.5,159.74,35.75854700854701,0.6826495726495727,2022,8,39,1375,-1141,1659312000000
2017,12,263,180578,2284685.1,1798095.43,266085.99,9.957444594579627,1.47352385118896,2017,12,263,181428,-850,1512086400000
2017,6,147,74,988.4300000000001,839.41,31.700000000000003,11.343378378378379,0.42837837837837844,2017,6,147,1020,-946,1496275200000
2017,1,38,18,569.6,535.5,15.4,29.75,0.8555555555555556,2017,1,38,537,-519,1483228800000
2018,2,166,49999,716613.03,572003.44,82813.98999999999,11.440297605952118,1.656312926258525,2018,2,166,74336,-24337,1517443200000
2019,10,70,910,28595.22,23641.72,1977.05,25.97991208791209,2.1725824175824173,2019,10,70,4008,-3098,1569888000000
2017,11,86,17,541.9,504.01,5.0,29.64764705882353,0.29411764705882354,2017,11,86,407,-390,1509494400000
2021,4,81,369,15403.69,12976.42,301.54,35.166449864498645,0.8171815718157183,2021,4,81,692,-323,1617235200000
2019,12,256,3550,72889.23,56831.62,7656.68,16.008907042253522,2.156811267605634,2019,12,256,15428,-11878,1575158400000
2021,11,113,47019,835229.23,548432.7,111841.15,11.664065590505965,2.3786373593653627,2021,11,113,43303,3716,1635724800000
2017,12,125,50782,781290.37,619746.48,95484.54000000001,12.20405813083376,1.8802831712023946,2017,12,125,45978,4804,1512086400000
2016,4,144,147927,2242347.85,1808573.03,250525.84,12.226118490877257,1.6935775078248054,2016,4,144,122263,25664,1459468800000
2023,11,112,595,16813.21,12737.69,1919.07,21.407882352941176,3.225327731092437,2023,11,112,6908,-6313,1698796800000
2021,5,245,2,220.29,165.57,19.07,82.785,9.535,2021,5,245,27,-25,1619827200000
2017,1,161,361036,5061992.72,3975112.32,589025.76,11.010293488737965,1.6314876078839784,2017,1,161,345368,15668,1483228800000
2018,3,212,165,3352.17,3004.5,83.16,18.20909090909091,0.504,2018,3,212,1245,-1080,1519862400000
2018,5,92,448,13124.25,11544.57,730.98,25.769129464285715,1.6316517857142858,2018,5,92,4009,-3561,1525132800000
2019,7,248,254,8556.99,7541.93,99.45,29.69263779527559,0.39153543307086613,2019,7,248,929,-675,1561939200000
2018,6,51,364,12732.49,11521.3,303.3,31.651923076923076,0.8332417582417583,2018,6,51,1289,-925,1527811200000
2019,7,69,776,19603.53,17210.66,294.46,22.17868556701031,0.3794587628865979,2019,7,69,3260,-2484,1561939200000
2024,10,69,683,23023.96,20800.16,266.35,30.45411420204978,0.3899707174231333,2024,10,69,1063,-380,1727740800000
2017,1,123,166,3392.98,2822.19,308.44,17.001144578313255,1.8580722891566266,2017,1,123,1522,-1356,1483228800000
2024,5,123,292,9320.19,8657.72,125.31,29.649726027397257,0.4291438356164384,2024,5,123,761,-469,1714521600000
2020,10,127,315,9002.03,7608.23,728.5,24.15311111111111,2.312698412698413,2020,10,127,1552,-1237,1601510400000
2020,8,51,433,17220.15,15053.25,934.66,34.76501154734411,2.158568129330254,2020,8,51,761,-328,1596240000000
2019,8,18,226,7564.96,6704.58,30.22,29.666283185840708,0.13371681415929204,2019,8,18,1194,-968,1564617600000
2016,7,51,63,1577.26,1356.5,129.07,21.53174603174603,2.0487301587301587,2016,7,51,981,-918,1467331200000
2017,10,190,418,7672.14,6402.6,773.04,15.317224880382776,1.849377990430622,2017,10,190,1735,-1317,1506816000000
2019,6,23,35,2745.81,2450.7,121.4,70.02,3.468571428571429,2019,6,23,202,-167,1559347200000
2021,11,116,3234,66863.9,53056.53,6274.2,16.405853432282004,1.940074211502783,2021,11,116,9179,-5945,1635724800000
2024,9,166,17928,417870.91,314947.45,39826.97,17.567349955377065,2.2214954261490405,2024,9,166,25648,-7720,1725148800000
2025,10,19,402,14349.02,12083.31,796.29,30.057985074626863,1.980820895522388,2025,10,19,800,-398,1759276800000
2022,2,262,42965,729839.64,474568.57,96868.99,11.045468870010474,2.254602350750611,2022,2,262,49037,-6072,1643673600000
2017,6,215,690,43501.08,34589.6,4763.67,50.12985507246377,6.903869565217391,2017,6,215,1001,-311,1496275200000
2020,4,149,40,1861.59,1718.79,77.0,42.96975,1.925,2020,4,149,67,-27,1585699200000
2020,5,137,18810,466107.7,359154.96,20186.48,19.093830940988838,1.0731780967570441,2020,5,137,11445,7365,1588291200000
2025,5,132,194520,14352189.26,11037940.200000001,1742823.96,56.74450030845158,8.95961320172733,2025,5,132,48292,146228,1746057600000
2023,10,162,122291,3062952.21,2029715.03,401836.66,16.59741951574523,3.285905422312353,2023,10,162,97545,24746,1696118400000
2022,3,135,132,4694.68,4090.4900000000002,133.09,30.98856060606061,1.0082575757575758,2022,3,135,951,-819,1646092800000
2019,1,201,36,1886.74,1620.73,78.88,45.02027777777778,2.191111111111111,2019,1,201,383,-347,1546300800000
2017,11,100,191136,2773872.1100000003,2242595.04,279456.68,11.732980914113512,1.462082914783191,2017,11,100,142234,48902,1509494400000
2017,9,221,10,467.21999999999997,431.5,16.2,43.15,1.6199999999999999,2017,9,221,183,-173,1504224000000
2025,8,14,1854,54162.36,46526.22,448.17,25.09504854368932,0.2417313915857605,2025,8,14,4424,-2570,1754006400000
2023,8,128,22,1007.42,846.96,68.04,38.49818181818182,3.092727272727273,2023,8,128,142,-120,1690848000000
2017,2,221,27,540.9300000000001,464.74,34.47,17.212592592592593,1.2766666666666666,2017,2,221,179,-152,1485907200000
2021,4,184,20,873.76,740.0600000000001,38.3,37.003,1.9149999999999998,2021,4,184,64,-44,1617235200000
2023,2,235,170,7315.43,6466.9400000000005,27.99,38.04082352941177,0.1646470588235294,2023,2,235,499,-329,1675209600000
2018,3,179,6035,85337.65,70952.02,7261.35,11.756755592377797,1.2032062966031483,2018,3,179,14329,-8294,1519862400000
2024,1,169,208,6138.01,5630.68,36.81,27.070576923076924,0.17697115384615386,2024,1,169,459,-251,1704067200000
2021,6,93,213,13575.06,10801.95,1394.67,50.71338028169014,6.54774647887324,2021,6,93,544,-331,1622505600000
2017,12,39,187,5521.27,4937.77,230.69,26.405187165775402,1.2336363636363636,2017,12,39,1493,-1306,1512086400000
2020,12,203,212,8675.89,7597.66,545.61,35.838018867924525,2.573632075471698,2020,12,203,379,-167,1606780800000
2021,12,226,2915,74499.38,59280.32,7383.74,20.33630188679245,2.533015437392796,2021,12,226,6930,-4015,1638316800000
2024,3,67,104,3477.87,3161.7,40.5,30.400961538461537,0.3894230769230769,2024,3,67,450,-346,1709251200000
2020,11,166,10596,165376.15,123658.5,18189.74,11.670300113250283,1.7166610041525106,2020,11,166,13087,-2491,1604188800000
2021,2,48,35726,557997.99,367755.37,60788.12,10.293774002127302,1.7015092649610928,2021,2,48,32322,3404,1612137600000
2016,1,71,291,6375.93,5306.07,727.2,18.233917525773194,2.4989690721649485,2016,1,71,2050,-1759,1451606400000
2022,1,109,3,216.95,194.9,0.0,64.96666666666667,0.0,2022,1,109,19,-16,1640995200000
2024,3,193,2197,26603.9,22149.1,997.6,10.081520254893036,0.4540737369139736,2024,3,193,2753,-556,1709251200000
2024,12,220,273,10138.85,9071.34,186.61,33.22835164835165,0.6835531135531137,2024,12,220,1321,-1048,1733011200000
2017,2,143,96991,1229249.25,976372.18,140953.33,10.066626594220082,1.453261952139889,2017,2,143,108343,-11352,1485907200000
2017,2,51,48,1509.47,1294.1,107.53,26.960416666666664,2.2402083333333334,2017,2,51,625,-577,1485907200000
2022,2,29,80,3939.69,3506.34,95.95,43.82925,1.199375,2022,2,29,357,-277,1643673600000
2022,11,227,46,1534.32,1336.84,122.23,29.06173913043478,2.6571739130434784,2022,11,227,565,-519,1667260800000
2018,10,36,1095,22496.12,18576.11,2184.99,16.96448401826484,1.9954246575342465,2018,10,36,7715,-6620,1538352000000
2021,1,72,669,20578.55,17715.83,920.41,26.48106128550075,1.3757997010463379,2021,1,72,1176,-507,1609459200000
2024,4,80,1258,40726.76,34384.42,1812.76,27.332607313195545,1.4409856915739268,2024,4,80,4119,-2861,1711929600000
2025,4,84,5,178.75,123.54,5.0,24.708000000000002,1.0,2025,4,84,35,-30,1743465600000
2018,5,63,165,5205.13,4519.29,397.57,27.389636363636363,2.4095151515151514,2018,5,63,962,-797,1525132800000
2016,9,44,1,140.7,140.4,0.0,140.4,0.0,2016,9,44,40,-39,1472688000000
2022,2,10,627,36994.09,29022.37,4001.32,46.28767145135566,6.381690590111643,2022,2,10,1831,-1204,1643673600000
2017,10,213,131,3347.7,2725.32,414.06,20.803969465648855,3.160763358778626,2017,10,213,1212,-1081,1506816000000
2022,6,28,304,16052.35,12582.86,1818.89,41.390986842105264,5.983190789473684,2022,6,28,1266,-962,1654041600000
2016,3,222,31,824.91,678.5,81.99,21.887096774193548,2.644838709677419,2016,3,222,367,-336,1456790400000
2017,4,10,1844,118712.43000000001,95871.2,12316.01,51.990889370932756,6.678964208242951,2017,4,10,3880,-2036,1491004800000
2020,3,167,271,6454.14,5711.63,46.8,21.076125461254613,0.17269372693726937,2020,3,167,850,-579,1583020800000
2016,4,64,25,821.97,608.51,78.38,24.3404,3.1351999999999998,2016,4,64,835,-810,1459468800000
2020,5,55,179,7373.2,6856.8,170.76,38.30614525139665,0.9539664804469273,2020,5,55,297,-118,1588291200000
2020,11,262,25803,397893.83,258051.49,49709.73,10.00083284889354,1.9265097081734683,2020,11,262,27253,-1450,1604188800000
2022,4,118,16,1005.75,786.7,21.65,49.16875,1.353125,2022,4,118,64,-48,1648771200000
2016,7,129,6748,103483.52,87923.33,6023.85,13.029539122703023,0.8926867219917013,2016,7,129,20229,-13481,1467331200000
2022,11,73,15,421.98,362.6,18.18,24.173333333333336,1.212,2022,11,73,207,-192,1667260800000
2023,9,111,3,213.04000000000002,171.73,27.869999999999997,57.24333333333333,9.29,2023,9,111,23,-20,1693526400000
2024,3,257,138,5167.12,4329.78,368.15,31.375217391304346,2.6677536231884056,2024,3,257,1393,-1255,1709251200000
2025,10,136,594,18543.45,16691.37,138.08,28.09994949494949,0.23245791245791247,2025,10,136,990,-396,1759276800000
2019,2,108,207,7338.84,6790.3,76.23,32.80338164251208,0.3682608695652174,2019,2,108,623,-416,1548979200000
2022,9,213,205,6912.12,6114.71,102.06,29.827853658536586,0.49785365853658536,2022,9,213,630,-425,1661990400000
2019,4,134,744,30347.65,25270.06,2057.6,33.965134408602154,2.7655913978494624,2019,4,134,3838,-3094,1554076800000
2018,10,225,1212,29282.62,26021.35,1100.48,21.469760726072607,0.907986798679868,2018,10,225,8139,-6927,1538352000000
2017,11,243,1523,28907.920000000002,23779.4,2882.0,15.613525935653318,1.8923177938279712,2017,11,243,15859,-14336,1509494400000
2023,7,38,125,5426.03,5013.02,39.06,40.10416,0.31248000000000004,2023,7,38,549,-424,1688169600000
2023,1,39,401,18473.67,16255.32,613.85,40.53695760598504,1.5307980049875312,2023,1,39,1265,-864,1672531200000
2016,9,46,5,54.160000000000004,46.0,1.66,9.2,0.33199999999999996,2016,9,46,144,-139,1472688000000
2016,4,12,4314,89464.23,75773.17,8457.7,17.564480760315252,1.9605238757533614,2016,4,12,8156,-3842,1459468800000
2017,3,101,31,1057.54,859.9,119.21,27.738709677419354,3.8454838709677417,2017,3,101,527,-496,1488326400000
2023,1,178,25,973.25,845.78,44.92,33.831199999999995,1.7968000000000002,2023,1,178,297,-272,1672531200000
2020,10,204,11,1120.12,998.0,42.38,90.72727272727273,3.852727272727273,2020,10,204,18,-7,1601510400000
2022,6,144,29452,585914.1900000001,400641.92,75352.02,13.60321608040201,2.558468694825479,2022,6,144,31401,-1949,1654041600000
2023,8,192,53,1529.49,1348.71,58.519999999999996,25.44735849056604,1.1041509433962264,2023,8,192,404,-351,1690848000000
2020,8,109,1,93.5,80.46,0.0,80.46,0.0,2020,8,109,11,-10,1596240000000
2020,12,118,6,469.51,416.53,13.75,69.42166666666667,2.2916666666666665,2020,12,118,26,-20,1606780800000
2018,2,237,344722,3975863.52,3116453.27,462262.07999999996,9.040482678796247,1.3409706372091132,2018,2,237,301241,43481,1517443200000
2022,1,25,795,18279.87,14786.05,1888.72,18.59880503144654,2.375748427672956,2022,1,25,3473,-2678,1640995200000
2021,9,208,111,5053.25,4236.81,110.49,38.16945945945946,0.9954054054054053,2021,9,208,597,-486,1630454400000
2021,1,246,12518,202860.96,133013.87,24743.99,10.625808435852372,1.9766727911806998,2021,1,246,18354,-5836,1609459200000
2023,11,183,58,2186.8,2010.03,0.05,34.65568965517242,0.0008620689655172415,2023,11,183,147,-89,1698796800000
2020,7,178,40,1035.99,897.57,56.7,22.43925,1.4175,2020,7,178,114,-74,1593561600000
2025,6,126,848,24487.47,21471.95,118.42,25.320695754716983,0.13964622641509433,2025,6,126,1155,-307,1748736000000
2017,10,117,23,1177.3,1010.73,119.41,43.944782608695654,5.191739130434782,2017,10,117,350,-327,1506816000000
2018,7,176,3,236.94,190.5,20.0,63.5,6.666666666666667,2018,7,176,55,-52,1530403200000
2018,6,71,354,10022.89,9234.8,154.65,26.08700564971751,0.43686440677966104,2018,6,71,1687,-1333,1527811200000
2019,12,7,9183,130866.17,106072.04,8496.25,11.550913644778394,0.925215071327453,2019,12,7,26012,-16829,1575158400000
2016,11,51,34,1241.31,1067.5,125.58,31.397058823529413,3.6935294117647057,2016,11,51,716,-682,1477958400000
2022,3,156,1,91.5,67.2,0.0,67.2,0.0,2022,3,156,38,-37,1646092800000
2020,3,169,274,7183.86,6433.29,116.15,23.479160583941606,0.42390510948905114,2020,3,169,832,-558,1583020800000
2021,7,19,107,4276.51,3775.81,59.45,35.28794392523364,0.555607476635514,2021,7,19,359,-252,1625097600000
2016,2,105,9,233.09,175.5,36.31,19.5,4.0344444444444445,2016,2,105,8,1,1454284800000
2016,5,232,26323,452429.55,370863.41,48993.64,14.08894920791703,1.8612483379554001,2016,5,232,56877,-30554,1462060800000
2023,2,40,359,10457.91,7738.52,1300.99,21.555766016713093,3.6239275766016714,2023,2,40,2409,-2050,1675209600000
2024,8,84,3,137.1,136.0,0.1,45.333333333333336,0.03333333333333333,2024,8,84,42,-39,1722470400000
2019,11,227,228,6717.26,5889.2,88.34,25.82982456140351,0.3874561403508772,2019,11,227,1528,-1300,1572566400000
2022,11,97,1255,30347.14,23907.44,3715.0,19.049752988047807,2.960159362549801,2022,11,97,4234,-2979,1667260800000
2016,6,62,717,11136.09,9256.6,978.35,12.910181311018132,1.364504881450488,2016,6,62,6125,-5408,1464739200000
2024,9,54,282,8602.81,7248.65,379.76,25.704432624113473,1.3466666666666667,2024,9,54,855,-573,1725148800000
2016,10,224,34374,493576.22000000003,396203.08,56578.32,11.526243090708094,1.6459626461860708,2016,10,224,46572,-12198,1475280000000
2016,5,120,97,2008.73,1631.0,190.25,16.814432989690722,1.961340206185567,2016,5,120,637,-540,1462060800000
2016,2,154,19,1318.25,1132.53,64.08,59.606842105263155,3.3726315789473684,2016,2,154,92,-73,1454284800000
2023,1,235,179,7626.1,6801.6,65.35,37.997765363128494,0.36508379888268155,2023,1,235,539,-360,1672531200000
2024,12,3,155,6318.61,5868.8,49.15,37.86322580645162,0.31709677419354837,2024,12,3,305,-150,1733011200000
2025,3,37,5110,136246.96,118152.88,1226.79,23.12189432485323,0.24007632093933462,2025,3,37,7352,-2242,1740787200000
2023,7,58,7,281.61,248.74,9.27,35.534285714285716,1.3242857142857143,2023,7,58,95,-88,1688169600000
2021,7,179,783,17120.88,14173.19,965.14,18.101136653895274,1.232618135376756,2021,7,179,3168,-2385,1625097600000
2022,8,159,221,5372.25,4684.9400000000005,174.76,21.19882352941177,0.7907692307692308,2022,8,159,920,-699,1659312000000
2022,7,63,74,2599.18,2260.81,171.37,30.551486486486485,2.315810810810811,2022,7,63,551,-477,1656633600000
2017,4,195,541,12266.98,9663.31,1427.43,17.861940850277264,2.6385027726432533,2017,4,195,3864,-3323,1491004800000
2024,10,214,19,623.65,536.85,21.16,28.25526315789474,1.1136842105263158,2024,10,214,84,-65,1727740800000
2021,7,239,79318,1321885.07,854613.54,173405.02000000002,10.774522050480346,2.186200105902822,2021,7,239,74918,4400,1625097600000
2025,10,34,1054,28286.27,22951.89,867.7,21.77598671726755,0.8232447817836812,2025,10,34,1080,-26,1759276800000
2016,8,122,16,527.52,463.5,37.82,28.96875,2.36375,2016,8,122,530,-514,1470009600000
2022,4,22,80,3156.38,2808.44,68.39,35.1055,0.854875,2022,4,22,547,-467,1648771200000
2016,6,78,116,2378.13,2051.52,174.03,17.68551724137931,1.500258620689655,2016,6,78,1043,-927,1464739200000
2019,2,75,53361,801790.37,594427.41,69402.33,11.13973519986507,1.3006189913982122,2019,2,75,88012,-34651,1548979200000
2024,4,195,387,17913.24,15206.039999999999,912.18,39.29209302325581,2.3570542635658915,2024,4,195,1163,-776,1711929600000
2024,6,230,117288,3312578.63,2271943.2199999997,398700.25,19.37063655275902,3.399326870609099,2024,6,230,115609,1679,1717200000000
2022,1,220,94,2873.68,2509.45,142.83,26.696276595744678,1.519468085106383,2022,1,220,957,-863,1640995200000
2020,4,28,43,1391.35,1175.02,80.85,27.326046511627908,1.8802325581395347,2020,4,28,165,-122,1585699200000
2019,1,200,353,13195.119999999999,11789.19,117.73,33.3971388101983,0.3335127478753541,2019,1,200,2500,-2147,1546300800000
2018,6,141,200847,2495404.84,1972592.2,285563.08999999997,9.821367508601075,1.4217941517672654,2018,6,141,204876,-4029,1527811200000
2019,3,87,54904,1315634.24,941444.71,160152.31,17.147106039632813,2.916951588226723,2019,3,87,60940,-6036,1551398400000
2019,10,41,24647,350811.88,269686.51,30555.31,10.941960887734815,1.239717206962308,2019,10,41,42822,-18175,1569888000000
2020,6,166,5118,77738.39,59565.8,7470.85,11.638491598280579,1.4597205939820244,2020,6,166,5643,-525,1590969600000
2022,11,120,16,681.59,564.4,71.64,35.275,4.4775,2022,11,120,174,-158,1667260800000
2016,9,66,6138,116618.99,95834.15,13494.74,15.61325350276963,2.198556533072662,2016,9,66,16227,-10089,1472688000000
2018,5,134,615,23338.41,19259.37,1890.27,31.316048780487804,3.073609756097561,2018,5,134,2161,-1546,1525132800000
2021,1,112,248,7178.04,5920.2,686.22,23.871774193548386,2.767016129032258,2021,1,112,2020,-1772,1609459200000
2024,12,240,27,1070.42,1000.28,5.38,37.047407407407405,0.19925925925925925,2024,12,240,90,-63,1733011200000
2017,2,163,241666,3451335.57,2730042.89,396116.13,11.296760363476865,1.6391057492572394,2017,2,163,214134,27532,1485907200000
2023,6,208,120,4364.32,3693.19,191.07999999999998,30.776583333333335,1.5923333333333332,2023,6,208,545,-425,1685577600000
2020,9,128,42,1587.17,1358.97,84.06,32.35642857142857,2.0014285714285713,2020,9,128,142,-100,1598918400000
2019,6,230,227576,4564762.9,3112792.09,514784.06,13.678033228459942,2.262031409287447,2019,6,230,211605,15971,1559347200000
2017,11,97,8228,126856.28,104302.31,12566.22,12.676508264462809,1.5272508507535245,2017,11,97,15659,-7431,1509494400000
2017,4,139,20,422.21,344.8,44.35,17.240000000000002,2.2175000000000002,2017,4,139,695,-675,1491004800000
2022,4,216,562,33943.28,27646.97,4133.96,49.19389679715303,7.355800711743773,2022,4,216,2567,-2005,1648771200000
2016,6,240,29,761.23,656.0,48.8,22.620689655172413,1.682758620689655,2016,6,240,454,-425,1464739200000
2016,9,222,20,460.65,381.0,41.26,19.05,2.0629999999999997,2016,9,222,330,-310,1472688000000
2021,5,209,3692,84398.92,60835.34,9691.72,16.47761105092091,2.625059588299025,2021,5,209,5685,-1993,1619827200000
2021,6,234,77044,1280946.48,825430.4,166052.98,10.713753180001039,2.1553006074450964,2021,6,234,68853,8191,1622505600000
2022,5,142,120339,2104243.83,1368871.56,281260.65,11.375128262657991,2.3372360581357667,2022,5,142,99726,20613,1651363200000
2022,8,84,5,464.92,399.9,41.370000000000005,79.97999999999999,8.274000000000001,2022,8,84,47,-42,1659312000000
2019,7,264,49254,1041549.02,784254.93,123085.38,15.922664758192228,2.4989925691314414,2019,7,264,55407,-6153,1561939200000
2023,6,135,184,6005.03,5332.21,53.22,28.979402173913044,0.2892391304347826,2023,6,135,1003,-819,1685577600000
2016,11,147,78,1834.74,1594.0,128.09,20.435897435897434,1.6421794871794873,2016,11,147,1031,-953,1477958400000
2016,5,162,378722,5794931.11,4584644.0,672773.93,12.105565559962189,1.7764321322764456,2016,5,162,347871,30851,1462060800000
2019,1,205,961,40108.27,36767.04,65.37,38.25914672216441,0.0680228928199792,2019,1,205,1806,-845,1546300800000
2024,1,204,1,77.71,62.33,0.0,62.33,0.0,2024,1,204,15,-14,1704067200000
2016,1,166,46347,690581.14,555767.71,75301.67,11.991449500507043,1.6247366604095195,2016,1,166,74509,-28162,1451606400000
2025,5,92,1582,40794.76,34762.96,456.17,21.974058154235145,0.2883501896333755,2025,5,92,4431,-2849,1746057600000
2021,7,173,115,3880.21,3267.66,86.15,28.414434782608694,0.7491304347826088,2021,7,173,790,-675,1625097600000
2016,12,99,1,11.3,10.0,0.0,10.0,0.0,2016,12,99,6,-5,1480550400000
2021,4,54,61,1879.8,1526.65,158.64000000000001,25.02704918032787,2.600655737704918,2021,4,54,397,-336,1617235200000
2019,10,196,840,33325.17,26474.07,2970.29,31.51675,3.5360595238095236,2019,10,196,2959,-2119,1569888000000
2016,3,22,155,3878.98,3200.0,422.34000000000003,20.64516129032258,2.724774193548387,2016,3,22,2627,-2472,1456790400000
2019,4,168,1902,41246.23,35110.07,1245.54,18.459553101997898,0.6548580441640378,2019,4,168,6350,-4448,1554076800000
2016,1,58,5,119.54999999999998,103.0,12.05,20.6,2.41,2016,1,58,280,-275,1451606400000
2023,3,117,164,8925.41,7982.54,42.42,48.6740243902439,0.25865853658536586,2023,3,117,324,-160,1677628800000
2024,11,210,459,16590.34,15442.04,79.61,33.642788671023965,0.17344226579520697,2024,11,210,810,-351,1730419200000
2020,11,127,264,7488.63,6308.75,629.35,23.896780303030305,2.383901515151515,2020,11,127,1372,-1108,1604188800000
2024,11,174,256,10639.19,9610.27,55.129999999999995,37.5401171875,0.21535156249999998,2024,11,174,542,-286,1730419200000
2019,7,114,74214,1266295.82,838153.56,149422.80000000002,11.293739186676369,2.0134044789392838,2019,7,114,60578,13636,1561939200000
2020,12,145,1561,19267.829999999998,15173.3,1509.65,9.720243433696348,0.9671044202434338,2020,12,145,4042,-2481,1606780800000
2021,7,116,4125,83424.04000000001,66652.07,7157.53,16.158077575757577,1.7351587878787877,2021,7,116,8662,-4537,1625097600000
2016,7,50,107216,1551327.1300000001,1257638.15,157526.96,11.729948421877332,1.4692486196090135,2016,7,50,121917,-14701,1467331200000
2025,6,172,24,847.08,644.25,29.0,26.84375,1.2083333333333333,2025,6,172,74,-50,1748736000000
2020,8,27,7,316.49,271.16999999999996,17.57,38.738571428571426,2.5100000000000002,2020,8,27,26,-19,1596240000000
2021,9,139,186,8330.96,7480.17,31.0,40.215967741935486,0.16666666666666666,2021,9,139,649,-463,1630454400000
2022,2,58,2,87.55,79.4,0.0,39.7,0.0,2022,2,58,78,-76,1643673600000
2019,5,208,269,11234.81,9649.87,251.28,35.87312267657993,0.9341263940520446,2019,5,208,1155,-886,1556668800000
2017,2,117,9,630.75,474.88,141.55,52.76444444444444,15.72777777777778,2017,2,117,269,-260,1485907200000
2021,2,223,497,15371.65,11985.75,1259.24,24.116197183098592,2.533682092555332,2021,2,223,2180,-1683,1612137600000
2019,1,136,422,12608.48,11473.58,76.95,27.18857819905213,0.18234597156398105,2019,1,136,1323,-901,1546300800000
2019,7,54,203,4662.94,3671.67,463.68,18.08704433497537,2.2841379310344827,2019,7,54,1507,-1304,1561939200000
2021,10,92,291,11113.25,9343.59,297.46,32.10855670103093,1.0221993127147766,2021,10,92,1856,-1565,1633046400000
2023,4,74,7043,147871.38,111917.62,12518.79,15.89061763453074,1.7774797671446827,2023,4,74,21851,-14808,1680307200000
2020,6,215,261,12013.67,10857.0,293.87,41.59770114942529,1.1259386973180077,2020,6,215,281,-20,1590969600000
2020,8,32,246,10084.43,8698.52,485.84,35.35983739837398,1.9749593495934958,2020,8,32,440,-194,1596240000000
2023,11,215,584,35853.62,29840.53,2751.36,51.09679794520548,4.711232876712329,2023,11,215,943,-359,1698796800000
2024,3,86,328,16248.55,15115.76,84.35,46.084634146341465,0.25716463414634144,2024,3,86,657,-329,1709251200000
2021,4,175,74,3279.5699999999997,2770.15,139.12,37.43445945945946,1.8800000000000001,2021,4,175,254,-180,1617235200000
2016,9,64,27,2689.93,2406.13,229.69,89.11592592592594,8.507037037037037,2016,9,64,814,-787,1472688000000
2022,10,134,367,19726.07,16204.05,2294.62,44.152724795640324,6.252370572207084,2022,10,134,1163,-796,1664582400000
2024,10,231,53606,1452690.78,1020661.3,174499.42,19.040057083162335,3.255221803529456,2024,10,231,64494,-10888,1727740800000
2016,3,58,9,227.58999999999997,177.51,24.26,19.723333333333333,2.695555555555556,2016,3,58,298,-289,1456790400000
2021,12,22,137,5030.599999999999,4519.16,41.89,32.98656934306569,0.30576642335766424,2021,12,22,611,-474,1638316800000
2022,1,38,78,3838.25,3549.07,106.53,45.500897435897436,1.3657692307692308,2022,1,38,553,-475,1640995200000
2022,3,240,10,254.21,213.10000000000002,14.06,21.310000000000002,1.4060000000000001,2022,3,240,128,-118,1646092800000
2016,11,86,17,1849.56,1567.35,267.90999999999997,92.1970588235294,15.759411764705881,2016,11,86,442,-425,1477958400000
2025,5,80,6577,162830.96,131708.29,4005.77,20.025587653945568,0.6090573209670063,2025,5,80,8224,-1647,1746057600000
2025,6,198,2988,75254.4,64474.15,491.03,21.577694109772423,0.16433400267737616,2025,6,198,5625,-2637,1748736000000
2021,5,57,42,1596.54,1310.33,5.96,31.19833333333333,0.1419047619047619,2021,5,57,88,-46,1619827200000
2023,11,227,64,2536.5,2262.6,96.0,35.353125,1.5,2023,11,227,571,-507,1698796800000
2018,11,191,431,17951.63,16117.87,465.64,37.396450116009284,1.0803712296983758,2018,11,191,1147,-716,1541030400000
2022,2,161,114598,1947073.9200000002,1249140.47,257770.31,10.900194331489205,2.249343880346952,2022,2,161,99171,15427,1643673600000
2024,10,102,227,6342.24,5609.93,143.97,24.713348017621147,0.6342290748898678,2024,10,102,770,-543,1727740800000
2017,6,109,1,82.8,82.0,0.0,82.0,0.0,2017,6,109,98,-97,1496275200000
2017,8,47,86,1145.44,1007.86,19.2,11.719302325581396,0.22325581395348837,2017,8,47,731,-645,1501545600000
2021,9,154,11,494.27,443.32,0.0,40.301818181818184,0.0,2021,9,154,59,-48,1630454400000
2024,1,69,340,10710.93,9741.64,99.17,28.651882352941175,0.2916764705882353,2024,1,69,995,-655,1704067200000
2024,7,39,1350,43668.37,41331.4,77.28999999999999,30.615851851851854,0.057251851851851845,2024,7,39,2229,-879,1719792000000
2025,3,222,850,26671.72,25079.01,51.42,29.504717647058822,0.06049411764705882,2025,3,222,974,-124,1740787200000
2022,11,108,69,3213.06,2912.96,35.4,42.2168115942029,0.5130434782608695,2022,11,108,235,-166,1667260800000
2025,8,8,70,2643.03,1674.78,650.35,23.925428571428572,9.290714285714285,2025,8,8,103,-33,1754006400000
2021,6,50,20762,366738.25,245891.46,43822.23,11.84334168191889,2.1106940564492827,2021,6,50,30830,-10068,1622505600000
2022,3,81,82,3357.52,3015.73,26.54,36.77719512195122,0.32365853658536586,2022,3,81,267,-185,1646092800000
2016,3,144,147421,2186321.65,1760023.38,243423.49,11.938756215193221,1.651213124317431,2016,3,144,121838,25583,1456790400000
2023,9,257,83,2969.99,2484.11,250.23,29.929036144578316,3.0148192771084337,2023,9,257,1216,-1133,1693526400000
2025,3,89,3895,107303.97,95716.2,597.55,24.574120667522465,0.15341463414634146,2025,3,89,5868,-1973,1740787200000
2017,10,90,184484,2506446.75,1976504.69,298237.74,10.7136916480562,1.6166049088267818,2017,10,90,149431,35053,1506816000000
2017,6,174,92,2159.7,1913.0,132.38,20.793478260869566,1.4389130434782609,2017,6,174,1218,-1126,1496275200000
2018,9,166,42826,642600.79,514438.86,72870.83,12.012302339700183,1.7015558305702143,2018,9,166,61027,-18201,1535760000000
2023,2,68,75045,1817240.09,1212465.0,233891.19,16.156506096342195,3.116679192484509,2023,2,68,72386,2659,1675209600000
2025,11,45,9051,198964.03,133887.76,15590.58,14.792593083637168,1.7225256877693071,2025,11,45,12934,-3883,1761955200000
2016,12,209,20363,382798.17,314052.67,42097.06,15.422711290084957,2.0673309433776947,2016,12,209,26883,-6520,1480550400000
2018,9,57,37,1036.83,858.0,94.93,23.18918918918919,2.565675675675676,2018,9,57,429,-392,1535760000000
2025,9,207,365,11422.76,9097.57,1208.59,24.924849315068492,3.3112054794520547,2025,9,207,277,88,1756684800000
2022,9,74,8570,149381.54,112820.25,14825.3,13.16455659276546,1.729906651108518,2022,9,74,23383,-14813,1661990400000
2017,5,120,48,1137.35,863.5,164.75,17.989583333333332,3.4322916666666665,2017,5,120,440,-392,1493596800000
2022,12,235,245,9784.36,8732.32,95.44,35.64212244897959,0.38955102040816325,2022,12,235,659,-414,1669852800000
2018,6,173,345,6600.52,5037.5,242.54,14.601449275362318,0.7030144927536232,2018,6,173,2550,-2205,1527811200000
2024,10,253,41,1452.24,1152.24,120.08,28.103414634146343,2.928780487804878,2024,10,253,65,-24,1727740800000
2017,10,200,67,1909.29,1590.55,171.48,23.73955223880597,2.5594029850746267,2017,10,200,2845,-2778,1506816000000
2021,10,6,9,393.24,241.57,103.07,26.84111111111111,11.452222222222222,2021,10,6,47,-38,1633046400000
2017,9,144,104787,1622004.57,1317249.28,174833.74000000002,12.570731865594015,1.6684678442936625,2017,9,144,92791,11996,1504224000000
2020,9,100,24435,395997.85000000003,267257.99,39256.74,10.937507264170247,1.6065782688766113,2020,9,100,17518,6917,1598918400000
2020,2,125,34425,613197.2599999999,403673.77,79729.99,11.72618068264343,2.3160490922294845,2020,2,125,31891,2534,1580515200000
2020,12,173,140,4570.07,3892.79,324.28,27.805642857142857,2.3162857142857143,2020,12,173,497,-357,1606780800000
2017,1,184,5,228.63,194.0,17.55,38.8,3.5100000000000002,2017,1,184,58,-53,1483228800000
2023,7,171,56,1796.25,1545.32,60.23,27.595,1.0755357142857143,2023,7,171,634,-578,1688169600000
2020,7,212,249,9248.94,8103.11,345.08,32.54261044176707,1.385863453815261,2020,7,212,478,-229,1593561600000
2022,7,127,218,6795.36,5671.7,575.91,26.01697247706422,2.6417889908256877,2022,7,127,2267,-2049,1656633600000
2025,9,69,1582,46508.02,42556.78,172.95,26.900619469026548,0.1093236409608091,2025,9,69,2532,-950,1756684800000
2019,1,31,43,1342.77,1201.31,37.0,27.937441860465114,0.8604651162790697,2019,1,31,368,-325,1546300800000
2021,1,188,1072,32445.02,27434.71,1601.03,25.592080223880597,1.4934981343283582,2021,1,188,2016,-944,1609459200000
2016,6,124,97,5175.54,4171.34,579.17,43.00350515463918,5.970824742268041,2016,6,124,1086,-989,1464739200000
2019,6,132,235486,13386504.6,10667226.0,1449633.8599999999,45.29876935359214,6.155923749182541,2019,6,132,73743,161743,1559347200000
2016,5,217,1493,21115.260000000002,17319.4,1925.14,11.600401875418621,1.2894440723375755,2016,5,217,4788,-3295,1462060800000
2018,11,179,3978,59867.79,50500.82,4450.23,12.695027652086475,1.1187104072398188,2018,11,179,9888,-5910,1541030400000
2019,10,12,3007,72571.33,54419.36,6896.16,18.09755902893249,2.2933688061190556,2019,10,12,4469,-1462,1569888000000
2017,6,159,544,8469.26,7242.8,417.9,13.313970588235295,0.7681985294117647,2017,6,159,3024,-2480,1496275200000
2016,1,133,897,15862.59,13221.8,1369.67,14.740022296544035,1.5269453734671128,2016,1,133,3815,-2918,1451606400000
2021,4,152,3178,53061.61,41629.14,4796.15,13.099162995594714,1.5091724354940212,2021,4,152,5142,-1964,1617235200000
2021,3,205,664,27868.56,24651.07,37.839999999999996,37.12510542168675,0.05698795180722891,2021,3,205,1175,-511,1614556800000
2022,3,19,23,932.7099999999999,902.4000000000001,3.56,39.23478260869565,0.15478260869565216,2022,3,19,289,-266,1646092800000
2020,1,206,7,400.48,338.92,0.0,48.417142857142856,0.0,2020,1,206,112,-105,1577836800000
2017,9,107,213406,2937814.33,2314991.84,348341.05,10.847829208175964,1.6322926721835374,2017,9,107,188120,25286,1504224000000
2021,4,116,4073,77071.43000000001,62508.39,5396.8,15.347014485637123,1.3250184139454948,2021,4,116,7906,-3833,1617235200000
2023,4,126,65,2194.82,1847.0,101.46999999999998,28.415384615384614,1.5610769230769228,2023,4,126,307,-242,1680307200000
2023,10,255,1635,50899.39,39037.4,5813.74,23.876085626911316,3.5558042813455657,2023,10,255,8752,-7117,1696118400000
2024,3,46,19,864.01,779.23,0.0,41.0121052631579,0.0,2024,3,46,76,-57,1709251200000
2024,10,163,108517,2795484.1999999997,1879883.22,360068.23,17.32339836154704,3.318081314448427,2024,10,163,96131,12386,1727740800000
2024,1,64,49,2053.83,1748.98,56.75,35.6934693877551,1.1581632653061225,2024,1,64,321,-272,1704067200000
2023,12,168,586,17125.83,15199.21,351.43,25.93721843003413,0.5997098976109215,2023,12,168,1748,-1162,1701388800000
2018,3,65,12568,225540.69,186856.4,23989.82,14.867632081476765,1.908801718650541,2018,3,65,17669,-5101,1519862400000
2018,11,35,854,27654.29,25130.05,816.05,29.426288056206086,0.9555620608899297,2018,11,35,1672,-818,1541030400000
2017,11,43,133157,1866126.95,1507374.45,201344.37,11.320279444565438,1.5120825041116877,2017,11,43,115660,17497,1509494400000
2017,3,174,115,2502.39,2193.7,140.21,19.075652173913042,1.2192173913043478,2017,3,174,1347,-1232,1488326400000
2025,7,264,6114,196566.26,138266.91,24057.2,22.61480372914622,3.934772652927707,2025,7,264,7061,-947,1751328000000
2020,3,233,38360,666494.3500000001,436414.51,80595.27,11.37681204379562,2.1010237226277373,2020,3,233,43941,-5581,1583020800000
2018,5,141,212976,2664265.95,2104885.6,304612.1,9.883205619412516,1.4302649124784013,2018,5,141,215606,-2630,1525132800000
2025,8,133,1041,27916.08,22977.34,184.42,22.072372718539867,0.17715658021133524,2025,8,133,1611,-570,1754006400000
2016,4,57,27,707.3,577.5,95.16,21.38888888888889,3.5244444444444443,2016,4,57,472,-445,1459468800000
2019,4,70,2286,63146.37,56603.01,1831.01,24.760721784776905,0.8009667541557305,2019,4,70,4014,-1728,1554076800000
2022,11,187,2,143.64999999999998,122.4,0.0,61.2,0.0,2022,11,187,19,-17,1667260800000
2020,7,17,648,21560.33,19472.39,936.21,30.049984567901234,1.4447685185185186,2020,7,17,1581,-933,1593561600000
2016,5,91,265,5536.35,4875.0,348.77,18.39622641509434,1.3161132075471698,2016,5,91,2282,-2017,1462060800000
2025,1,262,49609,1018462.54,658803.27,116947.93,13.279914330061079,2.357393416517164,2025,1,262,54148,-4539,1735689600000
2018,1,52,5215,91659.53,73946.1,12171.27,14.179501438159157,2.3338964525407477,2018,1,52,7473,-2258,1514764800000
2025,5,249,97917,2170098.09,1394007.98,235257.71,14.23662877743395,2.4026237527702032,2025,5,249,79298,18619,1746057600000
2017,10,174,74,1542.93,1290.3,136.9,17.436486486486487,1.85,2017,10,174,1048,-974,1506816000000
2024,1,130,755,35359.49,30074.09,2341.55,39.83323178807947,3.1013907284768214,2024,1,130,1821,-1066,1704067200000
2016,1,179,7942,119659.93000000001,99324.05,10626.12,12.506176026189877,1.3379652480483506,2016,1,179,18527,-10585,1451606400000
2023,3,115,3,164.22,152.8,7.92,50.93333333333334,2.64,2023,3,115,55,-52,1677628800000
2021,5,11,89,3326.52,2880.34,23.25,32.36337078651685,0.2612359550561798,2021,5,11,259,-170,1619827200000
2024,6,157,630,26468.51,21840.87,1986.14,34.66804761904762,3.1526031746031746,2024,6,157,1276,-646,1717200000000
2018,11,163,215856,3438358.28,2749097.15,392150.5,12.735792148469349,1.8167227225557778,2018,11,163,196890,18966,1541030400000
2022,4,57,6,315.35,260.7,18.95,43.449999999999996,3.158333333333333,2022,4,57,63,-57,1648771200000
2023,9,216,644,37885.43,31459.57,3953.53,48.85026397515528,6.139021739130435,2023,9,216,3183,-2539,1693526400000
2023,12,144,34341,872406.5399999999,602512.9400000001,105216.27,17.54500276637256,3.063867388835503,2023,12,144,32861,1480,1701388800000
2018,12,42,14366,214325.76,182258.73,11386.99,12.686811220938328,0.7926346930251984,2018,12,42,36612,-22246,1543622400000
2023,9,30,6,314.5,261.4,33.06,43.56666666666666,5.510000000000001,2023,9,30,32,-26,1693526400000
2018,3,169,223,4252.51,3842.79,69.55,17.232242152466366,0.31188340807174886,2018,3,169,1743,-1520,1519862400000
2020,4,117,60,3676.7,3278.35,121.88,54.63916666666667,2.0313333333333334,2020,4,117,92,-32,1585699200000
2023,10,87,18402,623052.37,452088.13,76028.08,24.567336702532334,4.1315117921965,2023,10,87,27421,-9019,1696118400000
2017,10,170,310592,4926532.739999999,3965148.14,529981.6,12.766420706264167,1.7063594683700802,2017,10,170,311966,-1374,1506816000000
2019,7,255,4522,84331.24,65302.74,9136.9,14.44111897390535,2.0205440070765146,2019,7,255,16040,-11518,1561939200000
2025,9,187,5,284.1,175.44,22.42,35.088,4.484,2025,9,187,48,-43,1756684800000
2023,2,52,584,17517.12,13142.35,2392.17,22.50402397260274,4.096181506849315,2023,2,52,1903,-1319,1675209600000
2016,10,56,382,11612.12,9437.62,1103.31,24.70581151832461,2.888246073298429,2016,10,56,2945,-2563,1475280000000
2017,6,59,4,119.66,111.51,0.5,27.8775,0.125,2017,6,59,62,-58,1496275200000
2019,9,203,295,12571.39,11312.36,238.33,38.34698305084746,0.8078983050847458,2019,9,203,1605,-1310,1567296000000
2022,11,112,708,18716.58,14246.78,2443.1,20.122570621468927,3.4507062146892653,2022,11,112,6861,-6153,1667260800000
2020,8,206,3,157.16000000000003,114.59,15.69,38.196666666666665,5.2299999999999995,2020,8,206,41,-38,1596240000000
2020,6,14,265,8835.57,7873.1900000000005,446.58,29.71015094339623,1.6852075471698114,2020,6,14,747,-482,1590969600000
2018,2,188,939,23338.44,21157.96,1033.19,22.532438764643235,1.1003088391906284,2018,2,188,5562,-4623,1517443200000
2020,1,119,347,11049.89,9581.32,76.15,27.61187319884726,0.21945244956772336,2020,1,119,1284,-937,1577836800000
2016,7,115,17,755.52,504.92,116.0,29.701176470588237,6.823529411764706,2016,7,115,144,-127,1467331200000
2018,12,72,772,25170.08,22937.62,479.61,29.711943005181347,0.6212564766839378,2018,12,72,1906,-1134,1543622400000
2022,8,168,499,11923.4,10047.29,544.16,20.1348496993988,1.090501002004008,2022,8,168,2227,-1728,1659312000000
2016,12,12,4095,81501.49,71028.52,5958.01,17.34518192918193,1.454947496947497,2016,12,12,6852,-2757,1480550400000
2022,11,261,15966,409066.23,296153.08,50452.76,18.548984091193788,3.1600125266190657,2022,11,261,15080,886,1667260800000
2025,9,226,7368,262280.05,214130.12,18515.19,29.062176981541803,2.5129193811074915,2025,9,226,8206,-838,1756684800000
2016,4,173,381,5885.68,4892.83,454.33,12.842073490813648,1.1924671916010499,2016,4,173,3587,-3206,1459468800000
2019,12,250,317,10668.17,9102.65,71.78,28.714984227129335,0.22643533123028392,2019,12,250,802,-485,1575158400000
2023,11,71,260,8115.1,7506.53,57.63,28.87126923076923,0.22165384615384617,2023,11,71,680,-420,1698796800000
2019,12,29,172,5802.21,5108.39,94.58,29.699941860465117,0.5498837209302325,2019,12,29,778,-606,1575158400000
2016,12,212,146,2853.21,2277.3,326.34,15.597945205479453,2.2352054794520546,2016,12,212,1289,-1143,1480550400000
2017,12,53,54,1458.71,1209.0,143.17000000000002,22.38888888888889,2.6512962962962967,2017,12,53,921,-867,1512086400000
2022,7,147,39,1119.6,971.52,31.78,24.91076923076923,0.814871794871795,2022,7,147,295,-256,1656633600000
2023,3,36,231,7699.71,6101.6,862.86,26.413852813852817,3.7353246753246756,2023,3,36,2236,-2005,1677628800000
2024,9,126,282,9558.97,8575.99,29.92,30.41131205673759,0.10609929078014185,2024,9,126,432,-150,1725148800000
2019,10,179,3372,54803.75,44448.27,3968.66,13.181574733096085,1.1769454329774613,2019,10,179,8869,-5497,1569888000000
2025,7,232,11487,292921.54,220245.08,11260.21,19.173420388264994,0.9802568120484024,2025,7,232,21820,-10333,1751328000000
2025,10,241,774,25243.98,22962.98,107.28,29.667932816537466,0.1386046511627907,2025,10,241,1514,-740,1759276800000
2016,5,106,3349,55662.020000000004,44588.76,6506.3,13.314051955807704,1.942759032547029,2016,5,106,8242,-4893,1462060800000
2019,2,109,6,420.27,362.19,3.95,60.365,0.6583333333333333,2019,2,109,96,-90,1548979200000
2023,8,88,8925,290779.56,213050.6,32376.46,23.87121568627451,3.6276145658263306,2023,8,88,11483,-2558,1690848000000
2021,8,90,53369,880673.6900000001,565758.46,112092.56999999999,10.600881785306075,2.1003310910828383,2021,8,90,39800,13569,1627776000000
2020,2,198,232,6766.14,5645.89,243.29,24.33573275862069,1.0486637931034481,2020,2,198,2776,-2544,1580515200000
2018,7,6,27,806.42,451.5,35.699999999999996,16.72222222222222,1.322222222222222,2018,7,6,150,-123,1530403200000
2017,4,164,239104,3528121.06,2795556.16,387500.95,11.691800053533191,1.6206376723099571,2017,4,164,209004,30100,1491004800000
2020,5,95,525,10442.43,8644.69,367.56,16.46607619047619,0.7001142857142857,2020,5,95,723,-198,1588291200000
2018,6,166,41882,631619.04,506906.44,69795.43,12.103205195549402,1.666477961892937,2018,6,166,59803,-17921,1527811200000
2023,3,83,143,3834.17,3205.9,200.97,22.41888111888112,1.4053846153846155,2023,3,83,904,-761,1677628800000
2020,12,209,2015,45511.28,33468.07,4938.8,16.609464019851117,2.4510173697270474,2020,12,209,2703,-688,1606780800000
2019,2,34,142,2536.48,2031.97,228.61,14.309647887323944,1.6099295774647888,2019,2,34,806,-664,1548979200000
2020,7,262,12411,192763.0,126380.98,22540.190000000002,10.18298122633148,1.8161461606639273,2020,7,262,13121,-710,1593561600000
2024,6,100,54292,1329244.87,905308.42,152824.03,16.674803285935315,2.8148535695866794,2024,6,100,47174,7118,1717200000000
2017,11,252,73,4690.83,4269.85,214.88,58.49109589041096,2.9435616438356162,2017,11,252,1187,-1114,1509494400000
2020,2,157,701,39803.93,30690.42,4404.14,43.78091298145506,6.282653352353781,2020,2,157,2299,-1598,1580515200000
2018,11,202,409,9362.5,7804.42,945.67,19.081711491442544,2.312151589242054,2018,11,202,3334,-2925,1541030400000
2016,3,31,46,1282.72,1064.51,136.63,23.141521739130436,2.970217391304348,2016,3,31,465,-419,1456790400000
2021,3,208,287,10541.66,8664.2,134.16,30.18885017421603,0.4674564459930313,2021,3,208,610,-323,1614556800000
2021,6,99,2,152.75,125.5,5.0,62.75,2.5,2021,6,99,3,-1,1622505600000
2018,10,181,8684,151579.32,124002.63,15583.27,14.27943689543989,1.7944806540764624,2018,10,181,28451,-19767,1538352000000
2020,1,47,316,8797.57,7626.52,52.02,24.134556962025318,0.16462025316455697,2020,1,47,900,-584,1577836800000
2021,5,90,47639,771025.1900000001,495486.99,98597.14,10.400868825961922,2.069672747118957,2021,5,90,36366,11273,1619827200000
2019,1,189,1469,25784.58,21668.7,2011.2,14.75064669843431,1.3690946221919673,2019,1,189,6559,-5090,1546300800000
2016,3,25,14034,229486.25,187039.22,25681.19,13.327577312241699,1.829926606812028,2016,3,25,23750,-9716,1456790400000
2024,3,101,54,2440.3,2230.21,78.01,41.300185185185185,1.4446296296296297,2024,3,101,288,-234,1709251200000
2022,6,175,21,847.04,755.72,34.22,35.986666666666665,1.6295238095238094,2022,6,175,340,-319,1654041600000
2023,9,8,22,1371.58,1035.17,150.2,47.05318181818182,6.827272727272727,2023,9,8,45,-23,1693526400000
2024,6,48,90201,2146459.79,1452033.3,252897.57,16.09775168789703,2.8037113779226397,2024,6,48,87518,2683,1717200000000
2025,2,237,157292,3077831.35,1891029.47,390352.96,12.022413536607074,2.4817089235307583,2025,2,237,142652,14640,1738368000000
2020,7,195,171,6574.08,5677.66,332.08,33.20269005847953,1.9419883040935673,2020,7,195,396,-225,1593561600000
2016,6,126,117,2264.2,1925.81,164.28,16.459914529914528,1.4041025641025642,2016,6,126,1397,-1280,1464739200000
2016,6,111,32,406.99,321.5,42.94,10.046875,1.341875,2016,6,111,208,-176,1464739200000
2022,9,171,70,2418.19,2176.65,71.24,31.095000000000002,1.0177142857142856,2022,9,171,530,-460,1661990400000
2016,11,130,995,54029.57,44163.37,5079.31,44.385296482412066,5.1048341708542715,2016,11,130,2408,-1413,1477958400000
2018,1,222,51,1377.24,1233.0,55.67,24.176470588235293,1.0915686274509804,2018,1,222,260,-209,1514764800000
2025,7,122,588,16472.19,14882.24,23.53,25.309931972789116,0.04001700680272109,2025,7,122,871,-283,1751328000000
2022,2,229,64686,1031377.56,659237.76,135358.55,10.191351451627863,2.0925478465201124,2022,2,229,66793,-2107,1643673600000
2016,7,245,129,2058.4700000000003,1688.0,216.65,13.085271317829458,1.6794573643410853,2016,7,245,268,-139,1467331200000
2016,5,183,18,381.35,335.8,26.15,18.655555555555555,1.4527777777777777,2016,5,183,596,-578,1462060800000
2020,5,56,159,4458.08,3711.19,139.34,23.340817610062892,0.8763522012578616,2020,5,56,405,-246,1588291200000
2022,3,88,9530,236259.14,169707.74,29352.75,17.807737670514165,3.0800367261280166,2022,3,88,12237,-2707,1646092800000
2023,2,155,144,6685.88,5963.9400000000005,140.94,41.416250000000005,0.97875,2023,2,155,610,-466,1675209600000
2016,1,40,7129,124850.07,98497.14,15322.38,13.81640342263992,2.1493028475241966,2016,1,40,12523,-5394,1451606400000
2025,1,81,237,8558.07,7716.28,37.22,32.55814345991561,0.1570464135021097,2025,1,81,308,-71,1735689600000
2021,11,263,74422,1258837.24,820588.71,161499.03,11.026157722178924,2.1700442073580395,2021,11,263,73974,448,1635724800000
2018,9,248,164,3983.92,3579.76,114.48,21.82780487804878,0.6980487804878049,2018,9,248,897,-733,1535760000000
2024,6,4,6247,149991.14,111717.24,11095.66,17.883342404354092,1.7761581559148392,2024,6,4,14084,-7837,1717200000000
2024,9,160,284,9810.5,8447.27,499.78000000000003,29.743908450704225,1.7597887323943664,2024,9,160,1236,-952,1725148800000
2022,8,45,4328,96583.64,69386.29,10772.57,16.031952402957483,2.4890411275415896,2022,8,45,8379,-4051,1659312000000
2019,7,183,98,3795.49,3318.84,42.14,33.86571428571429,0.43,2019,7,183,418,-320,1561939200000
2019,4,220,447,14180.32,12464.25,250.8,27.88422818791946,0.5610738255033557,2019,4,220,3255,-2808,1554076800000
2017,12,48,299429,4377774.410000001,3526508.5,456465.75000000006,11.77744473648177,1.5244540441974561,2017,12,48,259611,39818,1512086400000
2018,6,76,705,24077.06,21578.02,899.14,30.607120567375887,1.2753758865248226,2018,6,76,2588,-1883,1527811200000
2021,7,74,13574,224929.3,175384.47,16311.74,12.92061809341388,1.2016899955797848,2021,7,74,27644,-14070,1625097600000
2020,7,242,504,16255.62,13832.36,824.56,27.44515873015873,1.636031746031746,2020,7,242,635,-131,1593561600000
2023,5,51,365,16055.73,14427.48,51.35,39.52734246575342,0.14068493150684933,2023,5,51,629,-264,1682899200000
2023,12,223,755,30196.93,23816.38,2952.46,31.54487417218543,3.910543046357616,2023,12,223,4338,-3583,1701388800000
2023,12,83,177,6410.0,5290.11,561.77,29.887627118644065,3.1738418079096045,2023,12,83,818,-641,1701388800000
2024,2,125,15424,365388.76,243696.93,46860.75,15.799852826763486,3.0381710321576763,2024,2,125,15595,-171,1706745600000
2017,4,246,150025,2195209.08,1751234.32,253588.52,11.672949975004167,1.6903084152641226,2017,4,246,181845,-31820,1491004800000
2019,11,220,311,10214.11,8926.65,170.60999999999999,28.70305466237942,0.5485852090032154,2019,11,220,2714,-2403,1572566400000
2016,10,176,5,362.63,313.35,35.0,62.67,7.0,2016,10,176,81,-76,1475280000000
2018,3,216,922,47105.6,38942.58,4121.1,42.2370715835141,4.469739696312365,2018,3,216,3508,-2586,1519862400000
2020,5,16,57,2296.3,2029.17,96.25,35.59947368421053,1.6885964912280702,2020,5,16,84,-27,1588291200000
2017,2,172,4,331.39,273.5,55.69,68.375,13.9225,2017,2,172,118,-114,1485907200000
2021,11,70,11350,498622.99,352452.86,64962.49,31.053115418502202,5.723567400881057,2021,11,70,1595,9755,1635724800000
2022,3,39,228,9127.69,8400.39,49.55,36.84381578947368,0.21732456140350875,2022,3,39,1032,-804,1646092800000
2022,3,35,200,6500.67,6041.09,60.58,30.20545,0.3029,2022,3,35,678,-478,1646092800000
2023,2,10,705,54116.07,43045.5,5739.56,61.05744680851064,8.14121985815603,2023,2,10,2516,-1811,1675209600000
2016,8,116,10937,178353.01,147906.35,15715.31,13.523484502148671,1.436894029441346,2016,8,116,27836,-16899,1470009600000
2019,10,265,3592,326360.37,278112.75,35372.53,77.42559855233853,9.847586302895323,2019,10,265,18317,-14725,1569888000000
2017,10,15,23,586.17,517.3,34.95,22.491304347826084,1.5195652173913046,2017,10,15,798,-775,1506816000000
2018,8,63,134,4844.49,4297.54,268.1,32.071194029850744,2.000746268656717,2018,8,63,1035,-901,1533081600000
2025,7,208,745,22740.43,19969.93,121.44,26.805275167785236,0.16300671140939596,2025,7,208,1413,-668,1751328000000
2019,8,232,8853,188934.37,138910.14,18035.43,15.69074212131481,2.037211114876313,2019,8,232,25559,-16706,1564617600000
2021,2,12,130,2908.96,2137.02,265.44,16.438615384615385,2.0418461538461536,2021,2,12,280,-150,1612137600000
2025,2,133,791,20938.74,17854.61,85.4,22.5721997471555,0.10796460176991152,2025,2,133,1199,-408,1738368000000
2025,8,223,2816,87320.2,67865.84,4989.68,24.100085227272725,1.7719034090909092,2025,8,223,6663,-3847,1754006400000
2022,2,26,132,3683.68,3287.57,187.56,24.905833333333334,1.420909090909091,2022,2,26,1089,-957,1643673600000
2024,1,45,3824,105539.23,76566.29,11119.47,20.022565376569037,2.907811192468619,2024,1,45,7332,-3508,1704067200000
2017,1,64,29,1016.4,761.54,216.13,26.259999999999998,7.4527586206896554,2017,1,64,674,-645,1483228800000
2019,11,41,25359,356433.77,274377.97,31210.09,10.819747229780353,1.2307303127094917,2019,11,41,44538,-19179,1572566400000
2018,4,56,358,13946.38,11207.0,1368.94,31.304469273743017,3.823854748603352,2018,4,56,2437,-2079,1522540800000
2019,6,249,137564,2333816.6,1532678.54,285988.91000000003,11.141567125119945,2.078951687941613,2019,6,249,110622,26942,1559347200000
2025,7,148,48621,1186121.08,824103.5,94329.29000000001,16.94953826535859,1.9400935809629585,2025,7,148,47506,1115,1751328000000
2025,1,75,23380,467050.63,337484.83,40450.03,14.434766039349872,1.7301124893071,2025,1,75,40745,-17365,1735689600000
2022,11,231,44422,944136.41,655072.71,123704.87,14.746582999414704,2.784765881770294,2022,11,231,47154,-2732,1667260800000
2017,12,248,77,1420.1100000000001,1272.3,48.53,16.523376623376624,0.6302597402597403,2017,12,248,1103,-1026,1512086400000
2019,4,146,7070,118445.68000000001,93448.95,9265.62,13.217673267326733,1.3105544554455446,2019,4,146,9479,-2409,1554076800000
2016,7,237,350111,4269835.79,3416930.03,442711.86,9.75956205317742,1.2644900045985417,2016,7,237,299653,50458,1467331200000
2019,11,147,201,7051.52,6082.57,37.25,30.261542288557212,0.1853233830845771,2019,11,147,761,-560,1572566400000
2021,1,137,28090,471336.05,316566.14,50736.54,11.26970950516198,1.8062135991456034,2021,1,137,24605,3485,1609459200000
2025,8,47,735,20572.02,18675.36,86.61,25.40865306122449,0.11783673469387755,2025,8,47,1103,-368,1754006400000
2023,10,226,2465,88004.08,71159.63,8589.29,28.868004056795133,3.4844989858012174,2023,10,226,5593,-3128,1696118400000
2018,8,248,137,3534.42,3158.71,95.59,23.056277372262773,0.6977372262773723,2018,8,248,1042,-905,1533081600000
2020,5,247,500,10753.93,9227.57,424.89,18.45514,0.84978,2020,5,247,933,-433,1588291200000
2022,12,224,5284,117938.91,81049.77,14859.72,15.338714988644966,2.81221044663134,2022,12,224,13900,-8616,1669852800000
2022,4,195,119,4282.96,3268.29,492.47,27.464621848739494,4.138403361344538,2022,4,195,961,-842,1648771200000
2022,8,78,141,4319.22,3896.78,63.09,27.636737588652483,0.44744680851063834,2022,8,78,410,-269,1659312000000
2023,5,36,359,12171.84,9796.56,1209.08,27.288467966573815,3.367910863509749,2023,5,36,2511,-2152,1682899200000
2018,5,258,178,6129.41,5394.8,277.7,30.307865168539326,1.5601123595505617,2018,5,258,1653,-1475,1525132800000
2016,4,106,2781,44815.73,35770.95,5104.94,12.8626213592233,1.8356490471053577,2016,4,106,7837,-5056,1459468800000
2018,9,227,233,7430.08,6650.78,182.93,28.544120171673818,0.7851072961373391,2018,9,227,1994,-1761,1535760000000
2017,9,100,183344,2699277.6599999997,2182751.08,268740.25,11.905222314338076,1.465770627890741,2017,9,100,137942,45402,1504224000000
2020,9,211,6143,105704.69,70007.79,13268.68,11.396351945303596,2.1599674426176136,2020,9,211,8705,-2562,1598918400000
2018,4,97,8901,141404.85,117412.22,13481.72,13.190902145826312,1.5146298168745085,2018,4,97,15806,-6905,1522540800000
2020,4,255,32,517.54,365.04,70.86,11.4075,2.214375,2020,4,255,161,-129,1585699200000
2020,5,66,118,2514.05,1976.35,221.58,16.74872881355932,1.8777966101694916,2020,5,66,338,-220,1588291200000
2016,6,247,2239,37448.99,31486.5,2795.07,14.062751228226887,1.2483564091112105,2016,6,247,5668,-3429,1464739200000
2021,2,93,122,5813.15,4434.01,748.95,36.34434426229508,6.1389344262295085,2021,2,93,251,-129,1612137600000
2021,6,150,110,4586.39,4023.84,48.489999999999995,36.580363636363636,0.4408181818181818,2021,6,150,295,-185,1622505600000
2022,9,86,117,5860.29,5408.84,81.4,46.229401709401714,0.6957264957264958,2022,9,86,576,-459,1661990400000
2024,2,154,50,1493.5,1156.69,220.23,23.1338,4.404599999999999,2024,2,154,288,-238,1706745600000
2024,4,19,142,5601.41,5028.36,182.16,35.41098591549296,1.2828169014084507,2024,4,19,492,-350,1711929600000
2024,3,120,29,808.0,677.91,40.39,23.37620689655172,1.3927586206896552,2024,3,120,213,-184,1709251200000
2017,3,157,481,15944.34,12701.14,1674.41,26.405696465696465,3.4811018711018713,2017,3,157,3827,-3346,1488326400000
2024,1,74,6144,128793.41,100312.31,9311.19,16.326873372395834,1.5154931640625,2024,1,74,19096,-12952,1704067200000
2017,9,89,729,13290.62,11364.37,838.16,15.588984910836764,1.1497393689986282,2017,9,89,7928,-7199,1504224000000
2018,5,102,110,2815.31,2468.1,147.81,22.437272727272727,1.3437272727272727,2018,5,102,1137,-1027,1525132800000
2016,1,56,393,11197.12,9162.1,1095.99,23.31323155216285,2.7887786259541985,2016,1,56,3179,-2786,1451606400000
2017,8,141,181797,2242617.64,1775930.0,249037.12,9.76875305973146,1.3698637491267733,2017,8,141,187027,-5230,1501545600000
2021,10,133,119,4440.44,3793.54,207.68,31.878487394957983,1.7452100840336136,2021,10,133,958,-839,1633046400000
2022,6,83,188,5457.92,4462.3,616.02,23.73563829787234,3.2767021276595742,2022,6,83,1051,-863,1654041600000
2025,4,265,1635,161620.58,140770.05,14876.99,86.09788990825687,9.099076452599387,2025,4,265,15662,-14027,1743465600000
2025,9,260,2925,84901.47,69641.99,4821.04,23.809227350427353,1.6482188034188034,2025,9,260,4039,-1114,1756684800000
2024,4,146,1737,44114.46,35307.74,2990.12,20.32685089234312,1.7214277489925158,2024,4,146,2517,-780,1711929600000
2019,2,251,13,673.99,565.64,44.12,43.51076923076923,3.3938461538461535,2019,2,251,125,-112,1548979200000
2020,1,38,260,10271.73,9268.94,35.46,35.64976923076923,0.13638461538461538,2020,1,38,788,-528,1577836800000
2024,1,166,13806,313315.79,224935.28,38730.07,16.29257424308272,2.8053071128494858,2024,1,166,21500,-7694,1704067200000
2021,12,164,71168,1323854.4000000001,874798.75,165335.26,12.292023802832734,2.3231685589028777,2021,12,164,66081,5087,1638316800000
2022,9,218,219,7929.0199999999995,7231.38,196.64,33.02,0.8978995433789954,2022,9,218,1227,-1008,1661990400000
2022,8,61,588,17191.52,14711.89,1481.08,25.020221088435374,2.518843537414966,2022,8,61,5520,-4932,1659312000000
2023,9,75,16819,370777.65,267711.81,37999.69,15.917225162019145,2.2593311136214997,2023,9,75,31932,-15113,1693526400000
2017,2,158,111505,1647379.51,1306342.91,198651.65,11.715554549123357,1.7815492578808125,2017,2,158,105084,6421,1485907200000
2020,11,233,19663,306331.78,198538.75,36406.0,10.097073183135839,1.8514977368661953,2020,11,233,22527,-2864,1604188800000
2024,5,45,5575,159843.01,118523.96,15694.36,21.259903139013453,2.8151318385650224,2024,5,45,10376,-4801,1714521600000
2019,12,4,11516,212255.37,146084.34,23085.71,12.685336922542549,2.004663945814519,2019,12,4,29149,-17633,1575158400000
2022,9,37,435,14106.72,11399.5,1623.67,26.20574712643678,3.7325747126436783,2022,9,37,4108,-3673,1661990400000
2024,7,139,200,9574.17,8949.58,57.21,44.7479,0.28605,2024,7,139,834,-634,1719792000000
2025,4,182,1016,33691.0,29768.73,17.08,29.299931102362205,0.01681102362204724,2025,4,182,904,112,1743465600000
2024,4,171,76,2768.99,2476.06,43.51,32.57973684210526,0.5725,2024,4,171,576,-500,1711929600000
2018,10,87,67195,1437962.51,1167644.38,174300.19,17.376953344742912,2.5939458293027755,2018,10,87,72892,-5697,1538352000000
2019,1,83,879,15073.01,13069.22,658.21,14.868282138794083,0.7488168373151308,2019,1,83,2811,-1932,1546300800000
2018,8,21,192,6558.66,5845.49,161.62,30.445260416666667,0.8417708333333334,2018,8,21,1212,-1020,1533081600000
2016,3,9,52,1132.93,965.24,83.39,18.56230769230769,1.603653846153846,2016,3,9,660,-608,1456790400000
2016,9,1,795,68609.56,57618.79,8178.89,72.47646540880503,10.287911949685535,2016,9,1,21392,-20597,1472688000000
2016,2,27,1,5.8,5.0,0.0,5.0,0.0,2016,2,27,107,-106,1454284800000
2019,7,151,53457,813629.1100000001,578173.75,90089.12,10.815678956918644,1.685263295733019,2019,7,151,50920,2537,1561939200000
2021,10,109,3,116.5,98.5,0.0,32.833333333333336,0.0,2021,10,109,34,-31,1633046400000
2021,5,218,427,17528.45,15251.51,128.32999999999998,35.71782201405152,0.3005386416861826,2021,5,218,963,-536,1619827200000
2024,2,185,122,4227.68,3825.71,38.91,31.35827868852459,0.3189344262295082,2024,2,185,325,-203,1706745600000
2017,2,124,65,3186.51,2625.51,284.14,40.39246153846154,4.371384615384615,2017,2,124,903,-838,1485907200000
2024,11,229,60978,1348911.65,894693.95,170188.25,14.672405621699628,2.790977893666568,2024,11,229,74723,-13745,1730419200000
2021,5,156,11,700.6,567.7,0.0,51.60909090909092,0.0,2021,5,156,54,-43,1619827200000
2022,3,9,23,933.92,824.13,33.94,35.831739130434784,1.4756521739130435,2022,3,9,333,-310,1646092800000
2025,3,243,3103,81129.83,67840.35,1635.8,21.86282629713181,0.527167257492749,2025,3,243,12142,-9039,1740787200000
2023,7,127,183,8364.7,7016.71,456.89,38.342677595628416,2.4966666666666666,2023,7,127,1878,-1695,1688169600000
2023,5,53,60,2703.95,2228.61,186.09,37.1435,3.1015,2023,5,53,447,-387,1682899200000
2023,6,154,20,1326.71,1113.1100000000001,127.15,55.6555,6.3575,2023,6,154,57,-37,1685577600000
2021,10,237,172928,2669517.06,1694723.86,345461.26,9.80017035991858,1.9977173158771282,2021,10,237,152610,20318,1633046400000
2025,3,74,15126,315734.56,253570.91,11507.18,16.763910485257174,0.7607549914055269,2025,3,74,30454,-15328,1740787200000
2025,8,162,108965,2493291.04,1565719.27,311585.97,14.369010875051622,2.8595050704354605,2025,8,162,95346,13619,1754006400000
2017,10,209,19863,376815.18,309365.45,41904.16,15.574960982731714,2.1096591652821832,2017,10,209,26867,-7004,1506816000000
2020,8,60,201,7181.9,6248.58,275.13,31.087462686567164,1.3688059701492536,2020,8,60,454,-253,1596240000000
2021,4,132,52481,2878596.15,2288737.77,304674.73,43.61078809473905,5.805429202949639,2021,4,132,7892,44589,1617235200000
2021,10,34,81,2284.0099999999998,1727.78,320.48,21.330617283950616,3.9565432098765436,2021,10,34,416,-335,1633046400000
2020,4,219,117,4682.39,4073.91,230.36,34.81974358974359,1.968888888888889,2020,4,219,183,-66,1585699200000
2024,7,248,173,6284.67,5678.6,24.05,32.8242774566474,0.13901734104046243,2024,7,248,314,-141,1719792000000
2017,12,55,84,2822.98,2395.41,237.82,28.516785714285714,2.8311904761904763,2017,12,55,701,-617,1512086400000
2017,9,10,2415,157240.32,124744.87,17307.51,51.65419047619047,7.166670807453415,2017,9,10,3695,-1280,1504224000000
2024,9,140,66861,1547585.9000000001,1059488.76,176152.68,15.846139902185131,2.634610310943599,2024,9,140,69605,-2744,1725148800000
2017,10,44,3,256.47,211.0,26.05,70.33333333333333,8.683333333333334,2017,10,44,29,-26,1506816000000
2021,9,184,12,558.75,469.09000000000003,20.509999999999998,39.090833333333336,1.7091666666666665,2021,9,184,54,-42,1630454400000
2022,12,13,19093,536033.71,385712.87,69485.17,20.201794898653958,3.639300790865762,2022,12,13,26184,-7091,1669852800000
2023,9,78,182,5639.35,5028.36,56.46,27.628351648351646,0.31021978021978025,2023,9,78,362,-180,1693526400000
2017,6,154,23,1122.86,890.01,134.42,38.69608695652174,5.844347826086956,2017,6,154,98,-75,1496275200000
2023,12,238,67857,1459539.27,968230.92,185480.96,14.268696228834166,2.7334093755986855,2023,12,238,76751,-8894,1701388800000
2016,2,197,431,15920.13,12958.7,1981.79,30.066589327146172,4.598120649651972,2016,2,197,2412,-1981,1454284800000
2018,10,187,19,1093.4,849.31,30.83,44.70052631578947,1.6226315789473684,2018,10,187,46,-27,1538352000000
2019,2,48,224148,3682171.07,2463605.91,403652.07,10.990978772953586,1.8008283366347235,2019,2,48,193359,30789,1548979200000
2020,4,151,5660,73634.94,53563.09,7476.34,9.463443462897526,1.3209081272084806,2020,4,151,4259,1401,1585699200000
2023,3,57,8,469.33,403.3,43.43,50.4125,5.42875,2023,3,57,67,-59,1677628800000
2025,8,118,24,784.94,526.36,31.89,21.93166666666667,1.32875,2025,8,118,110,-86,1754006400000
2019,1,68,172394,2401319.29,1894248.71,283166.87000000005,10.987903929371091,1.6425564114760378,2019,1,68,167374,5020,1546300800000
2020,5,203,132,6021.17,5431.46,85.25,41.14742424242424,0.6458333333333334,2020,5,203,180,-48,1588291200000
2017,10,88,39302,853742.65,698228.62,98503.63,17.765727443895983,2.5063261411632998,2017,10,88,43227,-3925,1506816000000
2018,9,160,172,4878.52,4121.45,308.28,23.96191860465116,1.7923255813953487,2018,9,160,2446,-2274,1535760000000
2025,1,169,438,12866.61,11539.65,15.620000000000001,26.346232876712328,0.03566210045662101,2025,1,169,727,-289,1735689600000
2020,10,66,392,10809.24,8919.24,1124.51,22.75316326530612,2.8686479591836735,2020,10,66,1564,-1172,1601510400000
2018,6,221,15,591.27,475.0,21.75,31.666666666666668,1.45,2018,6,221,169,-154,1527811200000
2019,5,92,612,21308.34,18274.37,809.38,29.860081699346402,1.322516339869281,2019,5,92,3614,-3002,1556668800000
2019,5,151,67423,1031201.9400000001,730661.01,115947.09,10.836969728430951,1.71969639440547,2019,5,151,65845,1578,1556668800000
2024,10,82,952,33320.42,28267.67,1662.8600000000001,29.692930672268904,1.746701680672269,2024,10,82,2253,-1301,1727740800000
2016,5,256,20146,323338.47000000003,261788.88,35975.15,12.994583540156855,1.7857217313610643,2016,5,256,41969,-21823,1462060800000
2019,3,52,4115,77140.89,58845.83,9798.0,14.300323207776428,2.381044957472661,2019,3,52,6517,-2402,1551398400000
2017,8,130,799,40709.37,32717.1,4154.38,40.94755944931164,5.199474342928661,2017,8,130,2668,-1869,1501545600000
2019,6,91,787,24884.22,22898.57,65.95,29.096022871664548,0.0837992376111817,2019,6,91,1857,-1070,1559347200000
2022,3,236,152290,2478299.97,1588877.68,331194.67,10.433237113402061,2.174763083590518,2022,3,236,157835,-5545,1646092800000
2019,2,128,85,2642.9700000000003,2259.52,73.23,26.582588235294118,0.8615294117647059,2019,2,128,420,-335,1548979200000
2017,7,63,81,2578.97,2156.3,276.03000000000003,26.62098765432099,3.407777777777778,2017,7,63,1019,-938,1498867200000
2022,10,28,292,13980.93,11155.87,1474.91,38.205034246575345,5.051061643835617,2022,10,28,1231,-939,1664582400000
2025,2,93,449,28433.21,22774.54,3165.57,50.72280623608018,7.050267260579065,2025,2,93,1915,-1466,1738368000000
2019,2,220,505,15770.58,14199.26,126.01,28.117346534653464,0.24952475247524752,2019,2,220,3099,-2594,1548979200000
2018,11,87,56039,1192388.73,966657.22,146185.92999999996,17.249722871571585,2.6086462998982847,2018,11,87,62875,-6836,1541030400000
2020,11,170,46759,741652.11,481987.7,89710.71,10.307912915160719,1.9185763168587866,2020,11,170,44482,2277,1604188800000
2017,3,109,7,262.19,173.5,71.51,24.785714285714285,10.215714285714286,2017,3,109,111,-104,1488326400000
2019,6,93,1436,89307.33,68632.26,10228.5,47.79405292479108,7.122910863509749,2019,6,93,5601,-4165,1559347200000
2016,3,130,1001,54173.71,43586.98,5394.74,43.543436563436565,5.389350649350649,2016,3,130,2863,-1862,1456790400000
2019,6,139,257,9973.34,9100.56,119.49,35.410739299610896,0.4649416342412451,2019,6,139,957,-700,1559347200000
2016,2,166,59444,867237.79,694780.04,97206.82,11.687975910100263,1.6352671421842409,2016,2,166,89939,-30495,1454284800000
2020,11,248,297,12579.67,10711.1,776.06,36.06430976430977,2.6129966329966328,2020,11,248,570,-273,1604188800000
2022,3,137,46743,793616.52,516783.67,98027.44,11.055851571358279,2.0971576492736883,2022,3,137,49583,-2840,1646092800000
2022,6,172,6,367.75,287.4,43.8,47.9,7.3,2022,6,172,38,-32,1654041600000
2022,6,143,44248,773434.36,508654.6,100421.89,11.495538781413849,2.2695238202856625,2022,6,143,54032,-9784,1654041600000
2023,10,230,117737,3525149.52,2415327.79,437384.87,20.514602801158514,3.7149313299982163,2023,10,230,107652,10085,1696118400000
2025,2,63,1007,28088.81,25524.93,177.91,25.34749751737835,0.17667328699106255,2025,2,63,1287,-280,1738368000000
2017,9,141,200072,2513639.77,1997331.38,280646.77999999997,9.983062997320964,1.4027289175896676,2017,9,141,201575,-1503,1504224000000
2018,7,217,457,6713.93,5715.71,438.42,12.507024070021881,0.9593435448577681,2018,7,217,2137,-1680,1530403200000
2019,2,134,673,24349.09,20488.2,1569.1,30.443090638930165,2.3315007429420502,2019,2,134,2092,-1419,1548979200000
2020,11,146,1445,28911.32,23226.74,2239.45,16.073868512110728,1.5497923875432524,2020,11,146,1498,-53,1604188800000
2018,6,212,144,2964.72,2626.0,130.78,18.23611111111111,0.9081944444444444,2018,6,212,1182,-1038,1527811200000
2019,11,186,246492,4595346.48,3138096.95,535536.5800000001,12.731029607451763,2.172632702075524,2019,11,186,175684,70808,1572566400000
2021,5,184,28,1327.25,1186.14,26.060000000000002,42.362142857142864,0.9307142857142858,2021,5,184,76,-48,1619827200000
2016,12,34,376,6062.88,4869.5,716.94,12.950797872340425,1.9067553191489364,2016,12,34,1332,-956,1480550400000
2017,3,192,109,2729.21,2289.0,182.73000000000002,21.0,1.676422018348624,2017,3,192,857,-748,1488326400000
2022,4,25,1982,48160.14,37827.9,6084.49,19.08572149344097,3.0698738647830472,2022,4,25,5963,-3981,1648771200000
2022,12,166,18013,383349.03,277798.39,49727.87,15.422105701437852,2.7606656303780603,2022,12,166,23947,-5934,1669852800000
2024,3,172,11,557.99,421.79,27.979999999999997,38.344545454545454,2.5436363636363635,2024,3,172,34,-23,1709251200000
2017,7,52,4414,80753.98,65624.7,10349.32,14.86739918441323,2.344657906660625,2017,7,52,6657,-2243,1498867200000
2022,11,138,95319,4389870.27,3007082.91,604967.7899999999,31.54757089352595,6.346770213703458,2022,11,138,44103,51216,1667260800000
2023,5,249,74271,1733112.68,1138905.21,231990.57,15.334453689865493,3.123568687643899,2023,5,249,55582,18689,1682899200000
2025,3,254,1210,38832.05,35682.3,60.61,29.489504132231406,0.05009090909090909,2025,3,254,1249,-39,1740787200000
2024,10,72,1122,32473.01,30618.59,71.28999999999999,27.289295900178253,0.06353832442067736,2024,10,72,1299,-177,1727740800000
2018,12,32,341,12437.67,11050.14,231.73,32.40510263929619,0.6795601173020528,2018,12,32,1033,-692,1543622400000
2016,8,202,688,12459.33,10584.2,1019.41,15.384011627906977,1.4817005813953488,2016,8,202,4973,-4285,1470009600000
2020,1,169,377,12903.76,11546.91,62.67,30.62840848806366,0.16623342175066314,2020,1,169,1228,-851,1577836800000
2016,12,173,488,6688.33,5604.8,361.77,11.485245901639345,0.7413319672131147,2016,12,173,3368,-2880,1480550400000
2021,8,139,162,8019.21,7168.67,58.25,44.25104938271605,0.3595679012345679,2021,8,139,742,-580,1627776000000
2017,9,209,19803,376229.06,308548.6,42110.68,15.580901883552995,2.126479826288946,2017,9,209,25138,-5335,1504224000000
2023,2,3,45,1711.97,1528.51,27.81,33.96688888888889,0.618,2023,2,3,213,-168,1675209600000
2016,3,211,107921,1581977.32,1269799.61,178699.53,11.766010415025807,1.6558364915076769,2016,3,211,110420,-2499,1456790400000
2017,12,85,170,2819.9700000000003,2363.5,225.06,13.902941176470588,1.3238823529411765,2017,12,85,1359,-1189,1512086400000
2019,4,158,71855,1293940.6600000001,861757.43,158853.24000000002,11.993005775520146,2.210747199220653,2019,4,158,72678,-823,1554076800000
2020,12,13,5080,111170.39,77438.58,14510.27,15.243814960629921,2.8563523622047247,2020,12,13,6305,-1225,1606780800000
2018,10,15,102,4356.82,3606.71,352.32,35.35990196078431,3.4541176470588235,2018,10,15,830,-728,1538352000000
2019,7,242,416,11593.57,10265.76,56.06,24.677307692307693,0.1347596153846154,2019,7,242,1064,-648,1561939200000
2021,9,42,5079,99257.19,81113.7,6266.57,15.970407560543414,1.2338196495373104,2021,9,42,14772,-9693,1630454400000
2021,12,96,13,321.02,249.14,15.23,19.164615384615384,1.1715384615384616,2021,12,96,61,-48,1638316800000
2022,11,256,1186,31489.5,24317.54,4183.71,20.50382799325464,3.5275801011804386,2022,11,256,6892,-5706,1667260800000
2023,8,28,314,14139.36,11772.13,1097.17,37.49085987261146,3.4941719745222932,2023,8,28,1481,-1167,1690848000000
2016,9,219,609,39885.74,33292.43,3560.66,54.66737274220033,5.846732348111658,2016,9,219,2012,-1403,1472688000000
2017,6,126,172,3317.81,2774.39,291.48,16.13017441860465,1.6946511627906977,2017,6,126,1246,-1074,1496275200000
2016,6,181,17490,298797.3,241780.69,34385.25,13.823938822184106,1.9659948542024013,2016,6,181,43068,-25578,1464739200000
2022,11,121,75,2271.29,2060.75,39.84,27.476666666666667,0.5312,2022,11,121,583,-508,1667260800000
2024,4,142,116871,2519911.51,1642837.68,317771.57,14.056846266396283,2.7189941901754926,2024,4,142,100592,16279,1711929600000
2019,7,113,93664,1535096.05,1007589.53,180887.47,10.757489857362488,1.9312379355995901,2019,7,113,80193,13471,1561939200000
2018,2,82,2052,38197.280000000006,31866.12,2524.46,15.529298245614035,1.230243664717349,2018,2,82,6963,-4911,1517443200000
2022,3,215,327,19352.55,15408.12,1767.91,47.11963302752294,5.40645259938838,2022,3,215,717,-390,1646092800000
2024,3,247,563,16295.06,14272.12,319.4,25.3501243339254,0.5673179396092362,2024,3,247,963,-400,1709251200000
2024,4,98,90,2908.36,2657.37,27.95,29.526333333333334,0.31055555555555553,2024,4,98,458,-368,1711929600000
2025,5,9,234,5861.96,5051.23,130.24,21.58645299145299,0.5565811965811966,2025,5,9,641,-407,1746057600000
2020,9,237,68601,983720.3099999999,618445.43,119353.26,9.015108088803371,1.7398180784536668,2020,9,237,59804,8797,1598918400000
2021,7,144,23357,436946.39,296514.08,54175.5,12.694870060367343,2.3194545532388577,2021,7,144,26717,-3360,1625097600000
2025,6,190,488,13449.39,11561.44,189.73,23.691475409836066,0.38879098360655734,2025,6,190,875,-387,1748736000000
2016,9,16,33,1015.67,907.0,55.78,27.484848484848484,1.6903030303030304,2016,9,16,1444,-1411,1472688000000
2016,8,3,31,832.69,714.1,66.37,23.03548387096774,2.140967741935484,2016,8,3,648,-617,1470009600000
2025,9,188,4760,138586.9,124752.76,746.74,26.208563025210083,0.1568781512605042,2025,9,188,6573,-1813,1756684800000
2016,9,62,652,10144.04,8468.1,816.82,12.987883435582823,1.2527914110429448,2016,9,62,5363,-4711,1472688000000
2025,8,109,8,544.97,468.87,25.65,58.60875,3.20625,2025,8,109,52,-44,1754006400000
2016,3,23,11,400.99,294.01,58.480000000000004,26.728181818181817,5.316363636363636,2016,3,23,210,-199,1456790400000
2017,3,154,30,1724.9099999999999,1453.5,132.56,48.45,4.418666666666667,2017,3,154,90,-60,1488326400000
2025,6,203,442,16730.78,15308.11,226.1,34.63373303167421,0.5115384615384615,2025,6,203,1265,-823,1748736000000
2019,9,257,282,8471.67,6861.54,540.29,24.331702127659575,1.9159219858156027,2019,9,257,2948,-2666,1567296000000
2020,3,5,6,533.0699999999999,495.42,0.0,82.57000000000001,0.0,2020,3,5,28,-22,1583020800000
2022,6,15,20,836.12,737.39,46.98,36.8695,2.3489999999999998,2022,6,15,396,-376,1654041600000
2018,10,63,219,8353.83,7427.78,285.65,33.916803652968035,1.304337899543379,2018,10,63,987,-768,1538352000000
2017,11,172,6,424.61,377.78,31.01,62.96333333333333,5.168333333333334,2017,11,172,92,-86,1509494400000
2024,9,170,102005,2476666.94,1672227.6700000002,298371.16,16.39358531444537,2.9250640654869855,2024,9,170,105498,-3493,1725148800000
2017,8,124,88,4084.31,3422.25,346.72,38.88920454545455,3.9400000000000004,2017,8,124,998,-910,1501545600000
2023,5,42,3142,77297.08,62853.47,4814.86,20.00428707829408,1.5324188415022277,2023,5,42,13010,-9868,1682899200000
2024,9,36,1110,34603.78,30458.17,807.91,27.43979279279279,0.7278468468468469,2024,9,36,2878,-1768,1725148800000
2022,4,50,27657,498803.77999999997,333385.29,61436.58,12.054282460136674,2.2213754203275844,2022,4,50,40410,-12753,1648771200000
2016,9,246,157822,2713443.21,2232036.27,274729.42,14.142744801105042,1.7407549010911025,2016,9,246,191750,-33928,1472688000000
2019,4,221,7,185.26,157.5,3.42,22.5,0.48857142857142855,2019,4,221,140,-133,1554076800000
2017,6,260,5738,96035.81,81368.11,6664.95,14.180569884977345,1.1615458347856396,2017,6,260,11743,-6005,1496275200000
2024,12,13,21433,698345.61,504098.26,86443.29,23.519724723557133,4.033186674753884,2024,12,13,27374,-5941,1733011200000
2018,4,57,19,634.78,528.0,76.06,27.789473684210527,4.003157894736842,2018,4,57,447,-428,1522540800000
2025,7,97,5746,150607.58,127523.36,4001.07,22.193414549251653,0.6963226592412113,2025,7,97,7057,-1311,1751328000000
2019,12,182,354,11873.56,10116.4,97.53,28.577401129943503,0.2755084745762712,2019,12,182,984,-630,1575158400000
2018,10,75,60986,825801.4800000001,672131.92,75586.83,11.021085495031647,1.239412816056144,2018,10,75,104256,-43270,1538352000000
2019,1,226,12051,243809.31,205977.23,19064.06,17.092127624263547,1.5819483860260561,2019,1,226,18459,-6408,1546300800000
2017,3,115,15,288.57,255.0,20.07,17.0,1.338,2017,3,115,136,-121,1488326400000
2017,3,257,383,7395.24,5951.4,835.44,15.538903394255874,2.1813054830287206,2017,3,257,5648,-5265,1488326400000
2019,4,89,1629,46495.92,40755.93,679.14,25.01898710865562,0.4169060773480663,2019,4,89,6842,-5213,1554076800000
2020,2,164,145734,2520779.12,1641196.67,308689.54,11.261590774973582,2.11817105136756,2020,2,164,128912,16822,1580515200000
2021,7,220,255,9333.77,7887.28,242.72,30.930509803921566,0.951843137254902,2021,7,220,1457,-1202,1625097600000
2020,2,159,558,11995.26,10286.6,164.57,18.434767025089606,0.2949283154121864,2020,2,159,1812,-1254,1580515200000
2023,1,143,34864,728569.15,473732.2,92315.3,13.588004818724185,2.64786886186324,2023,1,143,48384,-13520,1672531200000
2023,7,62,234,7551.9,6623.45,360.3,28.305341880341878,1.5397435897435898,2023,7,62,1407,-1173,1688169600000
2025,1,45,6185,153798.13,107738.53,13475.04,17.419325788197252,2.1786645109135003,2025,1,45,10135,-3950,1735689600000
2016,1,62,776,12348.27,10211.4,1207.0,13.159020618556701,1.5554123711340206,2016,1,62,6294,-5518,1451606400000
2017,5,92,497,15376.74,13579.6,870.56,27.323138832997987,1.751629778672032,2017,5,92,4365,-3868,1493596800000
2020,7,258,256,13121.380000000001,11819.34,238.43,46.169296875,0.9313671875,2020,7,258,402,-146,1593561600000
2021,12,152,2518,44423.95,35056.66,3890.04,13.922422557585387,1.5448927720413026,2021,12,152,4885,-2367,1638316800000
2021,12,204,2,527.35,391.5,89.7,195.75,44.85,2021,12,204,14,-12,1638316800000
2019,4,19,263,7622.28,6879.6,55.52,26.158174904942967,0.21110266159695817,2019,4,19,775,-512,1554076800000
2019,7,48,203107,3527235.58,2374990.89,374427.93000000005,11.693299049269598,1.8435008640765707,2019,7,48,183156,19951,1561939200000
2022,5,203,88,3778.15,3386.13,162.47,38.47875,1.84625,2022,5,203,561,-473,1651363200000
2024,11,22,363,11054.62,10195.98,80.67999999999999,28.08809917355372,0.22225895316804406,2024,11,22,799,-436,1730419200000
2016,4,8,118,3809.3,2913.0,540.5,24.6864406779661,4.580508474576271,2016,4,8,238,-120,1459468800000
2020,2,127,626,14442.22,11994.19,1001.18,19.160047923322683,1.5993290734824281,2020,2,127,4377,-3751,1580515200000
2016,9,217,1220,16539.71,13604.5,1372.98,11.151229508196721,1.1253934426229508,2016,9,217,4327,-3107,1472688000000
2022,10,53,41,1601.29,1375.3,71.44,33.543902439024386,1.742439024390244,2022,10,53,391,-350,1664582400000
2023,7,54,68,2453.32,1932.93,274.54,28.42544117647059,4.037352941176471,2023,7,54,626,-558,1688169600000
2017,5,26,212,4801.45,4172.4,256.02,19.681132075471698,1.207641509433962,2017,5,26,2107,-1895,1493596800000
2019,3,248,269,8213.82,7366.67,91.64,27.38539033457249,0.34066914498141265,2019,3,248,976,-707,1551398400000
2020,1,235,496,15218.619999999999,13303.32,67.34,26.821209677419354,0.13576612903225807,2020,1,235,1457,-961,1577836800000
2021,4,115,29,1961.78,1604.87,10.0,55.3403448275862,0.3448275862068966,2021,4,115,83,-54,1617235200000
2016,1,17,4761,66331.44,54263.68,6190.18,11.397538332283133,1.3001848351186727,2016,1,17,22456,-17695,1451606400000
2022,10,152,3024,56432.67,43427.84,6090.94,14.3610582010582,2.0141997354497354,2022,10,152,5899,-2875,1664582400000
2023,10,254,268,9373.15,8570.92,34.07,31.981044776119404,0.1271268656716418,2023,10,254,570,-302,1696118400000
2022,3,87,18459,447644.31,317083.11,59095.31,17.177697058345522,3.2014361558047564,2022,3,87,24613,-6154,1646092800000
2018,3,23,8,297.40000000000003,274.5,15.0,34.3125,1.875,2018,3,23,161,-153,1519862400000
2019,6,120,55,1848.38,1531.96,91.11999999999999,27.853818181818184,1.6567272727272726,2019,6,120,353,-298,1559347200000
2019,2,148,88680,1586693.11,1079970.57,187793.74,12.178287889039243,2.1176560667568785,2019,2,148,70624,18056,1548979200000
2016,9,169,181,3866.31,3330.6,252.41,18.40110497237569,1.3945303867403314,2016,9,169,1849,-1668,1472688000000
2023,9,6,23,1102.59,700.9,111.52,30.47391304347826,4.848695652173913,2023,9,6,72,-49,1693526400000
2018,12,79,222368,3141258.37,2485198.4,376127.31000000006,11.176061303784717,1.6914632950784287,2018,12,79,183557,38811,1543622400000
2020,7,140,26115,462263.02,320377.51,48494.25,12.26794983725828,1.856950028719127,2020,7,140,23094,3021,1593561600000
2022,1,10,575,33399.7,26318.44,3655.0,45.7712,6.356521739130435,2022,1,10,2045,-1470,1640995200000
2019,9,14,665,22853.17,19891.44,745.8199999999999,29.91193984962406,1.121533834586466,2019,9,14,5086,-4421,1567296000000
2020,7,129,722,19393.52,16710.28,908.41,23.14443213296399,1.258185595567867,2020,7,129,1992,-1270,1593561600000
2016,4,216,1055,41213.73,33066.49,4675.67,31.34264454976303,4.431914691943128,2016,4,216,4668,-3613,1459468800000
2025,10,222,1029,35179.83,33120.18,88.74,32.1867638483965,0.08623906705539358,2025,10,222,1207,-178,1759276800000
2023,6,126,74,2519.74,2181.9,19.439999999999998,29.485135135135135,0.2627027027027027,2023,6,126,298,-224,1685577600000
2016,3,202,700,13049.86,10941.16,1232.98,15.630228571428571,1.7614,2016,3,202,6417,-5717,1456790400000
2016,3,78,115,1902.74,1645.5,104.08,14.308695652173913,0.9050434782608695,2016,3,78,1209,-1094,1456790400000
2016,4,66,5639,103019.74,84949.56,11751.02,15.06464976059585,2.0838836673169,2016,4,66,18387,-12748,1459468800000
2016,8,118,4,361.40999999999997,315.0,37.67,78.75,9.4175,2016,8,118,177,-173,1470009600000
2022,4,18,92,3423.58,3021.42,89.96000000000001,32.841521739130435,0.9778260869565218,2022,4,18,573,-481,1648771200000
2016,1,5,3,294.4,267.0,26.0,89.0,8.666666666666666,2016,1,5,56,-53,1451606400000
2016,6,80,9792,155935.9,125028.91,17748.63,12.768475285947712,1.8125643382352943,2016,6,80,25468,-15676,1464739200000
2021,9,99,1,108.35,101.0,0.0,101.0,0.0,2021,9,99,3,-2,1630454400000
2017,11,198,228,4462.64,3779.3,343.15,16.575877192982457,1.5050438596491227,2017,11,198,4862,-4634,1509494400000
2020,6,1,25,1719.08,1396.43,221.65,55.857200000000006,8.866,2020,6,1,358,-333,1590969600000
2016,7,162,349465,5193843.57,4116607.56,593874.22,11.779742062867527,1.6993811111270083,2016,7,162,326228,23237,1467331200000
2016,3,180,102,3987.4,3410.84,313.86,33.43960784313725,3.077058823529412,2016,3,180,951,-849,1456790400000
2024,8,190,101,3556.96,3020.82,307.88,29.909108910891092,3.0483168316831684,2024,8,190,401,-300,1722470400000
2025,1,190,97,2295.29,1906.01,76.67999999999999,19.64958762886598,0.7905154639175257,2025,1,190,357,-260,1735689600000
2017,2,153,110,1576.1200000000001,1354.3,88.55,12.31181818181818,0.8049999999999999,2017,2,153,451,-341,1485907200000
2017,2,81,50,1376.21,1136.14,134.45,22.722800000000003,2.6889999999999996,2017,2,81,373,-323,1485907200000
2022,4,29,82,3956.1,3587.4700000000003,23.28,43.749634146341464,0.2839024390243903,2022,4,29,416,-334,1648771200000
2016,11,112,5950,93547.8,75262.24,10187.29,12.649115966386555,1.7121495798319328,2016,11,112,27418,-21468,1477958400000
2024,11,83,477,16558.65,13772.58,1109.54,28.873333333333335,2.3260796645702304,2024,11,83,896,-419,1730419200000
2023,1,207,219,2663.84,2017.2,194.99,9.210958904109589,0.8903652968036531,2023,1,207,226,-7,1672531200000
2024,9,73,58,1822.13,1670.24,5.99,28.797241379310346,0.10327586206896552,2024,9,73,338,-280,1725148800000
2025,11,225,4874,103162.13,85128.86,951.93,17.46591300779647,0.1953077554370127,2025,11,225,7531,-2657,1761955200000
2020,3,29,108,2981.43,2716.93,42.06,25.156759259259257,0.3894444444444445,2020,3,29,395,-287,1583020800000
2024,10,115,14,910.4200000000001,773.38,0.0,55.24142857142857,0.0,2024,10,115,36,-22,1727740800000
2025,2,193,2119,36641.96,31281.55,888.09,14.762411514865502,0.4191080698442662,2025,2,193,2345,-226,1738368000000
2020,2,27,6,391.89,344.11,0.0,57.35166666666667,0.0,2020,2,27,82,-76,1580515200000
2023,5,107,73522,1683625.3499999999,1102110.01,217512.81,14.990207148880607,2.958472430020946,2023,5,107,65871,7651,1682899200000
2024,4,135,172,6107.78,5505.03,90.67,32.00598837209302,0.5271511627906977,2024,4,135,836,-664,1711929600000
2024,8,256,1637,47335.84,39769.72,2607.33,24.294270006108736,1.592748930971289,2024,8,256,6406,-4769,1722470400000
2018,6,156,12,1248.32,1126.5,75.0,93.875,6.25,2018,6,156,93,-81,1527811200000
2025,8,155,1010,27089.19,25049.92,132.08,24.801900990099007,0.13077227722772278,2025,8,155,2268,-1258,1754006400000
2025,9,47,666,21214.03,19498.18,67.67,29.276546546546548,0.10160660660660661,2025,9,47,981,-315,1756684800000
2019,2,11,171,5573.85,4974.16,43.11,29.08865497076023,0.2521052631578947,2019,2,11,602,-431,1548979200000
2017,12,170,289422,4243636.63,3355076.66,491492.57,11.592334584102108,1.6981866271396093,2017,12,170,288993,429,1512086400000
2023,4,205,310,10977.5,10128.11,41.89,32.67132258064516,0.13512903225806452,2023,4,205,1031,-721,1680307200000
2017,10,58,5,113.0,101.0,8.0,20.2,1.6,2017,10,58,183,-178,1506816000000
2020,10,174,545,17710.02,15262.94,1260.52,28.005394495412844,2.312880733944954,2020,10,174,837,-292,1601510400000
2019,9,211,55229,992363.9900000001,669387.2,117678.48,12.12021220735483,2.130737112748737,2019,9,211,57209,-1980,1567296000000
2023,1,226,2214,72925.79,58462.21,6779.57,26.405695573622403,3.0621364046973802,2023,1,226,5829,-3615,1672531200000
2021,10,177,218,8124.94,7199.68,129.59,33.02605504587156,0.5944495412844036,2021,10,177,769,-551,1633046400000
2024,2,224,4110,93879.52,65508.24,9686.11,15.938744525547445,2.356717761557178,2024,2,224,12387,-8277,1706745600000
2019,5,122,169,7642.89,6962.04,14.71,41.19550295857988,0.0870414201183432,2019,5,122,557,-388,1556668800000
2016,2,133,753,13943.82,11512.77,1323.32,15.289203187250997,1.7573970783532535,2016,2,133,3700,-2947,1454284800000
2023,11,146,1476,36038.04,27862.68,3321.98,18.877154471544717,2.2506639566395665,2023,11,146,2570,-1094,1698796800000
2024,6,264,11519,343194.61,240949.03,42824.89,20.917530167549266,3.717761090372428,2024,6,264,17408,-5889,1717200000000
2018,10,163,235447,3765757.8699999996,3001977.34,431480.95999999996,12.750119304981588,1.8326033459759519,2018,10,163,212631,22816,1538352000000
2017,1,151,83945,1081984.6400000001,867667.35,115792.45,10.33614092560605,1.3793847161832151,2017,1,151,77862,6083,1483228800000
2020,1,41,23268,321563.21,246509.64,28245.05,10.594363073749356,1.213901065841499,2020,1,41,40133,-16865,1577836800000
2020,10,97,1567,35757.7,29989.31,3042.21,19.138040842373965,1.9414231014677727,2020,10,97,2601,-1034,1601510400000
2022,5,173,79,2555.0,2121.12,270.03000000000003,26.849620253164556,3.418101265822785,2022,5,173,791,-712,1651363200000
2022,1,257,58,2046.93,1681.51,99.17,28.99155172413793,1.7098275862068966,2022,1,257,832,-774,1640995200000
2020,5,146,627,11063.460000000001,8931.58,825.19,14.244944178628389,1.3160925039872409,2020,5,146,590,37,1588291200000
2022,1,210,111,5461.41,5021.79,5.62,45.24135135135135,0.050630630630630634,2022,1,210,430,-319,1640995200000
2019,5,171,191,7743.43,6537.42,210.68,34.22732984293194,1.1030366492146597,2019,5,171,1221,-1030,1556668800000
2016,5,188,2068,35293.27,30037.93,2828.26,14.525111218568666,1.3676305609284334,2016,5,188,10760,-8692,1462060800000
2025,6,197,3820,127463.37,113293.94,4785.38,29.65809947643979,1.252717277486911,2025,6,197,4004,-184,1748736000000
2023,2,197,319,14575.99,12437.960000000001,743.98,38.99047021943574,2.3322257053291535,2023,2,197,1110,-791,1675209600000
2023,1,198,115,4104.29,3464.29,333.9,30.124260869565216,2.903478260869565,2023,1,198,1688,-1573,1672531200000
2023,8,242,254,7728.3099999999995,6933.83,87.21,27.298543307086614,0.34334645669291336,2023,8,242,646,-392,1690848000000
2020,2,10,1888,116873.77,90406.1,12232.89,47.884586864406785,6.479284957627119,2020,2,10,4857,-2969,1580515200000
2023,3,64,43,1271.74,1060.59,104.5,24.66488372093023,2.4302325581395348,2023,3,64,425,-382,1677628800000
2017,12,201,10,370.25,320.02,34.31,32.001999999999995,3.431,2017,12,201,358,-348,1512086400000
2018,3,94,69,1313.67,1169.8,52.78,16.953623188405796,0.764927536231884,2018,3,94,763,-694,1519862400000
2022,4,227,60,2220.41,1961.75,117.06,32.69583333333333,1.951,2022,4,227,692,-632,1648771200000
2023,3,93,445,32962.92,25384.2,4246.62,57.043146067415734,9.542966292134832,2023,3,93,977,-532,1677628800000
2024,9,251,14,901.63,798.23,5.0,57.01642857142857,0.35714285714285715,2024,9,251,52,-38,1725148800000
2018,5,42,17234,232296.66,194593.57,15211.86,11.2912597191598,0.8826656609028665,2018,5,42,43066,-25832,1525132800000
2017,5,225,1154,17482.37,14487.28,1416.02,12.553968804159446,1.227053726169844,2017,5,225,12073,-10919,1493596800000
2016,5,262,145858,2086024.56,1676624.52,230786.48,11.494909569581374,1.5822682334873646,2016,5,262,148626,-2768,1462060800000
2019,5,184,37,2072.28,1875.1,51.58,50.678378378378376,1.394054054054054,2019,5,184,86,-49,1556668800000
2019,5,203,297,13617.12,12576.86,75.74000000000001,42.34632996632997,0.25501683501683503,2019,5,203,1424,-1127,1556668800000
2024,11,175,104,3919.33,3582.2,80.71,34.44423076923077,0.7760576923076923,2024,11,175,407,-303,1730419200000
2022,11,98,33,1336.7,1173.58,50.019999999999996,35.5630303030303,1.5157575757575756,2022,11,98,429,-396,1667260800000
2023,2,42,2520,53823.25,43096.13,3589.01,17.10163888888889,1.4242103174603176,2023,2,42,11256,-8736,1675209600000
2017,7,185,66,1180.14,946.17,132.81,14.335909090909091,2.012272727272727,2017,7,185,1011,-945,1498867200000
2019,12,97,5363,96098.06,77628.62,7887.64,14.47484989744546,1.4707514450867052,2019,12,97,10771,-5408,1575158400000
2022,6,141,91765,1523055.97,986171.54,197334.0,10.746706696452897,2.1504277229880673,2022,6,141,94020,-2255,1654041600000
2018,2,2,6,280.65,227.0,25.310000000000002,37.833333333333336,4.218333333333334,2018,2,2,5,1,1517443200000
2021,7,11,45,1855.23,1568.96,15.17,34.86577777777778,0.3371111111111111,2021,7,11,223,-178,1625097600000
2023,12,135,129,4138.23,3718.25,85.88,28.823643410852714,0.6657364341085271,2023,12,135,737,-608,1701388800000
2024,1,240,18,756.1,674.84,0.0,37.49111111111111,0.0,2024,1,240,74,-56,1704067200000
2016,12,92,485,9685.91,8329.03,581.77,17.173257731958763,1.1995257731958762,2016,12,92,3822,-3337,1480550400000
2018,7,18,136,3079.31,2590.64,149.47,19.048823529411763,1.099044117647059,2018,7,18,1224,-1088,1530403200000
2019,1,161,312859,4446071.15,3458578.45,549294.0,11.054751341658703,1.7557238244704483,2019,1,161,294046,18813,1546300800000
2016,10,17,3787,55188.74,45449.02,4813.75,12.001325587536307,1.2711249009770267,2016,10,17,20327,-16540,1475280000000
2024,11,134,620,33045.46,28018.89,3187.29,45.19175806451613,5.140790322580645,2024,11,134,1295,-675,1730419200000
2017,10,38,30,1259.58,1130.0,64.62,37.666666666666664,2.1540000000000004,2017,10,38,632,-602,1506816000000
2020,5,170,8266,130030.62999999999,86232.01,13575.1,10.432132833293007,1.6422816356157754,2020,5,170,7831,435,1588291200000
2025,9,216,3461,168911.03,146093.5,14002.45,42.21135509968217,4.045781566021382,2025,9,216,6424,-2963,1756684800000
2017,8,178,95,1558.34,1092.71,340.98,11.502210526315789,3.589263157894737,2017,8,178,658,-563,1501545600000
2016,1,141,263139,3277104.08,2619235.27,354892.69,9.95380870946534,1.3486890578743553,2016,1,141,259631,3508,1451606400000
2020,12,226,2289,50228.85,40526.5,4330.3,17.704892966360855,1.8917868064657055,2020,12,226,3448,-1159,1606780800000
2022,5,55,151,7949.14,7135.1900000000005,241.45,47.25291390728477,1.5990066225165562,2022,5,55,629,-478,1651363200000
2022,6,56,195,8112.2,6696.28,559.55,34.339897435897434,2.8694871794871792,2022,6,56,939,-744,1654041600000
2021,10,134,223,10509.76,8638.57,876.62,38.73798206278027,3.931031390134529,2021,10,134,940,-717,1633046400000
2025,6,229,66094,1474846.28,947281.83,162852.68,14.33234227010016,2.463955578418616,2025,6,229,78103,-12009,1748736000000
2017,11,114,129040,1860568.0000000002,1481231.15,219049.88,11.478852681339118,1.6975347179169251,2017,11,114,100816,28224,1509494400000
2024,6,182,340,12956.05,11833.26,6.93,34.80370588235294,0.02038235294117647,2024,6,182,473,-133,1717200000000
2021,4,252,111,4056.18,3414.93,77.1,30.765135135135132,0.6945945945945945,2021,4,252,473,-362,1617235200000
2023,7,57,9,397.15,339.0,22.05,37.666666666666664,2.45,2023,7,57,74,-65,1688169600000
2023,9,200,80,3688.23,3137.03,178.45,39.212875000000004,2.230625,2023,9,200,959,-879,1693526400000
2016,10,174,94,2010.17,1707.61,154.8,18.166063829787234,1.646808510638298,2016,10,174,1370,-1276,1475280000000
2024,12,169,355,11708.73,10581.59,159.72,29.807295774647887,0.44991549295774647,2024,12,169,647,-292,1733011200000
2020,12,45,1292,28734.72,22172.54,2345.23,17.16140866873065,1.8151934984520124,2020,12,45,2755,-1463,1606780800000
2022,8,247,388,11065.08,9248.22,658.0,23.83561855670103,1.6958762886597938,2022,8,247,1738,-1350,1659312000000
2019,3,100,163027,2829548.3000000003,1902291.44,299970.14,11.668566801818104,1.840002821618505,2019,3,100,127432,35595,1551398400000
2022,5,78,112,3329.86,2982.84,49.17,26.6325,0.4390178571428572,2022,5,78,395,-283,1651363200000
2019,7,262,67589,1120946.96,738635.46,130535.55,10.928338339078843,1.9313135273491249,2019,7,262,72432,-4843,1561939200000
2019,2,256,4606,83995.23000000001,65350.76,8195.2,14.18818063395571,1.779244463742944,2019,2,256,16581,-11975,1548979200000
2024,2,33,1507,47230.72,38042.49,4490.75,25.243855341738552,2.97992700729927,2024,2,33,7622,-6115,1706745600000
2019,6,85,466,13532.61,12139.59,117.78,26.050622317596567,0.25274678111587984,2019,6,85,1273,-807,1559347200000
2021,3,64,127,6446.4,5768.12,104.11,45.41826771653543,0.8197637795275591,2021,3,64,254,-127,1614556800000
2023,4,83,153,4628.5199999999995,3813.95,367.67,24.927777777777777,2.4030718954248367,2023,4,83,816,-663,1680307200000
2017,11,119,490,8314.26,6854.52,769.61,13.988816326530614,1.5706326530612245,2017,11,119,1772,-1282,1509494400000
2018,10,165,588,18989.52,16830.74,324.23,28.6237074829932,0.5514115646258504,2018,10,165,2289,-1701,1538352000000
2018,6,207,419,6696.32,5472.08,590.21,13.059856801909307,1.4086157517899762,2018,6,207,415,4,1527811200000
2019,1,84,1,0.31,0.01,0.0,0.01,0.0,2019,1,84,98,-97,1546300800000
2017,7,62,378,5871.18,4876.3,500.27,12.90026455026455,1.3234656084656085,2017,7,62,3855,-3477,1498867200000
2019,4,66,4238,88934.74,68401.47,9875.48,16.1400353940538,2.33022180273714,2019,4,66,12253,-8015,1554076800000
2022,4,33,2627,68148.81,52062.21,9295.2,19.81812333460221,3.5383326988960793,2022,4,33,9322,-6695,1648771200000
2017,9,97,8876,137865.51,113802.91,13199.73,12.821418431726004,1.4871259576385758,2017,9,97,15939,-7063,1504224000000
2025,11,78,1129,32952.2,29313.03,46.8,25.963711248892825,0.04145261293179805,2025,11,78,1646,-517,1761955200000
2023,7,56,176,7255.61,6082.53,441.16,34.55982954545454,2.5065909090909093,2023,7,56,860,-684,1688169600000
2023,8,53,64,2660.77,2180.54,174.97,34.0709375,2.73390625,2023,8,53,480,-416,1690848000000
2021,4,261,6765,146499.48,103801.13,16876.13,15.343847745750185,2.4946237989652627,2021,4,261,6383,382,1617235200000
2021,12,251,4,296.01,189.89,95.87,47.4725,23.9675,2021,12,251,57,-53,1638316800000
2023,1,248,54,1788.59,1570.1000000000001,14.690000000000001,29.07592592592593,0.2720370370370371,2023,1,248,293,-239,1672531200000
2018,9,132,220263,12507801.42,10276876.49,1300647.75,46.65729827524369,5.904976096757059,2018,9,132,74041,146222,1535760000000
2016,3,162,415768,6159418.47,4830545.26,735523.1,11.618367118200535,1.7690709722729983,2016,3,162,368404,47364,1456790400000
2019,2,142,216394,3406187.6,2225279.54,405219.93,10.283462295627421,1.8726024289028347,2019,2,142,192730,23664,1548979200000
2024,2,127,244,9611.12,8458.91,370.46,34.66766393442623,1.51827868852459,2024,2,127,2194,-1950,1706745600000
2018,11,9,141,3684.17,3220.72,219.65,22.841985815602836,1.5578014184397164,2018,11,9,664,-523,1541030400000
2020,3,156,11,414.44,360.02,0.0,32.72909090909091,0.0,2020,3,156,35,-24,1583020800000
2018,4,147,138,3054.64,2664.0,98.57,19.304347826086957,0.7142753623188405,2018,4,147,982,-844,1522540800000
2023,11,76,593,21431.5,19613.52,217.58,33.075075885328836,0.3669139966273187,2023,11,76,1582,-989,1698796800000
2019,10,28,1196,70800.46,54640.1,7511.65,45.68570234113712,6.280643812709029,2019,10,28,3676,-2480,1569888000000
2021,6,15,94,4048.35,3530.27,57.43,37.556063829787234,0.6109574468085106,2021,6,15,414,-320,1622505600000
2022,3,259,65,3109.7599999999998,2757.7000000000003,21.41,42.42615384615385,0.3293846153846154,2022,3,259,409,-344,1646092800000
2025,3,95,3084,83431.35,71756.29,1077.52,23.26727950713359,0.349390402075227,2025,3,95,6037,-2953,1740787200000
2025,6,147,615,16882.75,14832.03,35.769999999999996,24.117121951219513,0.058162601626016254,2025,6,147,815,-200,1748736000000
2021,6,5,7,555.0,497.0,0.0,71.0,0.0,2021,6,5,36,-29,1622505600000
2025,11,75,32728,616803.11,435679.48,45515.36,13.31213273038377,1.3907162063065266,2025,11,75,48485,-15757,1761955200000
2023,9,191,180,6521.65,5838.84,81.31,32.438,0.45172222222222225,2023,9,191,749,-569,1693526400000
2016,4,128,73,1634.8799999999999,1357.5,176.82,18.595890410958905,2.4221917808219176,2016,4,128,770,-697,1459468800000
2017,3,230,358332,5700956.07,4523749.21,626322.45,12.62446337474744,1.7478831084022637,2017,3,230,315453,42879,1488326400000
2017,8,199,1,5.8,5.0,0.0,5.0,0.0,2017,8,199,2,-1,1501545600000
2017,4,114,146858,2144673.66,1712610.96,247755.06,11.661679717822658,1.687038227403342,2017,4,114,115230,31628,1491004800000
2023,3,96,8,310.76,263.09,34.67,32.88625,4.33375,2023,3,96,91,-83,1677628800000
2025,11,184,32,784.32,681.4399999999999,0.0,21.294999999999998,0.0,2025,11,184,62,-30,1761955200000
2021,2,230,21325,341500.1,222449.87,38810.15,10.43141242672919,1.8199366940211021,2021,2,230,16257,5068,1612137600000
2024,1,95,545,17360.76,14979.560000000001,716.55,27.485431192660553,1.3147706422018348,2024,1,95,3701,-3156,1704067200000
2024,6,114,51644,1173857.7,796227.76,133714.19,15.41762373170165,2.5891524668886996,2024,6,114,36272,15372,1717200000000
2020,9,9,156,5149.8,4533.29,402.04,29.05955128205128,2.5771794871794875,2020,9,9,235,-79,1598918400000
2019,10,151,61805,937075.7000000001,660532.8,106763.65,10.687368335895155,1.7274273926057762,2019,10,151,60631,1174,1569888000000
2023,4,19,75,3259.38,2928.0,118.17999999999999,39.04,1.5757333333333332,2023,4,19,347,-272,1680307200000
2019,6,79,175434,3004306.47,1987748.95,359989.09,11.330465873205878,2.0519915751792697,2019,6,79,146016,29418,1559347200000
2016,7,101,33,855.56,694.5,120.77,21.045454545454547,3.6596969696969697,2016,7,101,586,-553,1467331200000
2021,2,101,96,4700.98,4076.12,237.42000000000002,42.459583333333335,2.473125,2021,2,101,193,-97,1612137600000
2021,2,253,8,312.01,263.99,20.0,32.99875,2.5,2021,2,253,19,-11,1612137600000
2017,1,65,12237,212241.63,175870.19,22283.89,14.372002124703767,1.8210255781645828,2017,1,65,17667,-5430,1483228800000
2018,5,218,321,10905.94,9945.01,187.99,30.981339563862928,0.5856386292834891,2018,5,218,1503,-1182,1525132800000
2021,4,173,151,4821.78,4044.81,98.17,26.78682119205298,0.6501324503311259,2021,4,173,639,-488,1617235200000
2018,6,176,2,228.4,206.8,20.0,103.4,10.0,2018,6,176,65,-63,1527811200000
2022,8,146,1848,37230.14,28873.94,3448.92,15.624426406926407,1.8662987012987013,2022,8,146,3668,-1820,1659312000000
2016,3,213,140,2359.06,1996.8,156.36,14.262857142857143,1.116857142857143,2016,3,213,1773,-1633,1456790400000
2016,9,98,44,1335.11,1177.96,110.91,26.771818181818183,2.520681818181818,2016,9,98,1165,-1121,1472688000000
2016,3,96,43,741.88,586.5,92.9,13.63953488372093,2.16046511627907,2016,3,96,235,-192,1456790400000
2018,11,22,433,15645.49,13723.21,751.02,31.693325635103925,1.7344572748267897,2018,11,22,1614,-1181,1541030400000
2017,6,78,78,1249.37,1087.76,42.72,13.945641025641025,0.5476923076923077,2017,6,78,837,-759,1496275200000
2020,4,65,391,8139.56,6689.58,706.23,17.108900255754474,1.806214833759591,2020,4,65,397,-6,1585699200000
2018,6,1,678,64303.159999999996,53915.49,7615.11,79.52137168141593,11.231725663716814,2018,6,1,17333,-16655,1527811200000
2022,2,25,1221,26793.77,21568.57,2871.55,17.664676494676495,2.351801801801802,2022,2,25,4442,-3221,1643673600000
2023,1,28,534,34996.24,27393.63,4161.26,51.298932584269664,7.792621722846443,2023,1,28,1766,-1232,1672531200000
2023,12,251,1,82.55,68.8,0.0,68.8,0.0,2023,12,251,54,-53,1701388800000
2024,7,72,981,29203.46,27561.72,147.70999999999998,28.09553516819572,0.15057084607543322,2024,7,72,1408,-427,1719792000000
2024,12,121,257,8329.289999999999,7432.57,147.26,28.920505836575874,0.5729961089494163,2024,12,121,693,-436,1733011200000
2024,6,9,66,2334.74,2048.75,126.03,31.041666666666668,1.9095454545454547,2024,6,9,406,-340,1717200000000
2025,1,74,8925,183773.22,144219.93,9845.06,16.159095798319328,1.1030879551820727,2025,1,74,22442,-13517,1735689600000
2017,4,61,2475,39462.76,32721.03,3594.26,13.220618181818182,1.4522262626262628,2017,4,61,18748,-16273,1491004800000
2017,5,158,120994,1842694.76,1466945.26,216964.06,12.124115741276427,1.7931803229912227,2017,5,158,113890,7104,1493596800000
2023,9,128,18,757.31,637.0699999999999,75.8,35.39277777777777,4.211111111111111,2023,9,128,148,-130,1693526400000
2017,11,124,99,5285.85,4463.33,448.76,45.08414141414141,4.532929292929293,2017,11,124,849,-750,1509494400000
2017,12,121,86,1649.27,1433.5,112.34,16.66860465116279,1.3062790697674418,2017,12,121,1181,-1095,1512086400000
2020,5,190,19,532.56,493.13,15.83,25.95421052631579,0.8331578947368421,2020,5,190,63,-44,1588291200000
2016,9,105,16,290.77,243.0,29.97,15.1875,1.873125,2016,9,105,17,-1,1472688000000
2022,11,229,66948,1152323.24,753879.1,151139.65,11.260666487423075,2.2575678138256556,2022,11,229,69897,-2949,1667260800000
2021,8,231,35176,703556.0,483724.23,87803.8,13.751541676142825,2.4961280418467138,2021,8,231,37527,-2351,1627776000000
2021,3,107,45852,727895.49,470873.36,88256.44,10.269418127889733,1.9248111314664573,2021,3,107,38011,7841,1614556800000
2018,2,60,53,978.65,845.5,41.36,15.952830188679245,0.780377358490566,2018,2,60,539,-486,1517443200000
2025,3,203,480,16702.82,15460.710000000001,104.08,32.209812500000005,0.21683333333333332,2025,3,203,1050,-570,1740787200000
2016,9,94,62,965.84,854.5,25.37,13.78225806451613,0.4091935483870968,2016,9,94,742,-680,1472688000000
2016,11,254,55,1101.58,968.6,64.36,17.610909090909093,1.1701818181818182,2016,11,254,817,-762,1477958400000
2019,9,151,56502,859459.76,609395.39,96548.22,10.785377331775866,1.7087575661038548,2019,9,151,55300,1202,1567296000000
2021,2,196,340,10770.61,8903.05,446.81,26.185441176470587,1.3141470588235293,2021,2,196,844,-504,1612137600000
2023,8,65,1909,63177.02,49793.41,6358.83,26.083504452592983,3.3309743321110528,2023,8,65,4824,-2915,1690848000000
2024,1,138,89530,5820806.53,3712211.93,776122.55,41.46332994526974,8.668854573885849,2024,1,138,31456,58074,1704067200000
2017,7,182,97,1593.1200000000001,1308.0,121.32,13.484536082474227,1.250721649484536,2017,7,182,1179,-1082,1498867200000
2021,11,52,818,19176.56,14608.33,2486.63,17.85859413202934,3.0398899755501225,2021,11,52,2153,-1335,1635724800000
2023,5,206,5,221.64,180.6,21.94,36.12,4.388,2023,5,206,80,-75,1682899200000
2017,4,237,390752,4673964.35,3711202.23,509013.23,9.497589852387192,1.3026503511178444,2017,4,237,348361,42391,1491004800000
2016,7,197,373,11084.35,8539.82,1659.68,22.894959785522786,4.449544235924933,2016,7,197,2422,-2049,1467331200000
2017,4,45,22344,367566.84,305282.26,35529.61,13.662829394915862,1.5901186000716077,2017,4,45,26129,-3785,1491004800000
2017,10,208,82,2304.1,1911.22,167.76,23.307560975609757,2.0458536585365854,2017,10,208,1059,-977,1506816000000
2022,10,108,78,3688.33,3246.1200000000003,90.66,41.61692307692308,1.1623076923076923,2022,10,108,283,-205,1664582400000
2017,5,52,6356,119211.19,96712.5,15563.98,15.215937696664568,2.4487067337948396,2017,5,52,8913,-2557,1493596800000
2022,10,146,2309,45562.78,35429.61,4571.87,15.34413598960589,1.9800216543958422,2022,10,146,4549,-2240,1664582400000
2024,1,129,913,27247.13,22038.13,1917.15,24.13814895947426,2.0998357064622124,2024,1,129,3888,-2975,1704067200000
2024,3,23,8,499.01,385.87,34.18,48.23375,4.2725,2024,3,23,74,-66,1709251200000
2025,6,78,1017,28315.51,25112.7,40.05,24.692920353982302,0.03938053097345132,2025,6,78,1510,-493,1748736000000
2018,5,32,150,4392.43,3902.5,137.5,26.016666666666666,0.9166666666666666,2018,5,32,884,-734,1525132800000
2023,6,51,312,13685.99,12154.76,115.23,38.957564102564106,0.3693269230769231,2023,6,51,554,-242,1685577600000
2025,10,93,572,35710.86,28433.67,4093.51,49.709213286713286,7.156486013986014,2025,10,93,3823,-3251,1759276800000
2025,11,237,194592,4010315.34,2504845.66,519327.8,12.872295161157705,2.6688034451570464,2025,11,237,177680,16912,1761955200000
2020,12,47,475,14523.55,12196.36,1123.65,25.676547368421055,2.3655789473684212,2020,12,47,899,-424,1606780800000
2018,1,251,7,148.86,105.0,35.76,15.0,5.1085714285714285,2018,1,251,85,-78,1514764800000
2019,2,237,294874,4249632.22,2714503.29,497687.57999999996,9.205637967403026,1.687797432123551,2019,2,237,263221,31653,1548979200000
2024,3,182,462,17234.92,15521.86,26.82,33.59709956709957,0.058051948051948056,2024,3,182,501,-39,1709251200000
2022,11,236,142769,2368444.69,1526895.3,319938.28,10.694865832218479,2.240950626536573,2022,11,236,147905,-5136,1667260800000
2025,10,94,418,12748.64,11768.65,33.42,28.154665071770335,0.07995215311004786,2025,10,94,643,-225,1759276800000
2017,9,189,2371,38107.3,31152.3,4037.49,13.138886545761283,1.7028637705609446,2017,9,189,9782,-7411,1504224000000
2017,12,10,2278,141952.72,113731.32,14236.74,49.925952589991226,6.249666374012292,2017,12,10,3580,-1302,1512086400000
2016,2,172,3,87.28,63.88,20.0,21.293333333333333,6.666666666666667,2016,2,172,185,-182,1454284800000
2018,1,83,979,15155.0,12899.3,937.99,13.175995914198161,0.9581103166496425,2018,1,83,3331,-2352,1514764800000
2021,4,231,25025,482706.3,332595.62,57556.51,13.290534265734266,2.2999604395604396,2021,4,231,28327,-3302,1617235200000
2017,7,80,4497,71307.68000000001,57845.05,7424.83,12.863030909495219,1.651062930842784,2017,7,80,16056,-11559,1498867200000
2018,11,65,10014,190482.21000000002,159483.91,19280.98,15.926094467745157,1.9254024365887756,2018,11,65,14442,-4428,1541030400000
2020,3,51,372,12622.09,11414.55,26.65,30.684274193548386,0.07163978494623656,2020,3,51,742,-370,1583020800000
2022,11,195,187,7748.18,5920.65,879.98,31.661229946524063,4.705775401069519,2022,11,195,991,-804,1667260800000
2016,12,8,109,3212.91,2499.0,365.27,22.926605504587155,3.3511009174311925,2016,12,8,192,-83,1480550400000
2017,12,29,60,2001.5700000000002,1825.3,85.25,30.421666666666667,1.4208333333333334,2017,12,29,764,-704,1512086400000
2016,2,129,6390,96297.1,81257.19,5981.01,12.71630516431925,0.9359953051643193,2016,2,129,19362,-12972,1454284800000
2017,4,76,263,6149.82,5178.37,522.96,19.689619771863118,1.9884410646387833,2017,4,76,2326,-2063,1491004800000
2019,8,174,269,7752.89,6951.15,25.46,25.8407063197026,0.09464684014869888,2019,8,174,1057,-788,1564617600000
2022,7,91,188,6320.139999999999,5767.38,109.01,30.677553191489363,0.579840425531915,2022,7,91,886,-698,1656633600000
2017,12,255,10145,159511.69999999998,127004.09,19105.06,12.518885165105964,1.883199605717102,2017,12,255,26358,-16213,1512086400000
2023,1,55,156,7826.68,7088.75,109.48,45.44070512820513,0.7017948717948718,2023,1,55,441,-285,1672531200000
2023,6,17,524,17735.4,14885.48,1370.57,28.407404580152672,2.615591603053435,2023,6,17,4042,-3518,1685577600000
2016,8,186,369236,5401527.23,4376495.61,557909.53,11.852841028502096,1.5109835714827373,2016,8,186,291651,77585,1470009600000
2024,4,91,793,25441.44,23457.54,134.02,29.58075662042875,0.16900378310214378,2024,4,91,1149,-356,1711929600000
2022,2,24,10402,176124.17,124561.83,23137.81,11.9747961930398,2.2243616612189965,2022,2,24,12085,-1683,1643673600000
2025,4,47,674,18856.01,16992.04,61.1,25.210741839762612,0.09065281899109792,2025,4,47,880,-206,1743465600000
2022,5,156,2,173.65,142.7,0.0,71.35,0.0,2022,5,156,52,-50,1651363200000
2022,11,10,1256,82354.26,62847.85,9689.7,50.03809713375796,7.714729299363058,2022,11,10,3062,-1806,1667260800000
2025,4,101,228,7387.88,6763.29,55.68,29.66355263157895,0.24421052631578946,2025,4,101,524,-296,1743465600000
2019,6,167,360,9790.45,8631.03,207.01,23.975083333333334,0.5750277777777778,2019,6,167,1283,-923,1559347200000
2018,11,57,25,602.38,514.5,28.39,20.58,1.1356,2018,11,57,294,-269,1541030400000
2023,1,82,410,20283.13,15843.0,2148.63,38.641463414634146,5.240560975609756,2023,1,82,1854,-1444,1672531200000
2018,11,147,179,5934.1900000000005,5164.63,141.64,28.85268156424581,0.7912849162011173,2018,11,147,948,-769,1541030400000
2023,9,249,64014,1655032.6400000001,1149911.5100000002,196823.31,17.963437841722126,3.074691629955947,2023,9,249,48105,15909,1693526400000
2024,6,12,1667,53358.27,39916.86,5720.8,23.945326934613078,3.431793641271746,2024,6,12,2449,-782,1717200000000
2016,1,74,32103,432163.19,358065.82,32043.21,11.153656044606423,0.9981375572376413,2016,1,74,75615,-43512,1451606400000
2016,5,147,140,2677.54,2281.02,182.04,16.293,1.3002857142857143,2016,5,147,1338,-1198,1462060800000
2024,12,152,2541,59429.68,48200.31,3801.84,18.969031877213695,1.496198347107438,2024,12,152,4625,-2084,1733011200000
2025,9,76,4584,133157.58,123968.43,457.61,27.043723821989527,0.09982766143106457,2025,9,76,6455,-1871,1756684800000
2020,4,71,162,3878.44,3318.68,275.95,20.485679012345678,1.703395061728395,2020,4,71,277,-115,1585699200000
2020,8,246,6838,123918.65000000001,86326.24,12566.38,12.62448669201521,1.8377274056741737,2020,8,246,11278,-4440,1596240000000
2018,7,143,79510,1027741.97,815964.6,117806.31999999999,10.262414790592379,1.481654131555779,2018,7,143,93320,-13810,1530403200000
2019,4,50,66498,1142727.9100000001,769262.0,124257.47,11.568197539775632,1.8685895816415532,2019,4,50,88226,-21728,1554076800000
2020,7,80,319,11031.78,9767.9,464.05,30.62037617554859,1.4547021943573668,2020,7,80,1157,-838,1593561600000
2016,7,249,227109,3215536.1,2554779.05,372566.06,11.249131694472696,1.6404724603604437,2016,7,249,173667,53442,1467331200000
2016,9,2,7,385.03000000000003,314.5,37.230000000000004,44.92857142857143,5.318571428571429,2016,9,2,9,-2,1472688000000
2017,2,111,32,498.51,406.0,57.41,12.6875,1.7940625,2017,2,111,132,-100,1485907200000
2021,1,47,526,17050.41,14462.79,857.42,27.495798479087455,1.6300760456273764,2021,1,47,937,-411,1609459200000
2022,10,222,123,5447.92,5015.7,21.369999999999997,40.7780487804878,0.17373983739837395,2022,10,222,295,-172,1664582400000
2023,12,181,1395,45500.74,37006.58,4203.58,26.528014336917565,3.0133189964157707,2023,12,181,8488,-7093,1701388800000
2022,9,177,168,5342.5199999999995,4799.72,240.5,28.569761904761908,1.431547619047619,2022,9,177,866,-698,1661990400000
2024,3,177,640,20193.13,18534.35,145.35,28.959921875,0.227109375,2024,3,177,1062,-422,1709251200000
2025,5,34,810,21981.77,18327.49,455.4,22.626530864197534,0.5622222222222222,2025,5,34,873,-63,1746057600000
2016,4,180,92,3179.05,2607.25,297.16,28.339673913043477,3.2300000000000004,2016,4,180,937,-845,1459468800000
2023,8,43,44909,1009455.94,674902.99,123344.2,15.028234652296867,2.746536329020909,2023,8,43,31732,13177,1690848000000
2016,7,232,21567,361842.76,297321.71,37315.37,13.785955858487505,1.7302067974219875,2016,7,232,47036,-25469,1467331200000
2017,1,254,58,897.08,805.8,18.59,13.89310344827586,0.32051724137931037,2017,1,254,762,-704,1483228800000
2025,4,38,371,14650.75,13326.93,183.55,35.92164420485175,0.49474393530997307,2025,4,38,903,-532,1743465600000
2020,9,167,387,10652.11,8982.38,782.04,23.210284237726096,2.0207751937984497,2020,9,167,956,-569,1598918400000
2022,8,133,123,3706.35,2788.86,573.64,22.673658536585368,4.663739837398374,2022,8,133,1044,-921,1659312000000
2020,7,167,419,14374.12,12727.36,420.06,30.375560859188546,1.002529832935561,2020,7,167,896,-477,1593561600000
2017,6,181,13900,230174.36000000002,186659.18,25779.47,13.42871798561151,1.854638129496403,2017,6,181,35557,-21657,1496275200000
2020,1,62,582,16281.79,14356.46,161.77,24.667457044673537,0.2779553264604811,2020,1,62,2568,-1986,1577836800000
2016,8,27,6,291.12,267.5,10.0,44.583333333333336,1.6666666666666667,2016,8,27,105,-99,1470009600000
2022,7,119,139,4383.37,3786.05,203.0,27.237769784172663,1.460431654676259,2022,7,119,740,-601,1656633600000
2023,7,178,25,635.74,535.64,22.2,21.4256,0.888,2023,7,178,210,-185,1688169600000
2016,1,207,312,3713.06,2994.5,310.98,9.59775641025641,0.9967307692307693,2016,1,207,343,-31,1451606400000
2024,12,149,214,6548.57,6076.68,33.18,28.39570093457944,0.15504672897196262,2024,12,149,577,-363,1733011200000
2020,9,55,434,17270.28,15160.04,1175.25,34.93096774193548,2.7079493087557602,2020,9,55,843,-409,1598918400000
2023,6,139,126,5698.18,5077.05,188.48,40.29404761904762,1.4958730158730158,2023,6,139,648,-522,1685577600000
2016,2,126,145,2679.38,2278.5,176.6,15.713793103448277,1.2179310344827585,2016,2,126,1460,-1315,1454284800000
2018,10,184,23,1008.97,902.0,40.54,39.21739130434783,1.7626086956521738,2018,10,184,58,-35,1538352000000
2018,12,95,1708,46984.93,39921.59,2094.46,23.3732962529274,1.226264637002342,2018,12,95,9691,-7983,1543622400000
2025,9,203,433,19172.72,17297.89,302.01,39.9489376443418,0.6974826789838336,2025,9,203,1194,-761,1756684800000
2018,4,37,1943,33931.58,28536.47,2745.49,14.68680905815749,1.4130159547092125,2018,4,37,11718,-9775,1522540800000
2023,4,184,4,89.32,79.82,0.0,19.955,0.0,2023,4,184,25,-21,1680307200000
2018,3,161,366675,5324052.880000001,4165362.66,639611.4600000001,11.359821804049908,1.7443552464716714,2018,3,161,347090,19585,1519862400000
2019,8,222,354,11852.74,10723.34,72.97,30.291920903954804,0.20612994350282485,2019,8,222,748,-394,1564617600000
2024,7,126,183,6482.66,5760.43,118.42,31.47775956284153,0.647103825136612,2024,7,126,369,-186,1719792000000
2016,9,231,204884,3425240.68,2775343.54,391114.61,13.54592618262041,1.9089563362683273,2016,9,231,188829,16055,1472688000000
2025,7,239,88130,1864925.07,1204296.03,208892.22,13.664995234312947,2.370273686599342,2025,7,239,87960,170,1751328000000
2018,3,29,128,3071.36,2706.54,153.76,21.14484375,1.20125,2018,3,29,822,-694,1519862400000
2020,7,264,7512,132037.05,100034.6,14266.11,13.31664004259851,1.899109424920128,2020,7,264,6406,1106,1593561600000
2022,5,218,163,5190.73,4799.2300000000005,70.2,29.443128834355832,0.4306748466257669,2022,5,218,1043,-880,1651363200000
2018,8,139,174,6687.34,6102.51,189.38,35.07189655172414,1.088390804597701,2018,8,139,941,-767,1533081600000
2016,2,7,20660,286605.06,236712.24,24367.36,11.45751403678606,1.1794462729912876,2016,2,7,55707,-35047,1454284800000
2018,5,224,21027,302163.84,242274.97,34201.060000000005,11.522089218623675,1.6265306510676751,2018,5,224,36572,-15545,1525132800000
2018,11,241,238,7628.24,6792.16,275.54,28.538487394957983,1.1577310924369748,2018,11,241,1357,-1119,1541030400000
2021,6,232,8567,184214.53,133049.83,19436.88,15.530504260534608,2.2688082175790827,2021,6,232,19565,-10998,1622505600000
2022,5,38,84,3796.71,3453.9300000000003,111.72999999999999,41.11821428571429,1.3301190476190474,2022,5,38,594,-510,1651363200000
2018,4,111,19,226.27,183.0,17.62,9.631578947368421,0.9273684210526316,2018,4,111,119,-100,1522540800000
2019,7,205,671,26749.04,24306.28,53.74,36.22396423248882,0.08008941877794337,2019,7,205,1973,-1302,1561939200000
2019,12,211,54097,974142.7100000001,658868.48,114792.76,12.179390354363457,2.1219801467733883,2019,12,211,55070,-973,1575158400000
2021,1,252,100,3405.3,2885.43,175.8,28.8543,1.758,2021,1,252,279,-179,1609459200000
2023,3,245,5,61.7,41.4,16.3,8.28,3.2600000000000002,2023,3,245,48,-43,1677628800000
2022,1,158,16629,293711.02,190796.24,40867.020000000004,11.47370497323952,2.4575753202237056,2022,1,158,21854,-5225,1640995200000
2017,2,43,111793,1447126.95,1161841.41,155004.82,10.392792124730528,1.3865342194949595,2017,2,43,96200,15593,1485907200000
2022,8,24,8908,160354.74,114263.55,20648.74,12.827071171980243,2.3179995509654243,2022,8,24,10903,-1995,1659312000000
2021,1,178,67,2230.47,1891.58,152.62,28.232537313432836,2.2779104477611942,2021,1,178,253,-186,1609459200000
2025,2,19,304,8491.24,7615.58,64.45,25.05125,0.21200657894736843,2025,2,19,596,-292,1738368000000
2017,11,131,78,2378.46,2104.04,144.57,26.974871794871795,1.8534615384615383,2017,11,131,1120,-1042,1509494400000
2020,3,247,666,11353.23,9880.81,368.78000000000003,14.83605105105105,0.5537237237237238,2020,3,247,1569,-903,1583020800000
2018,6,220,317,7317.34,6412.44,205.06,20.228517350157727,0.6468769716088328,2018,6,220,3605,-3288,1527811200000
2019,12,133,364,9523.16,8099.8,319.5,22.252197802197802,0.8777472527472527,2019,12,133,2150,-1786,1575158400000
2020,1,115,36,1912.95,1607.31,1.74,44.6475,0.04833333333333333,2020,1,115,129,-93,1577836800000
2021,11,16,81,3836.12,3437.3,55.22,42.43580246913581,0.6817283950617283,2021,11,16,585,-504,1635724800000
2018,10,223,3663,95091.89,75304.59,9164.33,20.558173628173627,2.501864591864592,2018,10,223,14407,-10744,1538352000000
2023,12,118,6,389.66,315.42,24.1,52.57,4.016666666666667,2023,12,118,68,-62,1701388800000
2016,11,139,21,685.38,598.0,54.739999999999995,28.476190476190474,2.6066666666666665,2016,11,139,631,-610,1477958400000
2020,3,197,362,12045.62,10360.47,653.12,28.620082872928176,1.8041988950276244,2020,3,197,1671,-1309,1583020800000
2020,9,216,524,20721.17,17803.75,1243.85,33.97662213740458,2.373759541984733,2020,9,216,935,-411,1598918400000
2018,3,172,9,457.52,409.0,0.0,45.44444444444444,0.0,2018,3,172,115,-106,1519862400000
2022,11,5,43,4177.77,2966.4,20.0,68.9860465116279,0.46511627906976744,2022,11,5,66,-23,1667260800000
2024,3,50,22245,506215.06,351642.71,51340.5,15.807719037986065,2.3079568442346594,2024,3,50,37895,-15650,1709251200000
2024,6,258,292,9734.01,8894.7,74.13,30.461301369863016,0.2538698630136986,2024,6,258,962,-670,1717200000000
2022,4,124,77,3204.31,2564.63,380.13,33.30688311688312,4.936753246753247,2022,4,124,593,-516,1648771200000
2022,11,70,13071,586144.91,407885.13,80346.86,31.205350011475787,6.146955856476168,2022,11,70,1411,11660,1667260800000
2019,11,94,116,3050.7400000000002,2644.76,12.32,22.799655172413797,0.10620689655172413,2019,11,94,508,-392,1572566400000
2017,8,79,234653,3290487.7300000004,2613458.15,380669.70999999996,11.137544160952555,1.6222665382500967,2017,8,79,201036,33617,1501545600000
2023,3,48,94178,2224852.8,1473256.84,279071.83,15.643322644354308,2.963238017371361,2023,3,48,86350,7828,1677628800000
2020,10,177,531,17034.84,14526.96,1367.86,27.35774011299435,2.576007532956685,2020,10,177,1062,-531,1601510400000
2018,11,237,363197,4456840.96,3522389.3,514617.23,9.698288532118932,1.4169093632381324,2018,11,237,318464,44733,1541030400000
2025,5,75,33696,709023.46,523065.54,47509.21,15.523075142450141,1.4099361942070274,2025,5,75,52565,-18869,1746057600000
2018,4,255,9871,159677.42,128423.49,18364.59,13.010180326208085,1.8604589200688886,2018,4,255,25192,-15321,1522540800000
2022,11,16,49,1939.06,1725.09,115.42,35.20591836734694,2.3555102040816327,2022,11,16,552,-503,1667260800000
2016,11,11,61,1858.17,1437.5,221.35,23.565573770491802,3.6286885245901637,2016,11,11,683,-622,1477958400000
2016,12,10,1775,107972.89,86881.56,10715.69,48.94735774647887,6.037008450704225,2016,12,10,3769,-1994,1480550400000
2018,2,173,237,3543.26,3024.0,114.64,12.759493670886076,0.4837130801687764,2018,2,173,2249,-2012,1517443200000
2021,12,150,46,1725.5,1535.3,5.2,33.37608695652174,0.11304347826086956,2021,12,150,221,-175,1638316800000
2023,2,145,2529,56072.38,42078.24,5820.29,16.63829181494662,2.301419533412416,2023,2,145,9061,-6532,1675209600000
2022,12,126,62,2033.78,1758.38,49.589999999999996,28.360967741935486,0.7998387096774193,2022,12,126,316,-254,1669852800000
2020,11,99,23,2265.36,2134.5,60.5,92.80434782608695,2.630434782608696,2020,11,99,24,-1,1604188800000
2023,3,147,73,1786.0,1592.62,24.880000000000003,21.81671232876712,0.3408219178082192,2023,3,147,304,-231,1677628800000
2023,2,19,47,1777.23,1562.8999999999999,57.63,33.2531914893617,1.2261702127659575,2023,2,19,300,-253,1675209600000
2024,3,39,1089,37467.31,34943.42,81.14,32.087621671258034,0.07450872359963269,2024,3,39,1650,-561,1709251200000
2024,5,36,760,23819.19,20947.04,687.21,27.561894736842106,0.9042236842105263,2024,5,36,2371,-1611,1714521600000
2022,8,244,2531,59210.2,47348.55,5956.69,18.707447649150534,2.353492690636112,2022,8,244,11294,-8763,1659312000000
2020,1,255,3406,62692.200000000004,47954.18,7491.54,14.079324721080447,2.1995126247798003,2020,1,255,14725,-11319,1577836800000
2019,3,205,1027,44949.0,41260.61,64.8,40.175861733203504,0.06309639727361246,2019,3,205,1972,-945,1551398400000
2017,1,82,2979,50901.99,42833.4,3326.88,14.378449144008057,1.1167774420946626,2017,1,82,9173,-6194,1483228800000
2017,3,11,57,2697.48,2345.02,223.69,41.140701754385965,3.9243859649122808,2017,3,11,716,-659,1488326400000
2018,1,63,103,2756.43,2386.0,207.22,23.16504854368932,2.011844660194175,2018,1,63,821,-718,1514764800000
2021,11,102,39,1506.07,1268.42,47.05,32.523589743589746,1.2064102564102563,2021,11,102,572,-533,1635724800000
2021,3,238,54917,862526.89,573081.38,105253.05,10.435409436058052,1.9165841178505745,2021,3,238,54653,264,1614556800000
2017,3,146,11843,177792.71,148250.66,15469.82,12.517998817867095,1.3062416617411128,2017,3,146,13073,-1230,1488326400000
2024,7,246,56808,1324113.6600000001,896050.6799999999,152245.81999999998,15.773318546683564,2.680006689198704,2024,7,246,59837,-3029,1719792000000
2025,8,25,4868,115509.1,95572.9,3164.18,19.632888249794576,0.6499958915365653,2025,8,25,7843,-2975,1754006400000
2018,3,231,157900,2526917.96,2021748.78,304628.27,12.803982140595314,1.9292480683977202,2018,3,231,153837,4063,1519862400000
2019,7,2,19,684.3,567.6,44.52,29.873684210526317,2.343157894736842,2019,7,2,9,10,1561939200000
2017,7,184,14,635.5600000000001,595.01,22.36,42.50071428571429,1.5971428571428572,2017,7,184,85,-71,1498867200000
2024,5,50,23217,546370.22,381028.77,56757.48,16.411628117327822,2.444651763793772,2024,5,50,39618,-16401,1714521600000
2024,12,19,164,5983.06,5393.84,189.39,32.88926829268293,1.1548170731707317,2024,12,19,502,-338,1733011200000
2022,5,159,216,5029.58,4329.1,210.18,20.04212962962963,0.9730555555555556,2022,5,159,986,-770,1651363200000
2018,2,179,5052,72213.41,60181.7,6136.07,11.912450514647663,1.2145823436262866,2018,2,179,12114,-7062,1517443200000
2017,5,214,8,272.56,256.0,8.16,32.0,1.02,2017,5,214,174,-166,1493596800000
2020,2,200,202,8167.24,7008.01,242.5,34.69311881188119,1.2004950495049505,2020,2,200,2167,-1965,1580515200000
2018,4,105,10,180.0,143.5,24.5,14.35,2.45,2018,4,105,6,4,1522540800000
2022,5,228,213,7751.48,6206.7,839.47,29.13943661971831,3.941173708920188,2022,5,228,1941,-1728,1651363200000
2023,1,126,56,1967.91,1728.64,19.57,30.868571428571432,0.3494642857142857,2023,1,126,276,-220,1672531200000
2025,7,238,60152,1264677.68,842411.9,130184.43,14.004719710067828,2.1642577137917276,2025,7,238,67343,-7191,1751328000000
2016,7,98,61,1891.94,1613.3,195.87,26.447540983606558,3.210983606557377,2016,7,98,1633,-1572,1467331200000
2024,12,113,51851,1178133.59,781919.15,151017.04,15.080117066208945,2.9125193342462055,2024,12,113,46058,5793,1733011200000
2016,2,232,23484,386623.34,315856.84,41966.57,13.449873956736502,1.7870281894055526,2016,2,232,53787,-30303,1454284800000
2018,8,237,282097,3327975.12,2624890.22,368624.94,9.30492071875986,1.3067311598492717,2018,8,237,248629,33468,1533081600000
2021,2,118,13,1073.97,941.27,26.61,72.40538461538462,2.046923076923077,2021,2,118,42,-29,1612137600000
2021,6,45,3909,84978.71,61742.67,8616.65,15.795003837298541,2.204310565361985,2021,6,45,6621,-2712,1622505600000
2023,2,76,339,12462.86,11082.93,303.08,32.69300884955752,0.8940412979351032,2023,2,76,1156,-817,1675209600000
2024,5,131,233,8328.59,7634.61,37.72,32.76656652360515,0.1618884120171674,2024,5,131,817,-584,1714521600000
2025,5,228,2764,75419.26,63061.57,1000.85,22.81532923299566,0.36210202604920405,2025,5,228,4420,-1656,1746057600000
2018,3,146,10281,144273.46000000002,120374.36,12062.58,11.70842914113413,1.173288590604027,2018,3,146,12402,-2121,1519862400000
2021,7,76,918,35269.86,30174.89,255.95,32.87025054466231,0.27881263616557733,2021,7,76,2179,-1261,1625097600000
2017,6,185,74,1337.02,1133.4,86.86,15.316216216216217,1.1737837837837837,2017,6,185,1085,-1011,1496275200000
2019,4,147,255,8932.45,7783.04,47.31,30.52172549019608,0.1855294117647059,2019,4,147,951,-696,1554076800000
2021,11,249,74886,1330707.4700000002,868602.79,182382.33,11.599001014875945,2.4354663087893598,2021,11,249,58438,16448,1635724800000
2025,10,226,7500,250100.1,197445.64,21027.45,26.326085333333335,2.8036600000000003,2025,10,226,8301,-801,1759276800000
2020,6,137,16518,328077.64,234329.93,29032.95,14.18633793437462,1.75765528514348,2020,6,137,12232,4286,1590969600000
2016,12,233,134188,2082959.33,1655136.08,233239.52,12.334456732345664,1.73815482755537,2016,12,233,142195,-8007,1480550400000
2025,5,165,1207,27066.09,23816.19,155.85,19.73172328086164,0.12912178956089476,2025,5,165,1992,-785,1746057600000
2023,11,9,59,1680.67,1540.61,30.740000000000002,26.112033898305082,0.5210169491525424,2023,11,9,308,-249,1698796800000
2025,5,198,2969,66077.95,55056.04,543.6,18.54363085213877,0.18309195015156618,2025,5,198,5200,-2231,1746057600000
2020,2,197,574,23378.21,19535.65,1728.0,34.034233449477355,3.010452961672474,2020,2,197,2220,-1646,1580515200000
2020,12,26,508,14522.710000000001,12399.67,1269.65,24.408799212598424,2.4993110236220475,2020,12,26,957,-449,1606780800000
2018,1,80,3270,52734.14000000001,42720.43,5582.32,13.064351681957186,1.707131498470948,2018,1,80,13578,-10308,1514764800000
2018,1,159,488,7236.860000000001,6357.19,279.35,13.02702868852459,0.572438524590164,2018,1,159,2762,-2274,1514764800000
2021,7,85,207,7929.54,6731.1,185.93,32.517391304347825,0.8982125603864735,2021,7,85,778,-571,1625097600000
2017,9,234,292402,4094914.34,3222314.24,491529.63,11.020151161756761,1.6810063884651951,2017,9,234,251348,41054,1504224000000
2018,1,217,690,8643.63,7255.5,540.96,10.515217391304347,0.784,2018,1,217,2930,-2240,1514764800000
2018,7,112,3122,52509.340000000004,42594.45,5416.5,13.643321588725176,1.7349455477258169,2018,7,112,17418,-14296,1530403200000
2016,8,208,65,2993.89,2614.64,232.69,40.22523076923077,3.579846153846154,2016,8,208,1496,-1431,1470009600000
2019,8,52,2734,52816.24,40185.55,6801.73,14.698445501097295,2.4878310168251643,2019,8,52,4300,-1566,1564617600000
2020,12,69,578,15721.98,13325.01,1237.63,23.05365051903114,2.1412283737024222,2020,12,69,1632,-1054,1606780800000
2018,2,206,7,247.76,221.5,18.16,31.642857142857142,2.5942857142857143,2018,2,206,126,-119,1517443200000
2022,5,94,45,1364.02,1201.1000000000001,34.870000000000005,26.691111111111113,0.774888888888889,2022,5,94,271,-226,1651363200000
2021,12,182,126,4536.56,3792.4900000000002,11.92,30.099126984126986,0.0946031746031746,2021,12,182,505,-379,1638316800000
2022,6,214,4,93.5,75.7,0.0,18.925,0.0,2022,6,214,45,-41,1654041600000
2023,2,74,6033,122122.76,92330.01,10022.54,15.304162108403778,1.6612862589093322,2023,2,74,19177,-13144,1675209600000
2020,10,220,319,10697.52,9188.37,726.34,28.80366771159875,2.2769278996865205,2020,10,220,946,-627,1601510400000
2023,4,155,151,7352.36,6535.27,94.09,43.27993377483444,0.623112582781457,2023,4,155,719,-568,1680307200000
2017,8,109,3,277.03999999999996,228.05,46.59,76.01666666666667,15.530000000000001,2017,8,109,80,-77,1501545600000
2024,5,150,144,5782.98,5309.74,159.9,36.873194444444444,1.1104166666666666,2024,5,150,333,-189,1714521600000
2024,5,119,329,11936.41,10640.61,262.7,32.34227963525836,0.7984802431610942,2024,5,119,728,-399,1714521600000
2025,1,247,718,20374.21,17972.04,148.15,25.030696378830086,0.20633704735376046,2025,1,247,996,-278,1735689600000
2021,7,261,13455,303022.15,216518.26,35157.55,16.092029728725382,2.6129728725380903,2021,7,261,12009,1446,1625097600000
2019,5,232,11035,234761.96,171516.03,22655.91,15.54291164476665,2.0530956048935205,2019,5,232,32098,-21063,1556668800000
2024,7,171,95,3536.13,3178.74,30.07,33.460421052631574,0.3165263157894737,2024,7,171,614,-519,1719792000000
2020,12,92,432,15073.77,12854.19,1096.86,29.755069444444445,2.5390277777777777,2020,12,92,930,-498,1606780800000
2022,10,223,927,40293.39,30716.05,4735.12,33.1348975188781,5.108004314994606,2022,10,223,6179,-5252,1664582400000
2022,5,52,1039,26488.88,19919.57,3862.36,19.17186717998075,3.717382098171319,2022,5,52,2396,-1357,1651363200000
2024,8,73,50,2086.66,1875.41,77.97,37.5082,1.5594,2024,8,73,258,-208,1722470400000
2020,7,260,503,11431.9,9600.48,636.65,19.086441351888666,1.2657057654075545,2020,7,260,1232,-729,1593561600000
2016,11,44,2,115.1,104.0,0.0,52.0,0.0,2016,11,44,35,-33,1477958400000
2022,6,42,4120,78794.29,63753.58,6291.59,15.474169902912621,1.5270849514563107,2022,6,42,15385,-11265,1654041600000
2025,11,73,142,3202.16,2720.97,26.22,19.16176056338028,0.18464788732394366,2025,11,73,494,-352,1761955200000
2017,1,29,243,5819.22,4859.1,614.35,19.996296296296297,2.5281893004115226,2017,1,29,1093,-850,1483228800000
2022,3,15,23,927.86,827.8100000000001,12.2,35.99173913043479,0.5304347826086956,2022,3,15,413,-390,1646092800000
2020,4,64,45,2203.71,1885.83,60.5,41.907333333333334,1.3444444444444446,2020,4,64,54,-9,1585699200000
2021,8,122,105,4260.3,3700.64,33.93,35.244190476190475,0.3231428571428571,2021,8,122,375,-270,1627776000000
2021,10,234,95184,1640821.49,1064821.41,217804.87,11.186979009077154,2.2882508614893258,2021,10,234,82924,12260,1633046400000
2022,10,230,113203,2526215.02,1717859.05,321013.94,15.17503113875074,2.8357370387710574,2022,10,230,106875,6328,1664582400000
2018,7,107,190880,2570340.5,2019404.25,306067.88999999996,10.579443891450126,1.6034570934618606,2018,7,107,169661,21219,1530403200000
2016,4,113,209054,2891328.68,2295567.55,337591.68,10.980739665349622,1.6148539611774948,2016,4,113,176410,32644,1459468800000
2016,9,92,634,14148.94,12240.63,871.21,19.30698738170347,1.3741482649842272,2016,9,92,4921,-4287,1472688000000
2017,12,235,192,3604.84,3178.12,170.86,16.55270833333333,0.8898958333333334,2017,12,235,1641,-1449,1512086400000
2020,6,207,116,1779.56,1407.06,109.75,12.129827586206897,0.9461206896551724,2020,6,207,212,-96,1590969600000
2022,6,97,1719,40896.23,32162.46,4996.97,18.709982547993018,2.906905177428738,2022,6,97,4799,-3080,1654041600000
2022,3,74,9789,157712.65,121183.89,13355.58,12.379598528961079,1.3643456941464909,2022,3,74,26451,-16662,1646092800000
2023,11,123,94,3653.42,3326.47,62.0,35.38797872340425,0.6595744680851063,2023,11,123,491,-397,1698796800000
2017,4,50,100254,1439615.85,1160762.53,153346.45,11.578216629760409,1.5295793684042533,2017,4,50,120593,-20339,1491004800000
2024,9,225,1480,44958.51,41172.46,627.06,27.81922972972973,0.42368918918918913,2024,9,225,3708,-2228,1725148800000
2020,1,87,40559,955568.25,678523.46,117891.70000000001,16.729294607855223,2.906671762124313,2020,1,87,47454,-6895,1577836800000
2016,1,80,9149,140174.54,112052.05,16289.1,12.247464203738113,1.7804240900644879,2016,1,80,26277,-17128,1451606400000
2017,9,225,874,13354.76,11109.76,1084.34,12.711395881006865,1.2406636155606405,2017,9,225,9750,-8876,1504224000000
2023,6,63,69,2711.55,2351.63,122.37,34.08159420289855,1.7734782608695654,2023,6,63,524,-455,1685577600000
2024,8,238,49190,1052006.7,705588.82,127619.26,14.34415165684082,2.5944147184387067,2024,8,238,56247,-7057,1722470400000
2025,11,227,767,19451.59,16911.95,140.94,22.04947848761408,0.18375488917861799,2025,11,227,1541,-774,1761955200000
2023,7,255,1308,40026.51,30688.09,4489.57,23.46184250764526,3.432392966360856,2023,7,255,7489,-6181,1688169600000
2016,10,61,3380,59648.68,49301.34,5926.3,14.586195266272188,1.7533431952662721,2016,10,61,22764,-19384,1475280000000
2020,12,157,132,4036.04,3386.85,280.85,25.657954545454544,2.1276515151515154,2020,12,157,603,-471,1606780800000
2017,8,144,96686,1446339.21,1170916.93,154402.26,12.11051165628943,1.5969453695467803,2017,8,144,85340,11346,1501545600000
2019,12,76,1319,43670.27,38617.92,528.78,29.278180439727066,0.40089461713419255,2019,12,76,3078,-1759,1575158400000
2021,4,101,112,4473.78,4016.32,68.53,35.86,0.6118750000000001,2021,4,101,263,-151,1617235200000
2019,9,122,158,5888.79,5311.21,19.4,33.61525316455696,0.12278481012658227,2019,9,122,497,-339,1567296000000
2019,9,193,5328,71971.8,61713.13,3249.15,11.582794669669669,0.6098254504504504,2019,9,193,6889,-1561,1567296000000
2022,12,175,24,826.67,743.3100000000001,36.26,30.97125,1.5108333333333333,2022,12,175,292,-268,1669852800000
2023,2,175,31,1118.52,1045.32,0.0,33.72,0.0,2023,2,175,308,-277,1675209600000
2024,7,162,113487,2665803.12,1758384.96,338520.9,15.494153162917339,2.9829046498717915,2024,7,162,95862,17625,1719792000000
2016,7,61,3598,60807.05,49876.81,6265.08,13.862370761534185,1.7412673707615343,2016,7,61,23242,-19644,1467331200000
2018,6,52,5193,91621.82,73745.6,12114.46,14.20096283458502,2.332844213364144,2018,6,52,7212,-2019,1527811200000
2022,8,108,81,4105.49,3520.86,227.98,43.46740740740741,2.8145679012345677,2022,8,108,239,-158,1659312000000
2021,7,237,127656,1901207.67,1196753.59,239284.35,9.374832283637275,1.8744465595036661,2021,7,237,110043,17613,1625097600000
2018,11,192,111,3263.7400000000002,2886.35,105.29,26.003153153153153,0.9485585585585586,2018,11,192,685,-574,1541030400000
2020,7,102,120,3895.94,3471.05,200.17,28.925416666666667,1.6680833333333331,2020,7,102,247,-127,1593561600000
2023,2,133,92,3820.4900000000002,3073.65,421.89,33.409239130434784,4.585760869565218,2023,2,133,824,-732,1675209600000
2020,1,215,1304,75617.62,59484.22,6853.71,45.616733128834355,5.255912576687116,2020,1,215,2843,-1539,1577836800000
2018,1,257,256,5502.92,4550.36,494.56,17.77484375,1.931875,2018,1,257,4209,-3953,1514764800000
2024,6,15,54,2346.03,2143.08,19.85,39.68666666666667,0.36759259259259264,2024,6,15,379,-325,1717200000000
2025,11,187,3,29.740000000000002,11.360000000000001,0.0,3.786666666666667,0.0,2025,11,187,28,-25,1761955200000
2025,1,119,467,14377.8,12788.789999999999,84.58,27.384989293361883,0.1811134903640257,2025,1,119,647,-180,1735689600000
2024,2,59,2,105.28999999999999,92.85,0.0,46.425,0.0,2024,2,59,11,-9,1706745600000
2024,11,241,306,10949.44,10111.63,33.01,33.04454248366013,0.10787581699346405,2024,11,241,580,-274,1730419200000
2022,9,140,61466,1133323.83,758097.58,144476.96,12.33360849900758,2.3505183353398627,2022,9,140,62920,-1454,1661990400000
2017,1,230,334111,5019576.38,3982920.18,540673.93,11.920948966062177,1.6182464210995748,2017,1,230,291554,42557,1483228800000
2022,5,61,753,24939.22,20427.920000000002,3132.46,27.128711819389114,4.159973439575033,2022,5,61,5781,-5028,1651363200000
2016,6,230,342235,5865311.3100000005,4717907.72,598730.22,13.785579265709234,1.749471035984046,2016,6,230,338548,3687,1464739200000
2016,3,80,10138,154062.15,123153.92,17519.35,12.147753008482935,1.7280873939633061,2016,3,80,28663,-18525,1456790400000
2020,7,154,13,759.72,675.23,30.25,51.940769230769234,2.326923076923077,2020,7,154,27,-14,1593561600000
2016,2,226,19661,333837.95,278931.12,28454.7,14.187026092263872,1.447266161436346,2016,2,226,29613,-9952,1454284800000
2025,2,211,32337,716022.26,467901.27,72731.61,14.469532424158086,2.2491761758975786,2025,2,211,32777,-440,1738368000000
2019,6,112,2276,44031.05,35119.86,3928.15,15.430518453427066,1.7259007029876978,2019,6,112,14119,-11843,1559347200000
2021,12,178,33,1286.06,1030.68,112.73,31.232727272727274,3.416060606060606,2021,12,178,253,-220,1638316800000
2017,12,254,66,1240.35,1110.0,39.68,16.818181818181817,0.6012121212121212,2017,12,254,822,-756,1512086400000
2024,1,116,2198,58037.2,46960.9,4446.68,21.365286624203822,2.0230573248407646,2024,1,116,6611,-4413,1704067200000
2025,9,167,991,28765.3,26123.15,115.34,26.360393541876892,0.1163874873864783,2025,9,167,1373,-382,1756684800000
2024,4,84,2,214.75,212.25,0.0,106.125,0.0,2024,4,84,23,-21,1711929600000
2020,12,63,324,11480.41,9850.55,852.8,30.40293209876543,2.6320987654320986,2020,12,63,523,-199,1606780800000
2021,3,40,381,8109.56,6330.45,716.51,16.615354330708662,1.8806036745406824,2021,3,40,1382,-1001,1614556800000
2025,3,22,862,20537.19,18199.08,104.86,21.11262180974478,0.12164733178654293,2025,3,22,1495,-633,1740787200000
2018,10,27,7,288.69,247.0,16.59,35.285714285714285,2.37,2018,10,27,77,-70,1538352000000
2025,1,183,112,3740.71,3338.53,6.65,29.808303571428574,0.059375000000000004,2025,1,183,179,-67,1735689600000
2024,7,14,488,17849.579999999998,16090.92,306.17,32.973196721311474,0.6273975409836066,2024,7,14,2302,-1814,1719792000000
2016,5,83,1986,30801.58,25928.52,2013.6,13.055649546827794,1.0138972809667672,2016,5,83,5999,-4013,1462060800000
2017,2,78,93,1551.3500000000001,1361.8,58.58,14.643010752688172,0.6298924731182796,2017,2,78,812,-719,1485907200000
2021,3,185,367,12378.41,10429.85,161.24,28.419209809264306,0.4393460490463216,2021,3,185,666,-299,1614556800000
2019,7,163,167349,3024615.41,2030468.61,343315.31,12.133138590610043,2.051493047463684,2019,7,163,154467,12882,1561939200000
2023,10,194,130,9044.06,6642.95,1218.94,51.09961538461538,9.37646153846154,2023,10,194,520,-390,1696118400000
2021,12,156,13,1063.51,881.35,46.61,67.79615384615384,3.585384615384615,2021,12,156,49,-36,1638316800000
2017,11,244,7789,143392.82,119888.07,13084.0,15.39197201181153,1.6798048529978173,2017,11,244,30593,-22804,1509494400000
2024,5,164,83784,2107313.56,1419784.92,253312.75,16.94577628186766,3.0234024396066075,2024,5,164,80126,3658,1714521600000
2024,9,125,20331,502676.06,346318.53,59544.29,17.034013575328316,2.9287437902710147,2024,9,125,21535,-1204,1725148800000
2025,8,226,7263,236178.34,192816.86,16526.7,26.54782596723117,2.27546468401487,2025,8,226,7863,-600,1754006400000
2025,11,240,118,3970.93,3588.89,44.510000000000005,30.414322033898305,0.3772033898305085,2025,11,240,314,-196,1761955200000
2016,9,52,7328,141973.45,115451.22,17731.67,15.754806222707424,2.419714792576419,2016,9,52,8805,-1477,1472688000000
2024,11,261,17701,563658.66,414973.69,63927.09,23.443516750466074,3.6114959606801875,2024,11,261,17928,-227,1730419200000
2025,9,59,24,529.21,473.89,0.0,19.745416666666667,0.0,2025,9,59,60,-36,1756684800000
2020,3,215,555,27560.54,22092.49,2193.95,39.80628828828829,3.9530630630630625,2020,3,215,1394,-839,1583020800000
2022,12,220,121,4624.34,3941.77,264.62,32.576611570247934,2.1869421487603304,2022,12,220,1395,-1274,1669852800000
2025,4,185,400,11922.59,10701.52,43.07,26.753800000000002,0.107675,2025,4,185,855,-455,1743465600000
2022,6,240,14,736.05,663.5,53.45,47.392857142857146,3.817857142857143,2022,6,240,153,-139,1654041600000
2020,4,166,2687,35254.68,27306.8,2999.48,10.162560476367696,1.1162932638630443,2020,4,166,3273,-586,1585699200000
2023,12,250,124,4096.61,3713.21,20.8,29.94524193548387,0.16774193548387098,2023,12,250,276,-152,1701388800000
2021,8,60,119,4535.66,3809.58,64.78,32.013277310924366,0.5443697478991597,2021,8,60,365,-246,1627776000000
2016,8,90,198055,2632612.57,2076426.07,301577.81,10.48408810683901,1.522697281058292,2016,8,90,151317,46738,1470009600000
2025,11,112,6293,106686.25,69168.66,3219.86,10.991365008739871,0.5116573971078977,2025,11,112,12395,-6102,1761955200000
2017,2,36,1545,24830.78,20047.95,2709.28,12.97601941747573,1.75357928802589,2017,2,36,9256,-7711,1485907200000
2024,1,255,1110,31795.3,25662.17,2468.12,23.119072072072072,2.2235315315315316,2024,1,255,6126,-5016,1704067200000
2018,8,34,167,2698.57,2202.0,270.82,13.18562874251497,1.6216766467065868,2018,8,34,975,-808,1533081600000
2016,7,7,21140,303988.07,253181.04,24235.96,11.976397350993377,1.1464503311258278,2016,7,7,54486,-33346,1467331200000
2019,9,227,225,6461.31,5628.12,210.79,25.013866666666665,0.9368444444444444,2019,9,227,1595,-1370,1567296000000
2022,2,15,18,733.77,659.5300000000001,27.09,36.64055555555556,1.505,2022,2,15,315,-297,1643673600000
2018,11,126,209,6125.07,5388.82,239.54,25.78382775119617,1.1461244019138757,2018,11,126,1030,-821,1541030400000
2020,4,161,3218,48555.36,31136.95,5375.009999999999,9.675870105655687,1.6702952144188936,2020,4,161,3603,-385,1585699200000
2022,10,224,5366,107083.04000000001,72737.63,13803.16,13.555279537830787,2.5723369362653745,2022,10,224,14260,-8894,1664582400000
2023,5,239,99204,2259964.8,1474745.85,301069.66000000003,14.865790189911698,3.0348540381436235,2023,5,239,98090,1114,1682899200000
2025,1,62,949,24964.75,22704.46,296.49,23.924615384615382,0.31242360379346684,2025,1,62,1766,-817,1735689600000
2016,1,68,261688,3634415.6,2889648.51,408138.46,11.042342445966188,1.5596376601143347,2016,1,68,245003,16685,1451606400000
2018,8,170,279846,4020439.0,3157566.15,470114.74,11.283227739542463,1.6799051621248828,2018,8,170,272366,7480,1533081600000
2017,3,59,2,40.099999999999994,38.5,0.0,19.25,0.0,2017,3,59,69,-67,1488326400000
2025,4,231,53966,1402270.4,944274.39,156986.38,17.49757977244932,2.90898676944743,2025,4,231,65094,-11128,1743465600000
2020,3,257,157,3635.92,2979.52,175.24,18.97783439490446,1.1161783439490447,2020,3,257,1386,-1229,1583020800000
2025,6,165,1225,29313.29,26482.78,172.38,21.618595918367348,0.14071836734693877,2025,6,165,1952,-727,1748736000000
2017,1,56,470,12319.94,10018.1,1165.6,21.315106382978723,2.48,2017,1,56,2720,-2250,1483228800000
2017,12,94,70,1475.18,1309.8,69.25,18.71142857142857,0.9892857142857143,2017,12,94,687,-617,1512086400000
2020,12,66,219,6135.03,5071.57,660.33,23.157853881278538,3.015205479452055,2020,12,66,1216,-997,1606780800000
2016,10,154,29,1757.48,1346.5,254.02,46.43103448275862,8.759310344827586,2016,10,154,92,-63,1475280000000
2021,4,24,9794,158244.27,113204.86,19257.43,11.558593016132326,1.9662477026751073,2021,4,24,10498,-704,1617235200000
2024,1,123,153,5233.22,4884.0199999999995,47.74,31.921699346405227,0.3120261437908497,2024,1,123,669,-516,1704067200000
2020,12,229,32972,478421.70999999996,303009.56,58310.26,9.189905374256945,1.7684781026325367,2020,12,229,32300,672,1606780800000
2021,5,217,204,5368.21,4647.42,133.74,22.781470588235294,0.6555882352941177,2021,5,217,1397,-1193,1619827200000
2016,12,155,69,2618.84,2084.3,353.84,30.207246376811597,5.128115942028985,2016,12,155,1083,-1014,1480550400000
2017,1,162,330969,4740598.36,3718909.37,567343.12,11.236428094474105,1.7141880961661062,2017,1,162,297765,33204,1483228800000
2018,9,136,265,7867.43,7132.94,117.81,26.91675471698113,0.4445660377358491,2018,9,136,1078,-813,1535760000000
2021,5,162,71697,1140838.3499999999,727475.48,146533.94,10.146526075010112,2.0437945799684787,2021,5,162,57557,14140,1619827200000
2021,10,117,143,8054.34,6959.860000000001,31.27,48.67034965034966,0.21867132867132866,2021,10,117,498,-355,1633046400000
2019,3,247,1457,31969.46,28090.48,781.8,19.279670555936857,0.5365820178448867,2019,3,247,3356,-1899,1551398400000
2022,7,262,38102,696494.27,459090.37,92230.54,12.048983517925569,2.4206220145924098,2022,7,262,43979,-5877,1656633600000
2024,7,73,46,1917.53,1770.57,29.0,38.49065217391304,0.6304347826086957,2024,7,73,285,-239,1719792000000
2020,8,207,142,1406.96,1187.5,50.24,8.362676056338028,0.35380281690140847,2020,8,207,438,-296,1596240000000
2018,8,117,86,4605.27,4084.08,160.01,47.48930232558139,1.860581395348837,2018,8,117,637,-551,1533081600000
2024,4,158,34678,855732.1,588614.7999999999,99438.79,16.973723974854373,2.867489186227579,2024,4,158,36381,-1703,1711929600000
2019,2,43,97449,1562648.16,1046835.77,179593.58000000002,10.742396227770424,1.8429494402200126,2019,2,43,83764,13685,1548979200000
2021,7,100,47852,814406.59,541598.12,90408.2,11.318191925102399,1.889329599598763,2021,7,100,41980,5872,1625097600000
2024,5,201,102,5103.78,4625.68,129.2,45.34980392156863,1.2666666666666666,2024,5,201,367,-265,1714521600000
2025,11,262,57270,1130172.13,711634.87,126163.11,12.42596245852977,2.2029528548978523,2025,11,262,60544,-3274,1761955200000
2024,3,231,49154,1275059.61,895028.75,145558.91,18.20866562232982,2.9612831102250072,2024,3,231,57608,-8454,1709251200000
2020,2,108,107,3365.85,2939.12,81.3,27.46841121495327,0.7598130841121495,2020,2,108,452,-345,1580515200000
2017,2,226,16391,274357.16000000003,229898.78,23230.29,14.025915441400768,1.417258861570374,2017,2,226,24725,-8334,1485907200000
2018,10,114,111444,1656063.0999999999,1317005.38,197092.03999999998,11.817642762284196,1.7685298445856212,2018,10,114,89887,21557,1538352000000
2020,3,157,363,18051.77,13785.87,2081.24,37.977603305785124,5.733443526170798,2020,3,157,1278,-915,1583020800000
2020,1,133,421,11229.09,9246.8,487.16,21.963895486935865,1.1571496437054631,2020,1,133,1913,-1492,1577836800000
2017,9,58,5,71.76,58.0,2.0,11.6,0.4,2017,9,58,187,-182,1504224000000
2022,10,120,15,679.11,507.05,102.01,33.803333333333335,6.800666666666667,2022,10,120,188,-173,1664582400000
2020,5,180,40,1546.78,1334.8899999999999,19.77,33.372249999999994,0.49424999999999997,2020,5,180,72,-32,1588291200000
2024,9,153,61,1994.72,1813.6,14.66,29.731147540983606,0.24032786885245902,2024,9,153,157,-96,1725148800000
2018,8,37,1499,27120.23,22905.57,1964.84,15.280567044696465,1.3107671781187458,2018,8,37,10408,-8909,1533081600000
2017,6,233,134561,2093908.71,1651058.15,240367.08,12.269960464027466,1.7863056903560466,2017,6,233,145668,-11107,1496275200000
2023,10,81,118,4234.01,3846.32,38.61,32.59593220338983,0.32720338983050845,2023,10,81,271,-153,1696118400000
2022,6,11,41,2051.22,1847.19,77.78,45.05341463414634,1.8970731707317074,2022,6,11,227,-186,1654041600000
2019,2,82,2197,50404.28,41448.73,3037.25,18.866058261265362,1.382453345471097,2019,2,82,5877,-3680,1548979200000
2016,5,202,752,14213.7,11792.61,1435.81,15.681662234042554,1.9093218085106383,2016,5,202,5728,-4976,1462060800000
2024,1,257,78,2699.0,2361.51,85.33,30.275769230769235,1.093974358974359,2024,1,257,1096,-1018,1704067200000
2024,7,29,285,11937.28,11126.49,153.04,39.04031578947368,0.5369824561403509,2024,7,29,589,-304,1719792000000
2023,3,196,198,9124.01,7493.81,731.49,37.84752525252525,3.6943939393939393,2023,3,196,1246,-1048,1677628800000
2018,2,207,404,5732.43,4608.02,528.37,11.405990099009902,1.3078465346534653,2018,2,207,380,24,1517443200000
2024,2,34,71,2198.1,1793.33,179.95,25.258169014084505,2.5345070422535207,2024,2,34,352,-281,1706745600000
2017,12,198,265,5006.14,4256.12,360.02,16.060830188679244,1.358566037735849,2017,12,198,5440,-5175,1512086400000
2016,7,132,256315,14056606.14,11718303.0,1324834.16,45.71836607299612,5.1687734233267655,2016,7,132,96181,160134,1467331200000
2021,10,218,302,12931.41,11526.39,22.37,38.16685430463576,0.0740728476821192,2021,10,218,871,-569,1633046400000
2016,10,228,1462,30625.25,25187.77,3093.73,17.22829685362517,2.11609439124487,2016,10,228,8210,-6748,1475280000000
2020,12,93,90,5156.94,4098.2300000000005,541.07,45.53588888888889,6.0118888888888895,2020,12,93,214,-124,1606780800000
2016,12,127,1129,20257.81,17045.11,1649.19,15.097528786536758,1.4607528786536759,2016,12,127,8472,-7343,1480550400000
2019,8,197,618,24410.08,20622.77,1482.57,33.370177993527506,2.398980582524272,2019,8,197,2645,-2027,1564617600000
2021,2,20,163,4923.09,4159.67,51.21,25.519447852760738,0.3141717791411043,2021,2,20,346,-183,1612137600000
2022,3,14,196,8527.55,7750.04,274.71,39.54102040816326,1.401581632653061,2022,3,14,2383,-2187,1646092800000
2023,4,202,156,6487.25,5127.95,788.6999999999999,32.87147435897436,5.05576923076923,2023,4,202,1883,-1727,1680307200000
2025,9,124,501,17430.25,15346.98,634.02,30.632694610778444,1.2655089820359282,2025,9,124,1414,-913,1756684800000
2021,11,27,1,57.25,53.5,0.0,53.5,0.0,2021,11,27,62,-61,1635724800000
2017,11,17,1897,24954.3,20560.09,1953.51,10.838212967843964,1.0297891407485504,2017,11,17,12582,-10685,1509494400000
2022,9,33,2241,62686.23,48460.96,8432.91,21.62470325747434,3.763012048192771,2022,9,33,7991,-5750,1661990400000
2017,8,242,77,1736.39,1512.26,91.43,19.63974025974026,1.1874025974025975,2017,8,242,903,-826,1501545600000
2023,8,115,2,56.13,42.19,4.0,21.095,2.0,2023,8,115,43,-41,1690848000000
2017,8,94,49,758.0600000000001,663.3,18.02,13.53673469387755,0.3677551020408163,2017,8,94,628,-579,1501545600000
2021,4,156,9,762.96,555.23,43.61,61.69222222222223,4.845555555555555,2021,4,156,71,-62,1617235200000
2019,6,118,47,2000.11,1797.3,55.89,38.240425531914894,1.1891489361702128,2019,6,118,191,-144,1559347200000
2023,10,126,98,3270.12,2861.24,101.77000000000001,29.196326530612243,1.0384693877551021,2023,10,126,309,-211,1696118400000
2024,12,237,183296,3820458.26,2454739.05,506135.79000000004,13.392212868802373,2.761302974423883,2024,12,237,160987,22309,1733011200000
2021,9,224,4925,95916.16,64782.22,12179.02,13.153750253807107,2.472897461928934,2021,9,224,11032,-6107,1630454400000
2022,5,152,3311,61094.81,47162.26,6425.2,14.244113560857748,1.9405617638175776,2022,5,152,5977,-2666,1651363200000
2016,4,264,171496,2968959.24,2406950.13,327028.56,14.03502198302001,1.906916546158511,2016,4,264,165349,6147,1459468800000
2023,11,257,62,2461.71,2041.8,158.25,32.93225806451613,2.5524193548387095,2023,11,257,1334,-1272,1698796800000
2023,11,131,176,6006.41,5491.04,65.55,31.19909090909091,0.3724431818181818,2023,11,131,680,-504,1698796800000
2018,2,79,236526,3219244.34,2539017.52,389577.25,10.734623339506017,1.6470800250289608,2018,2,79,200339,36187,1517443200000
2021,9,57,31,1088.84,910.66,41.68,29.376129032258063,1.344516129032258,2021,9,57,103,-72,1630454400000
2025,5,162,133083,3247167.17,2071330.0,409915.42,15.564196779453424,3.080148629051043,2025,5,162,117693,15390,1746057600000
2022,9,237,145995,2349953.08,1502524.83,310538.00999999995,10.291618411589438,2.1270455152573713,2022,9,237,127416,18579,1661990400000
2025,8,149,464,11363.08,10600.82,22.810000000000002,22.846594827586205,0.04915948275862069,2025,8,149,1082,-618,1754006400000
2021,5,71,479,15961.01,13399.97,73.63,27.974885177453025,0.1537160751565762,2021,5,71,969,-490,1619827200000
2018,8,46,39,1752.82,1543.87,63.84,39.586410256410254,1.636923076923077,2018,8,46,170,-131,1533081600000
2025,7,31,131,4531.79,3768.47,159.0,28.766946564885494,1.213740458015267,2025,7,31,422,-291,1751328000000
2018,7,86,47,2540.71,2344.64,52.66,49.88595744680851,1.1204255319148935,2018,7,86,529,-482,1530403200000
2020,7,45,721,18803.86,15160.32,1434.76,21.026796116504855,1.9899583911234398,2020,7,45,1689,-968,1593561600000
2019,3,68,196146,3406196.5599999996,2270526.09,395920.07,11.575694074821815,2.018496783008575,2019,3,68,185748,10398,1551398400000
2016,8,228,1113,20651.76,16793.2,2130.94,15.088230008984727,1.9145911949685535,2016,8,228,7458,-6345,1470009600000
2022,7,94,53,1425.67,1246.9,30.32,23.526415094339626,0.5720754716981132,2022,7,94,215,-162,1656633600000
2020,3,184,8,275.95,232.7,21.659999999999997,29.0875,2.7074999999999996,2020,3,184,38,-30,1583020800000
2020,2,38,209,9413.56,8231.95,212.82,39.387320574162686,1.0182775119617224,2020,2,38,945,-736,1580515200000
2018,1,41,31741,393580.32999999996,318874.71,36266.27,10.046145679090136,1.1425686021234365,2018,1,41,55752,-24011,1514764800000
2022,4,41,11366,191465.7,143616.04,20878.89,12.635583318669717,1.8369602322716874,2022,4,41,24086,-12720,1648771200000
2018,5,253,23,1065.43,905.5,70.74,39.369565217391305,3.0756521739130434,2018,5,253,63,-40,1525132800000
2024,2,153,44,1608.03,1450.96,41.31,32.97636363636364,0.9388636363636365,2024,2,153,126,-82,1706745600000
2017,4,129,5828,93503.65000000001,79317.0,5857.67,13.609643102264927,1.0050909402882635,2017,4,129,17668,-11840,1491004800000
2016,12,186,368478,5561466.03,4520039.91,579080.17,12.26678366143976,1.5715461167288143,2016,12,186,299204,69274,1480550400000
2025,7,111,17,555.58,479.78000000000003,17.88,28.22235294117647,1.051764705882353,2025,7,111,54,-37,1751328000000
2016,6,184,13,459.7,361.92,70.25999999999999,27.84,5.404615384615384,2016,6,184,117,-104,1464739200000
2017,12,253,14,977.64,825.5,119.42,58.964285714285715,8.53,2017,12,253,53,-39,1512086400000
2018,8,212,180,4103.5,3615.0,113.37,20.083333333333332,0.6298333333333334,2018,8,212,1142,-962,1533081600000
2021,1,140,41621,707239.3,474855.89,81670.28,11.409045674058769,1.9622373321159992,2021,1,140,37778,3843,1609459200000
2022,2,116,3004,56508.62,44699.41,5469.59,14.879963382157126,1.8207689747003994,2022,2,116,8760,-5756,1643673600000
2019,7,40,2468,47528.05,35935.67,5512.43,14.560644246353322,2.233561588330632,2019,7,40,6165,-3697,1561939200000
2020,3,67,58,1895.71,1079.18,695.49,18.606551724137933,11.991206896551724,2020,3,67,490,-432,1583020800000
2024,7,227,181,6390.51,5968.99,40.26,32.977845303867404,0.22243093922651933,2024,7,227,671,-490,1719792000000
2017,6,55,63,1976.21,1677.0,181.43,26.61904761904762,2.87984126984127,2017,6,55,1014,-951,1496275200000
2025,1,43,48544,1054509.64,676733.21,138533.25,13.940614906064601,2.8537666858932105,2025,1,43,35581,12963,1735689600000
2023,8,215,423,25621.95,21210.42,1683.47,50.14283687943262,3.9798345153664303,2023,8,215,962,-539,1690848000000
2023,3,156,6,429.1,355.4,40.0,59.23333333333333,6.666666666666667,2023,3,156,40,-34,1677628800000
2021,1,40,245,4834.83,3761.31,474.11,15.352285714285713,1.9351428571428573,2021,1,40,848,-603,1609459200000
2024,2,167,253,8189.68,7416.62,19.0,29.314703557312253,0.07509881422924901,2024,2,167,379,-126,1706745600000
2018,3,82,2396,42847.45,35956.39,2575.84,15.006840567612688,1.0750584307178632,2018,3,82,7806,-5410,1519862400000
2022,7,95,359,11140.48,9537.09,811.9300000000001,26.565710306406686,2.2616434540389974,2022,7,95,4090,-3731,1656633600000
2023,6,207,347,4182.8,3124.55,309.45,9.004466858789625,0.8917867435158501,2023,6,207,350,-3,1685577600000
2017,8,217,556,8373.56,6954.8,660.61,12.50863309352518,1.1881474820143885,2017,8,217,2689,-2133,1501545600000
2018,12,51,795,31708.02,28528.94,428.24,35.88545911949685,0.5386666666666666,2018,12,51,1780,-985,1543622400000
2024,11,248,274,9581.91,8591.79,32.5,31.35689781021898,0.11861313868613138,2024,11,248,375,-101,1730419200000
2017,11,90,166665,2281423.4899999998,1800191.13,272209.95999999996,10.801254792547924,1.6332760927609273,2017,11,90,138246,28419,1509494400000
2022,12,230,100918,2552908.31,1763431.7,310154.31,17.473906537981332,3.0733299312312967,2022,12,230,100195,723,1669852800000
2021,8,181,1364,38115.71,30234.84,4184.54,22.166304985337245,3.0678445747800587,2021,8,181,6996,-5632,1627776000000
2020,3,177,399,9894.43,9037.65,61.01,22.650751879699246,0.15290726817042605,2020,3,177,934,-535,1583020800000
2019,2,33,6634,138743.26,110436.42,13914.17,16.647033463973468,2.097402773590594,2019,2,33,19498,-12864,1548979200000
2020,7,218,301,13240.34,12056.39,462.73,40.054451827242524,1.5373089700996678,2020,7,218,414,-113,1593561600000
2019,8,58,26,1206.41,969.9399999999999,121.76,37.30538461538461,4.683076923076923,2019,8,58,190,-164,1564617600000
2024,1,250,110,3406.17,3064.96,23.169999999999998,27.863272727272726,0.21063636363636362,2024,1,250,285,-175,1704067200000
2018,2,94,47,1190.6,1105.0,18.82,23.51063829787234,0.4004255319148936,2018,2,94,552,-505,1517443200000
2018,10,44,2,106.1,104.5,0.0,52.25,0.0,2018,10,44,49,-47,1538352000000
2022,2,230,88428,1642685.7,1079356.6,209376.16,12.206050119871534,2.367758628488714,2022,2,230,76725,11703,1643673600000
2017,1,210,96,2136.66,1692.51,292.4,17.6303125,3.045833333333333,2017,1,210,1062,-966,1483228800000
2022,8,161,135377,2413824.66,1570663.72,308379.63,11.602146007076534,2.2779322189145867,2022,8,161,120329,15048,1659312000000
2016,10,129,6424,98882.02,82866.94,7077.34,12.89958592777086,1.10170298879203,2016,10,129,19243,-12819,1475280000000
2022,7,210,117,4964.89,4533.63,82.56,38.74897435897436,0.7056410256410257,2022,7,210,526,-409,1656633600000
2020,1,222,478,15545.82,13587.48,96.37,28.425690376569037,0.20161087866108787,2020,1,222,694,-216,1577836800000
2025,4,17,3277,83029.79,72968.14,729.73,22.266750076289288,0.22268233140067134,2025,4,17,5590,-2313,1743465600000
2022,12,211,24281,529669.87,362875.25,68148.9,14.944823112721881,2.806676001812116,2022,12,211,27914,-3633,1669852800000
2023,10,219,347,23785.96,19653.76,2225.9900000000002,56.639077809798266,6.414956772334294,2023,10,219,1402,-1055,1696118400000
2022,8,152,2412,43878.840000000004,34396.69,4098.4,14.260650912106136,1.6991708126036482,2022,8,152,4902,-2490,1659312000000
2017,9,239,221701,2925230.83,2317791.24,336040.85000000003,10.45458180161569,1.5157389908029284,2017,9,239,212116,9585,1504224000000
2016,12,136,213,3241.7000000000003,2777.67,157.68,13.040704225352114,0.7402816901408451,2016,12,136,1369,-1156,1480550400000
2021,12,40,574,13964.82,10311.24,1899.46,17.96383275261324,3.309163763066202,2021,12,40,2906,-2332,1638316800000
2023,12,138,104591,7139079.109999999,4615691.56,955032.15,44.13086747425686,9.13111214158006,2023,12,138,43840,60751,1701388800000
2016,5,23,8,472.65,394.8,36.949999999999996,49.35,4.6187499999999995,2016,5,23,279,-271,1462060800000
2021,9,189,527,15081.25,12022.35,1842.61,22.81280834914611,3.496413662239089,2021,9,189,2448,-1921,1630454400000
2020,1,33,5634,118746.97,91889.25,13567.27,16.309771033013845,2.4081061412850553,2020,1,33,18348,-12714,1577836800000
2024,3,236,146044,3025153.41,1965601.71,379195.36,13.458969283229711,2.5964460025745666,2024,3,236,150167,-4123,1709251200000
2018,7,170,275634,3968049.0599999996,3124758.22,463338.77999999997,11.336621098993593,1.6809928383290884,2018,7,170,269198,6436,1530403200000
2020,2,16,146,4875.78,4319.39,48.19,29.584863013698634,0.3300684931506849,2020,2,16,938,-792,1580515200000
2021,9,175,38,1821.43,1621.79,12.44,42.67868421052631,0.3273684210526316,2021,9,175,288,-250,1630454400000
2025,5,168,3524,85513.04,73277.61,502.25,20.793873439273554,0.14252270147559593,2025,5,168,4031,-507,1746057600000
2016,9,21,75,1551.27,1295.5,125.89,17.273333333333333,1.6785333333333334,2016,9,21,1400,-1325,1472688000000
2017,4,264,140807,2436062.55,1970364.67,270449.82,13.99337156533411,1.9207128906943547,2017,4,264,127545,13262,1491004800000
2016,1,159,518,8133.0,7084.3,353.52,13.676254826254826,0.6824710424710424,2016,1,159,3037,-2519,1451606400000
2018,9,102,131,3749.74,3358.62,112.13,25.63832061068702,0.8559541984732824,2018,9,102,1103,-972,1535760000000
2018,6,50,83521,1220874.01,980236.78,132984.16999999998,11.736410962512423,1.5922243507620837,2018,6,50,102033,-18512,1527811200000
2016,8,50,100026,1436417.83,1163615.02,145736.66,11.63312558734729,1.4569877831763742,2016,8,50,115285,-15259,1470009600000
2020,6,50,5267,115935.91,90353.62,7542.13,17.154664894626922,1.431959369660148,2020,6,50,7721,-2454,1590969600000
2020,12,100,24972,397488.02999999997,265323.62,41343.44,10.6248446259811,1.655591862886433,2020,12,100,19278,5694,1606780800000
2017,9,131,59,1200.74,1011.5,51.8,17.14406779661017,0.8779661016949152,2017,9,131,1231,-1172,1504224000000
2024,9,190,146,4317.73,3773.99,183.22,25.849246575342463,1.254931506849315,2024,9,190,445,-299,1725148800000
2016,5,225,2427,38506.39,31275.8,4234.91,12.886608982282652,1.744915533580552,2016,5,225,17038,-14611,1462060800000
2023,10,12,1369,46623.71,35155.48,5194.33,25.67967859751644,3.794251278305332,2023,10,12,1987,-618,1696118400000
2019,12,129,3211,64535.5,54170.54,3525.25,16.87030208657739,1.0978667081905948,2019,12,129,14433,-11222,1575158400000
2017,1,85,268,4760.39,4142.8,259.57,15.458208955223881,0.9685447761194029,2017,1,85,1464,-1196,1483228800000
2023,1,1,408,42553.44,35839.66,5097.39,87.84230392156864,12.493602941176471,2023,1,1,7524,-7116,1672531200000
2019,8,27,31,1330.0,1154.98,15.899999999999999,37.25741935483871,0.5129032258064515,2019,8,27,162,-131,1564617600000
2017,11,256,7806,124196.56,101602.23,12889.179999999998,13.015914681014603,1.6511888291058159,2017,11,256,23892,-16086,1509494400000
2016,5,224,38821,566616.77,452944.19,65600.05,11.667504443471318,1.6898083511501507,2016,5,224,51595,-12774,1462060800000
2018,4,166,53715,792987.72,632788.66,90840.9,11.780483291445593,1.6911644791957552,2018,4,166,75534,-21819,1522540800000
2018,6,227,199,5051.39,4430.4,235.63,22.26331658291457,1.184070351758794,2018,6,227,1984,-1785,1527811200000
2017,5,196,848,19962.88,16261.98,1882.07,19.176863207547168,2.219422169811321,2017,5,196,3755,-2907,1493596800000
2018,2,63,68,2051.18,1788.8,173.98,26.305882352941175,2.558529411764706,2018,2,63,697,-629,1517443200000
2018,12,50,69511,1013507.08,812462.57,110969.85,11.688258980592998,1.5964358159140282,2018,12,50,87846,-18335,1543622400000
2020,6,192,48,2378.43,2065.5099999999998,85.25,43.031458333333326,1.7760416666666667,2020,6,192,83,-35,1590969600000
2023,6,149,78,2987.94,2637.55,34.44,33.81474358974359,0.4415384615384615,2023,6,149,478,-400,1685577600000
2018,5,73,40,1247.86,1100.5,61.69,27.5125,1.54225,2018,5,73,555,-515,1525132800000
2024,5,2,3,236.35,191.26999999999998,27.39,63.75666666666666,9.13,2024,5,2,8,-5,1714521600000
2024,8,259,179,7818.3,7198.23,34.519999999999996,40.21357541899441,0.19284916201117316,2024,8,259,476,-297,1722470400000
2023,5,218,303,11006.119999999999,10097.92,69.2,33.32646864686469,0.22838283828382838,2023,5,218,1084,-781,1682899200000
2020,11,168,849,21968.03,18365.86,1521.97,21.632343934040048,1.7926619552414607,2020,11,168,2684,-1835,1604188800000
2024,11,246,61338,1507366.64,1034107.21,181122.22,16.85916087906355,2.952855000163031,2024,11,246,69543,-8205,1730419200000
2024,11,35,1285,36744.44,34435.95,52.78,26.798404669260698,0.041073929961089495,2024,11,35,1451,-166,1730419200000
2019,1,142,235562,2975175.2100000004,2334346.74,354510.80000000005,9.909691461271343,1.5049575058795563,2019,1,142,214368,21194,1546300800000
2017,11,129,4612,69254.99,58741.37,4063.62,12.736637033824806,0.8810971379011274,2017,11,129,15169,-10557,1509494400000
2023,7,28,287,14301.34,11994.4,990.64,41.79233449477352,3.4517073170731707,2023,7,28,1346,-1059,1688169600000
2021,11,40,619,15318.31,11360.94,1922.35,18.353699515347333,3.105573505654281,2021,11,40,3045,-2426,1635724800000
2023,8,120,12,478.58,422.6,25.54,35.21666666666667,2.1283333333333334,2023,8,120,157,-145,1690848000000
2017,2,230,312326,4799896.4,3801208.32,528803.07,12.170643238155003,1.6931125490673204,2017,2,230,270461,41865,1485907200000
2023,8,209,6590,202036.39,144660.72,24817.45,21.951550834597874,3.7659256449165404,2023,8,209,8667,-2077,1690848000000
2024,1,164,64912,1497173.6,975760.55,189636.38,15.032051854818832,2.921437946758689,2024,1,164,59839,5073,1704067200000
2023,9,149,64,2382.25,2123.2,53.64,33.175,0.838125,2023,9,149,411,-347,1693526400000
2021,3,163,42762,652831.0700000001,412823.17,82583.34,9.653972452177166,1.9312319348954678,2021,3,163,36065,6697,1614556800000
2018,8,253,29,1107.15,967.5,68.65,33.36206896551724,2.367241379310345,2018,8,253,86,-57,1533081600000
2018,9,239,205901,2696359.5600000005,2129439.89,318494.86,10.342057056546594,1.5468349352358657,2018,9,239,200153,5748,1535760000000
2018,2,181,8156,128382.67,103925.43,14163.09,12.742205738106914,1.7365240313879353,2018,2,181,27436,-19280,1517443200000
2021,3,147,274,9048.15,7681.97,41.06,28.03638686131387,0.14985401459854014,2021,3,147,596,-322,1614556800000
2024,3,85,389,12462.16,11420.82,135.74,29.35943444730077,0.34894601542416454,2024,3,85,722,-333,1709251200000
2019,2,161,287209,5006945.92,3304095.64,615915.51,11.50415077521944,2.1444854095797834,2019,2,161,265227,21982,1548979200000
2017,12,140,157432,2164543.62,1734806.53,243321.25,11.019402218100513,1.545564116570964,2017,12,140,163951,-6519,1512086400000
2021,4,171,183,6492.06,5483.8,147.7,29.966120218579235,0.8071038251366119,2021,4,171,465,-282,1617235200000
2020,7,50,7128,154620.91,119499.11,10656.55,16.764746071829407,1.495026655443322,2020,7,50,10774,-3646,1593561600000
2019,8,203,271,11116.3,10099.23,170.6,37.266531365313654,0.629520295202952,2019,8,203,1730,-1459,1564617600000
2021,6,252,81,4161.42,3548.8,163.72,43.812345679012346,2.0212345679012347,2021,6,252,472,-391,1622505600000
2023,10,153,38,1193.56,1082.06,36.25,28.475263157894734,0.9539473684210527,2023,10,153,141,-103,1696118400000
2020,8,253,10,380.87,335.71,29.54,33.571,2.9539999999999997,2020,8,253,17,-7,1596240000000
2024,4,46,15,798.0699999999999,702.65,20.9,46.843333333333334,1.3933333333333333,2024,4,46,106,-91,1711929600000
2017,10,180,90,3073.17,2693.0,203.02,29.92222222222222,2.255777777777778,2017,10,180,683,-593,1506816000000
2023,3,212,96,2890.46,2537.15,35.36,26.428645833333334,0.36833333333333335,2023,3,212,344,-248,1677628800000
2024,11,28,596,26650.76,22723.49,1636.19,38.1266610738255,2.745285234899329,2024,11,28,1263,-667,1730419200000
2020,7,144,2952,54171.72,37892.14,5697.37,12.836090785907858,1.9300033875338753,2020,7,144,3901,-949,1593561600000
2020,8,111,2,59.099999999999994,54.5,0.0,27.25,0.0,2020,8,111,15,-13,1596240000000
2018,1,241,85,1534.27,1297.2,136.23,15.261176470588236,1.602705882352941,2018,1,241,1342,-1257,1514764800000
2020,12,171,166,7184.61,5826.35,418.19,35.098493975903615,2.5192168674698796,2020,12,171,338,-172,1606780800000
2022,2,37,346,10430.38,8353.68,1224.2,24.1435838150289,3.538150289017341,2022,2,37,3482,-3136,1643673600000
2020,12,211,7495,129367.38,86062.3,16133.62,11.482628418945964,2.1525843895930623,2020,12,211,9611,-2116,1606780800000
2025,2,51,740,27942.61,25521.93,22.4,34.4890945945946,0.03027027027027027,2025,2,51,971,-231,1738368000000
2019,1,220,519,15569.31,13928.69,208.95,26.837552986512524,0.40260115606936414,2019,1,220,3244,-2725,1546300800000
2022,2,78,131,4651.82,4058.02,106.55,30.977251908396948,0.8133587786259542,2022,2,78,395,-264,1643673600000
2016,12,202,562,11050.04,9165.18,1073.98,16.308149466192173,1.9109964412811389,2016,12,202,5214,-4652,1480550400000
2018,1,105,7,67.54,52.5,8.94,7.5,1.2771428571428571,2018,1,105,10,-3,1514764800000
2018,12,223,4309,106754.99,85204.6,9560.460000000001,19.77363657461128,2.2187189603156185,2018,12,223,15773,-11464,1543622400000
2017,12,148,131290,2062199.22,1660629.36,236309.49000000002,12.64855937238175,1.7999047147535991,2017,12,148,100271,31019,1512086400000
2021,6,243,872,24621.11,20213.03,1955.88,23.180080275229358,2.242981651376147,2021,6,243,5674,-4802,1622505600000
2018,2,171,81,1289.8600000000001,1087.31,114.89,13.423580246913579,1.4183950617283951,2018,2,171,1171,-1090,1517443200000
2019,2,15,174,6270.29,5725.15,30.720000000000002,32.90316091954023,0.17655172413793105,2019,2,15,790,-616,1548979200000
2018,12,62,835,20643.2,18463.47,819.17,22.11194011976048,0.9810419161676647,2018,12,62,3590,-2755,1543622400000
2021,8,67,48,2028.48,1719.49,13.84,35.82270833333333,0.28833333333333333,2021,8,67,443,-395,1627776000000
2021,11,254,230,9187.36,7938.07,80.33,34.51334782608696,0.3492608695652174,2021,11,254,522,-292,1635724800000
2025,4,125,20820,505620.5,332958.46,57141.79,15.992241114313162,2.7445624399615753,2025,4,125,21894,-1074,1743465600000
2023,6,81,69,2699.85,2414.7,12.85,34.995652173913044,0.186231884057971,2023,6,81,269,-200,1685577600000
2017,6,44,4,310.43,290.48,17.75,72.62,4.4375,2017,6,44,27,-23,1496275200000
2024,7,19,164,5935.04,5203.01,293.29,31.725670731707318,1.7883536585365856,2024,7,19,569,-405,1719792000000
2022,3,28,224,12545.99,9674.15,1458.24,43.18816964285714,6.51,2022,3,28,1069,-845,1646092800000
2020,5,76,864,31897.64,28206.23,767.34,32.64609953703704,0.888125,2020,5,76,1042,-178,1588291200000
2018,7,38,99,4889.19,4454.6,197.2,44.9959595959596,1.9919191919191919,2018,7,38,684,-585,1530403200000
2025,9,240,110,3822.54,3405.1,48.78,30.955454545454543,0.4434545454545455,2025,9,240,333,-223,1756684800000
2018,12,258,364,13346.16,11646.54,494.71999999999997,31.995989010989014,1.359120879120879,2018,12,258,1593,-1229,1543622400000
2022,4,164,77992,1459061.31,957356.13,186705.27999999997,12.27505551851472,2.3939029644066054,2022,4,164,71843,6149,1648771200000
2019,7,120,49,1831.68,1543.65,114.26,31.503061224489798,2.3318367346938778,2019,7,120,282,-233,1561939200000
2019,8,139,246,9629.92,8694.44,29.689999999999998,35.343252032520326,0.1206910569105691,2019,8,139,1198,-952,1564617600000
2017,9,20,50,953.8,825.5,49.67,16.51,0.9934000000000001,2017,9,20,763,-713,1504224000000
2022,1,165,92,2967.07,2736.37,59.6,29.743152173913042,0.6478260869565218,2022,1,165,775,-683,1640995200000
2022,5,176,2,139.4,110.2,15.0,55.1,7.5,2022,5,176,20,-18,1651363200000
2025,4,197,2881,91135.8,80480.18,3272.05,27.934807358556053,1.1357341200971884,2025,4,197,2910,-29,1743465600000
2017,7,192,91,1787.23,1532.37,120.03,16.839230769230767,1.3190109890109891,2017,7,192,766,-675,1498867200000
2018,7,251,6,486.6,440.0,0.0,73.33333333333333,0.0,2018,7,251,104,-98,1530403200000
2022,10,109,7,373.72,294.9,47.26,42.128571428571426,6.751428571428571,2022,10,109,20,-13,1664582400000
2018,8,159,667,12423.41,11014.55,355.85,16.513568215892054,0.5335082458770615,2018,8,159,2832,-2165,1533081600000
2017,10,119,383,6751.27,5737.51,512.16,14.980443864229766,1.3372323759791123,2017,10,119,1819,-1436,1506816000000
2017,2,262,106613,1406448.93,1120427.9,158879.49,10.509299053586334,1.4902449982647519,2017,2,262,112004,-5391,1485907200000
2018,11,26,692,18843.85,16613.31,605.83,24.007673410404625,0.8754768786127168,2018,11,26,2079,-1387,1541030400000
2021,8,97,1585,39193.9,31786.55,3456.5,20.05460567823344,2.180757097791798,2021,8,97,3906,-2321,1627776000000
2022,10,180,51,2287.69,2002.13,173.41,39.25745098039216,3.4001960784313723,2022,10,180,379,-328,1664582400000
2023,11,68,88986,2365871.5799999996,1618830.75,305284.67,18.191971208954218,3.43070449284157,2023,11,68,85532,3454,1698796800000
2023,9,198,153,5390.97,4566.49,406.87,29.846339869281046,2.659281045751634,2023,9,198,1682,-1529,1693526400000
2018,5,216,1167,64030.41,52938.13,6079.34,45.362579263067694,5.209374464438732,2018,5,216,3850,-2683,1525132800000
2024,6,220,265,9249.31,8173.58,200.76,30.843698113207548,0.7575849056603773,2024,6,220,1171,-906,1717200000000
2024,6,183,74,2889.34,2607.12,50.23,35.23135135135135,0.6787837837837838,2024,6,183,202,-128,1717200000000
2025,10,13,28893,863381.96,593769.68,97188.28,20.550641331810475,3.3637310075104696,2025,10,13,34202,-5309,1759276800000
2023,2,212,42,1247.79,1124.48,12.46,26.773333333333333,0.2966666666666667,2023,2,212,228,-186,1675209600000
2020,11,263,41991,634991.67,410104.49,77044.73,9.766485437355623,1.8347915029411064,2020,11,263,38674,3317,1604188800000
2023,6,174,138,4847.36,4283.25,161.81,31.03804347826087,1.172536231884058,2023,6,174,424,-286,1685577600000
2023,10,133,160,5020.15,4304.99,258.5,26.906187499999998,1.615625,2023,10,133,963,-803,1696118400000
2020,8,6,7,291.89,234.66,4.0,33.52285714285714,0.5714285714285714,2020,8,6,19,-12,1596240000000
2020,11,162,45889,702326.41,446505.58,88557.09000000001,9.730122251519973,1.9298108479156226,2020,11,162,35246,10643,1604188800000
2023,1,195,124,5602.33,4567.29,486.78999999999996,36.832983870967745,3.9257258064516125,2023,1,195,790,-666,1672531200000
2016,6,19,54,1345.25,1135.58,136.35,21.02925925925926,2.525,2016,6,19,577,-523,1464739200000
2017,6,113,154073,2120051.74,1679295.88,249672.52,10.899352125291257,1.6204819793214904,2017,6,113,131910,22163,1496275200000
2018,2,129,4094,63563.4,53734.99,3963.08,13.125302882266732,0.9680214948705422,2018,2,129,13810,-9716,1517443200000
2018,3,50,92151,1312216.2200000002,1049029.29,149107.37,11.383807989061433,1.6180765265705201,2018,3,50,118375,-26224,1519862400000
2017,12,73,27,648.51,558.5,51.39,20.685185185185187,1.9033333333333333,2017,12,73,519,-492,1512086400000
2019,5,6,16,670.04,560.7,40.26,35.04375,2.51625,2019,5,6,145,-129,1556668800000
2024,8,36,702,22583.88,19683.21,778.29,28.03876068376068,1.1086752136752136,2024,8,36,2256,-1554,1722470400000
2025,8,94,426,11512.31,10381.73,10.0,24.37025821596244,0.023474178403755867,2025,8,94,738,-312,1754006400000
2018,5,248,109,3181.46,2905.7,62.88,26.657798165137613,0.5768807339449542,2018,5,248,1117,-1008,1525132800000
2022,8,243,505,14612.86,11974.27,1398.04,23.71142574257426,2.76839603960396,2022,8,243,6099,-5594,1659312000000
2022,9,32,72,2677.2999999999997,2371.77,7.38,32.94125,0.1025,2022,9,32,258,-186,1661990400000
2017,4,55,94,1854.56,1577.5,161.98,16.78191489361702,1.723191489361702,2017,4,55,964,-870,1491004800000
2019,6,90,121040,2005186.9500000002,1314008.19,237446.74000000002,10.855983063450099,1.961721249173827,2019,6,90,98955,22085,1559347200000
2023,1,115,4,291.65,255.9,24.2,63.975,6.05,2023,1,115,44,-40,1672531200000
2022,11,142,112137,1950464.13,1268698.31,263462.07999999996,11.313824250693349,2.3494660995032857,2022,11,142,93020,19117,1667260800000
2021,5,201,82,4385.34,3781.76,76.72,46.11902439024391,0.9356097560975609,2021,5,201,357,-275,1619827200000
2016,4,256,19190,305726.74,246272.43,34919.73,12.833373110995309,1.819683689421574,2016,4,256,41229,-22039,1459468800000
2016,3,220,321,5648.76,4813.25,398.83,14.994548286604362,1.2424610591900311,2016,3,220,4897,-4576,1456790400000
2016,2,176,2,127.8,90.5,19.58,45.25,9.79,2016,2,176,66,-64,1454284800000
2017,5,20,58,1201.2,1035.38,88.41,17.85137931034483,1.524310344827586,2017,5,20,1065,-1007,1493596800000
2020,1,15,148,4743.14,4169.34,17.74,28.171216216216216,0.11986486486486485,2020,1,15,705,-557,1577836800000
2016,11,216,624,33021.06,26860.78,3652.87,43.046121794871794,5.853958333333333,2016,11,216,3691,-3067,1477958400000
2020,1,160,172,6725.61,5740.69,344.4,33.37610465116279,2.0023255813953487,2020,1,160,1977,-1805,1577836800000
2020,9,254,594,22616.23,19456.25,1374.76,32.754629629629626,2.3144107744107743,2020,9,254,923,-329,1598918400000
2021,10,232,5509,126986.51,92206.4,14208.42,16.737411508440733,2.5791286984933746,2021,10,232,17850,-12341,1633046400000
2019,10,91,655,20570.26,17997.88,133.27,27.47767938931298,0.20346564885496185,2019,10,91,1650,-995,1569888000000
2023,3,1,427,44970.35,38224.28,5217.92,89.51822014051523,12.219953161592507,2023,3,1,9474,-9047,1677628800000
2021,8,236,103301,1623143.17,1037684.29,207606.4,10.045249223144017,2.0097230423713226,2021,8,236,104974,-1673,1627776000000
2023,4,171,64,1974.19,1619.76,140.08,25.30875,2.18875,2023,4,171,566,-502,1680307200000
2023,8,188,537,18006.49,16006.95,519.78,29.80810055865922,0.9679329608938547,2023,8,188,2621,-2084,1690848000000
2021,3,202,139,4118.95,3419.24,139.69,24.598848920863308,1.0049640287769783,2021,3,202,1119,-980,1614556800000
2023,3,220,170,5698.34,4866.81,262.03000000000003,28.628294117647062,1.5413529411764708,2023,3,220,1360,-1190,1677628800000
2023,10,107,71461,1659191.1300000001,1098648.6199999999,210717.7,15.374100838219446,2.9487090860749223,2023,10,107,67386,4075,1696118400000
2024,6,160,247,9390.75,8186.93,367.92,33.145465587044534,1.4895546558704453,2024,6,160,1067,-820,1717200000000
2023,3,59,3,147.35,133.8,0.0,44.6,0.0,2023,3,59,14,-11,1677628800000
2017,7,70,1544,54601.9,44778.02,5526.26,29.00130829015544,3.579183937823834,2017,7,70,3934,-2390,1498867200000
2023,10,73,40,1275.1299999999999,1155.58,20.41,28.889499999999998,0.51025,2023,10,73,292,-252,1696118400000
2016,7,231,189650,3116729.92,2524840.05,352738.11,13.313156076983917,1.8599425784339572,2016,7,231,178583,11067,1467331200000
2017,6,251,11,751.53,671.5,40.71,61.04545454545455,3.700909090909091,2017,6,251,140,-129,1496275200000
2023,11,167,208,6066.4,5426.92,208.32,26.09096153846154,1.0015384615384615,2023,11,167,434,-226,1698796800000
2023,12,167,215,6913.36,6313.12,125.28,29.3633488372093,0.5826976744186046,2023,12,167,458,-243,1701388800000
2021,11,32,115,4969.61,4210.41,36.35,36.61226086956522,0.3160869565217391,2021,11,32,319,-204,1635724800000
2025,7,159,1504,39694.97,35377.52,94.04,23.52228723404255,0.06252659574468085,2025,7,159,2005,-501,1751328000000
2025,6,151,33175,705360.34,501919.62,64032.78,15.129453504144687,1.9301516201959306,2025,6,151,34894,-1719,1748736000000
2022,1,208,32,965.3399999999999,862.04,3.0,26.93875,0.09375,2022,1,208,337,-305,1640995200000
2018,7,166,33868,500130.1,402126.19,53846.1,11.873337368607535,1.5898813038856738,2018,7,166,50811,-16943,1530403200000
2018,12,60,204,6212.07,5519.23,67.47,27.05504901960784,0.33073529411764707,2018,12,60,691,-487,1543622400000
2016,5,182,156,2972.46,2499.5,225.78,16.022435897435898,1.4473076923076924,2016,5,182,1524,-1368,1462060800000
2021,4,6,1,65.72,60.42,5.0,60.42,5.0,2021,4,6,29,-28,1617235200000
2016,1,95,2050,41521.58,34157.82,3666.46,16.662351219512196,1.7885170731707318,2016,1,95,14106,-12056,1451606400000
2024,1,137,32983,699570.2,461646.78,80108.17,13.996506685262105,2.4287714883424796,2024,1,137,39158,-6175,1704067200000
2016,2,89,1608,30549.65,25814.26,2693.87,16.053644278606964,1.675292288557214,2016,2,89,10971,-9363,1454284800000
2022,9,24,9944,182361.51,129854.93,24011.81,13.058621279163313,2.4147033386967016,2022,9,24,11789,-1845,1661990400000
2019,6,111,14,381.21,323.78000000000003,19.990000000000002,23.12714285714286,1.427857142857143,2019,6,111,90,-76,1559347200000
2024,11,263,69829,1461926.07,964577.83,173857.77,13.813427515788568,2.4897645677297398,2024,11,263,74502,-4673,1730419200000
2018,1,231,146271,2259660.0,1801641.44,276185.55,12.31714721304975,1.8881770822651105,2018,1,231,141569,4702,1514764800000
2019,2,164,164019,2777858.0399999996,1825552.2,329599.49,11.130126387796535,2.009520177540407,2019,2,164,146318,17701,1548979200000
2016,10,265,6094,465232.39,395039.96,50121.69,64.82441089596324,8.22476042008533,2016,10,265,26525,-20431,1475280000000
2017,9,26,210,3471.58,2923.37,131.95,13.920809523809524,0.6283333333333333,2017,9,26,1933,-1723,1504224000000
2018,12,205,832,36043.51,32610.24,724.12,39.195,0.8703365384615385,2018,12,205,1720,-888,1543622400000
2022,3,7,2183,36879.11,29363.51,3292.0,13.45098946404031,1.5080164910673386,2022,3,7,11850,-9667,1646092800000
2023,4,232,3740,103458.01,74640.72,11800.54,19.95741176470588,3.1552245989304817,2023,4,232,15052,-11312,1680307200000
2023,12,93,393,30859.5,24418.82,3701.2000000000003,62.13440203562341,9.417811704834607,2023,12,93,755,-362,1701388800000
2024,5,154,59,2467.49,1937.79,267.35,32.84389830508474,4.5313559322033905,2024,5,154,245,-186,1714521600000
2022,4,172,2,54.55,46.4,0.0,23.2,0.0,2022,4,172,34,-32,1648771200000
2016,2,151,95573,1264820.36,1017607.74,133953.9,10.64743954882655,1.4015872683707742,2016,2,151,85030,10543,1454284800000
2023,9,116,2065,56454.66,45071.43,4767.47,21.826358353510894,2.3087021791767555,2023,9,116,6235,-4170,1693526400000
2018,9,131,223,7522.34,6763.86,204.12,30.331210762331835,0.9153363228699551,2018,9,131,1166,-943,1535760000000
2021,1,197,650,25184.38,21714.76,1022.72,33.40732307692308,1.5734153846153847,2021,1,197,1190,-540,1609459200000
2025,8,122,467,13453.1,12245.66,5.98,26.221970021413277,0.012805139186295503,2025,8,122,718,-251,1754006400000
2016,12,11,73,1697.42,1505.01,64.69,20.616575342465755,0.8861643835616438,2016,12,11,761,-688,1480550400000
2019,3,162,286057,5013371.98,3267637.09,630908.73,11.423027893042295,2.2055350157486093,2019,3,162,233987,52070,1551398400000
2018,6,19,148,6177.9800000000005,5719.58,176.76,38.64581081081081,1.1943243243243242,2018,6,19,615,-467,1527811200000
2017,10,76,293,8693.78,7551.58,592.9,25.77331058020478,2.0235494880546074,2017,10,76,1923,-1630,1506816000000
2018,7,153,149,3182.82,2912.0,74.52,19.543624161073826,0.5001342281879194,2018,7,153,305,-156,1530403200000
2017,12,4,23641,345005.02,279115.13,37062.78,11.806401167463305,1.5677331754155914,2017,12,4,47169,-23528,1512086400000
2016,8,38,49,1477.95,1290.5,106.1,26.336734693877553,2.1653061224489796,2016,8,38,746,-697,1470009600000
2018,9,220,361,9843.09,8543.03,373.06,23.664903047091414,1.0334072022160665,2018,9,220,3081,-2720,1535760000000
2021,4,30,4,167.24,145.3,0.0,36.325,0.0,2021,4,30,18,-14,1617235200000
2023,10,204,2,183.4,149.0,29.4,74.5,14.7,2023,10,204,15,-13,1696118400000
2019,3,108,233,8452.52,7772.33,120.76,33.35763948497854,0.5182832618025751,2019,3,108,710,-477,1551398400000
2022,3,97,1613,36346.45,28606.85,4152.5,17.735182889026657,2.574395536267824,2022,3,97,4796,-3183,1646092800000
2024,5,1,595,56755.72,48698.73,6563.78,81.84660504201682,11.031563025210083,2024,5,1,10879,-10284,1714521600000
2025,1,122,201,6450.75,5865.64,5.0,29.182288557213933,0.024875621890547265,2025,1,122,358,-157,1735689600000
2020,10,82,675,17572.23,14623.59,1407.05,21.66457777777778,2.0845185185185184,2020,10,82,1749,-1074,1601510400000
2018,9,25,8859,154812.15,128511.41,15400.82,14.506311096060504,1.738437746924032,2018,9,25,16356,-7497,1535760000000
2023,1,61,504,15578.43,13487.96,1043.22,26.761825396825394,2.0698809523809523,2023,1,61,4756,-4252,1672531200000
2019,7,144,61701,1114103.76,761218.75,123018.7,12.33721900779566,1.9937877830181034,2019,7,144,57511,4190,1561939200000
2021,5,159,579,15816.81,13309.93,258.14,22.987789291882557,0.4458376511226252,2021,5,159,1421,-842,1619827200000
2025,10,184,34,1186.94,998.23,34.43,29.35970588235294,1.0126470588235295,2025,10,184,89,-55,1759276800000
2021,4,4,2210,45574.93,33459.88,3706.69,15.140217194570134,1.6772352941176472,2021,4,4,9852,-7642,1617235200000
2021,8,153,82,2531.17,2195.83,37.62,26.77841463414634,0.458780487804878,2021,8,153,192,-110,1627776000000
2022,12,253,9,385.81,316.5,32.61,35.166666666666664,3.623333333333333,2022,12,253,34,-25,1669852800000
2017,8,177,202,4157.14,3516.45,262.04,17.40816831683168,1.2972277227722773,2017,8,177,2001,-1799,1501545600000
2018,8,246,113312,1635756.23,1296500.98,191271.45,11.441868292855126,1.6880070072013555,2018,8,246,143121,-29809,1533081600000
2018,8,13,74779,1484091.4200000002,1195702.28,181041.66000000003,15.989813717754986,2.4210227470279095,2018,8,13,78070,-3291,1533081600000
2021,7,154,17,478.93,429.93,0.0,25.29,0.0,2021,7,154,58,-41,1625097600000
2018,10,140,155181,2208482.24,1773540.96,244824.03,11.428853790090281,1.5776675623948808,2018,10,140,160112,-4931,1538352000000
2023,7,187,2,116.37,81.37,0.0,40.685,0.0,2023,7,187,30,-28,1688169600000
2018,8,93,1605,81077.78,64183.63,9189.22,39.98980062305296,5.725370716510903,2018,8,93,3337,-1732,1533081600000
2024,7,192,77,2820.82,2515.44,46.52,32.66805194805195,0.6041558441558442,2024,7,192,338,-261,1719792000000
2024,10,76,2032,66037.26,61519.24,493.35,30.27521653543307,0.24279035433070867,2024,10,76,2753,-721,1727740800000
2023,9,89,504,17661.79,15498.4,778.6,30.75079365079365,1.54484126984127,2023,9,89,2580,-2076,1693526400000
2018,12,88,30329,670536.76,549503.31,74485.87,18.118082033697124,2.4559289788651126,2018,12,88,31134,-805,1543622400000
2016,8,151,77747,1059959.71,854695.76,108709.75,10.993295689865848,1.3982500932511865,2016,8,151,69746,8001,1470009600000
2016,7,91,295,6714.11,5758.4,514.6899999999999,19.52,1.7447118644067794,2016,7,91,2221,-1926,1467331200000
2021,12,58,9,563.38,439.38,80.15,48.82,8.905555555555557,2021,12,58,90,-81,1638316800000
2022,1,222,90,3355.0,3152.34,5.06,35.026,0.056222222222222215,2022,1,222,210,-120,1640995200000
2016,8,96,32,896.08,773.0,64.41,24.15625,2.0128125,2016,8,96,227,-195,1470009600000
2017,7,160,148,4382.35,3550.22,397.02,23.987972972972972,2.6825675675675673,2017,7,160,2765,-2617,1498867200000
2019,4,78,408,13549.35,11742.15,109.1,28.779779411764704,0.2674019607843137,2019,4,78,1050,-642,1554076800000
2021,6,194,141,6985.1,5149.72,600.97,36.522836879432624,4.262198581560284,2021,6,194,625,-484,1622505600000
2022,6,108,71,3157.12,2816.01,65.50999999999999,39.66211267605634,0.9226760563380281,2022,6,108,245,-174,1654041600000
2019,3,72,897,27252.79,25276.98,157.09,28.179464882943144,0.17512820512820512,2019,3,72,1930,-1033,1551398400000
2023,12,180,106,4607.28,3980.48,284.61,37.55169811320755,2.685,2023,12,180,423,-317,1701388800000
2024,8,17,1016,30038.29,27230.28,856.83,26.801456692913384,0.8433366141732284,2024,8,17,3425,-2409,1722470400000
2017,4,5,6,418.2,379.0,18.62,63.166666666666664,3.1033333333333335,2017,4,5,72,-66,1491004800000
2016,8,97,9574,150977.28,125119.31,14260.8,13.068655734280343,1.4895341550031334,2016,8,97,18053,-8479,1470009600000
2018,10,256,6810,116926.65000000001,96049.18,11905.96,14.104138032305432,1.7483054331864902,2018,10,256,22222,-15412,1538352000000
2020,10,87,7217,162443.75,116290.24,19117.53,16.113376749341832,2.648958015796037,2020,10,87,8808,-1591,1601510400000
2021,9,100,47209,829171.43,551381.84,96401.06999999999,11.67959160329598,2.0420061852612847,2021,9,100,40227,6982,1630454400000
2022,11,209,5483,136896.91,98313.56,17458.55,17.930614627028998,3.1841236549334306,2022,11,209,8640,-3157,1667260800000
2022,8,12,2084,49665.08,36929.88,5119.7,17.720671785028788,2.456669865642994,2022,8,12,2595,-511,1659312000000
2016,3,148,188374,3412824.72,2834052.08,340759.76,15.044815526558867,1.8089532525720111,2016,3,148,135335,53039,1456790400000
2025,3,209,8455,232382.95,164681.5,20446.16,19.477409816676523,2.4182329982259017,2025,3,209,11882,-3427,1740787200000
2025,3,31,106,3635.61,3144.81,56.16,29.668018867924527,0.5298113207547169,2025,3,31,270,-164,1740787200000
2022,5,161,138546,2655716.72,1753336.05,346798.60000000003,12.655262872980815,2.5031296464712085,2022,5,161,130893,7653,1651363200000
2024,3,249,88373,1950926.48,1303874.8,231832.3,14.754221311939167,2.6233385762619803,2024,3,249,66086,22287,1709251200000
2022,1,75,21592,329686.91000000003,236977.38,34629.04,10.975239903668026,1.6037902927010004,2022,1,75,38421,-16829,1640995200000
2025,5,221,79,2592.6,2002.92,36.67,25.353417721518987,0.4641772151898734,2025,5,221,148,-69,1746057600000
2025,11,243,4901,95909.79,72079.52,1779.44,14.707104672515815,0.3630769230769231,2025,11,243,12448,-7547,1761955200000
2025,11,51,1378,50014.83,45539.45,70.69,33.047496371552974,0.05129898403483309,2025,11,51,1806,-428,1761955200000
2022,4,151,34266,578960.2,403621.83,75474.96,11.779076343897742,2.2026195062160743,2022,4,151,35694,-1428,1648771200000
2023,8,229,52319,1093086.11,702956.95,138558.37,13.4359783252738,2.6483375064508112,2023,8,229,57501,-5182,1690848000000
2018,3,9,43,1383.55,1255.97,59.64,29.20860465116279,1.3869767441860466,2018,3,9,567,-524,1519862400000
2019,3,262,90222,1450691.76,949604.53,169841.17,10.525199286205138,1.8824806588193568,2019,3,262,97160,-6938,1551398400000
2019,11,158,67311,1234533.3699999999,826497.37,153207.22,12.278786082512516,2.276109699751898,2019,11,158,66616,695,1572566400000
2022,7,174,87,2913.33,2618.9900000000002,74.29,30.103333333333335,0.8539080459770115,2022,7,174,459,-372,1656633600000
2022,7,44,38,2564.8199999999997,2249.0,0.0,59.18421052631579,0.0,2022,7,44,57,-19,1656633600000
2025,9,23,44,2244.57,1774.53,100.9,40.33022727272727,2.2931818181818184,2025,9,23,133,-89,1756684800000
2016,10,82,3431,59704.08,50653.54,3670.41,14.763491693383854,1.0697784902360827,2016,10,82,10590,-7159,1475280000000
2020,11,30,3,173.93,154.87,8.25,51.623333333333335,2.75,2020,11,30,9,-6,1604188800000
2018,6,81,163,5274.02,4786.5,115.06,29.365030674846626,0.7058895705521473,2018,6,81,653,-490,1527811200000
2020,12,40,283,5519.95,4297.2,600.25,15.184452296819787,2.121024734982332,2020,12,40,911,-628,1606780800000
2021,8,50,22217,393599.56,263236.37,46352.22,11.848421028941802,2.086340189944637,2021,8,50,32911,-10694,1627776000000
2017,8,28,610,27411.57,22312.01,2530.34,36.57706557377049,4.148098360655738,2017,8,28,2494,-1884,1501545600000
2025,5,38,407,14927.09,13592.37,284.59000000000003,33.39648648648649,0.6992383292383293,2025,5,38,1139,-732,1746057600000
2021,9,55,279,14527.95,12840.62,131.46,46.02372759856631,0.47118279569892474,2021,9,55,803,-524,1630454400000
2019,4,59,16,564.03,501.51,0.0,31.344375,0.0,2019,4,59,55,-39,1554076800000
2017,9,134,496,17143.02,13689.56,1983.98,27.599919354838708,3.999959677419355,2017,9,134,2177,-1681,1504224000000
2022,3,69,169,4829.5199999999995,4293.85,98.17,25.407396449704144,0.5808875739644971,2022,3,69,1273,-1104,1646092800000
2024,6,111,8,521.9300000000001,376.84000000000003,103.33,47.105000000000004,12.91625,2024,6,111,30,-22,1717200000000
2025,3,25,4941,136181.73,115241.32,4399.24,23.32348107670512,0.8903541793159279,2025,3,25,7639,-2698,1740787200000
2022,6,7,2239,41315.99,32954.98,3820.26,14.718615453327379,1.706234926306387,2022,6,7,11581,-9342,1654041600000
2022,3,255,1388,35726.97,26841.48,5187.44,19.338242074927955,3.7373487031700283,2022,3,255,8752,-7364,1646092800000
2023,2,214,17,1195.53,1030.19,16.939999999999998,60.599411764705884,0.996470588235294,2023,2,214,49,-32,1675209600000
2022,8,82,407,15848.88,12280.57,1722.59,30.173390663390663,4.232407862407862,2022,8,82,2212,-1805,1659312000000
2016,5,228,1884,35806.840000000004,29651.72,3413.64,15.738704883227177,1.8119108280254776,2016,5,228,10161,-8277,1462060800000
2020,9,101,118,6040.55,5370.75,261.45,45.514830508474574,2.215677966101695,2020,9,101,210,-92,1598918400000
2017,9,226,14134,254087.75999999998,213315.29,20538.6,15.092351068345833,1.4531342861185792,2017,9,226,22135,-8001,1504224000000
2020,6,44,79,7831.58,6956.64,209.36,88.0587341772152,2.650126582278481,2020,6,44,82,-3,1590969600000
2025,11,159,1449,34213.11,30248.15,199.5,20.87518978605935,0.13768115942028986,2025,11,159,2037,-588,1761955200000
2021,11,202,130,4392.95,3667.95,267.35,28.215,2.056538461538462,2021,11,202,1624,-1494,1635724800000
2020,2,53,132,4677.1,4186.21,31.52,31.713712121212122,0.23878787878787877,2020,2,53,591,-459,1580515200000
2017,11,14,366,8905.57,7605.61,594.0600000000001,20.78035519125683,1.6231147540983608,2017,11,14,6589,-6223,1509494400000
2020,1,100,124798,2099115.8400000003,1388407.51,230544.29,11.125238465360022,1.847339620827257,2020,1,100,98120,26678,1577836800000
2017,11,213,103,2631.4,2343.95,151.99,22.75679611650485,1.475631067961165,2017,11,213,1112,-1009,1509494400000
2021,6,221,8,673.8,590.4,5.0,73.8,0.625,2021,6,221,65,-57,1622505600000
2024,6,173,211,7032.99,6272.31,148.83,29.72658767772512,0.7053554502369669,2024,6,173,780,-569,1717200000000
2016,8,160,190,4077.44,3316.02,348.85,17.452736842105264,1.8360526315789474,2016,8,160,3265,-3075,1470009600000
2016,9,40,7173,133504.48,106069.25,16120.73,14.787292625121985,2.2474180956364145,2016,9,40,12170,-4997,1472688000000
2017,4,64,28,1692.62,1449.02,193.11,51.75071428571429,6.8967857142857145,2017,4,64,752,-724,1491004800000
2023,4,52,657,21263.83,16263.63,2830.65,24.754383561643834,4.308447488584475,2023,4,52,2164,-1507,1680307200000
2022,6,13,24071,620305.52,442130.36,82794.59,18.367760375555648,3.4395991026546464,2022,6,13,29434,-5363,1654041600000
2024,7,116,2744,69126.61,57789.72,3874.47,21.06039358600583,1.4119788629737609,2024,7,116,7390,-4646,1719792000000
2021,8,201,59,3303.58,2833.44,47.23,48.02440677966102,0.8005084745762712,2021,8,201,326,-267,1627776000000
2019,9,236,260571,4033956.81,2602849.35,479506.23,9.989021610232912,1.8402133391666762,2019,9,236,272782,-12211,1567296000000
2024,1,245,2,0.0,0.0,0.0,0.0,0.0,2024,1,245,40,-38,1704067200000
2016,5,36,3320,51847.53,41533.16,6002.69,12.50998795180723,1.808039156626506,2016,5,36,15522,-12202,1462060800000
2017,9,73,14,297.28000000000003,259.86,11.7,18.56142857142857,0.8357142857142856,2017,9,73,553,-539,1504224000000
2018,5,88,36995,835984.85,683846.07,96395.65999999999,18.48482416542776,2.605640221651574,2018,5,88,38378,-1383,1525132800000
2019,2,66,2952,61844.43,48035.29,6777.76,16.272117208672086,2.295989159891599,2019,2,66,9600,-6648,1548979200000
2021,5,264,15790,361555.07,261997.23,42990.16,16.592604813172894,2.722619379354022,2021,5,264,14765,1025,1619827200000
2021,5,153,80,2395.1,2130.59,15.01,26.632375000000003,0.187625,2021,5,153,187,-107,1619827200000
2020,9,83,193,7693.36,6380.23,986.95,33.05818652849741,5.113730569948187,2020,9,83,570,-377,1598918400000
2022,1,50,17603,287654.5,188400.95,35203.35999999999,10.702775095154236,1.999850025563824,2022,1,50,28300,-10697,1640995200000
2018,12,171,231,8997.07,7753.49,219.64999999999998,33.56489177489178,0.9508658008658007,2018,12,171,1334,-1103,1543622400000
2025,2,159,1036,27355.4,24508.04,44.73,23.656409266409266,0.04317567567567567,2025,2,159,1114,-78,1738368000000
2023,5,148,35855,944484.9,649438.04,119680.28,18.112900292846188,3.337896527680937,2023,5,148,34698,1157,1682899200000
2021,4,208,332,12342.52,10233.45,61.13,30.823644578313257,0.1841265060240964,2021,4,208,704,-372,1617235200000
2016,1,10,1724,104112.63,84461.95,11203.65,48.99185034802784,6.498636890951276,2016,1,10,3316,-1592,1451606400000
2024,5,61,2480,77954.77,72047.9,1310.87,29.05157258064516,0.5285766129032258,2024,5,61,5491,-3011,1714521600000
2025,3,181,5076,135526.67,113505.11,3655.15,22.361132781717888,0.7200847123719464,2025,3,181,11783,-6707,1740787200000
2020,3,196,449,15651.01,12370.36,1489.04,27.550913140311806,3.316347438752784,2020,3,196,1420,-971,1583020800000
2024,3,254,387,14470.26,13354.33,27.950000000000003,34.50731266149871,0.07222222222222223,2024,3,254,574,-187,1709251200000
2017,2,125,60438,903799.78,712794.53,113148.84,11.793813991197592,1.8721473245309241,2017,2,125,53690,6748,1485907200000
2021,2,123,291,9304.2,7974.73,107.59,27.404570446735395,0.36972508591065295,2021,2,123,593,-302,1612137600000
2022,10,137,43171,762800.59,503798.82,94354.64,11.669843645039494,2.18560237196266,2022,10,137,46964,-3793,1664582400000
2017,5,127,1037,19946.2,16691.91,1761.87,16.096345226615234,1.69900675024108,2017,5,127,7747,-6710,1493596800000
2018,12,263,163681,2059047.03,1615405.24,243052.47,9.869228804809355,1.4849155980229838,2018,12,263,164751,-1070,1543622400000
2020,10,21,189,6534.26,5672.52,450.51,30.013333333333335,2.383650793650794,2020,10,21,439,-250,1601510400000
2023,11,220,152,5099.72,4423.62,221.61,29.102763157894735,1.4579605263157895,2023,11,220,1257,-1105,1698796800000
2023,9,55,195,9488.93,8738.58,145.60999999999999,44.81323076923077,0.7467179487179486,2023,9,55,519,-324,1693526400000
2019,1,49,2017,38023.43,33001.72,2037.03,16.361784828953894,1.0099305899851263,2019,1,49,11340,-9323,1546300800000
2024,3,203,218,9681.5,8835.44,148.52,40.52954128440367,0.6812844036697249,2024,3,203,667,-449,1709251200000
2025,6,3,502,15950.7,14291.86,37.73,28.4698406374502,0.0751593625498008,2025,6,3,746,-244,1748736000000
2023,2,246,46105,1089209.0599999998,717842.48,142000.28,15.569731699381846,3.07993232838087,2023,2,246,54112,-8007,1675209600000
2023,11,65,1907,61970.299999999996,48477.22,6892.16,25.42067121132669,3.614137388568432,2023,11,65,4837,-2930,1698796800000
2023,12,89,574,20909.33,18936.72,616.58,32.990801393728226,1.0741811846689897,2023,12,89,2520,-1946,1701388800000
2021,6,66,836,20735.28,15812.81,2593.62,18.914844497607653,3.1024162679425835,2021,6,66,3480,-2644,1622505600000
2017,3,212,159,2707.48,2215.36,242.32,13.93308176100629,1.5240251572327044,2017,3,212,1305,-1146,1488326400000
2020,5,83,155,3441.02,2848.7400000000002,117.93,18.378967741935487,0.7608387096774194,2020,5,83,327,-172,1588291200000
2016,8,132,261523,14173815.73,11861478.65,1275103.36,45.35539378945638,4.875683438932714,2016,8,132,93527,167996,1470009600000
2024,7,234,81820,1773977.64,1157192.57,218270.77000000002,14.143150452212174,2.6676945734539235,2024,7,234,74141,7679,1719792000000
2024,4,206,5,453.03000000000003,447.02,0.01,89.404,0.002,2024,4,206,82,-77,1711929600000
2025,3,122,399,14004.35,12924.1,123.39000000000001,32.39122807017544,0.30924812030075194,2025,3,122,618,-219,1740787200000
2018,2,121,87,2132.82,1654.81,360.46,19.020804597701147,4.143218390804598,2018,2,121,1229,-1142,1517443200000
2020,4,168,468,9738.58,8250.7,518.01,17.629700854700857,1.1068589743589743,2020,4,168,1241,-773,1585699200000
2024,8,186,105781,2564969.05,1746899.2999999998,317732.68,16.5143012450251,3.003683837362097,2024,8,186,70959,34822,1722470400000
2016,4,262,146381,2075524.87,1665323.0,232238.1,11.376633579494607,1.5865317220131028,2016,4,262,150142,-3761,1459468800000
2018,5,163,248321,3831901.54,3054489.31,431611.79,12.300567853705486,1.7381203764482263,2018,5,163,223369,24952,1525132800000
2020,6,165,141,4208.64,3712.92,250.62,26.33276595744681,1.7774468085106383,2020,6,165,299,-158,1590969600000
2021,8,121,189,7011.23,6045.1,89.51,31.984656084656088,0.47359788359788363,2021,8,121,814,-625,1627776000000
2016,4,214,9,309.23,298.38,4.15,33.153333333333336,0.46111111111111114,2016,4,214,189,-180,1459468800000
2018,7,64,80,3762.75,3388.51,238.16,42.356375,2.977,2018,7,64,678,-598,1530403200000
2021,7,150,92,4032.23,3517.82,46.410000000000004,38.23717391304348,0.5044565217391305,2021,7,150,322,-230,1625097600000
2017,5,264,144403,2569041.98,2075151.42,288511.54,14.3705561518805,1.9979608456888014,2017,5,264,128627,15776,1493596800000
2018,4,34,189,3116.32,2532.0,346.01,13.396825396825397,1.8307407407407408,2018,4,34,943,-754,1522540800000
2020,5,209,420,9633.22,7269.66,935.34,17.308714285714284,2.227,2020,5,209,531,-111,1588291200000
2019,3,6,30,1041.42,595.8,33.12,19.86,1.1039999999999999,2019,3,6,161,-131,1551398400000
2016,11,76,332,9466.27,7839.4,965.76,23.612650602409637,2.9089156626506023,2016,11,76,2271,-1939,1477958400000
2020,3,12,826,19116.97,14028.12,1994.31,16.98319612590799,2.414418886198547,2020,3,12,1288,-462,1583020800000
2024,4,219,511,30600.739999999998,25640.23,2426.44,50.17657534246575,4.748414872798435,2024,4,219,1564,-1053,1711929600000
2025,1,207,172,4882.64,3797.04,565.04,22.07581395348837,3.285116279069767,2025,1,207,153,19,1735689600000
2019,2,96,39,1459.3799999999999,1232.44,56.3,31.601025641025643,1.4435897435897436,2019,2,96,180,-141,1548979200000
2023,8,102,81,2609.12,2223.81,168.5,27.454444444444444,2.080246913580247,2023,8,102,707,-626,1690848000000
2021,12,135,167,7538.55,6479.63,180.17000000000002,38.80017964071856,1.078862275449102,2021,12,135,830,-663,1638316800000
2021,9,178,30,1324.11,1150.28,33.38,38.342666666666666,1.1126666666666667,2021,9,178,211,-181,1630454400000
2024,12,60,220,7674.48,6917.04,6.0,31.44109090909091,0.02727272727272727,2024,12,60,269,-49,1733011200000
2020,10,62,459,13553.54,11784.83,1089.29,25.67501089324619,2.3731808278867104,2020,10,62,1143,-684,1601510400000
2016,5,69,501,9222.960000000001,7642.5,884.3,15.254491017964073,1.765069860279441,2016,5,69,4941,-4440,1462060800000
2016,3,145,14640,293746.99,233692.03,30507.08,15.962570355191257,2.0838169398907107,2016,3,145,39518,-24878,1456790400000
2017,6,115,6,331.35999999999996,274.5,7.5,45.75,1.25,2017,6,115,115,-109,1496275200000
2021,1,118,22,1417.0900000000001,1180.47,43.25,53.65772727272727,1.9659090909090908,2021,1,118,52,-30,1609459200000
2020,12,190,52,1253.53,1036.62,131.45,19.935,2.527884615384615,2020,12,190,160,-108,1606780800000
2019,6,63,362,11910.64,10775.05,238.34,29.765331491712704,0.6583977900552487,2019,6,63,1083,-721,1559347200000
2024,9,35,1042,30928.84,29049.33,37.019999999999996,27.878435700575817,0.0355278310940499,2024,9,35,1381,-339,1725148800000
2019,8,183,101,3638.95,3170.46,17.74,31.39069306930693,0.17564356435643563,2019,8,183,422,-321,1564617600000
2022,12,227,73,2433.8,2162.95,138.05,29.62945205479452,1.8910958904109592,2022,12,227,640,-567,1669852800000
2024,3,3,151,5330.14,4906.72,13.379999999999999,32.49483443708609,0.0886092715231788,2024,3,3,305,-154,1709251200000
2019,4,144,72113,1292992.97,876568.95,146571.15,12.155491381581683,2.032520488677492,2019,4,144,64223,7890,1554076800000
2024,4,237,164925,3321075.59,2113924.2,425218.87,12.81748794906776,2.5782559951493105,2024,4,237,149939,14986,1711929600000
2018,6,106,1381,23393.13,18972.01,2385.0,13.737878349022447,1.727009413468501,2018,6,106,4575,-3194,1527811200000
2018,9,168,1685,31387.2,27145.74,1330.78,16.110231454005934,0.789780415430267,2018,9,168,6163,-4478,1535760000000
2019,6,150,140,4486.01,4077.75,108.09,29.126785714285713,0.7720714285714286,2019,6,150,507,-367,1559347200000
2019,10,71,630,21321.74,18782.77,54.04,29.813920634920635,0.08577777777777777,2019,10,71,1578,-948,1569888000000
2020,8,92,335,11958.86,10419.06,663.48,31.101671641791043,1.980537313432836,2020,8,92,774,-439,1596240000000
2016,2,193,4959,72045.58,62564.86,4060.32,12.616426698931237,0.818777979431337,2016,2,193,6376,-1417,1454284800000
2019,8,137,71899,1178444.84,780808.3,125968.12,10.859793599354651,1.7520149098040305,2019,8,137,80218,-8319,1564617600000
2020,4,100,4204,66161.29000000001,45479.46,5498.280000000001,10.81813986679353,1.3078686964795434,2020,4,100,2519,1685,1585699200000
2021,2,147,203,6678.95,5539.55,48.74,27.288423645320197,0.2400985221674877,2021,2,147,454,-251,1612137600000
2016,3,117,99,10707.01,8819.25,1673.1,89.08333333333333,16.9,2016,3,117,443,-344,1456790400000
2017,2,227,102,1772.95,1477.4,125.53999999999999,14.484313725490196,1.2307843137254901,2017,2,227,2224,-2122,1485907200000
2019,7,95,1302,35103.15,29843.24,1436.67,22.921075268817205,1.1034331797235024,2019,7,95,8199,-6897,1561939200000
2021,1,32,316,11547.08,9736.34,520.24,30.81120253164557,1.6463291139240506,2021,1,32,534,-218,1609459200000
2023,1,212,48,1535.24,1367.6,7.04,28.491666666666664,0.14666666666666667,2023,1,212,282,-234,1672531200000
2025,1,2,6,316.22,260.42,26.619999999999997,43.403333333333336,4.4366666666666665,2025,1,2,4,2,1735689600000
2017,9,179,5371,78562.31,65567.02,6600.01,12.207600074474028,1.2288233103705084,2017,9,179,12957,-7586,1504224000000
2021,3,117,279,15389.74,13307.24,73.98,47.69620071684588,0.2651612903225807,2021,3,117,692,-413,1614556800000
2024,2,183,57,2276.5,2055.83,22.07,36.06719298245614,0.38719298245614037,2024,2,183,111,-54,1706745600000
2022,5,155,145,5984.95,5443.16,65.89,37.539034482758616,0.45441379310344826,2022,5,155,691,-546,1651363200000
2019,3,214,16,1069.49,904.8199999999999,17.009999999999998,56.551249999999996,1.0631249999999999,2019,3,214,159,-143,1551398400000
2019,5,163,203625,3800962.3899999997,2560836.8,443450.68,12.576239656230815,2.1777811172498467,2019,5,163,180688,22937,1556668800000
2018,11,18,272,7426.81,6568.5,190.15,24.14889705882353,0.6990808823529412,2018,11,18,1328,-1056,1541030400000
2019,9,54,229,4858.36,3790.87,520.37,16.554017467248908,2.27235807860262,2019,9,54,1753,-1524,1567296000000
2022,3,24,11719,205536.64,144963.96,27233.28,12.369994026794094,2.323856984384333,2022,3,24,13709,-1990,1646092800000
2024,10,77,521,16359.67,15276.13,56.41,29.320786948176583,0.1082725527831094,2024,10,77,700,-179,1727740800000
2022,7,32,41,1156.9,1085.5,0.0,26.475609756097562,0.0,2022,7,32,270,-229,1656633600000
2017,3,169,270,4720.85,4139.51,195.66,15.33151851851852,0.7246666666666667,2017,3,169,2177,-1907,1488326400000
2025,4,95,2187,58203.29,49655.92,1041.26,22.70503886602652,0.47611339734796526,2025,4,95,5845,-3658,1743465600000
2017,6,253,30,1112.38,924.5,100.11,30.816666666666666,3.337,2017,6,253,62,-32,1496275200000
2023,9,161,122411,3208599.83,2149622.35,413021.94,17.56069593418892,3.374059030642671,2023,9,161,107913,14498,1693526400000
2020,9,201,67,3242.33,2767.31,158.64,41.303134328358205,2.3677611940298506,2020,9,201,189,-122,1598918400000
2021,12,79,76663,1388186.9,916850.61,182617.96,11.959492975751013,2.382087317219519,2021,12,79,62138,14525,1638316800000
2021,9,4,4225,92709.64,65516.02,11076.6,15.506750295857987,2.621680473372781,2021,9,4,12949,-8724,1630454400000
2018,3,18,170,3200.83,2739.2,203.55,16.11294117647059,1.1973529411764707,2018,3,18,1386,-1216,1519862400000
2017,11,225,762,11500.87,9694.21,803.62,12.722060367454066,1.0546194225721786,2017,11,225,9187,-8425,1509494400000
2024,3,21,156,6027.53,5498.81,86.55,35.248782051282056,0.5548076923076923,2024,3,21,418,-262,1709251200000
2019,1,118,33,1610.1,1321.85,41.760000000000005,40.056060606060605,1.2654545454545456,2019,1,118,217,-184,1546300800000
2022,1,228,152,5310.15,4390.07,453.61,28.88203947368421,2.9842763157894736,2022,1,228,1105,-953,1640995200000
2016,8,49,4483,67699.62,55454.0,6723.65,12.369841623912558,1.499810394824894,2016,8,49,20692,-16209,1470009600000
2018,5,234,284653,4005547.22,3142067.18,491798.56,11.038236660073846,1.7277125482605136,2018,5,234,246763,37890,1525132800000
2022,4,162,113866,2044004.51,1326945.8,271197.7,11.65357349867388,2.3817267665501554,2022,4,162,94804,19062,1648771200000
2021,3,8,14,605.85,454.15999999999997,78.03,32.44,5.573571428571428,2021,3,8,30,-16,1614556800000
2019,2,17,1609,34125.49,30225.32,895.77,18.785158483530143,0.5567246737103791,2019,2,17,8622,-7013,1548979200000
2022,7,18,77,2457.75,2203.37,35.78,28.615194805194804,0.4646753246753247,2022,7,18,543,-466,1656633600000
2019,1,173,324,8406.89,7370.53,75.44,22.74854938271605,0.2328395061728395,2019,1,173,2295,-1971,1546300800000
2019,7,59,15,489.92,415.33,0.0,27.688666666666666,0.0,2019,7,59,62,-47,1561939200000
2020,10,90,33193,519662.57,335994.73,63601.26,10.122457445847015,1.9161046003675475,2020,10,90,25335,7858,1601510400000
2021,7,165,211,8186.64,7243.97,105.71000000000001,34.331611374407586,0.5009952606635072,2021,7,165,845,-634,1625097600000
2017,2,257,325,6674.02,5272.95,812.25,16.224461538461536,2.499230769230769,2017,2,257,5317,-4992,1485907200000
2020,10,125,6508,110535.41,72843.72,13950.86,11.192950215119852,2.1436478180700678,2020,10,125,5476,1032,1601510400000
2024,3,137,41048,881038.48,593983.16,92943.12,14.470453128045216,2.264254531280452,2024,3,137,47720,-6672,1709251200000
2021,5,53,98,3820.06,3353.32,63.45,34.217551020408166,0.6474489795918368,2021,5,53,378,-280,1619827200000
2016,9,112,8442,138088.27,111189.12,15274.53,13.17094527363184,1.8093496801705757,2016,9,112,31971,-23529,1472688000000
2019,5,265,4468,349716.73,297412.75,37058.36,66.56507385854968,8.294171888988362,2019,5,265,19631,-15163,1556668800000
2022,11,233,40619,801856.56,532530.6,103517.98,13.110381841010364,2.5485112878209706,2022,11,233,48079,-7460,1667260800000
2017,10,48,300718,4359250.31,3505192.42,458288.22000000003,11.656077853670215,1.5239800078478842,2017,10,48,260727,39991,1506816000000
2024,5,210,349,13401.36,12546.4,31.22,35.94957020057306,0.08945558739255013,2024,5,210,785,-436,1714521600000
2019,12,240,39,1455.59,1282.48,32.3,32.88410256410256,0.8282051282051281,2019,12,240,192,-153,1575158400000
2022,2,182,113,3438.86,3047.02,34.54,26.964778761061947,0.30566371681415927,2022,2,182,406,-293,1643673600000
2019,2,118,29,1143.71,991.91,18.28,34.20379310344828,0.6303448275862069,2019,2,118,185,-156,1548979200000
2022,2,33,1650,40729.4,30888.61,5706.19,18.720369696969698,3.4582969696969696,2022,2,33,7349,-5699,1643673600000
2022,12,221,11,382.95,299.3,0.0,27.20909090909091,0.0,2022,12,221,68,-57,1669852800000
2025,11,257,642,14590.9,10773.59,340.49,16.781292834890966,0.5303582554517134,2025,11,257,2020,-1378,1761955200000
2018,6,82,2542,50250.72,42168.21,3361.9700000000003,16.588595594020457,1.32256884343037,2018,6,82,7256,-4714,1527811200000
2022,3,91,166,5892.05,5363.9800000000005,72.87,32.313132530120484,0.4389759036144579,2022,3,91,813,-647,1646092800000
2017,7,95,1433,29640.15,24689.93,2307.64,17.2295394277739,1.6103558967201674,2017,7,95,10783,-9350,1498867200000
2021,11,85,176,6989.08,5895.04,363.87,33.49454545454545,2.0674431818181818,2021,11,85,610,-434,1635724800000
2025,1,49,1455,37906.86,32599.29,1059.14,22.40501030927835,0.7279312714776633,2025,1,49,4654,-3199,1735689600000
2022,3,186,118396,2070044.04,1359801.8,268705.33,11.485200513530863,2.2695473664650834,2022,3,186,80149,38247,1646092800000
2020,11,3,182,6425.0,5401.94,496.88,29.68098901098901,2.73010989010989,2020,11,3,362,-180,1604188800000
2017,11,121,70,1352.0,1171.0,75.85,16.728571428571428,1.0835714285714284,2017,11,121,1244,-1174,1509494400000
2016,5,31,33,1083.16,927.5,102.6,28.106060606060606,3.109090909090909,2016,5,31,566,-533,1462060800000
2018,1,39,203,5499.38,4672.11,474.27000000000004,23.015320197044332,2.336305418719212,2018,1,39,1519,-1316,1514764800000
2019,1,211,55692,780829.31,617225.38,94948.57,11.082837391366803,1.7048870573870576,2019,1,211,56951,-1259,1546300800000
2018,3,198,273,5098.91,4456.5,270.82,16.324175824175825,0.992014652014652,2018,3,198,4556,-4283,1519862400000
2019,3,7,11906,172596.06,140690.3,10786.4,11.816756257349235,0.9059633798084998,2019,3,7,30937,-19031,1551398400000
2019,9,258,222,6821.18,5994.34,105.02,27.001531531531533,0.47306306306306306,2019,9,258,1438,-1216,1567296000000
2021,7,70,6711,284577.14999999997,206089.98,34737.92,30.709280286097453,5.176265832215765,2021,7,70,1700,5011,1625097600000
2024,4,87,19821,615197.91,453132.63,64744.63,22.861239594369607,3.266466374047727,2024,4,87,28720,-8899,1711929600000
2020,3,13,23524,533603.8300000001,371357.33,70177.38,15.78631737799694,2.9832247917020918,2020,3,13,24465,-941,1583020800000
2017,6,234,308094,4321097.35,3389647.03,524737.36,11.00198974988153,1.7031729277428316,2017,6,234,265952,42142,1496275200000
2020,4,209,279,6888.5,5118.34,728.88,18.345304659498208,2.6124731182795697,2020,4,209,448,-169,1585699200000
2020,11,180,71,2077.95,1791.5,154.03,25.232394366197184,2.1694366197183097,2020,11,180,227,-156,1604188800000
2020,11,61,1469,45001.64,38683.88,3616.92,26.33347855684139,2.4621647379169502,2020,11,61,3188,-1719,1604188800000
2020,7,39,758,37777.09,34922.6,1019.9,46.072031662269126,1.345514511873351,2020,7,39,1068,-310,1593561600000
2019,7,13,60561,1396798.01,989085.92,170100.6,16.33206056703159,2.8087482042898895,2019,7,13,64240,-3679,1561939200000
2022,2,223,571,20057.17,15369.7,2080.55,26.917162872154115,3.6436952714535904,2022,2,223,4524,-3953,1643673600000
2025,10,246,81069,1942530.05,1265446.16,214140.05,15.60949512143976,2.6414541933414744,2025,10,246,89254,-8185,1759276800000
2025,11,83,934,24936.59,19571.83,1854.89,20.954850107066385,1.985963597430407,2025,11,83,1615,-681,1761955200000
2017,12,40,5155,85861.06,68385.39,10485.43,13.265837051406402,2.034031037827352,2017,12,40,10515,-5360,1512086400000
2019,7,72,666,19496.61,17622.14,115.73,26.45966966966967,0.17376876876876876,2019,7,72,1904,-1238,1561939200000
2024,9,51,421,18494.4,16973.67,58.150000000000006,40.31750593824228,0.13812351543942994,2024,9,51,690,-269,1725148800000
2019,7,123,289,7727.02,6933.38,94.28,23.990934256055365,0.32622837370242214,2019,7,123,1087,-798,1561939200000
2024,11,43,59002,1356991.86,914232.21,175057.42,15.494935934375105,2.9669743398528867,2024,11,43,43670,15332,1730419200000
2020,1,234,188072,3020259.9800000004,1923110.99,383353.82,10.225397666850993,2.038335424730954,2020,1,234,164850,23222,1577836800000
2016,9,54,768,13999.89,11257.81,1633.08,14.658606770833332,2.12640625,2016,9,54,3323,-2555,1472688000000
2021,1,153,93,3011.48,2638.47,124.36,28.37064516129032,1.3372043010752688,2021,1,153,185,-92,1609459200000
2023,12,111,2,171.5,168.0,0.0,84.0,0.0,2023,12,111,32,-30,1701388800000
2025,8,251,16,693.4,558.02,21.92,34.87625,1.37,2025,8,251,92,-76,1754006400000
2025,7,54,455,12706.3,9881.0,297.71,21.716483516483517,0.6543076923076923,2025,7,54,955,-500,1751328000000
2018,1,212,143,2443.79,2108.8,153.13,14.746853146853148,1.0708391608391608,2018,1,212,1030,-887,1514764800000
2017,5,61,2513,40830.41,33712.97,3925.66,13.415427775567052,1.562140867489057,2017,5,61,18753,-16240,1493596800000
2022,11,129,744,24329.329999999998,20128.43,2785.4,27.054341397849463,3.7438172043010756,2022,11,129,4688,-3944,1667260800000
2024,6,169,336,10759.039999999999,9937.36,15.92,29.57547619047619,0.04738095238095238,2024,6,169,598,-262,1717200000000
2022,12,219,380,23508.25,19220.89,2276.86,50.58128947368421,5.991736842105263,2022,12,219,1573,-1193,1669852800000
2019,2,14,837,29152.82,26044.6,582.35,31.116606929510155,0.6957586618876942,2019,2,14,5445,-4608,1548979200000
2016,9,255,19314,323767.2,261482.32,37009.99,13.538486072279175,1.9162260536398465,2016,9,255,37429,-18115,1472688000000
2018,8,77,199,6622.85,5936.56,168.11,29.831959798994976,0.8447738693467337,2018,8,77,789,-590,1533081600000
2019,9,19,138,4655.7699999999995,4157.01,124.99000000000001,30.123260869565218,0.9057246376811595,2019,9,19,595,-457,1567296000000
2022,12,207,354,4538.17,3469.35,492.8,9.80042372881356,1.392090395480226,2022,12,207,353,1,1669852800000
2016,11,245,4,271.15,170.0,81.33,42.5,20.3325,2016,11,245,96,-92,1477958400000
2023,2,161,135334,3197570.12,2070674.37,420256.43,15.300474160225813,3.1053277816365434,2023,2,161,110167,25167,1675209600000
2023,3,44,47,3115.14,2636.1,0.08,56.08723404255319,0.001702127659574468,2023,3,44,63,-16,1677628800000
2021,10,214,2,135.32,105.62,15.0,52.81,7.5,2021,10,214,34,-32,1633046400000
2023,12,4,4753,121053.38,86906.16,12375.7,18.284485588049655,2.603766042499474,2023,12,4,13377,-8624,1701388800000
2017,3,73,30,823.52,655.01,110.96,21.833666666666666,3.6986666666666665,2017,3,73,589,-559,1488326400000
2016,12,117,58,5923.85,5206.52,590.17,89.76758620689655,10.175344827586207,2016,12,117,379,-321,1480550400000
2021,8,115,20,1335.1,1113.33,68.2,55.6665,3.41,2021,8,115,77,-57,1627776000000
2025,9,86,811,38728.8,36889.07,22.18,45.485906288532675,0.027348951911220713,2025,9,86,1363,-552,1756684800000
2020,8,14,469,18730.6,16800.71,1024.37,35.822409381663114,2.184157782515991,2020,8,14,1172,-703,1596240000000
2022,9,137,36130,653535.43,432457.96,81291.5,11.969497924162747,2.249972322169942,2022,9,137,39611,-3481,1661990400000
2017,10,60,60,1052.23,878.5,87.75,14.641666666666667,1.4625,2017,10,60,526,-466,1506816000000
2019,7,122,173,7742.34,7086.83,0.8899999999999999,40.964335260115604,0.00514450867052023,2019,7,122,576,-403,1561939200000
2019,12,21,233,7295.38,6269.04,155.2,26.905751072961372,0.6660944206008583,2019,12,21,1026,-793,1575158400000
2021,12,95,356,12173.85,9956.73,801.62,27.96834269662921,2.251741573033708,2021,12,95,3659,-3303,1638316800000
2021,11,55,223,10984.64,9681.41,49.28,43.41439461883408,0.2209865470852018,2021,11,55,604,-381,1635724800000
2024,7,156,8,911.37,841.52,21.15,105.19,2.64375,2024,7,156,53,-45,1719792000000
2017,6,231,176739,2920193.56,2349637.91,346790.87,13.29439404998331,1.9621638121750151,2017,6,231,168242,8497,1496275200000
2017,7,93,1247,66982.3,53494.81,7118.74,42.89880513231756,5.70869286287089,2017,7,93,1975,-728,1498867200000
2025,9,115,31,1126.07,929.3,0.0,29.97741935483871,0.0,2025,9,115,86,-55,1756684800000
2020,8,100,20284,325649.11,222129.6,30025.77,10.950976138828633,1.4802686846775783,2020,8,100,14284,6000,1596240000000
2018,11,154,42,2432.04,1976.1,260.84,47.05,6.21047619047619,2018,11,154,80,-38,1541030400000
2016,1,227,200,3685.54,3112.3,306.58,15.5615,1.5329,2016,1,227,2750,-2550,1451606400000
2017,2,139,17,490.38,425.0,44.74,25.0,2.631764705882353,2017,2,139,461,-444,1485907200000
2017,11,64,35,949.87,829.5,86.87,23.7,2.482,2017,11,64,699,-664,1509494400000
2021,10,53,58,2567.15,2162.25,62.45,37.2801724137931,1.0767241379310346,2021,10,53,397,-339,1633046400000
2022,1,62,144,4138.87,3605.42,296.55,25.03763888888889,2.059375,2022,1,62,1241,-1097,1640995200000
2017,7,123,75,1678.44,1238.0,274.88,16.506666666666668,3.6650666666666667,2017,7,123,921,-846,1498867200000
2017,10,153,85,1426.04,1227.8,70.64,14.44470588235294,0.8310588235294117,2017,10,153,371,-286,1506816000000
2017,11,200,60,1684.0,1394.51,170.44,23.241833333333332,2.8406666666666665,2017,11,200,2797,-2737,1509494400000
2021,8,113,38580,651913.8,422712.82,85395.13,10.956786417833074,2.2134559357179886,2021,8,113,33888,4692,1627776000000
2019,3,256,5495,101039.07,78343.11,10476.95,14.25716287534122,1.9066333030027298,2019,3,256,18940,-13445,1551398400000
2024,7,158,32401,784132.43,538489.82,89219.91,16.619543223974567,2.7536159377796983,2024,7,158,31665,736,1719792000000
2017,7,147,74,1293.06,1130.92,40.48,15.282702702702704,0.547027027027027,2017,7,147,1014,-940,1498867200000
2019,9,183,92,3320.19,2845.36,54.47,30.92782608695652,0.5920652173913044,2019,9,183,404,-312,1567296000000
2017,4,219,533,34292.17,28363.94,3226.67,53.215647279549714,6.053789868667917,2017,4,219,2006,-1473,1491004800000
2019,10,116,7280,122682.90000000001,98012.57,9990.97,13.463265109890111,1.3723859890109888,2019,10,116,17662,-10382,1569888000000
2020,6,10,305,13287.38,11628.65,594.56,38.12672131147541,1.9493770491803277,2020,6,10,597,-292,1590969600000
2016,1,138,262277,10832914.26,8176693.87,1411513.45,31.17579456071253,5.381766033620942,2016,1,138,114451,147826,1451606400000
2016,5,254,67,1157.91,980.0,94.27,14.626865671641792,1.4070149253731343,2016,5,254,1114,-1047,1462060800000
2016,3,135,230,5148.01,4355.34,438.33,18.936260869565217,1.9057826086956522,2016,3,135,2643,-2413,1456790400000
2018,8,75,52135,679052.75,555388.81,57640.79,10.65289747770212,1.1056064064448068,2018,8,75,91426,-39291,1533081600000
2020,3,117,124,6840.62,6230.78,10.66,50.24822580645161,0.08596774193548387,2020,3,117,383,-259,1583020800000
2021,2,190,43,1127.57,938.74,94.07000000000001,21.831162790697675,2.1876744186046513,2021,2,190,162,-119,1612137600000
2021,5,172,2,186.36,156.0,15.16,78.0,7.58,2021,5,172,40,-38,1619827200000
2019,5,150,137,5524.41,4956.98,158.68,36.18233576642336,1.1582481751824818,2019,5,150,547,-410,1556668800000
2021,11,45,4175,94284.35,68358.29,10458.39,16.373243113772453,2.5050035928143712,2021,11,45,8194,-4019,1635724800000
2022,11,248,53,1410.48,1208.79,36.04,22.80735849056604,0.6799999999999999,2022,11,248,255,-202,1667260800000
2023,6,210,120,4461.72,3977.4,113.32,33.145,0.9443333333333332,2023,6,210,544,-424,1685577600000
2023,9,133,128,5028.5,4202.51,279.79,32.832109375,2.185859375,2023,9,133,794,-666,1693526400000
2016,6,208,94,3335.27,2811.6,319.65999999999997,29.91063829787234,3.40063829787234,2016,6,208,1523,-1429,1464739200000
2021,4,31,65,2176.91,1783.77,115.55,27.442615384615383,1.7776923076923077,2021,4,31,352,-287,1617235200000
2021,5,177,470,15483.73,13347.42,111.17,28.39876595744681,0.23653191489361702,2021,5,177,1048,-578,1619827200000
2024,5,236,168379,3584815.63,2347546.07,445347.68,13.942035942724448,2.644912251527803,2024,5,236,172071,-3692,1714521600000
2025,5,175,259,6448.43,5495.68,21.45,21.2188416988417,0.08281853281853281,2025,5,175,702,-443,1746057600000
2022,10,147,41,1160.42,1025.53,35.64,25.01292682926829,0.8692682926829268,2022,10,147,287,-246,1664582400000
2018,7,81,120,3955.93,3574.0,131.7,29.783333333333335,1.0975,2018,7,81,626,-506,1530403200000
2021,9,201,54,2817.02,2408.57,30.61,44.60314814814815,0.5668518518518518,2021,9,201,345,-291,1630454400000
2020,5,253,5,233.70999999999998,186.77,21.08,37.354,4.215999999999999,2020,5,253,4,1,1588291200000
2024,6,102,204,6090.3,5554.94,86.48,27.230098039215683,0.423921568627451,2024,6,102,660,-456,1717200000000
2019,1,86,176,10305.36,9659.19,2.77,54.881761363636365,0.015738636363636364,2019,1,86,912,-736,1546300800000
2018,7,219,734,46552.06,38764.04,4117.2300000000005,52.81204359673025,5.609305177111717,2018,7,219,2028,-1294,1530403200000
2018,8,99,6,152.18,141.36,4.5200000000000005,23.560000000000002,0.7533333333333334,2018,8,99,7,-1,1533081600000
2016,8,41,30003,403403.78,328640.1,35587.33,10.953574642535745,1.1861257207612572,2016,8,41,59339,-29336,1470009600000
2020,1,208,360,13712.95,11704.89,149.82999999999998,32.51358333333333,0.4161944444444444,2020,1,208,953,-593,1577836800000
2022,12,130,593,33219.37,26665.510000000002,3224.1,44.967133220910625,5.436930860033726,2022,12,130,1942,-1349,1669852800000
2024,7,36,686,21271.03,18705.58,617.41,27.267609329446067,0.9000145772594752,2024,7,36,2097,-1411,1719792000000
2022,8,48,97149,1809886.43,1207600.53,220487.47,12.430395886730693,2.269580438295814,2022,8,48,87646,9503,1659312000000
2016,1,18,142,2252.48,1931.35,144.47,13.601056338028169,1.0173943661971832,2016,1,18,1670,-1528,1451606400000
2017,3,32,50,1012.44,897.5,32.71,17.95,0.6542,2017,3,32,744,-694,1488326400000
2021,1,52,368,7404.36,5776.0,816.08,15.695652173913043,2.217608695652174,2021,1,52,831,-463,1609459200000
2019,4,25,7355,135735.66,109939.54,12266.19,14.947592114208021,1.6677348742352143,2019,4,25,14058,-6703,1554076800000
2021,8,253,23,1646.22,1350.04,153.63,58.697391304347825,6.679565217391304,2021,8,253,54,-31,1627776000000
2020,4,214,3,118.61999999999999,91.61,2.75,30.536666666666665,0.9166666666666666,2020,4,214,22,-19,1585699200000
2021,3,197,741,28887.45,25136.89,292.7,33.922928475033736,0.39500674763832655,2021,3,197,1320,-579,1614556800000
2022,3,177,155,5192.38,4640.52,169.16,29.938838709677423,1.0913548387096774,2022,3,177,821,-666,1646092800000
2020,6,169,383,13257.58,11791.82,287.38,30.788041775456918,0.7503394255874674,2020,6,169,589,-206,1590969600000
2022,9,146,1825,38209.46,29882.43,3805.1,16.37393424657534,2.084986301369863,2022,9,146,3945,-2120,1661990400000
2024,8,80,1763,58774.09,49288.39,3256.09,27.95711287577992,1.8469030062393648,2024,8,80,4157,-2394,1722470400000
2020,10,144,10065,175759.43,119005.93,20640.78,11.823738698460009,2.050748137108793,2020,10,144,11035,-970,1601510400000
2025,1,90,52960,1096222.87,678438.29,130156.59000000001,12.810390672205438,2.4576395392749246,2025,1,90,51486,1474,1735689600000
2018,12,135,552,19300.98,17111.47,427.92,30.999039855072464,0.7752173913043479,2018,12,135,1928,-1376,1543622400000
2019,3,85,602,19626.21,17712.19,98.41,29.422242524916943,0.16347176079734219,2019,3,85,1636,-1034,1551398400000
2018,11,193,4620,53199.37,45534.99,2841.19,9.85605844155844,0.6149761904761905,2018,11,193,6192,-1572,1541030400000
2023,11,27,2,106.17999999999999,91.19,0.0,45.595,0.0,2023,11,27,51,-49,1698796800000
2017,1,241,99,1801.25,1548.5,97.44,15.641414141414142,0.9842424242424243,2017,1,241,1563,-1464,1483228800000
2025,1,126,313,9013.94,7826.54,70.32,25.004920127795526,0.22466453674121403,2025,1,126,485,-172,1735689600000
2020,12,265,11236,354767.27,339748.44,4153.9,30.23749021003916,0.3696956212175151,2020,12,265,2838,8398,1606780800000
2016,3,224,40388,561467.05,448482.38,64683.22,11.104347330890363,1.601545508566901,2016,3,224,54100,-13712,1456790400000
2025,1,91,1186,32794.18,30581.27,139.68,25.785219224283306,0.11777403035413155,2025,1,91,1584,-398,1735689600000
2017,12,219,585,36120.67,29945.75,3473.79,51.18931623931624,5.938102564102564,2017,12,219,1637,-1052,1512086400000
2018,4,185,111,2643.3,2412.5,61.57,21.734234234234233,0.5546846846846847,2018,4,185,979,-868,1522540800000
2021,5,17,847,26245.31,22332.78,856.15,26.366918536009443,1.0108028335301062,2021,5,17,3321,-2474,1619827200000
2024,4,6,35,845.02,323.1,0.0,9.231428571428571,0.0,2024,4,6,105,-70,1711929600000
2025,4,170,105469,2445088.15,1552594.5,295042.27,14.720861106107007,2.7974311883112577,2025,4,170,110879,-5410,1743465600000
2018,10,192,156,4493.72,4059.61,134.86,26.023141025641028,0.8644871794871796,2018,10,192,667,-511,1538352000000
2020,6,119,268,8724.19,7726.8,164.34,28.83134328358209,0.6132089552238806,2020,6,119,621,-353,1590969600000
2016,8,37,4491,68739.63,55952.54,6850.31,12.458815408594967,1.5253417947005121,2016,8,37,20329,-15838,1470009600000
2019,2,215,1127,61048.31,49735.45,4490.99,44.130834072759534,3.9849068322981362,2019,2,215,1356,-229,1548979200000
2016,2,156,5,279.0,267.5,8.0,53.5,1.6,2016,2,156,85,-80,1454284800000
2018,12,5,14,1093.76,992.0,49.239999999999995,70.85714285714286,3.517142857142857,2018,12,5,82,-68,1543622400000
2016,10,64,35,1045.1299999999999,868.51,89.13,24.81457142857143,2.5465714285714283,2016,10,64,813,-778,1475280000000
2025,1,92,586,17065.0,14754.83,213.46,25.178890784982936,0.36426621160409556,2025,1,92,2156,-1570,1735689600000
2019,1,230,264136,4007699.7,3142865.4,465450.93999999994,11.898663567253234,1.762163960989793,2019,1,230,225555,38581,1546300800000
2016,6,196,1071,24625.33,19751.78,2422.52,18.44237161531279,2.261923436041083,2016,6,196,4609,-3538,1464739200000
2023,8,3,81,2747.52,2464.18,35.83,30.421975308641972,0.44234567901234567,2023,8,3,337,-256,1690848000000
2016,4,118,6,622.4,536.3,54.72,89.38333333333333,9.12,2016,4,118,221,-215,1459468800000
2017,4,17,3054,42262.89,35061.0,3349.97,11.480353634577604,1.0969122462344465,2017,4,17,17227,-14173,1491004800000
2020,2,47,235,6382.87,5557.43,47.08,23.648638297872342,0.2003404255319149,2020,2,47,779,-544,1580515200000
2018,2,134,404,13392.63,10896.36,1326.92,26.97118811881188,3.2844554455445545,2018,2,134,1807,-1403,1517443200000
2019,3,75,58796,887226.12,659116.41,76028.11,11.210225355466358,1.293083032859378,2019,3,75,95798,-37002,1551398400000
2020,9,242,644,19115.68,16198.07,1561.6,25.152282608695653,2.4248447204968944,2020,9,242,869,-225,1598918400000
2018,5,256,7167,118485.26,97109.45,12042.5,13.549525603460303,1.6802706850844147,2018,5,256,22533,-15366,1525132800000
2021,2,79,26496,423725.71,275742.13,52050.55,10.406934254227053,1.9644682216183575,2021,2,79,23714,2782,1612137600000
2022,11,107,73024,1311066.1600000001,857736.61,174784.2,11.745954891542507,2.393517199824715,2022,11,107,61505,11519,1667260800000
2016,8,238,154751,2079979.43,1662499.34,223638.12,10.743060400255896,1.445148141207488,2016,8,238,163484,-8733,1470009600000
2017,5,168,1893,29670.14,25228.83,1495.68,13.327432646592712,0.7901109350237718,2017,5,168,7636,-5743,1493596800000
2020,10,6,13,479.27,434.71,7.68,33.43923076923077,0.5907692307692307,2020,10,6,50,-37,1601510400000
2025,10,43,60588,1392085.61,905294.23,178500.25,14.941807453621179,2.9461320723575626,2025,10,43,45148,15440,1759276800000
2021,10,197,370,16644.25,14356.98,805.43,38.80264864864865,2.1768378378378377,2021,10,197,1336,-966,1633046400000
2021,1,14,513,19452.02,17029.3,772.3,33.19551656920078,1.5054580896686158,2021,1,14,1267,-754,1609459200000
2022,4,39,242,9638.05,8807.68,151.57,36.39537190082645,0.6263223140495867,2022,4,39,1107,-865,1648771200000
2025,2,134,968,33335.63,28575.76,1739.36,29.520413223140494,1.7968595041322313,2025,2,134,1527,-559,1738368000000
2021,3,136,424,16479.32,14292.65,136.62,33.709080188679245,0.3222169811320755,2021,3,136,770,-346,1614556800000
2018,2,115,4,149.98999999999998,119.34,14.93,29.835,3.7325,2018,2,115,112,-108,1517443200000
2024,12,20,180,7059.94,6201.23,158.03,34.451277777777776,0.8779444444444444,2024,12,20,450,-270,1733011200000
2025,7,209,10483,288134.65,205818.44,24457.88,19.63354383287227,2.333099303634456,2025,7,209,12530,-2047,1751328000000
2021,8,174,229,10004.94,8570.51,91.97,37.42580786026201,0.40161572052401745,2021,8,174,636,-407,1627776000000
2018,8,95,1291,30023.73,25013.44,1938.83,19.375243996901627,1.5018048024786985,2018,8,95,10204,-8913,1533081600000
2021,1,195,177,5646.83,4882.76,228.39,27.58621468926554,1.2903389830508474,2021,1,195,467,-290,1609459200000
2025,8,261,20489,569531.97,399964.3,55347.19,19.520928302991848,2.7013124115378986,2025,8,261,20030,459,1754006400000
2016,5,160,253,6177.44,5029.36,663.97,19.87889328063241,2.6243873517786565,2016,5,160,3597,-3344,1462060800000
2019,9,56,792,41022.02,31507.39,4159.74,39.78205808080808,5.2521969696969695,2019,9,56,2947,-2155,1567296000000
2023,6,182,141,5007.59,4466.22,22.52,31.675319148936172,0.15971631205673759,2023,6,182,422,-281,1685577600000
2019,2,7,10424,152218.97,124603.46,9136.2,11.953516884113585,0.8764581734458942,2019,2,7,26927,-16503,1548979200000
2018,2,17,1641,21772.98,18086.1,1613.08,11.021389396709322,0.9829859841560024,2018,2,17,10850,-9209,1517443200000
2023,12,170,96136,2408960.41,1613829.68,306293.96,16.78694432886744,3.1860485146043107,2023,12,170,97334,-1198,1701388800000
2024,6,50,23536,550716.47,384266.1,56561.84,16.32673776342624,2.4032053025152957,2024,6,50,38795,-15259,1717200000000
2025,3,46,71,2630.9,2344.23,10.65,33.01732394366197,0.15,2025,3,46,127,-56,1740787200000
2019,12,208,262,10307.56,8754.86,102.28999999999999,33.41549618320611,0.39041984732824425,2019,12,208,967,-705,1575158400000
2023,1,234,81221,1763300.13,1133168.62,231452.94,13.951670380812846,2.849668681744869,2023,1,234,71132,10089,1672531200000
2019,1,3,230,8863.52,7983.55,17.43,34.71108695652174,0.07578260869565218,2019,1,3,704,-474,1546300800000
2019,10,21,293,8768.25,7533.99,185.85,25.713276450511945,0.6343003412969284,2019,10,21,1025,-732,1569888000000
2020,8,50,8241,158639.81,116174.74,13298.29,14.09716539254945,1.6136743113699794,2020,8,50,12646,-4405,1596240000000
2024,11,215,812,42902.08,36239.07,3111.78,44.629396551724135,3.832241379310345,2024,11,215,1214,-402,1730419200000
2025,1,235,481,14460.77,13088.26,102.42,27.21051975051975,0.21293139293139293,2025,1,235,652,-171,1735689600000
2023,5,167,194,6090.14,5265.02,234.76,27.139278350515465,1.210103092783505,2023,5,167,494,-300,1682899200000
2020,10,213,808,26312.22,21587.01,2004.43,26.716596534653462,2.480730198019802,2020,10,213,1318,-510,1601510400000
2021,7,3,106,4176.23,3512.12,89.06,33.13320754716981,0.8401886792452831,2021,7,3,369,-263,1625097600000
2023,2,8,10,799.76,610.7,95.81,61.07000000000001,9.581,2023,2,8,31,-21,1675209600000
2025,10,227,704,19855.33,17199.64,170.3,24.431306818181817,0.2419034090909091,2025,10,227,1603,-899,1759276800000
2019,2,93,1045,62122.69,47818.83,7229.39,45.759645933014355,6.918076555023924,2019,2,93,1069,-24,1548979200000
2021,11,71,168,6535.92,5690.52,103.83,33.87214285714286,0.6180357142857142,2021,11,71,729,-561,1635724800000
2018,1,180,64,2096.94,1802.3,159.2,28.1609375,2.4875,2018,1,180,627,-563,1514764800000
2021,11,94,89,2934.32,2531.61,10.39,28.445056179775282,0.11674157303370787,2021,11,94,263,-174,1635724800000
2017,1,183,15,333.89,294.5,17.45,19.633333333333333,1.1633333333333333,2017,1,183,419,-404,1483228800000
2023,11,117,195,10070.29,9223.47,15.0,47.29984615384615,0.07692307692307693,2023,11,117,336,-141,1698796800000
2024,1,93,510,35065.75,27619.63,4138.61,54.156137254901964,8.11492156862745,2024,1,93,938,-428,1704067200000
2025,2,177,1714,46010.45,42051.56,121.65,24.53416569428238,0.07097432905484248,2025,2,177,1726,-12,1738368000000
2019,6,190,328,6495.49,5415.9,542.41,16.51189024390244,1.6536890243902438,2019,6,190,1253,-925,1559347200000
2019,11,36,563,13676.84,11247.8,923.59,19.978330373001775,1.6404795737122557,2019,11,36,4851,-4288,1572566400000
2021,10,118,10,511.48,425.0,12.18,42.5,1.218,2021,10,118,77,-67,1633046400000
2022,4,183,43,1337.33,1164.9,9.68,27.090697674418607,0.22511627906976744,2022,4,183,186,-143,1648771200000
2021,8,120,26,804.5,730.51,14.690000000000001,28.09653846153846,0.5650000000000001,2021,8,120,188,-162,1627776000000
2024,6,101,106,3630.12,3306.14,67.75,31.189999999999998,0.6391509433962265,2024,6,101,339,-233,1717200000000
2019,2,4,13520,237927.38999999998,167004.73,23309.35,12.352420857988166,1.724064349112426,2019,2,4,32673,-19153,1548979200000
2019,5,120,45,2057.52,1672.92,158.17,37.176,3.5148888888888887,2019,5,120,301,-256,1556668800000
2022,4,218,123,4599.3099999999995,4187.47,74.24,34.04447154471545,0.6035772357723577,2022,4,218,790,-667,1648771200000
2020,8,234,23659,369509.15,240463.02,43245.59,10.163701762542795,1.827870577792806,2020,8,234,19353,4306,1596240000000
2023,12,226,2507,86406.33,69973.23,8233.21,27.911140805743916,3.2840885520542478,2023,12,226,5413,-2906,1701388800000
2025,2,42,8499,182706.75,153499.05,3289.2,18.060836569008117,0.38701023649841154,2025,2,42,18207,-9708,1738368000000
2020,1,23,77,5670.84,5144.24,5.0,66.80831168831169,0.06493506493506493,2020,1,23,191,-114,1577836800000
2018,11,83,869,14255.89,12149.99,777.77,13.981576524741081,0.8950172612197929,2018,11,83,2924,-2055,1541030400000
2021,11,217,127,2824.5,2360.7,161.95,18.58818897637795,1.2751968503937008,2021,11,217,1529,-1402,1635724800000
2025,8,206,20,1040.26,830.09,64.78999999999999,41.5045,3.2394999999999996,2025,8,206,120,-100,1754006400000
2020,4,136,179,5566.27,4773.57,273.02,26.66798882681564,1.5252513966480445,2020,4,136,327,-148,1585699200000
2019,2,241,327,11007.12,9905.66,60.64,30.292538226299694,0.1854434250764526,2019,2,241,1312,-985,1548979200000
2025,2,11,271,7497.59,6717.04,81.15,24.786125461254613,0.29944649446494465,2025,2,11,340,-69,1738368000000
2019,4,4,12748,229583.54,158285.37,23849.03,12.41648650768748,1.8708056165673046,2019,4,4,31776,-19028,1554076800000
2016,9,18,93,1922.48,1608.17,177.94,17.29215053763441,1.9133333333333333,2016,9,18,1547,-1454,1472688000000
2025,11,13,24089,682602.38,463149.74,77442.78,19.2266071650961,3.214860724812155,2025,11,13,29558,-5469,1761955200000
2019,9,231,115995,2302465.6900000004,1588073.71,277257.93,13.69088072761757,2.390257597310229,2019,9,231,114185,1810,1567296000000
2017,5,218,79,2276.95,1659.89,437.99,21.01126582278481,5.544177215189873,2017,5,218,1329,-1250,1493596800000
2023,10,252,63,2021.66,1750.48,74.77,27.785396825396827,1.1868253968253968,2023,10,252,584,-521,1696118400000
2018,6,28,750,33120.58,26957.89,2925.91,35.94385333333333,3.901213333333333,2018,6,28,2256,-1506,1527811200000
2019,9,264,52954,1198677.92,900467.32,143305.78999999998,17.004708237338065,2.7062316350039652,2019,9,264,50042,2912,1567296000000
2022,5,223,938,36849.34,28031.81,4223.79,29.884658848614073,4.502974413646055,2022,5,223,5670,-4732,1651363200000
2022,12,131,114,3792.39,3403.25,94.09,29.853070175438596,0.8253508771929825,2022,12,131,632,-518,1669852800000
2017,10,43,137830,1923363.51,1557989.72,201595.51,11.303705434230574,1.4626388304432998,2017,10,43,117576,20254,1506816000000
2018,9,67,132,3969.31,3534.55,105.75,26.77689393939394,0.8011363636363636,2018,9,67,1336,-1204,1535760000000
2020,10,228,591,20287.85,17459.49,1493.66,29.542284263959395,2.5273434856175974,2020,10,228,1220,-629,1601510400000
2024,1,136,137,5455.61,5051.88,49.92,36.87503649635037,0.3643795620437956,2024,1,136,365,-228,1704067200000
2018,9,189,1793,30608.99,25257.24,3026.01,14.086581148912439,1.6876798661461239,2018,9,189,8101,-6308,1535760000000
2023,1,223,584,26592.04,20494.29,2890.97,35.09296232876712,4.95029109589041,2023,1,223,4517,-3933,1672531200000
2018,11,55,286,14014.71,12690.44,315.05,44.37216783216783,1.1015734265734267,2018,11,55,1164,-878,1541030400000
2024,3,75,23563,502668.44,375374.03,41765.93,15.93065526460977,1.7725217502015873,2024,3,75,41958,-18395,1709251200000
2018,3,28,648,29757.25,24078.02,2876.9700000000003,37.15743827160494,4.439768518518519,2018,3,28,1986,-1338,1519862400000
2021,12,83,169,6485.22,5755.88,389.49,34.058461538461536,2.3046745562130178,2021,12,83,902,-733,1638316800000
2022,7,141,78674,1274386.5,820630.97,164661.45,10.430777258052215,2.0929589190838143,2022,7,141,80666,-1992,1656633600000
2023,5,14,286,13635.71,11582.83,617.29,40.499405594405594,2.158356643356643,2023,5,14,2344,-2058,1682899200000
2024,11,143,41119,888901.06,600184.08,102309.73,14.596271310099953,2.4881376006225833,2024,11,143,52646,-11527,1730419200000
2020,5,18,225,6050.28,5201.7300000000005,210.32,23.118800000000004,0.9347555555555556,2020,5,18,464,-239,1588291200000
2024,1,48,76477,1718131.01,1132130.31,212593.85,14.80353975705114,2.7798403441557595,2024,1,48,72135,4342,1704067200000
2025,2,201,176,7396.46,6601.99,58.040000000000006,37.511306818181815,0.32977272727272733,2025,2,201,403,-227,1738368000000
2021,8,94,112,3919.56,3392.89,63.13,30.293660714285714,0.5636607142857143,2021,8,94,327,-215,1627776000000
2020,7,224,1613,28237.71,19468.22,3009.27,12.06957222566646,1.8656354618722877,2020,7,224,3717,-2104,1593561600000
2016,9,32,25,369.0,314.5,23.5,12.58,0.94,2016,9,32,781,-756,1472688000000
2024,3,121,264,8569.67,7640.42,161.16,28.94098484848485,0.6104545454545455,2024,3,121,762,-498,1709251200000
2016,5,247,2117,35094.26,29641.77,2546.13,14.001780821917809,1.202706660368446,2016,5,247,5675,-3558,1462060800000
2023,12,202,212,7897.49,6646.03,606.59,31.349198113207546,2.8612735849056605,2023,12,202,1964,-1752,1701388800000
2021,12,98,30,1110.31,971.01,47.15,32.367,1.5716666666666665,2021,12,98,366,-336,1638316800000
2023,7,244,1863,58715.6,46972.9,5143.95,25.21358024691358,2.761111111111111,2023,7,244,8525,-6662,1688169600000
2023,8,98,54,1863.07,1666.85,53.980000000000004,30.86759259259259,0.9996296296296298,2023,8,98,735,-681,1690848000000
2017,8,82,2632,46343.28,39047.9,2673.12,14.835828267477204,1.0156231003039513,2017,8,82,8324,-5692,1501545600000
2018,9,250,161,4366.55,3856.38,110.26,23.952670807453416,0.6848447204968945,2018,9,250,856,-695,1535760000000
2020,7,159,697,18250.85,15898.12,708.33,22.809354375896703,1.016255380200861,2020,7,159,1270,-573,1593561600000
2019,10,257,294,7919.38,6341.24,375.47,21.568843537414967,1.2771088435374152,2019,10,257,3288,-2994,1569888000000
2017,7,168,1703,24389.600000000002,20544.15,1294.73,12.063505578391075,0.7602642395772167,2017,7,168,6752,-5049,1498867200000
2016,10,244,11389,214290.36000000002,178673.32,20797.59,15.688236017209588,1.8261120379313374,2016,10,244,40069,-28680,1475280000000
2024,12,109,12,439.92,283.86,141.06,23.655,11.755,2024,12,109,42,-30,1733011200000
2022,2,115,2,145.05,116.5,24.95,58.25,12.475,2022,2,115,39,-37,1643673600000
2016,7,74,35181,486779.59,400773.58,37158.27,11.39176203064154,1.0562027799096103,2016,7,74,79180,-43999,1467331200000
2017,10,98,44,1108.26,995.06,61.980000000000004,22.615,1.4086363636363637,2017,10,98,1075,-1031,1506816000000
2019,2,173,365,9783.56,8488.92,98.81,23.25731506849315,0.2707123287671233,2019,2,173,2040,-1675,1548979200000
2024,8,2,4,238.18,197.5,28.68,49.375,7.17,2024,8,2,5,-1,1722470400000
2016,12,222,22,646.73,509.55,105.78,23.161363636363635,4.808181818181819,2016,12,222,273,-251,1480550400000
2019,12,245,1,110.8,110.0,0.0,110.0,0.0,2019,12,245,103,-102,1575158400000
2023,9,150,43,2108.85,1842.99,107.68,42.860232558139536,2.504186046511628,2023,9,150,284,-241,1693526400000
2020,8,95,513,14536.73,12497.25,882.06,24.36111111111111,1.7194152046783624,2020,8,95,1555,-1042,1596240000000
2022,11,228,174,6239.33,4903.65,684.9399999999999,28.181896551724137,3.936436781609195,2022,11,228,1596,-1422,1667260800000
2016,7,96,29,721.74,602.5,51.3,20.775862068965516,1.7689655172413792,2016,7,96,265,-236,1467331200000
2016,12,47,160,2207.84,1908.0,81.18,11.925,0.507375,2016,12,47,990,-830,1480550400000
2021,6,57,33,1159.68,890.63,10.2,26.98878787878788,0.3090909090909091,2021,6,57,83,-50,1622505600000
2025,11,251,12,326.27,202.0,22.78,16.833333333333332,1.8983333333333334,2025,11,251,64,-52,1761955200000
2023,5,125,17224,441794.85,297362.65,58668.32,17.264436251741756,3.406196005573618,2023,5,125,16609,615,1682899200000
2024,6,203,233,11079.12,10158.2,304.64,43.59742489270386,1.3074678111587983,2024,6,203,730,-497,1717200000000
2018,4,157,385,16671.86,13441.72,1634.44,34.91355844155844,4.245298701298702,2018,4,157,2619,-2234,1522540800000
2019,9,81,220,8354.46,7354.9400000000005,17.52,33.43154545454546,0.07963636363636363,2019,9,81,575,-355,1567296000000
2016,7,26,222,3902.6,3451.53,164.18,15.547432432432434,0.7395495495495495,2016,7,26,2198,-1976,1467331200000
2016,9,197,348,10433.31,8136.64,1433.53,23.381149425287358,4.11933908045977,2016,9,197,2392,-2044,1472688000000
2023,5,57,10,386.74,309.3,28.04,30.93,2.804,2023,5,57,79,-69,1682899200000
2023,6,170,100116,2416237.12,1591054.88,309443.99000000005,15.892113947820526,3.0908545087698274,2023,6,170,98509,1607,1685577600000
2019,2,116,8253,139905.38,113725.02,10106.72,13.77984005816067,1.2246116563673815,2019,2,116,18849,-10596,1548979200000
2024,1,222,255,10152.49,9508.49,26.0,37.28819607843137,0.10196078431372549,2024,1,222,367,-112,1704067200000
2024,2,72,525,16305.38,15137.25,74.71000000000001,28.832857142857144,0.1423047619047619,2024,2,72,860,-335,1706745600000
2018,8,5,16,1109.04,1046.5,0.0,65.40625,0.0,2018,8,5,60,-44,1533081600000
2021,8,190,77,2220.2,1774.49,264.41,23.045324675324675,3.433896103896104,2021,8,190,480,-403,1627776000000
2016,10,156,6,258.88,208.0,25.0,34.666666666666664,4.166666666666667,2016,10,156,81,-75,1475280000000
2023,6,175,43,1508.19,1350.14,62.550000000000004,31.398604651162792,1.4546511627906977,2023,6,175,366,-323,1685577600000
2017,11,36,966,15827.02,12929.11,1564.07,13.384171842650105,1.6191200828157348,2017,11,36,7600,-6634,1509494400000
2018,6,80,4374,76780.24,62710.31,7897.66,14.337062185642433,1.8055921353452218,2018,6,80,14553,-10179,1527811200000
2019,4,36,688,16029.17,13348.64,1114.05,19.402093023255812,1.6192587209302325,2019,4,36,5256,-4568,1554076800000
2017,6,41,36130,480939.09,391016.87,43446.46,10.822498477719346,1.2025037365070579,2017,6,41,61372,-25242,1496275200000
2018,9,52,4999,89856.02,72716.52,11693.24,14.54621324264853,2.339115823164633,2018,9,52,6913,-1914,1535760000000
2022,3,244,3187,73010.25,58512.87,6948.06,18.35985880138061,2.1801255098839034,2022,3,244,12729,-9542,1646092800000
2022,12,132,172129,11366719.55,8830046.52,1270337.5,51.29900551330688,7.380148028513498,2022,12,132,54001,118128,1669852800000
2020,7,29,164,6178.04,5616.87,270.96,34.24920731707317,1.6521951219512194,2020,7,29,304,-140,1593561600000
2023,4,88,8738,289500.59,210472.85,34504.19,24.087073701075763,3.948751430533303,2023,4,88,11884,-3146,1680307200000
2023,4,200,78,3641.7,3163.78,144.27,40.561282051282056,1.8496153846153847,2023,4,200,1156,-1078,1680307200000
2018,3,81,94,2676.56,2435.0,38.4,25.904255319148938,0.4085106382978723,2018,3,81,530,-436,1519862400000
2023,9,211,23076,585953.4500000001,402238.86,71765.46,17.431047841913674,3.109960998439938,2023,9,211,25177,-2101,1693526400000
2022,12,121,101,2974.13,2714.65,69.78,26.877722772277227,0.690891089108911,2022,12,121,547,-446,1669852800000
2019,9,75,47169,727782.7000000001,534602.69,67225.65,11.333771968877864,1.4252082935826496,2019,9,75,78114,-30945,1567296000000
2020,3,211,21379,371127.98,245723.45,46307.73,11.49368305346368,2.1660381682959917,2020,3,211,21938,-559,1583020800000
2018,9,223,3664,89538.91,71150.25,8477.87,19.41873635371179,2.313829148471616,2018,9,223,15009,-11345,1535760000000
2023,7,229,53561,1129414.71,730918.52,142615.53,13.646468885943131,2.6626748940460407,2023,7,229,59391,-5830,1688169600000
2023,7,205,296,10867.5,9870.82,159.98000000000002,33.347364864864865,0.540472972972973,2023,7,205,1267,-971,1688169600000
2024,6,226,3242,113846.51,94233.51,9149.24,29.066474398519432,2.8220974706971007,2024,6,226,5358,-2116,1717200000000
2017,3,83,1407,20687.760000000002,17515.7,1277.75,12.448969438521678,0.908137882018479,2017,3,83,4517,-3110,1488326400000
2019,5,211,59165,1053807.5899999999,707722.21,124710.6,11.961839094058988,2.1078441646243555,2019,5,211,60606,-1441,1556668800000
2024,2,14,383,16003.52,14057.63,359.68,36.70399477806788,0.93911227154047,2024,2,14,1771,-1388,1706745600000
2023,2,210,104,6135.15,5639.99,82.86,54.230673076923075,0.7967307692307692,2023,2,210,435,-331,1675209600000
2024,9,28,572,26190.21,22006.17,1732.35,38.47232517482517,3.028583916083916,2024,9,28,1384,-812,1725148800000
2025,7,217,767,21509.2,19042.43,260.58,24.827157757496742,0.3397392438070404,2025,7,217,1346,-579,1751328000000
2016,4,140,201410,2922442.67,2358597.45,322058.95,11.710428727471328,1.5990216473859293,2016,4,140,206575,-5165,1459468800000
2017,12,182,120,2065.88,1839.0,87.41,15.325,0.7284166666666666,2017,12,182,1089,-969,1512086400000
2022,12,63,114,3602.29,2895.25,492.49,25.396929824561404,4.320087719298246,2022,12,63,674,-560,1669852800000
2018,9,79,229146,3261579.89,2588856.55,387060.38,11.297847442242062,1.6891430790849502,2018,9,79,192815,36331,1535760000000
2016,5,51,60,1598.97,1320.51,180.68,22.0085,3.0113333333333334,2016,5,51,941,-881,1462060800000
2016,8,45,24514,403381.4,338466.29,35095.23,13.807060863180222,1.4316402871828344,2016,8,45,28744,-4230,1470009600000
2018,3,54,346,6067.43,4829.0,756.08,13.95664739884393,2.1852023121387285,2018,3,54,2712,-2366,1519862400000
2019,4,84,5,190.91,166.5,22.21,33.3,4.442,2019,4,84,67,-62,1554076800000
2017,3,78,145,4643.17,4283.51,147.05,29.54144827586207,1.014137931034483,2017,3,78,1037,-892,1488326400000
2021,5,32,237,10102.84,8636.98,70.02,36.442953586497886,0.2954430379746835,2021,5,32,535,-298,1619827200000
2020,8,134,196,6699.42,5839.1,296.34,29.791326530612245,1.511938775510204,2020,8,134,395,-199,1596240000000
2017,7,151,69385,938151.1900000001,754067.18,99767.89,10.867870288967357,1.437888448511926,2017,7,151,63974,5411,1498867200000
2016,8,195,770,19252.83,15652.31,1955.41,20.327675324675322,2.5394935064935065,2016,8,195,4301,-3531,1470009600000
2019,3,160,297,8912.46,7468.85,394.81,25.147643097643098,1.3293265993265992,2019,3,160,2426,-2129,1551398400000
2016,12,52,6458,120614.95,97870.7,15195.27,15.154955094456488,2.352937441932487,2016,12,52,9019,-2561,1480550400000
2021,12,42,3915,70207.0,56988.71,4766.49,14.55650319284802,1.217494252873563,2021,12,42,14780,-10865,1638316800000
2023,5,12,1530,50530.65,38196.53,5192.92,24.9650522875817,3.3940653594771244,2023,5,12,1727,-197,1682899200000
2023,7,190,76,2302.7599999999998,1854.6,246.06,24.402631578947368,3.2376315789473686,2023,7,190,382,-306,1688169600000
2025,3,151,32391,662460.0,464412.96,68915.92,14.337716032231176,2.1276255750054025,2025,3,151,34601,-2210,1740787200000
2021,7,18,200,8301.2,7087.31,178.34,35.436550000000004,0.8917,2021,7,18,752,-552,1625097600000
2021,1,260,670,15678.88,13191.1,982.36,19.68820895522388,1.4662089552238806,2021,1,260,1452,-782,1609459200000
2025,8,108,394,13969.3,13044.68,40.19,33.10832487309645,0.10200507614213197,2025,8,108,729,-335,1754006400000
2017,1,257,392,7505.16,6090.85,721.94,15.537882653061226,1.841683673469388,2017,1,257,5257,-4865,1483228800000
2018,7,240,32,877.75,773.5,46.78,24.171875,1.461875,2018,7,240,268,-236,1530403200000
2021,2,233,18412,292480.17,188958.48,35057.810000000005,10.262789485118402,1.9040739734955467,2021,2,233,20780,-2368,1612137600000
2017,7,102,67,1553.19,1282.83,126.84,19.146716417910447,1.893134328358209,2017,7,102,1289,-1222,1498867200000
2016,9,141,230413,3026022.09,2421970.99,329574.46,10.511433773268003,1.4303639985591092,2016,9,141,225304,5109,1472688000000
2021,6,263,69124,1140026.19,739566.17,144057.43,10.699122880620335,2.084043602800764,2021,6,263,65100,4024,1622505600000
2024,7,4,4608,108498.32,80371.05,8251.74,17.441634114583334,1.7907421875,2024,7,4,11411,-6803,1719792000000
2018,1,34,142,2090.28,1700.0,203.81,11.971830985915492,1.4352816901408452,2018,1,34,949,-807,1514764800000
2018,10,146,7685,115287.75,96898.25,9048.84,12.608750813272609,1.1774677944046845,2018,10,146,11611,-3926,1538352000000
2022,11,204,2,202.85000000000002,185.2,10.0,92.6,5.0,2022,11,204,13,-11,1667260800000
2016,2,251,4,269.1,227.5,0.0,56.875,0.0,2016,2,251,137,-133,1454284800000
2020,10,157,154,4562.55,3769.11,365.57,24.474740259740262,2.3738311688311686,2020,10,157,587,-433,1601510400000
2021,11,61,770,26974.02,23089.03,1572.09,29.985753246753244,2.0416753246753245,2021,11,61,4871,-4101,1635724800000
2022,11,2,2,122.39999999999999,77.0,23.7,38.5,11.85,2022,11,2,3,-1,1667260800000
2019,2,69,1037,29100.73,26282.79,191.64,25.34502410800386,0.18480231436837027,2019,2,69,3589,-2552,1548979200000
2020,10,38,133,7957.28,6775.11,704.1800000000001,50.94067669172932,5.294586466165414,2020,10,38,321,-188,1601510400000
2019,11,108,129,4951.56,4396.17,163.79999999999998,34.07883720930233,1.269767441860465,2019,11,108,512,-383,1572566400000
2017,5,58,3,213.16000000000003,200.5,5.0,66.83333333333333,1.6666666666666667,2017,5,58,212,-209,1493596800000
2025,7,34,990,30494.08,25435.26,906.27,25.692181818181815,0.9154242424242424,2025,7,34,943,47,1751328000000
2018,10,92,497,15661.09,13664.710000000001,583.71,27.494386317907445,1.1744668008048291,2018,10,92,3698,-3201,1538352000000
2021,4,18,356,13075.41,11021.94,178.55,30.960505617977528,0.5015449438202247,2021,4,18,903,-547,1617235200000
2021,7,184,16,553.15,473.68,24.32,29.605,1.52,2021,7,184,81,-65,1625097600000
2019,6,129,4135,82845.45,70199.54,4582.83,16.97691414752116,1.1083022974607013,2019,6,129,13560,-9425,1559347200000
2017,2,116,11664,182683.31,151471.87,16706.88,12.986271433470508,1.4323456790123457,2017,2,116,27138,-15474,1485907200000
2016,9,234,323089,4635013.73,3662545.91,547446.87,11.336027874672304,1.6944150682938757,2016,9,234,282075,41014,1472688000000
2018,5,61,1964,39085.78,33989.13,2436.59,17.306074338085537,1.2406262729124238,2018,5,61,15482,-13518,1525132800000
2020,9,77,456,15093.539999999999,12880.21,1136.43,28.246074561403507,2.492171052631579,2020,9,77,663,-207,1598918400000
2025,1,12,946,28332.9,20400.34,3150.19,21.564841437632136,3.3300105708245242,2025,1,12,1361,-415,1735689600000
2025,4,67,332,8865.95,7656.32,96.91,23.06120481927711,0.29189759036144575,2025,4,67,771,-439,1743465600000
2025,8,81,674,20798.74,18980.46,13.84,28.160919881305638,0.02053412462908012,2025,8,81,949,-275,1754006400000
2019,10,55,318,11607.51,10515.53,130.89,33.06770440251572,0.41160377358490563,2019,10,55,1089,-771,1569888000000
2016,11,161,354405,5449796.23,4350851.7,605037.66,12.27649638125873,1.7071927879121345,2016,11,161,360592,-6187,1477958400000
2020,11,187,4,311.65999999999997,240.06,7.6899999999999995,60.015,1.9224999999999999,2020,11,187,29,-25,1604188800000
2022,4,38,91,3885.09,3652.4700000000003,53.07,40.13703296703297,0.5831868131868132,2022,4,38,657,-566,1648771200000
2025,1,108,240,8000.58,7434.27,0.0,30.976125000000003,0.0,2025,1,108,391,-151,1735689600000
2016,10,191,61,1614.69,1208.5,280.37,19.811475409836067,4.596229508196721,2016,10,191,951,-890,1475280000000
2021,8,127,364,11430.9,9440.16,825.97,25.934505494505494,2.2691483516483517,2021,8,127,2399,-2035,1627776000000
2017,9,95,1291,27249.41,22505.35,2231.11,17.43249419054996,1.7282029434546864,2017,9,95,10798,-9507,1504224000000
2020,10,179,734,16050.89,13251.45,1171.21,18.05374659400545,1.5956539509536785,2020,10,179,2087,-1353,1601510400000
2022,4,203,91,4540.4,4153.1,78.2,45.63846153846154,0.8593406593406594,2022,4,203,485,-394,1648771200000
2024,11,70,13128,836979.6499999999,547479.81,112810.2,41.70321526508227,8.593098720292504,2024,11,70,1796,11332,1730419200000
2019,10,127,638,15283.7,12819.97,1063.6,20.09399686520376,1.6670846394984324,2019,10,127,4932,-4294,1569888000000
2019,11,182,327,10962.789999999999,9288.93,58.7,28.40651376146789,0.1795107033639144,2019,11,182,906,-579,1572566400000
2023,2,200,73,3228.45,2771.04,136.71,37.95945205479452,1.8727397260273975,2023,2,200,966,-893,1675209600000
2018,11,61,2083,49042.94,43093.23,2847.5,20.68806048967835,1.3670187229956794,2018,11,61,12136,-10053,1541030400000
2025,2,235,669,19663.079999999998,17879.71,58.15,26.726023916292974,0.08692077727952167,2025,2,235,744,-75,1738368000000
2023,3,180,59,2686.13,2275.08,194.6,38.56067796610169,3.2983050847457624,2023,3,180,376,-317,1677628800000
2020,2,155,268,9464.41,8325.16,126.07,31.06402985074627,0.470410447761194,2020,2,155,1036,-768,1580515200000
2022,5,209,6865,173684.69,124225.18,22527.96,18.095437727603787,3.281567370721049,2022,5,209,10011,-3146,1651363200000
2018,2,45,18807,309109.10000000003,254402.91,31710.77,13.527033019620355,1.686115276226937,2018,2,45,23468,-4661,1517443200000
2018,3,261,51175,1021108.98,836331.21,112132.34,16.342573717635563,2.191154665363947,2018,3,261,44232,6943,1519862400000
2020,4,204,2,198.07999999999998,182.49,2.75,91.245,1.375,2020,4,204,3,-1,1585699200000
2025,7,57,125,4389.09,3817.19,67.53,30.53752,0.54024,2025,7,57,182,-57,1751328000000
2017,8,30,2,15.420000000000002,8.5,0.0,4.25,0.0,2017,8,30,42,-40,1501545600000
2018,12,66,4079,78561.07,65020.8,8633.76,15.940377543515568,2.116636430497671,2018,12,66,11584,-7505,1543622400000
2023,12,186,112343,2954908.49,2036893.23,375339.82,18.13102044631174,3.34101652973483,2023,12,186,75480,36863,1701388800000
2025,6,125,22054,547333.45,367668.77,55416.63,16.67129636347148,2.512770019044164,2025,6,125,22629,-575,1748736000000
2018,1,138,233200,9822551.35,7344129.24,1338576.1199999999,31.49283550600343,5.740034819897083,2018,1,138,83590,149610,1514764800000
2016,3,258,217,5265.34,4510.5,413.26,20.785714285714285,1.9044239631336406,2016,3,258,2254,-2037,1456790400000
2018,9,186,275338,4229152.079999999,3413541.08,469837.97000000003,12.39763882936609,1.7064043829765598,2018,9,186,211879,63459,1535760000000
2019,5,62,625,16425.87,14965.78,242.99,23.945248,0.388784,2019,5,62,3088,-2463,1556668800000
2020,7,215,347,16716.81,15140.31,569.45,43.63201729106628,1.6410662824207494,2020,7,215,466,-119,1593561600000
2025,1,52,827,21608.9,16991.86,1380.13,20.546384522370012,1.668839177750907,2025,1,52,2146,-1319,1735689600000
2018,4,122,61,1610.78,1397.3,71.08,22.90655737704918,1.1652459016393442,2018,4,122,417,-356,1522540800000
2018,6,188,1245,24023.33,21193.65,1213.9,17.023012048192772,0.9750200803212852,2018,6,188,6567,-5322,1527811200000
2016,9,30,1,29.8,28.5,0.0,28.5,0.0,2016,9,30,31,-30,1472688000000
2018,9,215,902,53649.73,43590.1,4976.97,48.32605321507761,5.51770509977827,2018,9,215,1163,-261,1535760000000
2023,4,1,452,47934.01,41482.0,4959.07,91.77433628318585,10.971393805309734,2023,4,1,9941,-9489,1680307200000
2025,8,215,1624,57144.45,49022.71,2417.78,30.18639778325123,1.48878078817734,2025,8,215,2379,-755,1754006400000
2021,3,50,13794,224776.08,149008.93,25474.78,10.802445266057706,1.8468015079019864,2021,3,50,20531,-6737,1614556800000
2022,9,179,638,13137.79,10709.38,1186.06,16.785862068965518,1.8590282131661442,2022,9,179,3721,-3083,1661990400000
2016,9,187,3,40.96,33.5,3.56,11.166666666666666,1.1866666666666668,2016,9,187,42,-39,1472688000000
2017,4,36,1959,31101.28,25086.22,3347.51,12.805625319040328,1.7087850944359368,2017,4,36,11524,-9565,1491004800000
2024,7,131,214,7852.49,7170.68,114.67,33.50785046728972,0.5358411214953271,2024,7,131,790,-576,1719792000000
2024,2,112,696,22046.06,18099.670000000002,1445.95,26.005272988505748,2.077514367816092,2024,2,112,5868,-5172,1706745600000
2019,4,9,157,4763.53,4311.25,24.89,27.46019108280255,0.15853503184713377,2019,4,9,707,-550,1554076800000
2019,9,133,385,9000.52,7651.11,420.56,19.873012987012988,1.0923636363636364,2019,9,133,2062,-1677,1567296000000
2018,2,251,15,378.76,295.32,51.42,19.688,3.428,2018,2,251,112,-97,1517443200000
2021,5,76,1519,53759.61,46074.67,182.33,30.33223831468071,0.12003291639236341,2021,5,76,2631,-1112,1619827200000
2022,7,221,6,315.55,285.0,0.1,47.5,0.016666666666666666,2022,7,221,72,-66,1656633600000
2019,10,176,2,85.46,64.0,0.0,32.0,0.0,2019,10,176,53,-51,1569888000000
2025,7,4,12412,280478.38,202540.61,10530.27,16.3181284241057,0.8483942958427328,2025,7,4,17743,-5331,1751328000000
2021,8,23,67,4888.68,4069.12,37.21,60.733134328358204,0.5553731343283582,2021,8,23,138,-71,1627776000000
2018,1,250,95,1825.73,1510.56,157.38,15.900631578947367,1.6566315789473685,2018,1,250,677,-582,1514764800000
2017,6,21,37,1087.26,911.5,69.78,24.635135135135137,1.885945945945946,2017,6,21,1136,-1099,1496275200000
2024,4,176,1,31.05,29.55,0.0,29.55,0.0,2024,4,176,24,-23,1711929600000
2025,10,248,709,20220.6,17853.55,10.15,25.181311706629053,0.014315937940761636,2025,10,248,847,-138,1759276800000
2017,8,86,16,2193.14,1830.3,320.01,114.39375,20.000625,2017,8,86,547,-531,1501545600000
2019,12,114,85349,1471138.6700000002,971129.52,180315.06,11.378335071295504,2.1126792346717593,2019,12,114,65192,20157,1575158400000
2022,5,68,88241,1709662.8599999999,1142926.92,221689.72,12.952334175723303,2.5123210299067327,2022,5,68,85068,3173,1651363200000
2016,10,112,8283,133760.09,107561.01,15017.94,12.985755161173488,1.8131039478449837,2016,10,112,32483,-24200,1475280000000
2020,1,172,1,87.46,77.16,10.0,77.16,10.0,2020,1,172,69,-68,1577836800000
2017,8,5,1,37.8,36.5,0.0,36.5,0.0,2017,8,5,39,-38,1501545600000
2016,8,4,28347,421858.36,342443.13,44526.25,12.08040110064557,1.5707570466010512,2016,8,4,50150,-21803,1470009600000
2020,7,161,20267,313087.1,203143.13,35016.39,10.023344846301871,1.7277539843094685,2020,7,161,20448,-181,1593561600000
2022,6,189,456,13253.79,10521.37,1870.57,23.073179824561404,4.102127192982456,2022,6,189,3185,-2729,1654041600000
2020,4,29,76,2676.29,2323.02,170.4,30.56605263157895,2.2421052631578946,2020,4,29,102,-26,1585699200000
2025,10,102,512,11883.68,10061.78,172.75,19.6519140625,0.33740234375,2025,10,102,1316,-804,1759276800000
2017,1,225,1204,18394.88,15162.86,1659.64,12.59373754152824,1.37843853820598,2017,1,225,11130,-9926,1483228800000
2020,4,25,223,4480.18,3914.44,263.07,17.55354260089686,1.1796860986547084,2020,4,25,334,-111,1585699200000
2022,1,182,98,3029.22,2651.59,96.83,27.05704081632653,0.9880612244897959,2022,1,182,381,-283,1640995200000
2018,5,38,93,4723.18,4275.8,188.23,45.976344086021506,2.023978494623656,2018,5,38,690,-597,1525132800000
2022,10,36,417,12944.18,10124.85,1720.81,24.28021582733813,4.126642685851319,2022,10,36,2769,-2352,1664582400000
2018,3,105,7,144.41,121.0,14.81,17.285714285714285,2.1157142857142857,2018,3,105,9,-2,1519862400000
2021,6,115,8,482.6,397.2,15.0,49.65,1.875,2021,6,115,43,-35,1622505600000
2022,1,159,186,4443.31,3879.45,213.16,20.857258064516127,1.146021505376344,2022,1,159,812,-626,1640995200000
2017,12,97,9363,143347.61000000002,117562.5,14339.47,12.556071771867991,1.531503791519812,2017,12,97,15748,-6385,1512086400000
2023,7,39,255,11369.75,10185.62,311.48,39.94360784313726,1.2214901960784315,2023,7,39,1355,-1100,1688169600000
2018,6,65,12697,233226.40000000002,193993.79,24439.960000000003,15.278710719067497,1.924860990785225,2018,6,65,17306,-4609,1527811200000
2016,6,255,21829,365615.22000000003,293729.69,43192.44,13.455938888634385,1.9786724082642357,2016,6,255,40377,-18548,1464739200000
2021,10,128,33,1154.54,1010.07,56.62,30.60818181818182,1.7157575757575756,2021,10,128,213,-180,1633046400000
2024,4,145,3794,110274.1,87589.9,9351.78,23.086425935687927,2.464886663152346,2024,4,145,8732,-4938,1711929600000
2021,9,140,61247,1111774.4500000002,749174.89,134314.0,12.232025895145885,2.1929890443613567,2021,9,140,61068,179,1630454400000
2017,2,1,561,48649.34,40997.46,5732.73,73.0792513368984,10.218770053475936,2017,2,1,15536,-14975,1485907200000
2023,8,161,135611,3302478.62,2175153.08,412398.77,16.039650765793336,3.0410421720951843,2023,8,161,113667,21944,1690848000000
2020,6,245,14,979.61,800.67,0.0,57.190714285714286,0.0,2020,6,245,18,-4,1590969600000
2020,6,164,6578,110328.09,74789.78,11069.99,11.369683794466402,1.6828808148373366,2020,6,164,6459,119,1590969600000
2020,11,31,31,917.04,741.4300000000001,107.93,23.91709677419355,3.4816129032258067,2020,11,31,181,-150,1604188800000
2022,3,16,35,1424.79,1286.08,49.81,36.74514285714285,1.4231428571428573,2022,3,16,595,-560,1646092800000
2017,7,243,1844,36340.0,30130.72,3257.86,16.339869848156184,1.7667353579175706,2017,7,243,16587,-14743,1498867200000
2020,8,49,457,12876.68,11134.18,905.67,24.36363238512035,1.9817724288840262,2020,8,49,1479,-1022,1596240000000
2021,5,1,131,10337.51,8905.54,1184.77,67.9812213740458,9.044045801526718,2021,5,1,3269,-3138,1619827200000
2020,8,61,1713,59036.53,53298.3,2635.82,31.114010507880913,1.53871570344425,2020,8,61,2955,-1242,1596240000000
2020,10,216,519,21855.05,18714.24,1491.92,36.05826589595376,2.8746050096339113,2020,10,216,1119,-600,1601510400000
2022,7,88,10214,253568.22,184106.28,30048.98,18.024895241824947,2.941940473859409,2022,7,88,12806,-2592,1656633600000
2023,10,39,398,15225.38,14213.25,66.99,35.711683417085425,0.16831658291457285,2023,10,39,1242,-844,1696118400000
2023,11,90,52443,1237724.36,817998.53,161177.13,15.597859199511852,3.0733773811566847,2023,11,90,47705,4738,1698796800000
2024,8,82,799,30227.44,25442.66,1826.08,31.843128911138923,2.285456821026283,2024,8,82,2037,-1238,1722470400000
2020,12,18,390,12643.27,10778.33,977.45,27.63674358974359,2.5062820512820516,2020,12,18,816,-426,1606780800000
2021,7,23,66,4975.67,4277.41,39.370000000000005,64.80924242424243,0.5965151515151516,2021,7,23,104,-38,1625097600000
2016,2,229,213312,2789579.25,2218474.66,312574.0,10.400139982748275,1.4653371587158717,2016,2,229,190524,22788,1454284800000
2020,1,19,190,7394.28,6616.05,115.52000000000001,34.82131578947369,0.6080000000000001,2020,1,19,562,-372,1577836800000
2019,1,249,144424,1897567.8,1480091.27,240488.97999999998,10.248236234974797,1.665159391790838,2019,1,249,120122,24302,1546300800000
2020,12,135,249,9789.8,8450.45,551.87,33.937550200803216,2.2163453815261045,2020,12,135,589,-340,1606780800000
2017,7,257,289,5814.03,4711.1,631.43,16.301384083044983,2.184878892733564,2017,7,257,4206,-3917,1498867200000
2018,8,114,104496,1474192.4900000002,1170746.5,170608.24,11.203744640943194,1.6326772316643698,2018,8,114,82909,21587,1533081600000
2023,3,235,200,8279.22,7402.93,100.89,37.01465,0.50445,2023,3,235,605,-405,1677628800000
2024,8,126,186,6849.68,6152.02,58.72,33.075376344086024,0.3156989247311828,2024,8,126,440,-254,1722470400000
2017,10,92,425,8143.150000000001,6963.81,470.34,16.38543529411765,1.1066823529411765,2017,10,92,4134,-3709,1506816000000
2018,3,56,337,11686.58,9457.79,1138.43,28.064658753709203,3.3781305637982197,2018,3,56,2436,-2099,1519862400000
2025,3,242,814,22970.86,20531.36,52.12,25.222800982800983,0.06402948402948402,2025,3,242,1121,-307,1740787200000
2024,2,230,102280,2712623.76,1815702.4700000002,340880.48,17.752272878373095,3.3328165819319513,2024,2,230,88952,13328,1706745600000
2021,4,224,3703,65058.44,44206.57,7213.89,11.938042128004321,1.948120442884148,2021,4,224,8461,-4758,1617235200000
2018,12,48,266288,3931639.2,3158198.66,415246.08,11.86008629754251,1.5593871297242083,2018,12,48,229004,37284,1543622400000
2017,11,187,1,100.35,80.0,20.05,80.0,20.05,2017,11,187,44,-43,1509494400000
2016,12,171,60,1492.65,1194.54,205.64,19.909,3.427333333333333,2016,12,171,1355,-1295,1480550400000
2019,6,137,82266,1398896.4800000002,935942.84,152282.93,11.377031094255221,1.8511041013298324,2019,6,137,91840,-9574,1559347200000
2020,4,23,14,566.42,476.58000000000004,11.0,34.041428571428575,0.7857142857142857,2020,4,23,21,-7,1585699200000
2022,12,117,123,7021.61,6339.75,31.11,51.542682926829265,0.2529268292682927,2022,12,117,299,-176,1669852800000
2018,3,41,40169,511253.87,416662.01,45060.34,10.372725484826608,1.1217690258657174,2018,3,41,63816,-23647,1519862400000
2021,8,191,199,8989.289999999999,8054.46,59.04,40.47467336683417,0.2966834170854271,2021,8,191,923,-724,1627776000000
2022,1,229,55413,840050.53,530347.92,109018.97,9.570821287423529,1.9673897821810766,2022,1,229,57523,-2110,1640995200000
2022,3,180,35,3172.71,2882.14,154.07,82.34685714285713,4.402,2022,3,180,396,-361,1646092800000
2023,1,189,260,8537.16,6786.6,998.36,26.102307692307694,3.8398461538461537,2023,1,189,2873,-2613,1672531200000
2017,10,56,310,11252.45,8937.1,1219.79,28.82935483870968,3.934806451612903,2017,10,56,2430,-2120,1506816000000
2021,9,213,354,13899.27,11550.05,149.35,32.62725988700565,0.42189265536723164,2021,9,213,802,-448,1630454400000
2016,1,42,14662,194252.09,160942.19,14938.9,10.976823762106125,1.0188855544946118,2016,1,42,43842,-29180,1451606400000
2017,7,175,26,474.84,391.8,46.39,15.069230769230769,1.7842307692307693,2017,7,175,754,-728,1498867200000
2021,1,33,891,21851.58,17748.28,2077.93,19.919506172839505,2.3321324354657684,2021,1,33,3133,-2242,1609459200000
2020,6,25,565,13554.92,11710.65,905.58,20.726814159292037,1.6027964601769913,2020,6,25,955,-390,1590969600000
2021,3,35,1251,41553.67,35751.36,411.63,28.578225419664268,0.3290407673860911,2021,3,35,1841,-590,1614556800000
2023,10,163,102470,2620971.75,1749546.5999999999,337638.68,17.073744510588465,3.295000292768615,2023,10,163,87157,15313,1696118400000
2025,10,120,78,2483.96,1987.97,97.57,25.48679487179487,1.2508974358974358,2025,10,120,316,-238,1759276800000
2018,12,262,101274,1341135.44,1060023.66,158678.02000000002,10.466888441258368,1.5668189268716552,2018,12,262,112166,-10892,1543622400000
2025,10,108,485,17895.19,16722.04,59.54,34.478432989690724,0.12276288659793815,2025,10,108,773,-288,1759276800000
2016,1,52,6684,120322.59,97813.49,14970.52,14.633975164572114,2.2397546379413527,2016,1,52,9488,-2804,1451606400000
2016,3,62,845,13365.53,11266.08,1088.39,13.332639053254438,1.28803550295858,2016,3,62,6700,-5855,1456790400000
2016,4,2,6,257.62,208.5,31.240000000000002,34.75,5.206666666666667,2016,4,2,2,4,1459468800000
2016,5,239,295324,3996660.45,3186207.42,444000.63,10.788853665804337,1.5034356503365796,2016,5,239,276993,18331,1462060800000
2017,3,189,3475,52785.44,42314.49,6074.86,12.176831654676258,1.7481611510791366,2017,3,189,11615,-8140,1488326400000
2019,12,49,1640,35779.63,29579.78,2507.97,18.036451219512195,1.5292499999999998,2019,12,49,10553,-8913,1575158400000
2022,9,205,234,8940.61,8298.460000000001,61.6,35.46350427350428,0.26324786324786326,2022,9,205,1007,-773,1661990400000
2023,4,258,98,3399.8,2862.46,232.69,29.20877551020408,2.374387755102041,2023,4,258,769,-671,1680307200000
2023,4,152,2235,48819.46,37313.55,4631.51,16.695100671140942,2.0722639821029083,2023,4,152,4795,-2560,1680307200000
2024,2,41,7467,153929.76,118366.15,12780.35,15.851901700816928,1.7115776081424936,2024,2,41,17751,-10284,1706745600000
2025,7,60,660,17213.18,15369.92,3.33,23.287757575757574,0.005045454545454546,2025,7,60,808,-148,1751328000000
2020,11,150,98,2833.4,2429.42,267.96,24.79,2.734285714285714,2020,11,150,224,-126,1604188800000
2021,9,118,12,829.89,655.75,106.14,54.645833333333336,8.845,2021,9,118,61,-49,1630454400000
2023,7,10,965,72311.31999999999,57584.27,7373.52,59.672818652849735,7.640953367875648,2023,7,10,3061,-2096,1688169600000
2022,3,188,447,13264.07,11817.6,579.17,26.43758389261745,1.295682326621924,2022,3,188,2666,-2219,1646092800000
2025,8,79,92164,1913072.37,1228189.28,179974.96,13.326128206241048,1.9527685430319863,2025,8,79,79597,12567,1754006400000
2017,6,248,70,1328.34,1184.21,63.47,16.917285714285715,0.9067142857142857,2017,6,248,1115,-1045,1496275200000
2018,5,221,18,1099.96,922.3,29.3,51.23888888888889,1.6277777777777778,2018,5,221,170,-152,1525132800000
2018,11,32,245,8732.45,7651.09,302.07,31.228938775510205,1.2329387755102041,2018,11,32,819,-574,1541030400000
2023,12,257,84,2848.96,2392.28,227.78,28.479523809523812,2.711666666666667,2023,12,257,1365,-1281,1701388800000
2021,5,27,2,96.56,84.56,0.0,42.28,0.0,2021,5,27,49,-47,1619827200000
2022,5,224,5595,114888.29000000001,77988.15,14881.64,13.938900804289544,2.65981054512958,2022,5,224,13761,-8166,1651363200000
2024,3,52,808,24247.99,19419.75,2260.54,24.034344059405942,2.79769801980198,2024,3,52,2215,-1407,1709251200000
2024,4,36,520,16691.58,14461.14,560.1,27.809884615384615,1.0771153846153847,2024,4,36,2092,-1572,1711929600000
2017,7,117,38,3065.5,2380.2,592.12,62.636842105263156,15.582105263157894,2017,7,117,403,-365,1498867200000
2016,10,120,58,1736.71,1332.0,210.74,22.96551724137931,3.633448275862069,2016,10,120,477,-419,1475280000000
2020,8,223,514,15153.41,12741.41,914.87,24.78873540856031,1.7799027237354086,2020,8,223,2063,-1549,1596240000000
2020,9,109,3,75.55999999999999,71.66,0.0,23.886666666666667,0.0,2020,9,109,13,-10,1598918400000
2020,8,224,2072,35999.24,24773.31,4008.62,11.956230694980695,1.934662162162162,2020,8,224,4744,-2672,1596240000000
2023,4,95,385,12814.47,10944.91,660.26,28.42833766233766,1.714961038961039,2023,4,95,4246,-3861,1680307200000
2022,4,263,75458,1290396.83,836709.89,169934.63,11.088418590474172,2.2520425932306716,2022,4,263,74871,587,1648771200000
2017,9,256,8637,140558.88999999998,114928.67,14538.15,13.306549727914785,1.6832407085793677,2017,9,256,24795,-16158,1504224000000
2019,1,263,156389,1864967.3,1457649.46,220703.79,9.320664880522287,1.4112488090594608,2019,1,263,158429,-2040,1546300800000
2016,12,50,95965,1425232.1300000001,1150592.62,151946.97,11.989711040483511,1.583358203511697,2016,12,50,110364,-14399,1480550400000
2019,4,258,332,11020.62,9728.56,139.23000000000002,29.30289156626506,0.4193674698795181,2019,4,258,1506,-1174,1554076800000
2021,12,260,758,23777.85,18974.94,2343.39,25.032902374670183,3.0915435356200525,2021,12,260,2977,-2219,1638316800000
2017,5,13,96624,1964590.54,1587153.12,243415.54,16.426075509190266,2.519203717502898,2017,5,13,100232,-3608,1493596800000
2016,8,217,878,13040.300000000001,10784.0,1129.79,12.28246013667426,1.2867767653758542,2016,8,217,3281,-2403,1470009600000
2020,7,47,339,11458.12,10174.35,378.8,30.01283185840708,1.1174041297935104,2020,7,47,591,-252,1593561600000
2024,6,210,382,14329.619999999999,13375.78,85.2,35.015130890052355,0.22303664921465968,2024,6,210,703,-321,1717200000000
2020,4,12,16,435.39,307.0,33.37,19.1875,2.085625,2020,4,12,35,-19,1585699200000
2025,4,133,773,21060.42,17529.71,332.68,22.677503234152653,0.4303751617076326,2025,4,133,1325,-552,1743465600000
2016,10,72,168,3527.29,2855.01,410.55,16.994107142857143,2.44375,2016,10,72,1700,-1532,1475280000000
2019,1,243,1499,35841.01,30229.59,2370.83,20.16650433622415,1.5816077384923282,2019,1,243,12610,-11111,1546300800000
2019,1,14,855,30216.86,27239.1,453.84,31.85859649122807,0.5308070175438596,2019,1,14,5706,-4851,1546300800000
2019,3,79,213228,3582480.9299999997,2352832.43,434620.25,11.034350226049112,2.038288826983323,2019,3,79,182900,30328,1551398400000
2016,2,26,220,3522.75,2977.6,265.78,13.534545454545453,1.2080909090909089,2016,2,26,2607,-2387,1454284800000
2017,2,87,68650,1396953.51,1123378.58,177639.85,16.363854042243265,2.5876161689730517,2017,2,87,73261,-4611,1485907200000
2019,9,200,212,7667.09,6573.31,279.14,31.006179245283022,1.316698113207547,2019,9,200,2205,-1993,1567296000000
2017,7,99,1,35.32,35.0,0.02,35.0,0.02,2017,7,99,3,-2,1498867200000
2017,9,257,322,6444.51,5022.6,834.85,15.598136645962734,2.5927018633540375,2017,9,257,4646,-4324,1504224000000
2020,6,261,1126,26568.21,19795.73,2582.7,17.58057726465364,2.2936944937833035,2020,6,261,1098,28,1590969600000
2021,2,98,66,2244.77,1781.83,144.98,26.99742424242424,2.1966666666666663,2021,2,98,240,-174,1612137600000
2017,9,167,137,3458.73,2012.06,1251.81,14.686569343065694,9.137299270072992,2017,9,167,1187,-1050,1504224000000
2020,11,118,13,714.18,634.99,38.19,48.84538461538462,2.9376923076923074,2020,11,118,39,-26,1604188800000
2024,12,190,170,5078.22,4404.74,227.82,25.910235294117644,1.3401176470588234,2024,12,190,452,-282,1733011200000
2018,1,259,63,1395.81,1183.81,139.84,18.79063492063492,2.2196825396825397,2018,1,259,846,-783,1514764800000
2024,4,200,141,6169.92,5495.86,72.07,38.9777304964539,0.5111347517730496,2024,4,200,1070,-929,1711929600000
2025,3,220,675,21577.82,18935.48,195.72,28.052562962962963,0.2899555555555556,2025,3,220,1684,-1009,1740787200000
2020,2,86,151,8367.15,7658.45,46.73,50.718211920529804,0.3094701986754967,2020,2,86,662,-511,1580515200000
2016,3,139,32,1331.94,1165.0,121.22,36.40625,3.788125,2016,3,139,718,-686,1456790400000
2024,2,228,286,11332.23,9955.79,414.42,34.81045454545455,1.4490209790209791,2024,2,228,1350,-1064,1706745600000
2025,4,256,5374,134664.75,111172.44,3815.48,20.68709341272795,0.7099888351321176,2025,4,256,8873,-3499,1743465600000
2021,3,124,161,6370.3,5362.11,140.39,33.30503105590062,0.8719875776397514,2021,3,124,455,-294,1614556800000
2016,9,179,6414,98376.67,81642.21,8638.96,12.72875116931712,1.3468911755534767,2016,9,179,14817,-8403,1472688000000
2019,1,125,41494,596379.35,466615.94,75900.21,11.245383428929484,1.8291851834000097,2019,1,125,36747,4747,1546300800000
2020,6,173,95,3027.37,2621.8,99.77,27.597894736842107,1.0502105263157895,2020,6,173,281,-186,1590969600000
2024,1,87,12102,382905.45,274636.72,46472.21,22.693498595273507,3.8400437944141466,2024,1,87,19589,-7487,1704067200000
2025,7,92,1763,50267.83,43669.09,631.6899999999999,24.76976176971072,0.35830402722631877,2025,7,92,5024,-3261,1751328000000
2020,11,57,41,1456.06,1190.86,110.0,29.045365853658534,2.682926829268293,2020,11,57,78,-37,1604188800000
2018,5,121,189,5496.13,4783.5,242.45,25.30952380952381,1.2828042328042328,2018,5,121,1412,-1223,1525132800000
2019,9,222,380,12842.84,11527.93,133.4,30.33665789473684,0.3510526315789474,2019,9,222,657,-277,1567296000000
2021,4,72,820,26320.27,22766.26,208.68,27.76373170731707,0.2544878048780488,2021,4,72,1339,-519,1617235200000
2021,1,168,922,23531.83,19830.36,1111.39,21.507982646420825,1.2054121475054231,2021,1,168,2581,-1659,1609459200000
2019,3,239,197927,3089773.29,1990316.62,370475.23000000004,10.055811587100296,1.8717771198472166,2019,3,239,196090,1837,1551398400000
2020,11,173,141,4304.49,3492.11,409.04,24.766737588652482,2.9009929078014185,2020,11,173,602,-461,1604188800000
2020,12,184,9,296.23,247.89000000000001,29.4,27.543333333333337,3.2666666666666666,2020,12,184,44,-35,1606780800000
2021,9,106,279,7878.97,6208.32,846.95,22.252043010752686,3.035663082437276,2021,9,106,1210,-931,1630454400000
2024,9,235,375,13085.7,11931.78,54.51,31.818080000000002,0.14536,2024,9,235,595,-220,1725148800000
2017,9,149,60,1385.18,1161.1,83.29,19.351666666666667,1.3881666666666668,2017,9,149,974,-914,1504224000000
2018,1,168,1668,25754.41,21966.68,1573.75,13.16947242206235,0.9434952038369304,2018,1,168,6688,-5020,1514764800000
2016,12,165,130,2258.75,1890.81,198.64,14.544692307692307,1.5279999999999998,2016,12,165,1889,-1759,1480550400000
2025,6,136,686,20789.24,18599.35,180.26,27.112755102040815,0.26276967930029155,2025,6,136,1063,-377,1748736000000
2017,9,241,74,1576.75,1369.1,95.47999999999999,18.50135135135135,1.2902702702702702,2017,9,241,1349,-1275,1504224000000
2021,5,220,345,11692.99,9949.78,233.21,28.839942028985508,0.6759710144927537,2021,5,220,1372,-1027,1619827200000
2021,2,66,281,7890.62,6541.17,557.66,23.278185053380785,1.9845551601423486,2021,2,66,1258,-977,1612137600000
2020,5,210,180,6935.05,6122.27,292.31,34.01261111111111,1.6239444444444444,2020,5,210,282,-102,1588291200000
2017,10,156,7,244.3,218.5,18.7,31.214285714285715,2.6714285714285713,2017,10,156,77,-70,1506816000000
2024,11,227,269,8908.94,8114.25,113.39,30.16449814126394,0.42152416356877326,2024,11,227,821,-552,1730419200000
2025,7,55,1416,53015.82,49282.12,336.03000000000003,34.80375706214689,0.23730932203389832,2025,7,55,2502,-1086,1751328000000
2023,5,73,27,1018.32,901.3199999999999,35.25,33.38222222222222,1.3055555555555556,2023,5,73,291,-264,1682899200000
2023,12,72,388,12497.71,11712.18,38.89,30.186030927835052,0.1002319587628866,2023,12,72,816,-428,1701388800000
2024,11,67,196,6280.04,5681.77,121.93,28.988622448979594,0.6220918367346939,2024,11,67,512,-316,1730419200000
2023,8,137,31197,677203.08,444245.32,79491.11,14.240001282174568,2.5480369907362888,2023,8,137,36267,-5070,1690848000000
2016,2,44,2,135.48000000000002,123.88,0.0,61.94,0.0,2016,2,44,47,-45,1454284800000
2025,4,137,40319,887017.4,581699.5,85636.95,14.427428755673503,2.123984969865324,2025,4,137,47838,-7519,1743465600000
2021,6,162,87146,1426637.03,915240.89,183684.44,10.502385536915062,2.107778211277626,2021,6,162,72425,14721,1622505600000
2017,9,40,5452,98080.58,78455.81,12083.52,14.390280630961115,2.2163462949376376,2017,9,40,10926,-5474,1504224000000
2016,7,63,100,2535.44,2132.31,248.32,21.3231,2.4832,2016,7,63,1309,-1209,1467331200000
2017,11,25,8858,140820.35,114724.6,15562.71,12.95152404606006,1.7569101377286067,2017,11,25,16839,-7981,1509494400000
2016,3,92,599,12910.48,11032.58,861.8100000000001,18.418330550918196,1.4387479131886478,2016,3,92,5116,-4517,1456790400000
2022,5,47,94,3161.48,2808.25,37.980000000000004,29.875,0.4040425531914894,2022,5,47,376,-282,1651363200000
2016,3,166,60633,925692.6,741508.32,102644.68,12.229451288902082,1.6928847327362986,2016,3,166,92489,-31856,1456790400000
2016,7,195,1068,28337.24,23842.85,2308.89,22.324765917602996,2.16188202247191,2016,7,195,4886,-3818,1467331200000
2019,6,245,10,738.0,725.0,1.0,72.5,0.1,2019,6,245,88,-78,1559347200000
2016,5,46,13,234.95000000000002,208.0,8.51,16.0,0.6546153846153846,2016,5,46,162,-149,1462060800000
2016,9,91,193,4595.44,3974.3,346.49,20.59222797927461,1.7952849740932644,2016,9,91,1909,-1716,1472688000000
2017,7,33,8878,167299.52,137843.36,19667.62,15.526397837350753,2.215321018247353,2017,7,33,25036,-16158,1498867200000
2023,1,203,142,5978.87,5496.31,89.06,38.70640845070423,0.6271830985915493,2023,1,203,649,-507,1672531200000
2017,8,175,19,440.32,363.5,12.86,19.13157894736842,0.6768421052631579,2017,8,175,808,-789,1501545600000
2020,1,126,186,5963.86,5046.75,211.68,27.133064516129032,1.1380645161290324,2020,1,126,804,-618,1577836800000
2023,12,38,133,6445.26,5925.7,117.11,44.554135338345866,0.8805263157894737,2023,12,38,568,-435,1701388800000
2020,2,19,128,4714.12,4247.82,31.53,33.18609375,0.246328125,2020,2,19,522,-394,1580515200000
2023,8,7,1746,41763.1,33607.0,3007.69,19.247995418098512,1.7226174112256587,2023,8,7,8442,-6696,1690848000000
2016,7,242,113,2507.91,2139.3,132.87,18.93185840707965,1.1758407079646018,2016,7,242,1195,-1082,1467331200000
2021,5,262,40675,671612.04,436866.93,85789.38,10.740428518746159,2.109142716656423,2021,5,262,43984,-3309,1619827200000
2018,5,23,22,1015.93,758.41,116.17999999999999,34.473181818181814,5.28090909090909,2018,5,23,241,-219,1525132800000
2019,7,118,31,2172.74,2069.24,6.96,66.74967741935482,0.22451612903225807,2019,7,118,153,-122,1561939200000
2017,9,207,407,5924.32,4980.49,453.15,12.237076167076166,1.1133906633906634,2017,9,207,431,-24,1504224000000
2025,7,113,50413,1092024.62,698366.17,115674.65,13.852898458730884,2.2945400987840436,2025,7,113,43566,6847,1751328000000
2017,6,214,5,314.48,261.0,37.96,52.2,7.5920000000000005,2017,6,214,157,-152,1496275200000
2017,6,242,127,2503.56,2054.51,256.68,16.17724409448819,2.0211023622047244,2017,6,242,945,-818,1496275200000
2016,7,188,1745,28873.86,24173.29,2476.62,13.852888252148997,1.419266475644699,2016,7,188,9173,-7428,1467331200000
2016,6,244,12078,226745.84,188660.38,21501.32,15.620167246232821,1.7802053320086106,2016,6,244,42820,-30742,1464739200000
2017,7,223,5260,103787.02,82238.62,9754.4,15.634718631178707,1.8544486692015207,2017,7,223,18463,-13203,1498867200000
2017,7,264,111981,1997215.72,1618355.75,220364.13,14.452056598887312,1.9678707102097677,2017,7,264,98647,13334,1498867200000
2018,11,113,123893,1744771.76,1384306.93,209329.50999999998,11.173407133574939,1.6895991702517494,2018,11,113,107233,16660,1541030400000
2017,7,72,104,2084.11,1697.8,147.4,16.325,1.4173076923076924,2017,7,72,1436,-1332,1498867200000
2016,2,258,204,7493.66,6171.44,954.16,30.252156862745096,4.677254901960784,2016,2,258,2179,-1975,1454284800000
2016,12,231,193049,3143789.77,2543946.46,357581.49,13.177724101134945,1.8522835653124337,2016,12,231,179247,13802,1480550400000
2019,5,97,6399,119092.38,96787.07,9893.88,15.125343022347243,1.5461603375527424,2019,5,97,12382,-5983,1556668800000
2020,1,239,173475,2645284.72,1683573.12,324981.21,9.704989883268484,1.8733604842196283,2020,1,239,170052,3423,1577836800000
2016,8,72,179,3597.18,3040.1,270.36,16.983798882681565,1.510391061452514,2016,8,72,1993,-1814,1470009600000
2019,11,91,639,20342.3,17749.7,37.18,27.777308294209703,0.05818466353677621,2019,11,91,1566,-927,1572566400000
2023,7,213,231,8467.22,7423.68,167.04,32.137142857142855,0.723116883116883,2023,7,213,658,-427,1688169600000
2024,10,166,19661,462996.47,344810.84,47279.11,17.5378078429378,2.4047154264788158,2024,10,166,27376,-7715,1727740800000
2019,4,218,676,27745.62,25228.01,52.34,37.31954142011834,0.07742603550295858,2019,4,218,1773,-1097,1554076800000
2019,11,90,117064,1940712.4800000002,1269926.42,234561.94999999998,10.848137941638761,2.0037069466274855,2019,11,90,96879,20185,1572566400000
2020,6,131,85,3051.3,2686.88,122.71,31.610352941176473,1.4436470588235293,2020,6,131,234,-149,1590969600000
2018,6,245,4,80.69999999999999,76.5,1.0,19.125,0.25,2018,6,245,91,-87,1527811200000
2019,3,198,408,10591.88,9365.210000000001,331.6,22.953946078431375,0.8127450980392158,2019,3,198,4212,-3804,1551398400000
2017,11,230,320586,5300093.63,4224054.69,575151.01,13.1760422788269,1.7940615310712258,2017,11,230,288011,32575,1509494400000
2022,5,265,8367,531695.1900000001,495410.15,24607.01,59.21000956137206,2.9409597227202102,2022,5,265,13075,-4708,1651363200000
2025,1,157,794,27741.12,22420.58,2096.8,28.23750629722922,2.640806045340051,2025,1,157,1518,-724,1735689600000
2025,7,49,3849,97841.69,83358.46,1397.02,21.657173291764096,0.3629566121070408,2025,7,49,6765,-2916,1751328000000
2020,8,161,28069,433257.43,281562.08,48305.47,10.0310691510207,1.720954433716912,2020,8,161,25425,2644,1596240000000
2018,6,75,62032,823244.38,671481.95,74242.64,10.82476705571318,1.196844209440289,2018,6,75,103314,-41282,1527811200000
2022,8,128,17,414.64,346.4,21.49,20.376470588235293,1.2641176470588233,2022,8,128,225,-208,1659312000000
2016,4,191,192,5537.2300000000005,4873.1,395.35,25.38072916666667,2.0591145833333333,2016,4,191,1217,-1025,1459468800000
2025,7,227,881,25309.079999999998,22153.36,62.6,25.145698070374575,0.07105561861521,2025,7,227,1740,-859,1751328000000
2016,9,73,33,635.59,550.0,25.990000000000002,16.666666666666668,0.7875757575757576,2016,9,73,687,-654,1472688000000
2017,3,29,65,2210.27,1997.4,121.49,30.72923076923077,1.869076923076923,2017,3,29,992,-927,1488326400000
2018,11,148,99655,1576500.5399999998,1270175.86,180070.5,12.745731373237671,1.8069389393407256,2018,11,148,80354,19301,1541030400000
2025,8,243,3988,100425.63,80520.23,2003.64,20.190629388164492,0.5024172517552659,2025,8,243,11116,-7128,1754006400000
2019,2,258,365,12816.97,11502.65,62.11,31.514109589041094,0.17016438356164384,2019,2,258,1493,-1128,1548979200000
2023,6,65,2367,75165.56,58528.99,8227.41,24.727076468103082,3.4758808618504435,2023,6,65,5321,-2954,1685577600000
2020,6,224,1422,24045.93,16485.0,2534.74,11.592827004219409,1.782517580872011,2020,6,224,2712,-1290,1590969600000
2018,6,54,336,6265.9,5010.3,787.7,14.911607142857143,2.3443452380952383,2018,6,54,2519,-2183,1527811200000
2021,1,115,52,3158.88,2484.03,79.75,47.769807692307694,1.5336538461538463,2021,1,115,88,-36,1609459200000
2019,8,127,654,15051.2,12845.72,765.76,19.64177370030581,1.1708868501529053,2019,8,127,4518,-3864,1564617600000
2023,7,167,171,5170.68,4469.66,252.22,26.138362573099414,1.4749707602339182,2023,7,167,533,-362,1688169600000
2025,5,90,69603,1548132.06,985819.0,170663.06,14.16345559817824,2.4519497722799306,2025,5,90,63446,6157,1746057600000
2022,9,183,39,1383.8899999999999,1255.46,18.32,32.19128205128205,0.46974358974358976,2022,9,183,156,-117,1661990400000
2024,6,212,215,7381.04,6529.63,98.65,30.370372093023256,0.45883720930232563,2024,6,212,378,-163,1717200000000
2016,10,7,20454,296719.41000000003,247597.48,23897.27,12.105088491248656,1.1683421335680062,2016,10,7,51705,-31251,1475280000000
2019,6,227,284,9065.44,8151.14,232.39000000000001,28.701197183098593,0.818274647887324,2019,6,227,1730,-1446,1559347200000
2022,6,165,170,4900.19,4550.9,83.24,26.77,0.4896470588235294,2022,6,165,931,-761,1654041600000
2023,10,250,122,4102.1,3609.23,96.99000000000001,29.583852459016395,0.795,2023,10,250,287,-165,1696118400000
2016,3,255,21740,345265.02,276192.03,40883.05,12.704325206991722,1.8805450781968722,2016,3,255,44602,-22862,1456790400000
2016,3,19,49,1868.99,1568.01,208.0,32.00020408163265,4.244897959183674,2016,3,19,548,-499,1456790400000
2018,3,229,179562,2346514.6799999997,1854739.69,272728.98,10.329243882335906,1.518856885087045,2018,3,229,171827,7735,1519862400000
2016,1,50,105807,1507267.82,1213451.22,162026.43,11.468534406986304,1.531339419887153,2016,1,50,122774,-16967,1451606400000
2021,6,144,20996,396063.82,268724.99,49621.15,12.798865974471328,2.3633620689655173,2021,6,144,24027,-3031,1622505600000
2021,11,188,521,20439.23,17642.12,771.84,33.86203454894434,1.4814587332053744,2021,11,188,2561,-2040,1635724800000
2025,4,220,612,19120.77,16589.46,287.36,27.106960784313724,0.46954248366013074,2025,4,220,1720,-1108,1743465600000
2019,7,201,60,2555.17,2285.29,10.459999999999999,38.088166666666666,0.1743333333333333,2019,7,201,471,-411,1561939200000
2020,1,66,2270,50709.090000000004,39194.61,5647.34,17.266348017621144,2.4878149779735685,2020,1,66,8629,-6359,1577836800000
2017,9,138,255704,11141186.82,8454515.2,1460040.98,33.063679879861084,5.709887135124988,2017,9,138,105242,150462,1504224000000
2017,12,162,316365,4816803.31,3814798.28,564169.0700000001,12.058218450207828,1.7832853507815343,2017,12,162,289792,26573,1512086400000
2020,6,3,90,3605.82,3121.97,140.69,34.68855555555555,1.5632222222222223,2020,6,3,188,-98,1590969600000
2019,7,228,622,17807.26,15511.5,719.7,24.938102893890676,1.1570739549839228,2019,7,228,3651,-3029,1561939200000
2023,1,164,67150,1549751.21,1010955.9,195229.12,15.055188384214446,2.9073584512285926,2023,1,164,59711,7439,1672531200000
2025,2,26,992,22939.47,20585.76,103.1,20.751774193548385,0.10393145161290322,2025,2,26,1843,-851,1738368000000
2021,10,144,28463,542966.4800000001,369294.76,68993.59999999999,12.974555036362998,2.423974985068334,2021,10,144,30245,-1782,1633046400000
2018,10,71,568,19355.89,17591.18,308.77,30.970387323943662,0.5436091549295774,2018,10,71,1798,-1230,1538352000000
2022,5,262,47783,884661.1900000001,583196.91,118105.81,12.205112906263734,2.471711905907959,2022,5,262,54726,-6943,1651363200000
2025,8,132,189211,12986330.87,10110932.07,1493421.78,53.43733752265989,7.89289089957772,2025,8,132,36670,152541,1754006400000
2020,11,98,85,3605.35,3127.12,337.29,36.789647058823526,3.9681176470588237,2020,11,98,252,-167,1604188800000
2023,9,169,172,5613.65,5107.12,26.67,29.69255813953488,0.15505813953488373,2023,9,169,439,-267,1693526400000
2025,11,48,96870,2151139.6,1361433.48,244234.36,14.054232270052648,2.5212590069164857,2025,11,48,94010,2860,1761955200000
2020,7,43,10869,163100.44999999998,107551.39,19265.25,9.895242432606496,1.772495169748827,2020,7,43,8447,2422,1593561600000
2018,1,171,82,1668.01,1429.11,128.1,17.428170731707315,1.5621951219512193,2018,1,171,1142,-1060,1514764800000
2019,4,181,6871,122906.94,98701.05,11398.54,14.36487410857226,1.6589346528889537,2019,4,181,24818,-17947,1554076800000
2018,1,167,188,2519.23,2196.5,98.63,11.683510638297872,0.5246276595744681,2018,1,167,1301,-1113,1514764800000
2020,11,60,180,5876.07,4935.25,418.04,27.418055555555554,2.3224444444444448,2020,11,60,409,-229,1604188800000
2021,9,157,230,8816.71,6835.01,864.97,29.717434782608695,3.7607391304347826,2021,9,157,1040,-810,1630454400000
2023,4,14,241,10489.8,8776.25,497.36,36.41597510373444,2.063734439834025,2023,4,14,2162,-1921,1680307200000
2024,8,206,5,185.95,164.07,0.0,32.814,0.0,2024,8,206,66,-61,1722470400000
2024,1,236,136464,2729536.97,1734994.36,360594.81,12.713934517528433,2.6424171209989447,2024,1,236,142044,-5580,1704067200000
2019,10,255,4768,89019.68000000001,68584.31,10227.619999999999,14.384293204697986,2.145054530201342,2019,10,255,18935,-14167,1569888000000
2017,6,92,513,13538.76,11455.46,1025.01,22.330331384015594,1.9980701754385966,2017,6,92,4000,-3487,1496275200000
2019,3,168,2216,44926.6,39219.69,1010.51,17.698416064981952,0.4560063176895307,2019,3,168,7226,-5010,1551398400000
2021,1,55,519,22526.29,19877.03,857.55,38.298709055876685,1.6523121387283237,2021,1,55,869,-350,1609459200000
2020,9,98,71,2662.23,2364.66,139.35,33.30507042253521,1.962676056338028,2020,9,98,270,-199,1598918400000
2025,8,6,85,2229.3,969.02,168.45,11.400235294117646,1.9817647058823529,2025,8,6,129,-44,1754006400000
2016,4,29,70,1767.96,1517.34,159.5,21.67628571428571,2.2785714285714285,2016,4,29,1003,-933,1459468800000
2019,5,87,55378,1348025.11,966052.49,164991.06,17.444698075047853,2.979361118133555,2019,5,87,59320,-3942,1556668800000
2022,6,45,4577,104984.39,75220.67,12490.72,16.434492025344113,2.7290190080838976,2022,6,45,8694,-4117,1654041600000
2016,4,81,33,1434.04,1324.5,68.1,40.13636363636363,2.0636363636363635,2016,4,81,528,-495,1459468800000
2017,6,46,11,280.12,257.62,11.2,23.42,1.018181818181818,2017,6,46,129,-118,1496275200000
2023,3,240,10,309.35,284.8,0.0,28.48,0.0,2023,3,240,123,-113,1677628800000
2016,8,220,188,3046.09,2574.21,208.61,13.692606382978724,1.109627659574468,2016,8,220,3792,-3604,1470009600000
2020,7,108,128,6031.14,5557.64,232.17000000000002,43.4190625,1.8138281250000001,2020,7,108,243,-115,1593561600000
2023,4,149,88,3378.73,2985.05,73.47999999999999,33.92102272727273,0.8349999999999999,2023,4,149,493,-405,1680307200000
2023,2,115,4,105.0,97.5,5.0,24.375,1.25,2023,2,115,43,-39,1675209600000
2020,6,174,349,11382.47,9828.67,472.45,28.1623782234957,1.353724928366762,2020,6,174,479,-130,1590969600000
2020,7,147,220,8280.59,7362.86,217.1,33.46754545454545,0.9868181818181818,2020,7,147,436,-216,1593561600000
2021,9,187,7,460.94,390.92,12.07,55.84571428571429,1.7242857142857144,2021,9,187,57,-50,1630454400000
2024,3,250,217,7136.01,6339.04,69.09,29.21216589861751,0.3183870967741936,2024,3,250,361,-144,1709251200000
2018,2,174,121,2394.53,2114.2,149.49,17.472727272727273,1.2354545454545456,2018,2,174,945,-824,1517443200000
2018,8,28,693,937979.92,932833.75,2184.93,1346.0804473304474,3.1528571428571426,2018,8,28,2501,-1808,1533081600000
2023,8,262,34526,775008.85,511763.19,97762.48,14.822545038521694,2.831561142327521,2023,8,262,38385,-3859,1690848000000
2023,4,32,132,4638.94,4073.0,27.330000000000002,30.856060606060606,0.20704545454545456,2023,4,32,284,-152,1680307200000
2025,1,125,17195,388252.52,250311.51,44469.47,14.557226519337018,2.5861861006106426,2025,1,125,18715,-1520,1735689600000
2024,2,265,1433,138531.22,120397.79,13387.58,84.01799720865317,9.342344731332869,2024,2,265,11115,-9682,1706745600000
2018,7,241,110,2797.05,2448.3,154.32,22.257272727272728,1.4029090909090909,2018,7,241,1240,-1130,1530403200000
2025,2,191,699,21064.66,19137.94,93.52,27.379027181688123,0.13379113018597996,2025,2,191,1210,-511,1738368000000
2019,7,246,106082,1870804.4700000002,1250965.47,218887.75999999998,11.792438585245376,2.063382666239324,2019,7,246,122547,-16465,1561939200000
2025,3,174,690,22364.76,20261.13,52.11,29.363956521739134,0.07552173913043478,2025,3,174,1155,-465,1740787200000
2016,5,205,44,1328.68,1191.5,78.5,27.079545454545453,1.7840909090909092,2016,5,205,1412,-1368,1462060800000
2024,5,260,1176,38014.83,31256.52,2753.52,26.578673469387756,2.341428571428571,2024,5,260,2578,-1402,1714521600000
2019,8,26,445,11515.29,10105.66,115.0,22.709348314606743,0.25842696629213485,2019,8,26,1587,-1142,1564617600000
2024,3,156,1,70.37,61.93,0.0,61.93,0.0,2024,3,156,35,-34,1709251200000
2017,3,211,83269,1253464.58,1004995.4,146405.44,12.069262270472805,1.7582226278687147,2017,3,211,86204,-2935,1488326400000
2021,9,95,569,20039.18,16041.17,1335.8,28.191862917398947,2.347627416520211,2021,9,95,3787,-3218,1630454400000
2022,11,203,91,4683.07,4069.44,332.63,44.71912087912088,3.655274725274725,2022,11,203,554,-463,1667260800000
2025,3,152,5089,110005.09,88639.27,3974.71,17.41781685989389,0.7810394969542149,2025,3,152,7572,-2483,1740787200000
2018,4,237,390540,4659528.7,3667869.75,535048.49,9.391790213550468,1.3700222512418703,2018,4,237,344999,45541,1522540800000
2020,12,142,47285,718452.08,458322.47,91689.69,9.692766627894681,1.93908617954954,2020,12,142,41598,5687,1606780800000
2024,12,124,222,11318.22,9746.85,839.07,43.90472972972973,3.779594594594595,2024,12,124,850,-628,1733011200000
2025,7,188,4929,129709.33,115470.71,723.63,23.426802596875635,0.14681071211199026,2025,7,188,6715,-1786,1751328000000
2019,12,79,178694,3072984.54,2028379.13,374202.42,11.351131711193435,2.0940961643927607,2019,12,79,148671,30023,1575158400000
2018,2,44,4,57.660000000000004,47.5,3.96,11.875,0.99,2018,2,44,27,-23,1517443200000
2022,8,107,70525,1208322.05,779530.06,158692.58000000002,11.053244381425028,2.250160652250975,2022,8,107,61647,8878,1659312000000
2019,11,57,16,488.85,384.0,26.34,24.0,1.64625,2019,11,57,163,-147,1572566400000
2025,4,152,4644,105785.08,85270.01,3589.18,18.361328596037897,0.7728639104220499,2025,4,152,6921,-2277,1743465600000
2019,12,244,7500,150540.69,121460.14,12518.43,16.194685333333332,1.669124,2019,12,244,23504,-16004,1575158400000
2019,10,77,283,9014.03,7992.4,21.19,28.241696113074205,0.07487632508833923,2019,10,77,743,-460,1569888000000
2020,4,77,116,4322.51,3788.96,173.24,32.663448275862066,1.493448275862069,2020,4,77,118,-2,1585699200000
2017,12,160,138,3675.64,3016.0,303.6,21.855072463768117,2.2,2017,12,160,2737,-2599,1512086400000
2017,2,28,519,22368.04,17880.05,2452.51,34.4509633911368,4.725452793834297,2017,2,28,2003,-1484,1485907200000
2021,2,33,978,25363.61,20589.64,2124.33,21.05280163599182,2.172116564417178,2021,2,33,3123,-2145,1612137600000
2021,6,159,468,12915.18,10973.04,121.75,23.44666666666667,0.26014957264957267,2021,6,159,1232,-764,1622505600000
2021,12,212,74,2396.86,2038.29,31.11,27.54445945945946,0.4204054054054054,2021,12,212,389,-315,1638316800000
2021,2,240,50,1940.5,1661.61,44.68,33.2322,0.8936,2021,2,240,126,-76,1612137600000
2016,1,182,115,2124.55,1831.51,123.4,15.926173913043478,1.0730434782608695,2016,1,182,1361,-1246,1451606400000
2022,2,208,60,1672.99,1405.29,73.15,23.421499999999998,1.2191666666666667,2022,2,208,385,-325,1643673600000
2023,12,166,14895,349174.08,253607.48,41770.43,17.026349781805976,2.8043256126216853,2023,12,166,22806,-7911,1701388800000
2023,12,130,677,32097.17,27221.96,2084.8,40.20968980797637,3.0794682422451998,2023,12,130,1746,-1069,1701388800000
2022,5,138,104237,4827418.39,3343729.64,649285.92,32.07814538023926,6.228939052351852,2022,5,138,54086,50151,1651363200000
2023,10,127,207,8282.6,7125.41,403.27,34.42227053140097,1.9481642512077293,2023,10,127,2180,-1973,1696118400000
2020,4,74,5606,70366.01,56123.62,3959.33,10.011348555119515,0.7062665001783803,2020,4,74,7635,-2029,1585699200000
2016,11,45,22511,373136.09,310682.91,35906.08,13.801381991026608,1.5950459775221004,2016,11,45,26740,-4229,1477958400000
2016,1,13,95494,1797676.94,1452571.64,221748.29,15.211129913921292,2.3221175152365596,2016,1,13,102841,-7347,1451606400000
2020,4,106,84,1816.89,1555.44,145.68,18.517142857142858,1.7342857142857144,2020,4,106,132,-48,1585699200000
2022,10,231,53151,1129117.75,780328.3,149439.69,14.681347481703073,2.8116063667663824,2022,10,231,53949,-798,1664582400000
2024,3,213,516,17326.25,15528.25,72.81,30.093507751937985,0.1411046511627907,2024,3,213,706,-190,1709251200000
2019,2,8,89,3610.04,2731.5,429.87,30.691011235955056,4.83,2019,2,8,132,-43,1548979200000
2022,1,152,2140,35267.58,27659.84,3302.29,12.925158878504673,1.5431261682242992,2022,1,152,4391,-2251,1640995200000
2017,7,232,16961,279257.13,230202.71,27637.08,13.572472731560639,1.6294487353340017,2017,7,232,40899,-23938,1498867200000
2020,11,136,368,14484.59,12401.29,928.8,33.69915760869566,2.523913043478261,2020,11,136,635,-267,1604188800000
2025,6,73,199,5518.29,4908.45,64.01,24.665577889447235,0.32165829145728647,2025,6,73,623,-424,1748736000000
2024,7,8,20,1426.84,1069.27,223.92000000000002,53.463499999999996,11.196000000000002,2024,7,8,35,-15,1719792000000
2025,10,9,169,4339.63,3679.31,83.76,21.771065088757396,0.49562130177514796,2025,10,9,560,-391,1759276800000
2016,4,49,6816,101372.8,82427.75,10590.15,12.093273180751174,1.553719190140845,2016,4,49,27016,-20200,1459468800000
2017,4,84,3,200.13,171.07999999999998,26.15,57.026666666666664,8.716666666666667,2017,4,84,73,-70,1491004800000
2017,3,121,78,1573.83,1284.5,184.79,16.46794871794872,2.369102564102564,2017,3,121,1554,-1476,1488326400000
2019,6,200,193,6973.07,5993.13,269.34999999999997,31.052487046632123,1.3955958549222796,2019,6,200,2397,-2204,1559347200000
2022,7,125,16464,319144.48,213431.89,42506.64,12.963550170068029,2.5817930029154517,2022,7,125,14993,1471,1656633600000
2017,11,127,728,14214.76,11832.56,1366.07,16.25351648351648,1.87646978021978,2017,11,127,6493,-5765,1509494400000
2016,1,213,161,2815.77,2347.42,201.45,14.58024844720497,1.2512422360248447,2016,1,213,1539,-1378,1451606400000
2018,3,31,35,1231.97,1050.0,107.7,30.0,3.0771428571428574,2018,3,31,386,-351,1519862400000
2019,6,206,35,2405.91,1924.63,32.26,54.989428571428576,0.9217142857142857,2019,6,206,191,-156,1559347200000
2023,3,227,79,2919.4,2604.09,94.11,32.96316455696203,1.19126582278481,2023,3,227,636,-557,1677628800000
2023,8,47,135,4239.07,3837.35,36.99,28.424814814814813,0.274,2023,8,47,380,-245,1690848000000
2023,11,170,97414,2392027.31,1588775.07,310274.5,16.309514751473095,3.185111996222309,2023,11,170,97301,113,1698796800000
2017,8,71,86,1906.6200000000001,1606.0,66.77,18.674418604651162,0.7763953488372093,2017,8,71,1602,-1516,1501545600000
2017,9,148,142580,2273242.42,1838443.33,254684.98,12.894117898723524,1.7862602047973068,2017,9,148,109705,32875,1504224000000
2020,7,220,239,7458.24,6550.45,355.1,27.407740585774057,1.485774058577406,2020,7,220,615,-376,1593561600000
2017,8,201,11,399.83000000000004,327.62,35.15,29.783636363636365,3.1954545454545453,2017,8,201,384,-373,1501545600000
2023,8,6,27,725.4300000000001,308.1,46.01,11.411111111111111,1.704074074074074,2023,8,6,104,-77,1690848000000
2016,6,114,153289,2274093.38,1821465.78,256782.32,11.882560261988793,1.6751516416703092,2016,6,114,121648,31641,1464739200000
2017,12,214,21,810.3599999999999,709.0,31.42,33.76190476190476,1.4961904761904763,2017,12,214,184,-163,1512086400000
2016,3,155,82,1907.48,1591.01,173.37,19.402560975609756,2.114268292682927,2016,3,155,1349,-1267,1456790400000
2019,3,223,4057,116545.9,91127.45,10771.57,22.461782105003696,2.655057924574809,2019,3,223,15387,-11330,1551398400000
2023,4,134,289,15900.59,12940.43,1777.03,44.776574394463665,6.148892733564014,2023,4,134,1033,-744,1680307200000
2019,7,81,243,9696.85,8640.97,22.3,35.559547325102876,0.09176954732510288,2019,7,81,631,-388,1561939200000
2020,10,30,1,60.1,50.43,2.75,50.43,2.75,2020,10,30,14,-13,1601510400000
2016,5,77,130,2745.82,2252.6,300.98,17.327692307692306,2.3152307692307694,2016,5,77,994,-864,1462060800000
2016,8,216,867,40823.0,33090.03,4308.7300000000005,38.16612456747405,4.969700115340254,2016,8,216,4778,-3911,1470009600000
2021,4,197,710,28619.24,24607.99,339.96999999999997,34.659140845070425,0.4788309859154929,2021,4,197,1506,-796,1617235200000
2021,8,69,417,13907.6,11707.39,356.48,28.075275779376497,0.8548681055155876,2021,8,69,1645,-1228,1627776000000
2017,6,226,16909,296320.48,247899.42,25192.81,14.660797208587145,1.489905375835354,2017,6,226,25056,-8147,1496275200000
2024,12,223,1076,45258.87,35938.5,4382.74,33.40009293680298,4.07317843866171,2024,12,223,4302,-3226,1733011200000
2025,10,174,712,25017.48,22628.04,140.92000000000002,31.780955056179778,0.19792134831460675,2025,10,174,1654,-942,1759276800000
2016,3,197,382,12012.91,9251.41,1856.84,24.218350785340313,4.860837696335079,2016,3,197,2512,-2130,1456790400000
2021,10,97,1546,39263.36,31924.32,3544.64,20.649624838292368,2.2927813712807246,2021,10,97,4542,-2996,1633046400000
2018,4,141,212585,2598147.03,2049824.51,298731.52,9.642376037820165,1.4052332949173272,2018,4,141,221443,-8858,1522540800000
2019,12,100,132970,2389150.4,1631979.45,245043.95,12.273290591862827,1.8428513950515155,2019,12,100,108193,24777,1575158400000
2016,6,48,345630,5123719.59,4133973.37,527175.06,11.960690246795707,1.5252583977085323,2016,6,48,292869,52761,1464739200000
2023,11,61,761,24460.78,21904.71,1033.3,28.78411300919842,1.3578186596583441,2023,11,61,4514,-3753,1698796800000
2020,11,109,2,187.0,160.92,0.0,80.46,0.0,2020,11,109,14,-12,1604188800000
2017,8,95,1243,26255.65,21831.61,1984.74,17.563644408688656,1.596733708769107,2017,8,95,10879,-9636,1501545600000
2016,12,4,31373,466959.02,378912.36,49588.21,12.077657858668282,1.5806014726038313,2016,12,4,55062,-23689,1480550400000
2022,2,183,44,1572.81,1343.8,10.91,30.54090909090909,0.24795454545454546,2022,2,183,171,-127,1643673600000
2016,9,117,11,230.61,188.5,21.11,17.136363636363637,1.919090909090909,2016,9,117,377,-366,1472688000000
2023,5,175,37,1422.5,1213.7,136.1,32.8027027027027,3.6783783783783783,2023,5,175,374,-337,1682899200000
2024,1,205,342,15371.64,14340.34,58.76,41.93081871345029,0.17181286549707603,2024,1,205,981,-639,1704067200000
2017,5,212,126,2191.86,1830.31,140.49,14.52626984126984,1.115,2017,5,212,1204,-1078,1493596800000
2023,7,49,462,14115.23,11735.61,1169.97,25.40175324675325,2.5324025974025974,2023,7,49,4202,-3740,1688169600000
2020,3,239,83847,1289702.2400000002,820635.23,162073.87,9.78729388052047,1.9329716030388684,2020,3,239,80454,3393,1583020800000
2020,2,218,467,18478.01,16448.1,30.580000000000002,35.220770877944325,0.06548179871520343,2020,2,218,1459,-992,1580515200000
2025,10,172,17,647.92,483.53000000000003,49.0,28.44294117647059,2.8823529411764706,2025,10,172,88,-71,1759276800000
2019,9,5,25,2231.1,2097.5,5.0,83.9,0.2,2019,9,5,69,-44,1567296000000
2025,11,162,128230,3112787.21,1978882.11,401493.27,15.432286594400686,3.1310400842236605,2025,11,162,110084,18146,1761955200000
2016,2,242,117,2193.2400000000002,1727.84,277.4,14.767863247863247,2.370940170940171,2016,2,242,1167,-1050,1454284800000
2020,7,214,8,565.71,452.83,53.06,56.60375,6.6325,2020,7,214,19,-11,1593561600000
2025,7,138,101121,6435575.14,4132229.84,868042.41,40.86421059918315,8.584195271011957,2025,7,138,37735,63386,1751328000000
2019,2,190,335,7104.87,5912.23,559.64,17.648447761194028,1.6705671641791044,2019,2,190,1255,-920,1548979200000
2017,2,4,26403,382142.47000000003,309020.72,41547.86,11.70400030299587,1.5736037571488088,2017,2,4,48348,-21945,1485907200000
2021,1,98,94,3283.06,2857.69,157.26,30.400957446808512,1.6729787234042552,2021,1,98,269,-175,1609459200000
2016,7,196,933,19835.46,16262.19,1716.6299999999999,17.43,1.8399035369774919,2016,7,196,4471,-3538,1467331200000
2023,2,99,2,0.0,0.0,0.0,0.0,0.0,2023,2,99,6,-4,1675209600000
2023,12,216,908,58438.84,49211.38,6116.01,54.19755506607929,6.735693832599119,2023,12,216,3218,-2310,1701388800000
2022,10,39,239,10908.039999999999,9884.07,164.72,41.35594142259414,0.6892050209205021,2022,10,39,1197,-958,1664582400000
2024,2,43,46239,1006588.04,660812.49,131825.31,14.29123661843898,2.850955037954973,2024,2,43,33343,12896,1706745600000
2019,10,121,284,9818.7,8572.2,165.65,30.183802816901412,0.583274647887324,2019,10,121,1148,-864,1569888000000
2025,10,146,4086,100613.01,78146.16,5448.61,19.125345080763584,1.3334826235927557,2025,10,146,4377,-291,1759276800000
2019,3,212,444,12178.28,10877.78,82.67,24.499504504504507,0.1861936936936937,2019,3,212,1285,-841,1551398400000
2017,6,37,2828,43503.17,35318.93,4432.93,12.489013437057991,1.56751414427157,2017,6,37,14594,-11766,1496275200000
2018,7,222,148,5023.96,4674.95,71.22,31.5875,0.4812162162162162,2018,7,222,484,-336,1530403200000
2018,2,9,39,879.81,805.0,39.21,20.641025641025642,1.0053846153846153,2018,2,9,468,-429,1517443200000
2020,5,145,936,15337.800000000001,13015.1,648.99,13.905021367521368,0.6933653846153847,2020,5,145,1525,-589,1588291200000
2017,5,195,946,23497.39,19458.46,2230.57,20.56919661733615,2.357896405919662,2017,5,195,4857,-3911,1493596800000
2020,10,99,18,1773.59,1684.21,49.5,93.56722222222223,2.75,2020,10,99,21,-3,1601510400000
2020,5,233,4541,70439.86,46541.04,7366.23,10.249072891433606,1.6221603171107684,2020,5,233,4880,-339,1588291200000
2019,8,226,9478,225976.25,180918.52,19324.1,19.088259126397972,2.0388373074488286,2019,8,226,14826,-5348,1564617600000
2017,5,89,959,17978.0,15026.51,1600.52,15.668936392075079,1.6689468196037538,2017,5,89,8884,-7925,1493596800000
2017,12,75,64124,820210.9600000001,667782.07,74214.89,10.413917877861643,1.1573652610567027,2017,12,75,110440,-46316,1512086400000
2019,1,153,282,9381.880000000001,8513.61,85.27,30.190106382978726,0.30237588652482267,2019,1,153,427,-145,1546300800000
2020,10,74,12333,192634.88999999998,153997.31,13864.96,12.486605854212275,1.1242163301710857,2020,10,74,22502,-10169,1601510400000
2021,2,82,602,17358.68,14090.64,877.19,23.406378737541527,1.457126245847176,2021,2,82,1451,-849,1612137600000
2021,3,27,14,1299.7,1120.99,0.0,80.07071428571429,0.0,2021,3,27,37,-23,1614556800000
2024,12,85,583,17658.68,16300.06,195.23,27.958936535162948,0.3348713550600343,2024,12,85,939,-356,1733011200000
2025,3,50,25926,567546.52,377420.68,49696.88,14.55761320681941,1.9168741803594846,2025,3,50,42220,-16294,1740787200000
2025,1,146,1922,44192.31,34807.87,2660.4,18.110234131113426,1.3841831425598337,2025,1,146,2305,-383,1735689600000
2018,10,60,148,4498.57,4038.25,63.58,27.285472972972972,0.4295945945945946,2018,10,60,520,-372,1538352000000
2020,8,132,20289,1054966.65,865251.09,103194.66,42.64631524471388,5.086236877125536,2020,8,132,2894,17395,1596240000000
2019,2,40,3094,55212.23,41454.98,6722.99,13.398506787330318,2.172912087912088,2019,2,40,7064,-3970,1548979200000
2016,2,28,765,32777.56,26526.88,3345.78,34.67566013071895,4.373568627450981,2016,2,28,2709,-1944,1454284800000
2022,4,70,12895,575543.5800000001,407150.98,76157.75,31.574329585110508,5.905990694067468,2022,4,70,1499,11396,1648771200000
2018,8,61,1592,32983.24,29035.32,1644.77,18.23826633165829,1.033146984924623,2018,8,61,13004,-11412,1533081600000
2019,6,147,215,7487.77,6555.14,35.39,30.489023255813954,0.1646046511627907,2019,6,147,880,-665,1559347200000
2024,1,76,938,32056.91,29898.39,128.9,31.87461620469083,0.13742004264392324,2024,1,76,1697,-759,1704067200000
2018,8,3,114,3513.89,3125.2400000000002,78.88,27.414385964912285,0.6919298245614035,2018,8,3,649,-535,1533081600000
2016,1,33,11965,217983.05,179288.13,25845.14,14.984381947346428,2.1600618470539072,2016,1,33,32591,-20626,1451606400000
2017,11,107,216923,2972882.4,2343841.49,357356.37,10.804946870548537,1.647388105456775,2017,11,107,192861,24062,1509494400000
2023,12,112,836,26616.85,21287.61,2257.46,25.463648325358854,2.700311004784689,2023,12,112,7109,-6273,1701388800000
2022,7,225,351,10587.56,9078.73,922.53,25.865327635327635,2.628290598290598,2022,7,225,3381,-3030,1656633600000
2025,9,46,81,3763.59,3382.13,20.02,41.754691358024694,0.2471604938271605,2025,9,46,163,-82,1756684800000
2019,6,12,3890,93328.35,70081.71,8760.63,18.01586375321337,2.252089974293059,2019,6,12,4981,-1091,1559347200000
2021,8,27,9,508.28999999999996,436.39,0.0,48.48777777777778,0.0,2021,8,27,69,-60,1627776000000
2024,9,23,33,1916.8500000000001,1485.79,63.71000000000001,45.02393939393939,1.9306060606060609,2024,9,23,108,-75,1725148800000
2016,6,260,7249,119021.07,100843.72,8207.62,13.911397434128846,1.1322416885087598,2016,6,260,14771,-7522,1464739200000
2018,4,51,286,9614.68,8732.51,131.94,30.53325174825175,0.46132867132867134,2018,4,51,1083,-797,1522540800000
2020,5,72,371,9862.37,8918.51,280.32,24.03911051212938,0.7555795148247978,2020,5,72,605,-234,1588291200000
2019,3,45,16173,332399.1,241890.42,31515.97,14.95643479873864,1.948678043653002,2019,3,45,21438,-5265,1551398400000
2017,2,162,309056,4501511.11,3517413.11,551525.3,11.381151344740111,1.7845481077862912,2017,2,162,268587,40469,1485907200000
2024,9,83,498,16880.52,14239.17,965.7,28.592710843373496,1.9391566265060243,2024,9,83,945,-447,1725148800000
2022,4,204,4,257.05,253.10000000000002,0.75,63.275000000000006,0.1875,2022,4,204,21,-17,1648771200000
2016,12,200,88,2123.53,1777.04,198.68,20.19363636363636,2.257727272727273,2016,12,200,3281,-3193,1480550400000
2019,3,255,6341,112956.75,86742.54,12906.77,13.679630973032644,2.035447090364296,2019,3,255,21592,-15251,1551398400000
2023,5,44,31,2180.98,1755.5,0.0,56.62903225806452,0.0,2023,5,44,40,-9,1682899200000
2025,8,161,145834,3403740.21,2153252.56,411632.9,14.765092913860965,2.822612696627673,2025,8,161,123652,22182,1754006400000
2018,9,9,94,2338.15,2052.35,117.02,21.83351063829787,1.2448936170212765,2018,9,9,791,-697,1535760000000
2019,12,125,34438,634526.6,424190.12,80219.40000000001,12.317501597073,2.329386143213892,2019,12,125,30992,3446,1575158400000
2021,10,230,93729,1869126.75,1250505.48,234473.57,13.341713663860705,2.5016117743707924,2021,10,230,87317,6412,1633046400000
2020,10,180,77,2591.18,2277.5,163.26,29.57792207792208,2.12025974025974,2020,10,180,224,-147,1601510400000
2021,1,21,246,9322.32,8109.84,414.64,32.966829268292685,1.6855284552845529,2021,1,21,401,-155,1609459200000
2025,3,40,1526,41556.06,31875.1,1232.98,20.888007863695936,0.8079816513761467,2025,3,40,3437,-1911,1740787200000
2020,10,91,609,19604.41,16991.9,1512.56,27.90131362889984,2.48367816091954,2020,10,91,1109,-500,1601510400000
2024,5,33,2918,94315.93,78463.07,6785.05,26.88933173406443,2.3252398903358467,2024,5,33,9203,-6285,1714521600000
2021,2,58,18,658.79,541.4300000000001,10.0,30.079444444444448,0.5555555555555556,2021,2,58,52,-34,1612137600000
2017,1,220,217,3917.6,3296.34,293.8,15.190506912442396,1.3539170506912444,2017,1,220,3696,-3479,1483228800000
2019,1,215,1154,62693.35,51535.6,5044.27,44.6582322357019,4.3711178509532065,2019,1,215,1429,-275,1546300800000
2019,7,107,139558,2311912.9,1508412.21,274792.56,10.80849689734734,1.9690204789406556,2019,7,107,126968,12590,1561939200000
2016,12,166,49918,763164.65,609813.88,85784.37,12.216312352257702,1.7185057494290636,2016,12,166,75162,-25244,1480550400000
2021,9,247,558,14516.03,12019.74,692.87,21.54075268817204,1.2417025089605735,2021,9,247,1587,-1029,1630454400000
2025,4,165,743,19241.74,17554.23,53.0,23.62615074024226,0.07133243606998654,2025,4,165,1496,-753,1743465600000
2025,6,168,3562,100351.52,87527.8,473.63,24.572655811341942,0.1329674340258282,2025,6,168,4061,-499,1748736000000
2016,5,27,2,34.6,32.5,0.0,16.25,0.0,2016,5,27,112,-110,1462060800000
2018,5,105,12,305.39,235.5,37.53,19.625,3.1275,2018,5,105,8,4,1525132800000
2021,7,187,8,575.85,485.75,32.16,60.71875,4.02,2021,7,187,45,-37,1625097600000
2025,7,106,1188,30503.0,24852.85,465.03,20.919907407407408,0.3914393939393939,2025,7,106,1948,-760,1751328000000
2021,3,53,86,3237.42,2726.08,82.12,31.69860465116279,0.9548837209302327,2021,3,53,306,-220,1614556800000
2024,7,221,12,596.39,494.69,16.299999999999997,41.22416666666667,1.3583333333333332,2024,7,221,90,-78,1719792000000
2018,1,216,693,36990.77,30376.97,3480.02,43.834011544011545,5.021673881673881,2018,1,216,3167,-2474,1514764800000
2021,2,160,106,3788.68,3079.56,188.62,29.052452830188678,1.779433962264151,2021,2,160,569,-463,1612137600000
2025,9,247,1806,55837.93,47838.47,1230.54,26.48863233665559,0.6813621262458471,2025,9,247,2811,-1005,1756684800000
2023,6,80,1081,39557.04,30495.02,4257.22,28.2100092506938,3.9382238667900094,2023,6,80,4637,-3556,1685577600000
2016,4,16,67,1924.63,1608.1,197.07,24.001492537313432,2.9413432835820896,2016,4,16,1586,-1519,1459468800000
2025,10,255,9629,216818.92,164854.96,7731.14,17.120672967078615,0.8029016512618133,2025,10,255,13857,-4228,1759276800000
2020,5,237,10237,143167.1,91019.57,15855.79,8.89123473673928,1.5488707629188239,2020,5,237,8518,1719,1588291200000
2025,10,95,2187,61049.43,51216.2,1504.7,23.418472793781433,0.6880201188843165,2025,10,95,6839,-4652,1759276800000
2024,7,119,324,12453.56,11037.45,463.21,34.06620370370371,1.4296604938271604,2024,7,119,783,-459,1719792000000
2023,9,164,65269,1675615.21,1123781.49,207082.09,17.217691246993212,3.1727480120731126,2023,9,164,61740,3529,1693526400000
2020,7,181,747,20960.25,17639.4,2034.56,23.6136546184739,2.7236412315930387,2020,7,181,1930,-1183,1593561600000
2020,1,69,748,20423.85,17685.76,200.24,23.64406417112299,0.2677005347593583,2020,1,69,2811,-2063,1577836800000
2022,2,244,2680,58598.85,46804.5,5844.4,17.46436567164179,2.1807462686567165,2022,2,244,10660,-7980,1643673600000
2022,5,168,484,11569.9,9619.28,753.22,19.874545454545455,1.5562396694214877,2022,5,168,2314,-1830,1651363200000
2018,3,55,118,3571.32,3211.5,154.06,27.216101694915253,1.305593220338983,2018,3,55,823,-705,1519862400000
2020,9,47,382,11337.16,9649.75,768.12,25.26112565445026,2.0107853403141362,2020,9,47,817,-435,1598918400000
2019,1,2,10,462.57,386.05,43.08,38.605000000000004,4.308,2019,1,2,16,-6,1546300800000
2020,10,25,1207,29234.51,24632.77,2618.8,20.408260149130076,2.1696768848384425,2020,10,25,2608,-1401,1601510400000
2023,5,223,673,29229.86,22729.65,2972.91,33.77362555720654,4.41739970282318,2023,5,223,4895,-4222,1682899200000
2019,12,123,276,7910.5,6999.85,29.59,25.36177536231884,0.10721014492753624,2019,12,123,1254,-978,1575158400000
2018,10,194,459,24802.38,18969.5,2826.36,41.32788671023965,6.15764705882353,2018,10,194,1074,-615,1538352000000
2022,3,80,651,18195.54,13994.4,2502.99,21.496774193548386,3.844838709677419,2022,3,80,4389,-3738,1646092800000
2017,2,188,1204,20146.08,17080.17,1572.92,14.186187707641194,1.3064119601328905,2017,2,188,6906,-5702,1485907200000
2023,5,131,191,6445.75,5822.3,65.1,30.48324607329843,0.3408376963350785,2023,5,131,769,-578,1682899200000
2023,6,136,122,4571.58,4076.51,101.92,33.41401639344262,0.8354098360655737,2023,6,136,375,-253,1685577600000
2019,10,161,303709,5679228.340000001,3796170.78,686640.1799999999,12.499368737837864,2.260848970560635,2019,10,161,285018,18691,1569888000000
2017,4,94,50,747.08,653.0,25.11,13.06,0.5022,2017,4,94,877,-827,1491004800000
2025,1,208,303,9835.49,8270.29,199.57,27.29468646864687,0.6586468646864686,2025,1,208,561,-258,1735689600000
2018,6,180,137,5188.72,4448.5,349.12,32.47080291970803,2.548321167883212,2018,6,180,662,-525,1527811200000
2020,9,75,22444,346804.59,262535.08,29654.06,11.697339155230797,1.3212466583496703,2020,9,75,31005,-8561,1598918400000
2024,11,47,293,9614.31,8726.28,12.41,29.782525597269625,0.04235494880546075,2024,11,47,426,-133,1730419200000
2024,11,51,488,20743.69,18929.94,101.72999999999999,38.7908606557377,0.20846311475409834,2024,11,51,678,-190,1730419200000
2025,3,161,182170,4383542.79,2766603.12,551582.4,15.186930449580062,3.027844321238404,2025,3,161,144115,38055,1740787200000
2017,3,126,126,2600.36,2167.0,240.78,17.1984126984127,1.910952380952381,2017,3,126,1373,-1247,1488326400000
2019,12,200,238,9662.43,8198.1,298.01,34.445798319327736,1.252142857142857,2019,12,200,2365,-2127,1575158400000
2016,10,26,217,4963.59,4454.22,183.84,20.52635944700461,0.8471889400921659,2016,10,26,2046,-1829,1475280000000
2022,8,224,4392,86711.82,58790.73,11018.64,13.385867486338798,2.50879781420765,2022,8,224,12459,-8067,1659312000000
2021,12,206,15,1121.53,901.0500000000001,24.23,60.07000000000001,1.6153333333333333,2021,12,206,79,-64,1638316800000
2017,4,83,1242,19842.73,17104.1,1007.69,13.771417069243155,0.8113446054750403,2017,4,83,4531,-3289,1491004800000
2019,2,120,43,914.66,772.8,39.69,17.972093023255812,0.9230232558139534,2019,2,120,295,-252,1548979200000
2021,10,210,271,12181.53,10865.62,35.71,40.09453874538746,0.13177121771217712,2021,10,210,724,-453,1633046400000
2022,6,207,294,6161.55,3569.79,1898.51,12.142142857142858,6.457517006802721,2022,6,207,283,11,1654041600000
2021,10,35,349,13222.36,11658.49,55.349999999999994,33.40541547277937,0.15859598853868193,2021,10,35,821,-472,1633046400000
2021,7,164,61534,1043002.1,675056.8,129184.94,10.970468358956024,2.099407482042448,2021,7,164,56520,5014,1625097600000
2023,6,137,35286,788867.51,519425.49,94707.05,14.720441251487841,2.6839837329252396,2023,6,137,40712,-5426,1685577600000
2017,1,24,28072,377194.0,304059.21,39400.42,10.831405314904531,1.403548731832431,2017,1,24,30742,-2670,1483228800000
2022,10,58,7,205.70999999999998,179.1,16.06,25.585714285714285,2.294285714285714,2022,10,58,99,-92,1664582400000
2023,9,230,90989,2734041.2,1886367.65,333258.08999999997,20.731820879446964,3.6626195474178194,2023,9,230,88003,2986,1693526400000
2016,6,261,57631,1197447.53,985774.55,127859.93,17.10493571168295,2.218596415123805,2016,6,261,52399,5232,1464739200000
2023,8,30,1,87.75,77.2,0.0,77.2,0.0,2023,8,30,27,-26,1690848000000
2017,10,37,2148,32809.82000000001,26923.0,2992.23,12.533985102420857,1.3930307262569832,2017,10,37,12776,-10628,1506816000000
2023,1,138,89186,5628923.24,3646839.66,732958.09,40.89027044603413,8.21830881528491,2023,1,138,32031,57155,1672531200000
2023,8,265,2522,229598.03,203673.88,18782.47,80.75887390959556,7.447450436161777,2023,8,265,15618,-13096,1690848000000
2024,4,193,2283,27572.25,23412.86,962.24,10.255304424003505,0.4214805081033728,2024,4,193,2771,-488,1711929600000
2024,11,76,2261,70279.11,65444.75,315.99,28.945046439628484,0.13975674480318442,2024,11,76,3120,-859,1730419200000
2018,2,242,106,2030.41,1706.76,175.25,16.101509433962264,1.653301886792453,2018,2,242,867,-761,1517443200000
2023,12,122,94,3885.38,3558.89,60.510000000000005,37.86053191489361,0.6437234042553192,2023,12,122,280,-186,1701388800000
2020,4,128,8,333.14,293.18,8.25,36.6475,1.03125,2020,4,128,53,-45,1585699200000
2025,5,250,958,25472.15,21711.57,82.8,22.663434237995823,0.08643006263048017,2025,5,250,989,-31,1746057600000
2022,1,205,166,6495.8,6016.54,32.91,36.24421686746988,0.19825301204819276,2022,1,205,847,-681,1640995200000
2024,11,212,307,10333.67,9192.45,0.0,29.9428338762215,0.0,2024,11,212,334,-27,1730419200000
2023,7,240,16,476.40999999999997,426.0,21.86,26.625,1.36625,2023,7,240,117,-101,1688169600000
2017,8,113,135005,1796227.98,1422363.23,206741.68,10.53563371726973,1.5313631346987149,2017,8,113,116508,18497,1501545600000
2022,7,192,44,1932.73,1688.34,186.39,38.37136363636363,4.236136363636363,2022,7,192,254,-210,1656633600000
2022,12,119,129,4008.75,3576.71,125.39,27.726434108527133,0.972015503875969,2022,12,119,594,-465,1669852800000
2017,9,86,20,3323.86,2624.5,653.78,131.225,32.689,2017,9,86,432,-412,1504224000000
2020,4,142,7307,106914.42000000001,68631.13,12353.59,9.39251813329684,1.6906514301354865,2020,4,142,5504,1803,1585699200000
2020,3,101,80,3532.33,3154.38,168.70000000000002,39.42975,2.10875,2020,3,101,271,-191,1583020800000
2016,5,255,22863,375010.77,301700.24,43869.79,13.196004023968857,1.918811617023138,2016,5,255,43784,-20921,1462060800000
2017,7,248,75,1777.52,1451.56,225.2,19.354133333333333,3.0026666666666664,2017,7,248,1055,-980,1498867200000
2020,10,72,742,23739.39,20550.94,1804.56,27.696684636118597,2.432021563342318,2020,10,72,1127,-385,1601510400000
2017,4,18,149,2253.45,1918.0,147.97,12.87248322147651,0.9930872483221477,2017,4,18,1567,-1418,1491004800000
2021,12,89,401,14862.53,12964.06,536.2,32.32932668329177,1.3371571072319204,2021,12,89,2518,-2117,1638316800000
2024,4,108,190,7877.62,7225.63,120.66,38.02963157894737,0.6350526315789473,2024,4,108,313,-123,1711929600000
2019,8,78,280,8670.5,7435.03,122.09,26.55367857142857,0.4360357142857143,2019,8,78,951,-671,1564617600000
2019,12,115,21,971.1899999999999,853.84,3.99,40.65904761904762,0.19,2019,12,115,148,-127,1575158400000
2021,6,146,1806,32724.11,25348.48,3038.29,14.035703211517164,1.6823311184939092,2021,6,146,2773,-967,1622505600000
2021,7,31,66,2794.93,2041.45,382.14,30.93106060606061,5.79,2021,7,31,434,-368,1625097600000
2023,11,247,265,7812.33,6854.33,278.31,25.865396226415093,1.0502264150943397,2023,11,247,808,-543,1698796800000
2017,12,24,28874,400487.02,322935.66,42606.44,11.18430629632195,1.4755988086167486,2017,12,24,32864,-3990,1512086400000
2024,2,28,361,17055.329999999998,14357.17,1232.52,39.7705540166205,3.4141828254847644,2024,2,28,1027,-666,1706745600000
2024,11,232,5323,144180.84,110945.83,10974.03,20.842725906443736,2.0616250234829985,2024,11,232,16304,-10981,1730419200000
2021,12,163,95260,1750582.16,1159427.77,223664.54,12.171192210791519,2.3479376443418016,2021,12,163,79861,15399,1638316800000
2019,6,152,8300,126800.4,100813.61,10025.929999999998,12.146218072289157,1.2079433734939757,2019,6,152,12836,-4536,1559347200000
2025,8,3,398,12111.75,10843.91,57.41,27.246005025125626,0.1442462311557789,2025,8,3,824,-426,1754006400000
2016,12,184,8,803.36,696.0,86.13,87.0,10.76625,2016,12,184,73,-65,1480550400000
2016,6,79,341586,5105870.96,4073083.7,592778.43,11.924035821140212,1.7353709753912632,2016,6,79,276415,65171,1464739200000
2025,8,225,5275,131772.44,113525.92,1082.44,21.52150142180095,0.20520189573459716,2025,8,225,8184,-2909,1754006400000
2019,1,154,59,2233.51,1953.72,78.46,33.113898305084746,1.329830508474576,2019,1,154,113,-54,1546300800000
2020,8,81,285,12750.04,11248.59,422.05,39.468736842105265,1.4808771929824562,2020,8,81,432,-147,1596240000000
2020,9,19,107,7291.83,6803.75,320.41,63.58644859813084,2.9944859813084115,2020,9,19,202,-95,1598918400000
2021,6,148,24825,482022.05,328618.57,61167.53,13.237404632426989,2.4639488418932527,2021,6,148,25894,-1069,1622505600000
2018,8,111,22,321.11,259.5,28.25,11.795454545454545,1.2840909090909092,2018,8,111,100,-78,1533081600000
2017,1,248,71,1268.17,1104.5,61.49,15.556338028169014,0.8660563380281691,2017,1,248,1004,-933,1483228800000
2023,5,82,388,13755.06,11319.24,1002.92,29.173298969072164,2.584845360824742,2023,5,82,1967,-1579,1682899200000
2016,11,39,181,4927.3,4043.09,482.65,22.337513812154697,2.666574585635359,2016,11,39,1762,-1581,1477958400000
2018,8,55,202,8639.53,7697.05,312.79,38.10420792079208,1.5484653465346536,2018,8,55,1389,-1187,1533081600000
2020,12,239,48475,720811.9,455121.22,94157.90999999999,9.388782258896338,1.942401444043321,2020,12,239,44422,4053,1606780800000
2020,5,244,1220,24947.06,20638.49,1598.11,16.916795081967216,1.3099262295081966,2020,5,244,3423,-2203,1588291200000
2025,9,29,587,20383.11,19182.32,62.8,32.67856899488927,0.106984667802385,2025,9,29,1188,-601,1756684800000
2017,3,191,65,3060.2000000000003,2364.3,600.99,36.37384615384616,9.246,2017,3,191,984,-919,1488326400000
2021,2,182,353,12576.85,10445.25,87.56,29.589943342776206,0.24804532577903685,2021,2,182,718,-365,1612137600000
2017,9,16,41,1182.34,1000.82,107.4,24.410243902439024,2.6195121951219513,2017,9,16,1266,-1225,1504224000000
2017,10,66,4788,87991.32,72741.0,9893.47,15.192355889724311,2.0663053467000836,2017,10,66,15245,-10457,1506816000000
2016,7,95,1767,38776.8,31824.64,3387.25,18.01054895302773,1.9169496321448782,2016,7,95,13043,-11276,1467331200000
2022,5,93,511,34314.46,26015.4,4398.0,50.91076320939335,8.606653620352251,2022,5,93,1035,-524,1651363200000
2023,6,25,1540,44653.97,35612.21,4598.86,23.124811688311688,2.986272727272727,2023,6,25,5893,-4353,1685577600000
2025,1,189,844,21044.74,17607.87,923.5,20.86240521327014,1.0941943127962086,2025,1,189,2823,-1979,1735689600000
2023,10,79,81654,1952953.67,1312823.3699999999,246653.6,16.077881916378864,3.0207166825875036,2023,10,79,70507,11147,1696118400000
2018,4,18,152,3094.52,2729.3,109.32,17.95592105263158,0.7192105263157894,2018,4,18,1420,-1268,1522540800000
2023,1,74,6323,128720.64,97239.02,10613.68,15.378620907796932,1.6785829511307924,2023,1,74,21177,-14854,1672531200000
2018,9,244,7982,152274.28999999998,128354.04,12779.49,16.08043598095715,1.6010385868203458,2018,9,244,27026,-19044,1535760000000
2018,3,42,18336,231270.21,194241.34,14513.210000000001,10.593441317626526,0.7915145069808028,2018,3,42,43922,-25586,1519862400000
2024,9,128,39,1434.94,1260.81,42.43,32.32846153846154,1.087948717948718,2024,9,128,370,-331,1725148800000
2017,2,84,4,372.65,276.8,64.95,69.2,16.2375,2017,2,84,55,-51,1485907200000
2022,11,91,153,5070.5,4554.71,142.79,29.76934640522876,0.9332679738562091,2022,11,91,721,-568,1667260800000
2022,1,64,85,3313.0299999999997,3015.66,37.92,35.47835294117647,0.44611764705882356,2022,1,64,250,-165,1640995200000
2019,12,239,188337,2987085.6399999997,1925858.19,362285.74,10.225596616703037,1.9236036466546669,2019,12,239,181478,6859,1575158400000
2019,6,72,716,20406.84,18730.62,194.66,26.16008379888268,0.27187150837988827,2019,6,72,1820,-1104,1559347200000
2019,10,7,9131,135608.77,110275.77,8703.93,12.07707480013142,0.9532285620413975,2019,10,7,28043,-18912,1569888000000
2019,11,143,82811,1321533.9100000001,863678.39,156931.7,10.429512866648151,1.8950586274770262,2019,11,143,95714,-12903,1572566400000
2025,11,133,985,21709.01,16870.97,225.92,17.127888324873098,0.22936040609137054,2025,11,133,1770,-785,1761955200000
2025,1,184,16,427.65,377.39,0.0,23.586875,0.0,2025,1,184,27,-11,1735689600000
2020,1,178,116,3227.65,2722.66,30.439999999999998,23.471206896551724,0.26241379310344826,2020,1,178,627,-511,1577836800000
2019,9,198,295,7814.75,6883.24,233.39000000000001,23.33301694915254,0.7911525423728814,2019,9,198,3510,-3215,1567296000000
2020,8,258,288,14103.75,12787.12,379.74,44.39972222222222,1.3185416666666667,2020,8,258,513,-225,1596240000000
2023,1,211,20656,487838.36,326616.5,62603.590000000004,15.812185321456235,3.0307702362509685,2023,1,211,23005,-2349,1672531200000
2022,4,193,2405,16582.38,13055.65,1157.06,5.428544698544698,0.48110602910602907,2022,4,193,3226,-821,1648771200000
2019,8,204,3,125.3,125.0,0.0,41.666666666666664,0.0,2019,8,204,54,-51,1564617600000
2020,11,217,182,4869.61,4115.2,411.79,22.61098901098901,2.2625824175824176,2020,11,217,1300,-1118,1604188800000
2021,4,69,750,21245.74,18173.47,309.14,24.231293333333333,0.41218666666666665,2021,4,69,1997,-1247,1617235200000
2025,8,121,660,18488.88,16083.69,283.13,24.369227272727272,0.42898484848484847,2025,8,121,1603,-943,1754006400000
2018,12,123,461,14183.75,12719.89,223.78,27.591952277657267,0.4854229934924078,2018,12,123,1418,-957,1543622400000
2018,9,242,291,8410.74,7461.12,135.84,25.63958762886598,0.4668041237113402,2018,9,242,1002,-711,1535760000000
2020,8,232,1437,37534.37,31196.47,2536.57,21.70944328462074,1.7651844119693807,2020,8,232,5780,-4343,1596240000000
2022,4,34,74,2020.2,1582.4,242.05,21.383783783783784,3.2709459459459462,2022,4,34,357,-283,1648771200000
2021,6,223,753,24994.2,19331.04,2292.27,25.67203187250996,3.044183266932271,2021,6,223,4645,-3892,1622505600000
2022,12,67,124,6113.49,4991.56,419.38,40.25451612903226,3.382096774193548,2022,12,67,679,-555,1669852800000
2023,6,40,426,14339.55,10723.54,1764.71,25.172629107981223,4.142511737089202,2023,6,40,3051,-2625,1685577600000
2024,4,227,141,4865.71,4318.29,138.70000000000002,30.626170212765956,0.9836879432624115,2024,4,227,649,-508,1711929600000
2021,5,179,852,18121.73,14921.97,1020.36,17.514049295774647,1.197605633802817,2021,5,179,2903,-2051,1619827200000
2024,8,34,110,3321.79,2754.67,257.24,25.042454545454547,2.3385454545454545,2024,8,34,352,-242,1722470400000
2019,7,60,180,5723.36,5004.87,34.18,27.80483333333333,0.18988888888888888,2019,7,60,644,-464,1561939200000
2023,2,59,3,63.34,44.53,8.26,14.843333333333334,2.7533333333333334,2023,2,59,22,-19,1675209600000
2016,8,55,88,4375.15,3842.34,368.77,43.66295454545455,4.190568181818182,2016,8,55,1335,-1247,1470009600000
2017,11,140,159407,2238736.42,1797966.56,252835.36,11.279094142666256,1.5860994812022056,2017,11,140,165903,-6496,1509494400000
2016,1,38,44,1990.74,1730.5,211.46,39.32954545454545,4.805909090909091,2016,1,38,746,-702,1451606400000
2017,2,49,3870,56816.93,46251.41,5690.47,11.95126873385013,1.470405684754522,2017,2,49,18630,-14760,1485907200000
2019,1,73,66,2086.68,1907.31,22.96,28.898636363636363,0.3478787878787879,2019,1,73,431,-365,1546300800000
2018,8,146,8264,120048.90000000001,100874.33,9415.68,12.206477492739594,1.1393610842207165,2018,8,146,11145,-2881,1533081600000
2020,7,158,1708,30430.93,20323.98,3811.45,11.899285714285714,2.2315281030444964,2020,7,158,3977,-2269,1593561600000
2023,12,261,19135,634877.57,467115.88,73385.11,24.411595505617978,3.8351246407107396,2023,12,261,17898,1237,1701388800000
2018,11,249,158389,2238992.14,1766870.14,274944.39,11.155257877756661,1.735880585141645,2018,11,249,126667,31722,1541030400000
2016,11,67,64,1526.55,1315.63,113.8,20.55671875,1.778125,2016,11,67,1588,-1524,1477958400000
2024,5,98,113,4225.56,3929.14,66.32,34.771150442477875,0.5869026548672566,2024,5,98,572,-459,1714521600000
2016,12,82,3535,58099.5,49415.83,3370.06,13.979018387553042,0.9533408769448374,2016,12,82,10568,-7033,1480550400000
2024,4,228,401,14286.93,12492.37,478.26,31.153042394014964,1.1926683291770572,2024,4,228,1648,-1247,1711929600000
2017,5,83,1354,20977.59,17832.31,1272.24,13.17009601181684,0.939615952732644,2017,5,83,4433,-3079,1493596800000
2022,9,85,97,3419.16,2846.83,341.83,29.34876288659794,3.5240206185567007,2022,9,85,632,-535,1661990400000
2018,5,28,761,33231.03,27303.4,2904.64,35.87831800262812,3.816872536136662,2018,5,28,2344,-1583,1525132800000
2018,8,116,8710,136792.89,114162.69,10919.82,13.107082663605052,1.2537106773823192,2018,8,116,21697,-12987,1533081600000
2020,8,55,522,25896.45,23999.94,814.22,45.97689655172414,1.559808429118774,2020,8,55,755,-233,1596240000000
2020,10,53,111,4467.55,3951.37,263.38,35.59792792792793,2.3727927927927928,2020,10,53,230,-119,1601510400000
2017,7,155,45,1620.42,1342.79,132.36,29.839777777777776,2.9413333333333336,2017,7,155,1076,-1031,1498867200000
2016,5,7,23188,333506.89,276996.8,27754.42,11.945696049680869,1.1969303087804035,2016,5,7,59633,-36445,1462060800000
2020,4,259,84,2271.18,1993.93,131.11,23.737261904761905,1.5608333333333335,2020,4,259,165,-81,1585699200000
2019,5,33,8453,176400.18999999997,137456.49,19490.33,16.261267005796757,2.3057293268662016,2019,5,33,21724,-13271,1556668800000
2020,3,228,361,9010.36,7873.99,463.27,21.811606648199444,1.2832963988919668,2020,3,228,1930,-1569,1583020800000
2021,10,23,75,5614.21,4723.36,50.5,62.97813333333333,0.6733333333333333,2021,10,23,146,-71,1633046400000
2021,11,29,108,4789.48,4079.1,156.28,37.769444444444446,1.4470370370370371,2021,11,29,440,-332,1635724800000
2021,12,215,376,20944.88,16947.84,1658.3899999999999,45.07404255319149,4.410611702127659,2021,12,215,736,-360,1638316800000
2025,11,22,750,21063.3,19723.94,95.08,26.298586666666665,0.12677333333333332,2025,11,22,1556,-806,1761955200000
2016,1,120,60,1686.49,1396.02,145.65,23.267,2.4275,2016,1,120,543,-483,1451606400000
2024,2,247,321,10032.14,8883.16,215.98,27.673395638629284,0.672834890965732,2024,2,247,749,-428,1706745600000
2025,3,65,4978,142795.79,118150.2,6475.22,23.734471675371633,1.3007673764564083,2025,3,65,6313,-1335,1740787200000
2016,10,217,1060,14343.67,11688.11,1369.36,11.026518867924528,1.2918490566037735,2016,10,217,3248,-2188,1475280000000
2019,7,66,3049,67591.85,52812.96,7075.01,17.321403738930798,2.3204362085929815,2019,7,66,9446,-6397,1561939200000
2023,1,127,167,6286.82,5180.95,532.3,31.023652694610778,3.1874251497005983,2023,1,127,2166,-1999,1672531200000
2025,4,4,11120,243889.56,171963.05,13024.81,15.464303057553956,1.1712958633093524,2025,4,4,16931,-5811,1743465600000
2019,2,80,2804,58229.11,46871.54,4835.589999999999,16.71595577746077,1.724532810271041,2019,2,80,12011,-9207,1548979200000
2023,1,168,360,9648.91,8114.15,392.66,22.539305555555554,1.0907222222222224,2023,1,168,1862,-1502,1672531200000
2019,12,255,4469,81571.27,62942.65,9411.54,14.084280599686732,2.1059610651152383,2019,12,255,17450,-12981,1575158400000
2020,1,259,200,7821.7,6851.03,94.21,34.25515,0.47104999999999997,2020,1,259,789,-589,1577836800000
2020,8,98,55,1754.97,1568.91,120.2,28.525636363636366,2.1854545454545455,2020,8,98,182,-127,1596240000000
2021,9,85,159,6332.97,5399.4400000000005,216.51,33.958742138364784,1.3616981132075472,2021,9,85,634,-475,1630454400000
2022,3,249,77260,1360413.2899999998,882397.89,189872.71000000002,11.42114794201398,2.4575810251100183,2022,3,249,62043,15217,1646092800000
2025,8,263,58038,1170213.69,754344.53,121758.13,12.997424618353493,2.0979036148730144,2025,8,263,62416,-4378,1754006400000
2021,8,175,68,3131.61,2751.96,32.35,40.47,0.4757352941176471,2021,8,175,378,-310,1627776000000
2016,12,54,623,12095.36,9670.6,1501.93,15.52263242375602,2.4108025682182985,2016,12,54,3222,-2599,1480550400000
2021,3,108,209,7312.78,6231.27,139.85,29.814688995215313,0.6691387559808613,2021,3,108,378,-169,1614556800000
2016,6,264,137775,2473912.42,2004062.14,276559.54,14.545905570676828,2.0073274541825437,2016,6,264,126940,10835,1464739200000
2020,6,216,250,11164.99,9874.62,359.56,39.49848,1.43824,2020,6,216,466,-216,1590969600000
2022,3,117,162,10077.59,9069.11,36.38,55.982160493827166,0.2245679012345679,2022,3,117,422,-260,1646092800000
2020,4,32,51,1053.47,908.49,63.55,17.813529411764705,1.246078431372549,2020,4,32,150,-99,1585699200000
2023,8,18,160,6392.93,5570.44,233.60999999999999,34.81525,1.4600624999999998,2023,8,18,463,-303,1690848000000
2024,2,212,118,4144.63,3708.64,15.73,31.42915254237288,0.13330508474576272,2024,2,212,261,-143,1706745600000
2025,10,157,1796,58302.01,46386.77,3967.56,25.82782293986637,2.209109131403118,2025,10,157,2939,-1143,1759276800000
2019,7,147,235,8522.84,7451.7,28.22,31.70936170212766,0.12008510638297872,2019,7,147,891,-656,1561939200000
2019,9,9,123,3117.24,2853.1,18.18,23.195934959349593,0.14780487804878048,2019,9,9,686,-563,1567296000000
2020,2,249,128800,2109579.8,1355859.45,273694.61,10.526859083850931,2.124958152173913,2020,2,249,105558,23242,1580515200000
2021,11,265,6881,396075.86,368631.85,17196.25,53.572424066269434,2.4990917017875307,2021,11,265,10311,-3430,1635724800000
2024,3,125,17978,431175.94,293553.78,51048.07,16.32850038936478,2.8394743575481143,2024,3,125,19261,-1283,1709251200000
2018,6,217,667,10059.84,8534.32,665.5699999999999,12.795082458770615,0.9978560719640179,2018,6,217,2798,-2131,1527811200000
2016,1,191,103,1891.22,1661.0,99.18,16.12621359223301,0.9629126213592234,2016,1,191,1080,-977,1451606400000
2020,5,198,209,5312.74,4482.56,144.37,21.447655502392347,0.6907655502392345,2020,5,198,408,-199,1588291200000
2023,11,236,149225,3166116.92,2045681.04,418723.96,13.708701893114425,2.8059906852069023,2023,11,236,156297,-7072,1698796800000
2017,3,13,94922,1864522.11,1498002.83,237073.09,15.781408208845157,2.497556836139146,2017,3,13,98019,-3097,1488326400000
2024,10,127,423,14585.32,13029.15,460.11,30.80177304964539,1.0877304964539007,2024,10,127,3110,-2687,1727740800000
2018,9,119,379,8873.39,7834.98,348.25,20.67277044854881,0.9188654353562006,2018,9,119,1872,-1493,1535760000000
2021,5,163,60193,990502.06,640776.79,125267.04000000001,10.64537055803831,2.0810898277208314,2021,5,163,52581,7612,1619827200000
2022,4,35,161,5372.0,4986.64,63.22,30.972919254658386,0.39267080745341615,2022,4,35,688,-527,1648771200000
2017,5,100,188949,2752592.33,2222339.8,276767.98,11.761585401351686,1.4647761036046762,2017,5,100,149259,39690,1493596800000
2024,5,52,944,30005.31,24252.79,2584.62,25.691514830508474,2.737944915254237,2024,5,52,2181,-1237,1714521600000
2021,4,257,158,5475.56,4568.98,169.17,28.91759493670886,1.0706962025316455,2021,4,257,760,-602,1617235200000
2017,1,101,32,970.29,831.5,104.24,25.984375,3.2575,2017,1,101,457,-425,1483228800000
2018,8,96,35,772.86,625.0,90.13,17.857142857142858,2.575142857142857,2018,8,96,197,-162,1533081600000
2017,8,182,98,1750.08,1546.7,71.07000000000001,15.78265306122449,0.7252040816326532,2017,8,182,1075,-977,1501545600000
2016,9,214,3,128.01,98.0,3.0,32.666666666666664,1.0,2016,9,214,146,-143,1472688000000
2016,9,86,9,234.39,186.0,37.34,20.666666666666668,4.148888888888889,2016,9,86,454,-445,1472688000000
2025,7,170,108751,2486842.06,1592284.32,279134.21,14.641560261514837,2.5667277542275477,2025,7,170,110974,-2223,1751328000000
2019,12,264,51913,1182468.14,891069.02,140593.03,17.1646604896654,2.7082432146090576,2019,12,264,45966,5947,1575158400000
2023,8,85,155,5174.05,4513.45,106.57000000000001,29.119032258064514,0.6875483870967742,2023,8,85,728,-573,1690848000000
2023,5,184,6,484.63,404.3,37.08,67.38333333333334,6.18,2023,5,184,45,-39,1682899200000
2025,2,122,308,9426.76,8588.24,2.0,27.883896103896102,0.006493506493506494,2025,2,122,489,-181,1738368000000
2024,1,125,13708,325639.92,216859.66,42282.05,15.819934344908082,3.0844798657718124,2024,1,125,14051,-343,1704067200000
2023,1,111,2,130.32,83.7,30.07,41.85,15.035,2023,1,111,20,-18,1672531200000
2023,1,182,106,3475.5099999999998,2835.07,303.64000000000004,26.745943396226416,2.864528301886793,2023,1,182,338,-232,1672531200000
2022,11,40,451,12555.9,9203.5,1702.2,20.406873614190687,3.774279379157428,2022,11,40,2719,-2268,1667260800000
2025,1,48,84139,1837102.25,1165416.48,215324.93,13.851085465717443,2.559157227920465,2025,1,48,82722,1417,1735689600000
2020,5,67,44,1380.89,1239.06,32.26,28.160454545454545,0.7331818181818182,2020,5,67,119,-75,1588291200000
2023,3,124,114,7069.34,6221.21,318.03,54.57201754385965,2.789736842105263,2023,3,124,661,-547,1677628800000
2025,9,153,171,4956.54,4490.1,21.509999999999998,26.257894736842108,0.1257894736842105,2025,9,153,284,-113,1756684800000
2025,3,154,67,3074.73,2404.39,348.53,35.88641791044776,5.201940298507462,2025,3,154,439,-372,1740787200000
2018,8,12,4974,102139.08,88124.61,8095.31,17.71705066344994,1.6275251306795337,2018,8,12,7324,-2350,1533081600000
2017,12,154,36,2021.82,1730.5,165.94,48.06944444444444,4.609444444444445,2017,12,154,75,-39,1512086400000
2019,11,86,191,10060.25,9118.03,10.0,47.73837696335079,0.05235602094240838,2019,11,86,813,-622,1572566400000
2024,6,240,26,1186.44,1043.49,28.08,40.13423076923077,1.0799999999999998,2024,6,240,116,-90,1717200000000
2023,1,140,67113,1493749.67,986347.88,187428.92,14.696822970214415,2.792736429603803,2023,1,140,66773,340,1672531200000
2024,7,254,340,14827.42,13699.56,26.740000000000002,40.29282352941176,0.07864705882352942,2024,7,254,584,-244,1719792000000
2018,8,69,498,10412.17,9239.67,375.5,18.55355421686747,0.7540160642570282,2018,8,69,3690,-3192,1533081600000
2025,5,35,2986,75581.07,69439.19,94.66,23.254919624916276,0.0317012726054923,2025,5,35,3428,-442,1746057600000
2021,7,151,28586,477392.95999999996,337534.53,57711.27,11.807686629818793,2.0188648289372417,2021,7,151,28340,246,1625097600000
2018,10,126,200,6411.3,5632.23,166.66,28.16115,0.8332999999999999,2018,10,126,1038,-838,1538352000000
2022,4,135,118,3935.88,3428.4900000000002,156.34,29.055000000000003,1.3249152542372882,2022,4,135,944,-826,1648771200000
2024,10,186,121394,3075311.79,2100734.09,396372.33,17.30508995502249,3.2651723314167094,2024,10,186,80484,40910,1727740800000
2016,6,174,112,2002.8300000000002,1680.34,141.53,15.003035714285714,1.2636607142857144,2016,6,174,1526,-1414,1464739200000
2020,4,86,42,2085.25,1884.81,71.75,44.87642857142857,1.7083333333333333,2020,4,86,94,-52,1585699200000
2022,5,261,18342,472638.22,339170.9,59097.44,18.491489477701453,3.221973612474103,2022,5,261,16694,1648,1651363200000
2020,9,49,538,14025.19,11939.78,1232.17,22.19289962825279,2.290278810408922,2020,9,49,1804,-1266,1598918400000
2022,6,114,40562,756575.54,503204.86,101293.36,12.405819732754795,2.4972476702332234,2022,6,114,33601,6961,1654041600000
2021,3,258,227,8694.44,7322.31,162.85999999999999,32.256872246696034,0.7174449339207047,2021,3,258,729,-502,1614556800000
2019,2,182,593,20360.61,17879.54,34.53,30.15099494097808,0.05822934232715009,2019,2,182,1344,-751,1548979200000
2019,8,258,237,7584.35,6521.63,249.21,27.517426160337553,1.0515189873417723,2019,8,258,1673,-1436,1564617600000
2022,4,131,82,2841.08,2582.54,28.14,31.494390243902437,0.3431707317073171,2022,4,131,680,-598,1648771200000
2023,5,118,7,295.33,219.1,35.53,31.3,5.075714285714286,2023,5,118,84,-77,1682899200000
2019,12,214,28,1689.15,1166.23,255.23,41.65107142857143,9.115357142857142,2019,12,214,163,-135,1575158400000
2025,11,221,62,1677.58,1179.13,19.0,19.018225806451614,0.3064516129032258,2025,11,221,123,-61,1761955200000
2025,11,49,3860,80566.27,64611.02,1750.75,16.738606217616578,0.45356217616580313,2025,11,49,7360,-3500,1761955200000
2018,6,96,39,1022.2,888.5,70.7,22.78205128205128,1.8128205128205128,2018,6,96,162,-123,1527811200000
2017,1,117,16,962.58,726.38,199.53,45.39875,12.470625,2017,1,117,305,-289,1483228800000
2018,1,62,343,5484.76,4699.4,366.33,13.700874635568512,1.0680174927113701,2018,1,62,3402,-3059,1514764800000
2020,1,78,377,11535.92,9826.42,51.85,26.06477453580902,0.13753315649867373,2020,1,78,904,-527,1577836800000
2021,12,74,10165,166517.13,128902.32,12850.19,12.680995573044763,1.264160354156419,2021,12,74,25731,-15566,1638316800000
2022,7,168,438,10250.86,8700.62,586.14,19.864429223744295,1.3382191780821917,2022,7,168,2063,-1625,1656633600000
2016,5,210,63,1319.72,1090.27,138.19,17.305873015873015,2.1934920634920636,2016,5,210,1429,-1366,1462060800000
2023,11,158,29809,763846.22,516795.7,99987.19,17.336901606897246,3.354261800127478,2023,11,158,32416,-2607,1698796800000
2017,8,258,103,2753.89,2347.85,180.94,22.794660194174757,1.7566990291262137,2017,8,258,1888,-1785,1501545600000
2018,3,175,67,2030.82,1783.5,121.72,26.619402985074625,1.8167164179104478,2018,3,175,673,-606,1519862400000
2018,10,46,29,1420.97,1247.47,68.69,43.01620689655172,2.3686206896551725,2018,10,46,162,-133,1538352000000
2018,5,220,333,7887.24,6764.47,417.17,20.313723723723726,1.2527627627627629,2018,5,220,3574,-3241,1525132800000
2020,10,31,38,1453.05,1111.07,202.09,29.238684210526316,5.318157894736842,2020,10,31,203,-165,1601510400000
2025,7,220,781,22339.08,18925.920000000002,457.05,24.232932138284255,0.5852112676056338,2025,7,220,2052,-1271,1751328000000
2016,11,109,5,209.87,173.5,10.85,34.7,2.17,2016,11,109,86,-81,1477958400000
2022,7,79,83052,1502918.48,992085.81,199958.63,11.945357246062708,2.407631724702596,2022,7,79,68833,14219,1656633600000
2020,4,144,431,7556.36,5407.38,672.01,12.546125290023202,1.5591879350348028,2020,4,144,626,-195,1585699200000
2016,2,81,31,602.44,515.3,37.260000000000005,16.62258064516129,1.201935483870968,2016,2,81,466,-435,1454284800000
2023,4,190,113,3674.31,2869.44,477.47,25.393274336283188,4.225398230088496,2023,4,190,580,-467,1680307200000
2019,6,213,665,21788.73,18881.46,117.74,28.393172932330828,0.17705263157894735,2019,6,213,1611,-946,1559347200000
2018,12,238,168063,2168803.23,1713071.75,253153.56,10.193033267286673,1.5063015654843719,2018,12,238,180728,-12665,1543622400000
2017,3,20,89,1689.47,1496.0,77.78999999999999,16.808988764044944,0.8740449438202247,2017,3,20,1056,-967,1488326400000
2016,4,43,156158,2160775.5500000003,1756047.32,221231.06,11.245324094827035,1.4167129445817697,2016,4,43,139265,16893,1459468800000
2017,9,57,56,1421.71,1191.9,143.52,21.28392857142857,2.562857142857143,2017,9,57,584,-528,1504224000000
2018,8,108,105,3997.46,3689.7,60.41,35.14,0.5753333333333333,2018,8,108,663,-558,1533081600000
2018,7,247,1217,23848.59,20638.25,1404.47,16.958299096138045,1.1540427280197207,2018,7,247,3938,-2721,1530403200000
2017,5,78,107,2738.08,2496.01,91.47,23.327196261682246,0.8548598130841122,2017,5,78,920,-813,1493596800000
2017,8,92,447,8869.33,7489.45,581.04,16.754921700223715,1.2998657718120805,2017,8,92,4253,-3806,1501545600000
2020,2,193,4165,46327.04,38471.28,2128.17,9.236801920768308,0.5109651860744298,2020,2,193,5247,-1082,1580515200000
2021,11,187,6,527.05,450.2,0.0,75.03333333333333,0.0,2021,11,187,31,-25,1635724800000
2020,4,66,93,2307.92,1891.5,174.66,20.338709677419356,1.8780645161290321,2020,4,66,234,-141,1585699200000
2016,7,194,802,34198.79,26218.23,4186.38,32.69105985037407,5.219925187032419,2016,7,194,2242,-1440,1467331200000
2020,9,87,6045,137237.94,99192.27,15694.72,16.408977667493797,2.5963143093465675,2020,9,87,7070,-1025,1598918400000
2022,10,82,467,17450.36,13558.33,1829.72,29.032826552462527,3.918029978586724,2022,10,82,2266,-1799,1664582400000
2023,10,70,15798,1034169.12,676572.68,135911.93,42.8264767692113,8.60310988732751,2023,10,70,1940,13858,1696118400000
2017,11,37,1857,27715.27,22681.0,2597.61,12.213785675821217,1.3988206785137318,2017,11,37,12181,-10324,1509494400000
2018,4,189,2290,36484.340000000004,29878.3,3734.14,13.047292576419213,1.6306288209606987,2018,4,189,9783,-7493,1522540800000
2020,11,40,348,6905.52,5325.86,856.95,15.30419540229885,2.4625,2020,11,40,977,-629,1604188800000
2024,6,72,981,29836.15,28138.13,189.26,28.683109072375128,0.1929255861365953,2024,6,72,1307,-326,1717200000000
2024,11,135,261,8608.57,7673.73,128.82,29.40126436781609,0.4935632183908046,2024,11,135,903,-642,1730419200000
2017,5,135,177,4008.93,3327.81,314.75,18.801186440677967,1.7782485875706215,2017,5,135,2004,-1827,1493596800000
2016,12,75,67330,897496.92,734135.51,80271.49,10.903542403089261,1.1922098618743502,2016,12,75,119928,-52598,1480550400000
2017,3,173,368,5567.2,4658.1,335.19,12.65788043478261,0.9108423913043479,2017,3,173,3056,-2688,1488326400000
2021,5,186,80856,1373849.55,909597.31,166737.16,11.249595700999308,2.062149500346295,2021,5,186,50024,30832,1619827200000
2023,4,194,101,6556.12,4932.14,751.93,48.833069306930696,7.444851485148514,2023,4,194,534,-433,1680307200000
2018,2,162,300561,4279731.79,3323900.39,539731.7799999999,11.058987659742948,1.795747884788778,2018,2,162,257291,43270,1517443200000
2022,6,217,140,3383.14,2765.79,298.6,19.755642857142856,2.132857142857143,2022,6,217,1394,-1254,1654041600000
2024,9,22,303,10008.02,9062.07,194.11,29.907821782178218,0.6406270627062707,2024,9,22,818,-515,1725148800000
2016,7,207,406,5503.02,4508.75,417.35,11.105295566502463,1.0279556650246306,2016,7,207,446,-40,1467331200000
2018,11,155,473,18689.58,16601.27,759.69,35.09782241014799,1.606109936575053,2018,11,155,1316,-843,1541030400000
2021,1,216,497,20726.67,18050.29,853.79,36.31849094567404,1.7178873239436618,2021,1,216,1133,-636,1609459200000
2024,11,29,272,10305.97,9468.1,110.7,34.80919117647059,0.40698529411764706,2024,11,29,603,-331,1730419200000
2020,8,156,25,2180.82,1632.37,63.25,65.2948,2.53,2020,8,156,51,-26,1596240000000
2020,4,174,236,6187.35,5314.85,366.63,22.520550847457628,1.5535169491525425,2020,4,174,337,-101,1585699200000
2021,12,125,15320,294074.99,197426.73,39150.32,12.88686227154047,2.5555039164490863,2021,12,125,13826,1494,1638316800000
2023,8,239,71758,1595954.48,1039350.95,209620.17,14.48411257281418,2.921209760584186,2023,8,239,72238,-480,1690848000000
2017,2,133,522,9184.56,7603.14,883.04,14.565402298850575,1.691647509578544,2017,2,133,3088,-2566,1485907200000
2024,9,163,92700,2349144.04,1585622.97,294473.26,17.10488640776699,3.1766263214670984,2024,9,163,83786,8914,1725148800000
2018,10,180,201,7730.8,6784.07,388.24,33.751592039801,1.931542288557214,2018,10,180,639,-438,1538352000000
2016,8,182,102,1908.22,1561.2,215.98000000000002,15.305882352941177,2.117450980392157,2016,8,182,1395,-1293,1470009600000
2025,3,120,82,2265.2,1983.07,39.64,24.183780487804878,0.48341463414634145,2025,3,120,334,-252,1740787200000
2019,8,37,998,21771.34,18621.59,1036.56,18.658907815631263,1.0386372745490982,2019,8,37,7432,-6434,1564617600000
2020,6,205,372,17641.06,15907.75,429.42,42.762768817204304,1.1543548387096774,2020,6,205,408,-36,1590969600000
2021,4,76,1821,63291.25,54630.63,313.37,30.00034596375618,0.17208676551345414,2021,4,76,2920,-1099,1617235200000
2021,10,108,107,4787.03,4215.14,43.84,39.39383177570094,0.4097196261682243,2021,10,108,321,-214,1633046400000
2024,3,208,207,7374.5199999999995,6615.41,53.239999999999995,31.958502415458938,0.2571980676328502,2024,3,208,535,-328,1709251200000
2021,1,183,181,6412.53,5360.6,252.12,29.616574585635362,1.3929281767955801,2021,1,183,277,-96,1609459200000
2025,5,129,6069,167794.06,136644.93,7743.64,22.515229856648542,1.275933432196408,2025,5,129,7857,-1788,1746057600000
2024,1,233,33595,801631.6,528664.78,99737.61,15.736412561393065,2.9688230391427295,2024,1,233,44575,-10980,1704067200000
2017,6,209,19797,382140.79,311907.65,43751.41,15.755298782643836,2.210002020508158,2017,6,209,25820,-6023,1496275200000
2024,3,36,505,15587.08,13417.94,513.18,26.570178217821784,1.01619801980198,2024,3,36,2154,-1649,1709251200000
2016,5,29,117,3309.29,2697.0,420.29,23.05128205128205,3.5922222222222224,2016,5,29,1207,-1090,1462060800000
2018,6,120,44,1378.85,1150.5,122.0,26.147727272727273,2.772727272727273,2018,6,120,417,-373,1527811200000
2021,10,180,47,1744.55,1458.02,51.83,31.021702127659573,1.1027659574468085,2021,10,180,370,-323,1633046400000
2022,8,153,32,862.85,716.18,96.92,22.380625,3.02875,2022,8,153,137,-105,1659312000000
2016,5,20,100,2666.88,2298.79,223.76999999999998,22.9879,2.2377,2016,5,20,1223,-1123,1462060800000
2017,3,43,122917,1667478.34,1341928.65,178242.24,10.917356020729434,1.4501024268408762,2017,3,43,107251,15666,1488326400000
2021,2,11,96,3426.66,2891.59,20.0,30.120729166666667,0.20833333333333334,2021,2,11,207,-111,1612137600000
2016,10,186,371034,5509664.64,4460993.4,583101.58,12.023139119325993,1.571558347752497,2016,10,186,296656,74378,1475280000000
2021,1,192,116,3323.32,2843.37,229.56,24.511810344827584,1.9789655172413794,2021,1,192,196,-80,1609459200000
2022,9,38,80,3612.68,3221.4700000000003,225.46,40.268375000000006,2.81825,2022,9,38,607,-527,1661990400000
2022,9,62,230,7197.14,6205.4,625.99,26.979999999999997,2.721695652173913,2022,9,62,1518,-1288,1661990400000
2022,11,163,94226,1770011.58,1172729.93,234069.96,12.445927132638548,2.484133466346868,2022,11,163,78763,15463,1667260800000
2018,6,229,167930,2241989.7800000003,1775749.56,260218.91,10.574343833740249,1.5495677365568987,2018,6,229,155694,12236,1527811200000
2023,1,165,135,4444.38,3992.12,107.25999999999999,29.571259259259257,0.7945185185185184,2023,1,165,900,-765,1672531200000
2024,9,60,216,7612.22,6896.21,22.21,31.926898148148148,0.10282407407407408,2024,9,60,269,-53,1725148800000
2021,5,106,244,6602.11,5500.79,349.47,22.54422131147541,1.4322540983606558,2021,5,106,923,-679,1619827200000
2025,6,76,5639,157617.22,145789.68,242.71,25.853818052846247,0.04304131938286931,2025,6,76,6970,-1331,1748736000000
2018,9,107,192009,2700089.79,2128659.37,322710.47,11.086247884213762,1.6807049148737818,2018,9,107,170872,21137,1535760000000
2019,2,257,390,11104.01,9535.77,346.43,24.450692307692307,0.8882820512820513,2019,2,257,3368,-2978,1548979200000
2021,1,190,55,1566.57,1355.86,107.58,24.651999999999997,1.956,2021,1,190,152,-97,1609459200000
2025,11,229,65920,1413292.09,882665.39,169943.45,13.389948270631068,2.5780256371359225,2025,11,229,80717,-14797,1761955200000
2019,8,124,257,10933.83,9462.6,314.69,36.81945525291829,1.2244747081712062,2019,8,124,1246,-989,1564617600000
2024,12,258,333,13589.09,12336.92,311.66,37.04780780780781,0.9359159159159159,2024,12,258,891,-558,1733011200000
2016,2,217,1595,21623.03,17823.12,1816.01,11.174369905956112,1.138564263322884,2016,2,217,4684,-3089,1454284800000
2016,7,30,3,101.75999999999999,88.5,8.86,29.5,2.953333333333333,2016,7,30,31,-28,1467331200000
2023,8,58,10,258.4,239.9,0.0,23.990000000000002,0.0,2023,8,58,114,-104,1690848000000
2022,2,152,2900,50922.07,39414.47,5185.68,13.591196551724138,1.7881655172413795,2022,2,152,5508,-2608,1643673600000
2020,3,181,2236,41304.75,33024.98,3957.58,14.769669051878356,1.7699373881932021,2020,3,181,8796,-6560,1583020800000
2023,6,213,217,7961.24,6873.24,159.44,31.673917050691244,0.7347465437788019,2023,6,213,586,-369,1685577600000
2018,4,149,127,3251.39,2924.3,136.11,23.025984251968506,1.071732283464567,2018,4,149,1029,-902,1522540800000
2020,1,209,12432,284571.01,205767.36,31263.66,16.55142857142857,2.514773166023166,2020,1,209,17347,-4915,1577836800000
2019,4,27,16,826.02,708.24,16.54,44.265,1.03375,2019,4,27,90,-74,1554076800000
2023,10,148,37020,974971.0800000001,675105.2899999999,119826.18000000001,18.236231496488383,3.2367957860615886,2023,10,148,35563,1457,1696118400000
2018,8,261,51520,1022245.89,846624.05,102727.93,16.432920225155282,1.9939427406832297,2018,8,261,40667,10853,1533081600000
2024,5,227,173,6376.62,5737.42,69.39,33.1642774566474,0.40109826589595377,2024,5,227,789,-616,1714521600000
2017,7,21,54,1351.8899999999999,1182.5,77.28,21.89814814814815,1.4311111111111112,2017,7,21,1056,-1002,1498867200000
2018,9,56,440,16627.420000000002,13693.39,1281.63,31.121340909090907,2.9127954545454546,2018,9,56,2374,-1934,1535760000000
2017,9,187,7,89.23,67.0,13.129999999999999,9.571428571428571,1.8757142857142857,2017,9,187,51,-44,1504224000000
2018,5,39,484,16123.71,14808.3,407.66,30.595661157024793,0.8422727272727273,2018,5,39,2134,-1650,1525132800000
2018,11,233,100582,1621410.5300000003,1280944.83,190515.63999999998,12.73532868704142,1.894132548567338,2018,11,233,118461,-17879,1541030400000
2019,4,28,1263,57607.45,45805.35,4534.67,36.26710213776722,3.5903958828186857,2019,4,28,3239,-1976,1554076800000
2017,10,67,88,2153.56,1967.0,67.17,22.352272727272727,0.7632954545454546,2017,10,67,1393,-1305,1506816000000
2020,10,195,199,6558.95,5491.66,506.19,27.596281407035175,2.5436683417085426,2020,10,195,580,-381,1601510400000
2023,12,6,17,576.3,371.49,37.08,21.85235294117647,2.1811764705882353,2023,12,6,82,-65,1701388800000
2018,9,214,15,739.38,560.11,52.85,37.34066666666667,3.5233333333333334,2018,9,214,156,-141,1535760000000
2019,8,254,425,13385.74,11797.29,32.36,27.75832941176471,0.07614117647058824,2019,8,254,1219,-794,1564617600000
2021,12,196,178,6881.09,5506.31,583.56,30.93432584269663,3.2784269662921344,2021,12,196,1206,-1028,1638316800000
2024,7,133,210,6155.05,5687.35,70.17,27.082619047619048,0.33414285714285713,2024,7,133,944,-734,1719792000000
2021,4,40,429,9608.51,7324.53,1062.39,17.073496503496504,2.476433566433567,2021,4,40,1615,-1186,1617235200000
2020,2,143,74095,1146564.06,739440.29,137913.71,9.979624671030434,1.8613092651326,2020,2,143,88413,-14318,1580515200000
2018,8,254,313,10502.05,9523.95,186.67,30.427955271565498,0.5963897763578274,2018,8,254,1184,-871,1533081600000
2020,9,26,487,14110.35,11971.44,1184.53,24.582012320328545,2.432299794661191,2020,9,26,936,-449,1598918400000
2023,1,259,74,3370.33,3018.96,39.92,40.79675675675676,0.5394594594594595,2023,1,259,366,-292,1672531200000
2020,7,256,387,10810.1,9170.31,736.04,23.695891472868215,1.9019121447028422,2020,7,256,1565,-1178,1593561600000
2024,5,241,290,10717.88,9937.5,62.22,34.26724137931034,0.21455172413793103,2024,5,241,610,-320,1714521600000
2016,7,210,66,1942.19,1702.5,119.16,25.795454545454547,1.8054545454545454,2016,7,210,1223,-1157,1467331200000
2017,11,21,60,1452.6,1249.31,118.51,20.821833333333334,1.9751666666666667,2017,11,21,970,-910,1509494400000
2021,11,34,69,1639.6299999999999,1248.29,223.64,18.091159420289856,3.241159420289855,2021,11,34,427,-358,1635724800000
2022,12,6,41,606.4499999999999,163.3,15.65,3.982926829268293,0.38170731707317074,2022,12,6,100,-59,1669852800000
2019,1,180,280,10395.720000000001,9622.39,113.85,34.36567857142857,0.40660714285714283,2019,1,180,688,-408,1546300800000
2019,8,94,114,3283.57,2890.21,42.980000000000004,25.352719298245614,0.37701754385964914,2019,8,94,553,-439,1564617600000
2025,6,155,1131,29906.96,27679.97,100.5,24.473890362511053,0.08885941644562334,2025,6,155,2111,-980,1748736000000
2017,7,31,61,1832.61,1554.7,162.63,25.48688524590164,2.6660655737704917,2017,7,31,631,-570,1498867200000
2020,10,222,427,14856.13,12862.44,1049.26,30.12281030444965,2.4572833723653393,2020,10,222,531,-104,1601510400000
2021,12,28,221,10933.82,8650.7,997.31,39.14343891402715,4.512714932126697,2021,12,28,927,-706,1638316800000
2023,5,54,74,2588.21,1981.86,350.8,26.781891891891892,4.7405405405405405,2023,5,54,768,-694,1682899200000
2019,6,198,371,10043.78,8838.6,275.08,23.823719676549867,0.741455525606469,2019,6,198,3590,-3219,1559347200000
2017,8,4,19795,285342.9,232071.71,28718.59,11.723753978277342,1.45080020207123,2017,8,4,41305,-21510,1501545600000
2016,1,173,491,6662.85,5509.74,512.75,11.221466395112015,1.0442973523421588,2016,1,173,3280,-2789,1451606400000
2024,9,92,617,23815.1,21062.17,599.61,34.136418152350075,0.9718152350081037,2024,9,92,3022,-2405,1725148800000
2017,9,31,63,1978.06,1632.5,221.12,25.91269841269841,3.50984126984127,2017,9,31,563,-500,1504224000000
2022,1,51,182,7462.74,6760.110000000001,71.38,37.143461538461544,0.39219780219780215,2022,1,51,483,-301,1640995200000
2023,8,67,59,2484.55,2132.33,70.29,36.14118644067796,1.19135593220339,2023,8,67,406,-347,1690848000000
2023,4,59,2,92.3,78.3,6.0,39.15,3.0,2023,4,59,19,-17,1680307200000
2025,1,19,234,7153.19,6435.04,105.16,27.50017094017094,0.44940170940170937,2025,1,19,551,-317,1735689600000
2019,5,60,195,6577.1,5764.71,34.25,29.562615384615384,0.17564102564102563,2019,5,60,625,-430,1556668800000
2017,4,187,8,241.29999999999998,177.7,20.66,22.2125,2.5825,2017,4,187,58,-50,1491004800000
2024,12,48,94338,2326640.92,1585189.3,282292.19999999995,16.803295596684265,2.99234878839916,2024,12,48,91479,2859,1733011200000
2022,5,5,52,5141.88,3620.0,28.06,69.61538461538461,0.5396153846153846,2022,5,5,50,2,1651363200000
2022,9,28,280,12446.3,9995.31,1149.6299999999999,35.69753571428571,4.105821428571428,2022,9,28,1236,-956,1661990400000
2021,2,1,35,2935.94,2536.51,341.31,72.4717142857143,9.751714285714286,2021,2,1,764,-729,1612137600000
2024,9,223,1173,49384.3,39210.09,4440.92,33.42718670076726,3.7859505541346974,2024,9,223,4557,-3384,1725148800000
2019,7,181,4617,85674.65,69193.19,7605.44,14.9866125189517,1.6472687892570932,2019,7,181,18128,-13511,1561939200000
2019,11,236,284442,4342489.28,2789441.6,524189.81999999995,9.806714901456184,1.8428706731073468,2019,11,236,298865,-14423,1572566400000
2022,11,218,173,6219.24,5742.400000000001,98.22,33.19306358381503,0.5677456647398844,2022,11,218,1014,-841,1667260800000
2023,8,24,6555,152125.33,108343.38,18533.32,16.528356979405036,2.827356216628528,2023,8,24,8367,-1812,1690848000000
2019,9,50,59036,1067495.87,728068.08,115325.86,12.332611965580323,1.9534836371027848,2019,9,50,79112,-20076,1567296000000
2016,7,170,345107,4917838.78,3889024.13,555227.56,11.269038674961678,1.6088562677662293,2016,7,170,340641,4466,1467331200000
2018,1,202,322,6628.14,5679.71,548.62,17.63885093167702,1.7037888198757765,2018,1,202,3795,-3473,1514764800000
2023,10,42,2869,69351.6,57188.72,3936.95,19.933328685953295,1.3722377134890205,2023,10,42,12274,-9405,1696118400000
2024,3,265,2081,177043.43,156444.07,14250.62,75.17735223450265,6.8479673234022105,2024,3,265,13295,-11214,1709251200000
2017,1,121,69,1949.8700000000001,1680.3,156.82,24.352173913043476,2.2727536231884056,2017,1,121,1522,-1453,1483228800000
2019,7,121,318,11107.38,9703.89,92.86,30.515377358490564,0.2920125786163522,2019,7,121,1270,-952,1561939200000
2017,3,143,112380,1457827.92,1159988.53,165981.65,10.322019309485674,1.4769678768464138,2017,3,143,125750,-13370,1488326400000
2023,11,254,257,10030.76,9135.77,67.6,35.54774319066148,0.26303501945525287,2023,11,254,526,-269,1698796800000
2024,8,93,5953,347628.61,265832.20999999996,43922.57,44.65516714261716,7.378224424659836,2024,8,93,3353,2600,1722470400000
2020,8,233,14612,225786.72,147259.81,25506.87,10.078005064330688,1.7456111415275115,2020,8,233,15824,-1212,1596240000000
2025,9,97,6321,172427.41,144995.52,5393.44,22.938699572852396,0.8532573959816484,2025,9,97,7778,-1457,1756684800000
2020,1,211,49496,842896.4099999999,555992.88,103252.3,11.233087118150962,2.0860736221108778,2020,1,211,50096,-600,1577836800000
2017,5,108,37,2035.66,1723.81,246.73999999999998,46.589459459459455,6.668648648648648,2017,5,108,540,-503,1493596800000
2023,9,236,118745,2567306.63,1670664.96,332945.69,14.069349951576909,2.80387123668365,2023,9,236,121601,-2856,1693526400000
2024,12,76,1899,62997.29,58650.3,524.93,30.88483412322275,0.27642443391258553,2024,12,76,2741,-842,1733011200000
2025,2,129,3274,93594.77,77721.44,4100.28,23.73898594990837,1.252376298106292,2025,2,129,5032,-1758,1738368000000
2016,1,231,205379,3200015.16,2571464.54,377000.13,12.520581656352402,1.8356313449768478,2016,1,231,187375,18004,1451606400000
2018,2,164,204337,2872113.4000000004,2246972.79,336838.56,10.996406867087215,1.648446243215864,2018,2,164,180206,24131,1517443200000
2023,2,178,26,905.86,751.29,63.72,28.89576923076923,2.4507692307692306,2023,2,178,295,-269,1675209600000
2020,9,215,428,18062.18,15555.59,1265.37,36.34483644859813,2.9564719626168223,2020,9,215,678,-250,1598918400000
2024,10,157,839,34100.83,27536.16,2886.52,32.82021454112038,3.4404290822407626,2024,10,157,1329,-490,1727740800000
2020,10,248,331,13892.55,11903.44,797.51,35.962054380664654,2.409395770392749,2020,10,248,575,-244,1601510400000
2025,11,30,18,294.93,181.17,9.7,10.065,0.5388888888888889,2025,11,30,38,-20,1761955200000
2025,6,58,59,1942.26,1731.43,0.0,29.346271186440678,0.0,2025,6,58,167,-108,1748736000000
2020,3,254,277,8712.19,7879.68,17.34,28.44649819494585,0.06259927797833935,2020,3,254,643,-366,1583020800000
2017,7,188,1093,17970.39,15167.21,1377.09,13.876678865507776,1.2599176578225069,2017,7,188,6539,-5446,1498867200000
2025,10,261,22859,694981.11,487240.58,74714.01,21.315043527713375,3.2684723741196025,2025,10,261,23704,-845,1759276800000
2016,9,196,941,22022.33,18175.59,1819.51,19.315185972369818,1.9335919234856536,2016,9,196,4305,-3364,1472688000000
2018,9,105,9,182.19,155.5,17.49,17.27777777777778,1.9433333333333331,2018,9,105,4,5,1535760000000
2019,8,161,254744,4557925.56,3024667.1,528854.4,11.873359529566939,2.0760229877838143,2019,8,161,239865,14879,1564617600000
2020,1,16,219,7437.5,6464.55,82.15,29.518493150684932,0.37511415525114156,2020,1,16,1019,-800,1577836800000
2021,1,159,677,17457.48,14512.57,1087.7,21.43658788774003,1.6066469719350074,2021,1,159,1522,-845,1609459200000
2017,8,257,280,5697.12,4674.61,540.83,16.695035714285712,1.9315357142857144,2017,8,257,4232,-3952,1501545600000
2021,12,36,207,7035.75,5628.66,687.84,27.19159420289855,3.322898550724638,2021,12,36,2015,-1808,1638316800000
2021,1,134,214,7222.2,6053.63,401.81,28.287990654205608,1.8776168224299066,2021,1,134,593,-379,1609459200000
2023,7,195,462,23945.0,19990.8,1915.31,43.27012987012987,4.145692640692641,2023,7,195,1315,-853,1688169600000
2025,9,238,73787,1574541.56,1049233.0,167914.06,14.21975415723637,2.275659126946481,2025,9,238,81799,-8012,1756684800000
2018,2,168,1495,22659.48,19622.11,991.24,13.125157190635452,0.6630367892976589,2018,2,168,6569,-5074,1517443200000
2024,1,29,162,6910.98,6489.97,30.83,40.06154320987655,0.19030864197530864,2024,1,29,445,-283,1704067200000
2020,11,167,418,13250.44,11085.2,968.41,26.519617224880385,2.3167703349282296,2020,11,167,858,-440,1604188800000
2024,2,53,63,2585.25,2214.71,139.76,35.15412698412698,2.218412698412698,2024,2,53,340,-277,1706745600000
2020,12,131,228,7701.29,6634.42,600.45,29.098333333333333,2.6335526315789477,2020,12,131,482,-254,1606780800000
2023,6,57,11,513.7,417.5,47.35,37.95454545454545,4.304545454545455,2023,6,57,54,-43,1685577600000
2017,7,186,312994,4624617.29,3735965.04,497332.29,11.936219352447651,1.588951513447542,2017,7,186,238369,74625,1498867200000
2024,12,146,1930,50487.45,41085.21,3249.2599999999998,21.287673575129535,1.6835544041450776,2024,12,146,2750,-820,1733011200000
2024,12,70,12708,817743.78,539376.17,109778.86,42.44382829713567,8.638563109852061,2024,12,70,1962,10746,1733011200000
2024,3,135,199,6635.81,6000.94,107.11,30.15547738693467,0.5382412060301508,2024,3,135,890,-691,1709251200000
2023,10,222,184,8251.62,7603.37,83.37,41.32266304347826,0.45309782608695653,2023,10,222,331,-147,1696118400000
2016,2,145,12553,265932.8,214215.99,26479.13,17.06492392256831,2.109386600812555,2016,2,145,34747,-22194,1454284800000
2025,8,85,1966,50313.67,44758.74,188.58,22.7663987792472,0.09592065106815871,2025,8,85,2456,-490,1754006400000
2021,1,12,170,3879.14,2849.66,386.24,16.76270588235294,2.2720000000000002,2021,1,12,307,-137,1609459200000
2016,12,148,157512,2514419.58,2033035.13,282659.21,12.907176151658286,1.794524925085073,2016,12,148,112602,44910,1480550400000
2018,11,33,8313,159268.53999999998,131567.62,18212.95,15.826731625165403,2.1908997955010228,2018,11,33,22527,-14214,1541030400000
2019,1,13,62277,1177556.8900000001,937484.84,153703.63999999998,15.053468214589655,2.468064293398847,2019,1,13,62711,-434,1546300800000
2023,7,123,72,2666.81,2396.12,46.839999999999996,33.279444444444444,0.6505555555555556,2023,7,123,415,-343,1688169600000
2016,10,51,43,1397.54,1280.8,65.9,29.786046511627905,1.532558139534884,2016,10,51,816,-773,1475280000000
2025,4,8,28,1152.91,798.14,127.97,28.505,4.570357142857143,2025,4,8,61,-33,1743465600000
2024,12,216,1707,115552.68,98595.04,12436.73,57.75925014645577,7.285723491505565,2024,12,216,3823,-2116,1733011200000
2018,5,44,2,137.88,83.0,20.26,41.5,10.13,2018,5,44,41,-39,1525132800000
2018,10,174,322,11351.95,9990.9,249.34,31.027639751552794,0.7743478260869565,2018,10,174,1252,-930,1538352000000
2023,5,135,223,6963.06,6161.12,92.84,27.628340807174887,0.416322869955157,2023,5,135,994,-771,1682899200000
2018,2,68,201594,2777405.04,2194217.97,326930.36,10.88434164707283,1.6217266386896434,2018,2,68,189810,11784,1517443200000
2019,5,248,252,8299.36,7169.74,213.95,28.451349206349207,0.8490079365079365,2019,5,248,920,-668,1556668800000
2023,9,197,372,18110.329999999998,15550.97,1186.85,41.803682795698926,3.190456989247312,2023,9,197,1334,-962,1693526400000
2024,10,64,74,3082.06,2778.56,54.14,37.54810810810811,0.7316216216216216,2024,10,64,446,-372,1727740800000
2025,2,155,757,21772.76,20086.69,47.43,26.53459709379128,0.0626552179656539,2025,2,155,1372,-615,1738368000000
2025,3,175,213,7083.2,6292.32,0.0,29.541408450704225,0.0,2025,3,175,584,-371,1740787200000
2025,5,102,923,20170.35,17334.07,239.47,18.780140845070424,0.2594474539544962,2025,5,102,1677,-754,1746057600000
2023,2,181,946,28491.37,22053.61,3316.24,23.312484143763214,3.5055391120507395,2023,2,181,7617,-6671,1675209600000
2025,6,15,186,6011.44,5188.85,20.9,27.89704301075269,0.11236559139784945,2025,6,15,665,-479,1748736000000
2025,11,163,108285,2644680.53,1690696.25,337550.16,15.613392898370043,3.1172383986701755,2025,11,163,98276,10009,1761955200000
2020,10,163,37119,586959.0700000001,378419.55,72634.05,10.19476683100299,1.9567889759961206,2020,10,163,32267,4852,1601510400000
2025,5,160,1085,26174.3,21849.5,685.85,20.13778801843318,0.6321198156682027,2025,5,160,2184,-1099,1746057600000
2020,4,162,4864,74999.95999999999,49130.74,8234.09,10.10089226973684,1.6928638980263158,2020,4,162,4081,783,1585699200000
2019,3,116,10068,168706.93,137508.92,11828.61,13.65801748112833,1.1748718712753279,2019,3,116,21757,-11689,1551398400000
2020,4,88,398,9530.89,7286.2,771.17,18.307035175879395,1.937613065326633,2020,4,88,466,-68,1585699200000
2016,6,157,559,17186.75,13916.86,1540.64,24.895992844364937,2.7560644007155637,2016,6,157,4272,-3713,1464739200000
2019,2,188,1628,39073.68,35130.09,671.81,21.578679361179358,0.4126597051597051,2019,2,188,5599,-3971,1548979200000
2023,4,8,15,1073.09,787.9,161.44,52.526666666666664,10.762666666666666,2023,4,8,80,-65,1680307200000
2025,1,80,1809,47684.48,38838.03,1836.06,21.46933665008292,1.0149585406301824,2025,1,80,3934,-2125,1735689600000
2016,4,111,18,306.65,248.0,32.71,13.777777777777779,1.8172222222222223,2016,4,111,191,-173,1459468800000
2025,2,260,2426,60741.63,50557.92,1998.38,20.84003297609233,0.823734542456719,2025,2,260,2933,-507,1738368000000
2022,12,159,214,5435.53,4753.73,166.95,22.213691588785046,0.7801401869158878,2022,12,159,811,-597,1669852800000
2020,7,234,16782,266389.4,175140.63,30286.86,10.436219163389346,1.8047229174115125,2020,7,234,13948,2834,1593561600000
2017,5,11,55,1817.06,1588.05,105.68,28.87363636363636,1.9214545454545455,2017,5,11,704,-649,1493596800000
2018,9,219,886,54908.69,46552.31,4208.63,52.54211060948081,4.750146726862303,2018,9,219,1952,-1066,1535760000000
2021,2,61,1232,37820.05,32403.5,659.32,26.301542207792206,0.5351623376623377,2021,2,61,2935,-1703,1612137600000
2025,3,258,1451,40399.73,36804.19,91.81,25.364707098552724,0.06327360441075121,2025,3,258,2000,-549,1740787200000
2020,6,222,134,5769.59,5246.98,156.75,39.1565671641791,1.169776119402985,2020,6,222,175,-41,1590969600000
2025,3,156,10,437.74,294.9,0.0,29.49,0.0,2025,3,156,44,-34,1740787200000
2021,5,243,884,25360.99,20900.0,1752.05,23.642533936651585,1.9819570135746605,2021,5,243,5447,-4563,1619827200000
2020,10,49,651,16853.45,14183.63,1624.64,21.787450076804916,2.495606758832565,2020,10,49,2139,-1488,1601510400000
2017,9,11,66,2204.71,1859.5900000000001,171.19,28.175606060606064,2.5937878787878788,2017,9,11,735,-669,1504224000000
2018,11,25,8017,138704.16,115126.09,13667.980000000001,14.360245727828364,1.7048746413870526,2018,11,25,15256,-7239,1541030400000
2020,7,157,192,7365.38,6460.91,254.86,33.65057291666667,1.3273958333333333,2020,7,157,483,-291,1593561600000
2021,4,82,737,22092.45,18039.77,971.25,24.47729986431479,1.317842605156038,2021,4,82,1929,-1192,1617235200000
2023,3,260,697,22258.17,17731.48,1962.49,25.439713055954087,2.8156241032998564,2023,3,260,2593,-1896,1677628800000
2023,6,160,78,3676.67,3140.13,305.49,40.25807692307693,3.9165384615384617,2023,6,160,1022,-944,1685577600000
2018,5,27,25,631.4,546.0,26.32,21.84,1.0528,2018,5,27,111,-86,1525132800000
2016,7,76,362,9511.62,7943.81,918.3100000000001,21.94422651933702,2.536767955801105,2016,7,76,2824,-2462,1467331200000
2021,1,186,44181,696553.37,458355.2,79995.53,10.374486770331139,1.8106319458590796,2021,1,186,23562,20619,1609459200000
2020,3,69,478,9806.09,8743.58,120.5,18.292008368200836,0.252092050209205,2020,3,69,1902,-1424,1583020800000
2022,4,235,161,6155.7,5474.5,92.83,34.00310559006211,0.576583850931677,2022,4,235,608,-447,1648771200000
2024,1,215,595,34503.22,28455.27,2880.98,47.823983193277314,4.8419831932773105,2024,1,215,978,-383,1704067200000
2024,2,160,103,3826.56,3313.68,214.53,32.17165048543689,2.0828155339805825,2024,2,160,919,-816,1706745600000
2022,7,144,28256,537501.46,365684.39,67305.12,12.941831469422423,2.381976217440543,2022,7,144,31417,-3161,1656633600000
2024,9,98,128,3883.89,3501.37,46.17,27.354453125,0.360703125,2024,9,98,615,-487,1725148800000
2025,4,255,7141,182528.74,148035.4,5701.71,20.73034588993138,0.7984469962190169,2025,4,255,10615,-3474,1743465600000
2020,10,137,31209,524217.43,352071.93,57635.97,11.281102566567336,1.8467740074978372,2020,10,137,28881,2328,1601510400000
2025,7,72,2876,74511.29,68452.76,128.32999999999998,23.801376912378302,0.04462100139082058,2025,7,72,3127,-251,1751328000000
2025,7,259,651,21676.82,19875.69,59.06999999999999,30.53101382488479,0.09073732718894008,2025,7,259,1123,-472,1751328000000
2023,8,153,35,1254.3,1078.25,35.2,30.807142857142857,1.0057142857142858,2023,8,153,148,-113,1690848000000
2024,8,264,8273,262698.15,188131.4,31319.36,22.740408557959626,3.7857318989483866,2024,8,264,11738,-3465,1722470400000
2020,2,99,3,255.95,237.0,16.05,79.0,5.3500000000000005,2020,2,99,8,-5,1580515200000
2023,1,38,101,4702.67,4263.52,141.9,42.2130693069307,1.404950495049505,2023,1,38,591,-490,1672531200000
2021,2,184,6,268.46,227.81,10.86,37.968333333333334,1.8099999999999998,2021,2,184,35,-29,1612137600000
2016,6,192,137,4266.61,3390.75,687.27,24.75,5.016569343065694,2016,6,192,1060,-923,1464739200000
2023,3,71,195,5736.61,5215.02,62.54,26.74369230769231,0.32071794871794873,2023,3,71,614,-419,1677628800000
2022,12,248,81,2791.38,2541.12,19.060000000000002,31.37185185185185,0.23530864197530868,2022,12,248,323,-242,1669852800000
2024,6,88,12250,396188.81,297183.99,40221.92,24.259917551020408,3.2834220408163266,2024,6,88,15304,-3054,1717200000000
2021,7,152,2792,49630.33,39608.3,4033.9900000000002,14.186353868194843,1.4448388252148998,2021,7,152,4995,-2203,1625097600000
2018,12,80,2950,54719.600000000006,45600.38,4646.75,15.457755932203389,1.5751694915254237,2018,12,80,12093,-9143,1543622400000
2016,8,34,382,6081.07,4934.84,627.23,12.918429319371729,1.6419633507853404,2016,8,34,1443,-1061,1470009600000
2023,7,144,28199,692607.5700000001,471644.52999999997,84422.99,16.72557643888081,2.993829213801908,2023,7,144,28668,-469,1688169600000
2021,11,148,32946,661039.93,451860.05,86194.17,13.715171796272688,2.61622564195957,2021,11,148,33690,-744,1635724800000
2020,9,239,42504,640802.7,407034.84,81747.27,9.576389045736873,1.9232841614906833,2020,9,239,38618,3886,1598918400000
2018,6,59,4,88.89999999999999,85.2,0.0,21.3,0.0,2018,6,59,48,-44,1527811200000
2019,5,53,162,6237.15,5681.92,36.42,35.07358024691358,0.22481481481481483,2019,5,53,875,-713,1556668800000
2019,5,228,716,20308.4,17421.74,1037.89,24.332039106145253,1.4495670391061455,2019,5,228,4691,-3975,1556668800000
2016,4,115,59,1603.31,1379.5,123.49000000000001,23.38135593220339,2.0930508474576275,2016,4,115,192,-133,1459468800000
2017,7,71,89,1656.58,1294.01,142.95,14.53943820224719,1.6061797752808988,2017,7,71,1506,-1417,1498867200000
2021,2,60,174,5139.8,4393.47,29.62,25.249827586206898,0.17022988505747128,2021,2,60,409,-235,1612137600000
2022,12,208,82,3017.85,2519.2,256.36,30.721951219512192,3.1263414634146343,2022,12,208,489,-407,1669852800000
2019,9,88,25250,643569.95,469152.92,73494.59,18.580313663366336,2.910676831683168,2019,9,88,27124,-1874,1567296000000
2023,6,224,4389,107371.41,73203.79,12822.32,16.67892230576441,2.921467304625199,2023,6,224,12618,-8229,1685577600000
2024,9,224,6248,140816.78,103834.59,9746.55,16.61885243277849,1.5599471830985914,2024,9,224,14392,-8144,1725148800000
2019,10,147,206,7211.150000000001,6090.21,35.83,29.564126213592232,0.17393203883495145,2019,10,147,738,-532,1569888000000
2017,6,23,21,986.55,746.01,187.72,35.52428571428571,8.939047619047619,2017,6,23,236,-215,1496275200000
2016,4,165,195,4805.42,4245.81,288.1,21.773384615384618,1.4774358974358976,2016,4,165,2294,-2099,1459468800000
2018,9,218,427,16643.05,15187.4,339.58,35.56768149882904,0.7952693208430913,2018,9,218,1451,-1024,1535760000000
2020,6,204,5,615.13,524.75,13.75,104.95,2.75,2020,6,204,12,-7,1590969600000
2020,8,89,903,31491.54,28177.2,1604.66,31.203986710963456,1.7770321151716502,2020,8,89,1605,-702,1596240000000
2023,5,18,124,5222.58,4641.4,35.98,37.43064516129032,0.29016129032258065,2023,5,18,444,-320,1682899200000
2024,5,53,118,4612.13,3937.8,213.13,33.37118644067797,1.806186440677966,2024,5,53,589,-471,1714521600000
2019,10,4,11008,199603.24,137317.14,21410.53,12.474304142441861,1.9449972747093023,2019,10,4,28112,-17104,1569888000000
2023,5,49,637,21524.62,17723.9,2025.17,27.824018838304553,3.1792307692307693,2023,5,49,5160,-4523,1682899200000
2017,2,189,3133,46003.75,36868.11,5187.62,11.767669964889881,1.6557995531439516,2017,2,189,10112,-6979,1485907200000
2017,7,4,20985,302630.49,245971.32,31196.17,11.721292351679772,1.4865937574457946,2017,7,4,43216,-22231,1498867200000
2020,3,123,139,2946.0,2669.81,52.73,19.207266187050358,0.3793525179856115,2020,3,123,568,-429,1583020800000
2022,5,85,110,3749.3199999999997,3149.32,316.65,28.63018181818182,2.8786363636363634,2022,5,85,606,-496,1651363200000
2025,3,96,82,2706.54,2404.1,56.64,29.318292682926828,0.6907317073170732,2025,3,96,177,-95,1740787200000
2020,2,90,109643,1741598.83,1117066.41,215316.51,10.188214569101538,1.96379622958146,2020,2,90,93375,16268,1580515200000
2016,1,31,26,596.65,489.0,50.230000000000004,18.807692307692307,1.931923076923077,2016,1,31,359,-333,1451606400000
2021,4,47,658,20531.94,17228.37,760.82,26.182933130699087,1.156261398176292,2021,4,47,1177,-519,1617235200000
2024,8,173,176,5453.8,4800.4800000000005,148.3,27.275454545454547,0.8426136363636364,2024,8,173,701,-525,1722470400000
2017,6,217,1085,14608.51,12246.3,948.55,11.286912442396313,0.8742396313364055,2017,6,217,3728,-2643,1496275200000
2019,11,46,22,816.83,701.45,0.0,31.88409090909091,0.0,2019,11,46,114,-92,1572566400000
2017,4,6,60,1702.93,1055.58,35.18,17.593,0.5863333333333334,2017,4,6,220,-160,1491004800000
2017,9,235,129,2110.51,1827.0,76.12,14.162790697674419,0.590077519379845,2017,9,235,1473,-1344,1504224000000
2024,9,256,2768,82554.58,70156.57,3715.18,25.345581647398845,1.3421893063583814,2024,9,256,8488,-5720,1725148800000
2016,11,179,6136,90464.54000000001,75080.11,7775.6,12.236002281616688,1.2672099087353326,2016,11,179,14215,-8079,1477958400000
2021,12,64,79,3950.21,3548.92,14.99,44.923037974683545,0.18974683544303797,2021,12,64,346,-267,1638316800000
2023,3,23,69,4554.91,3767.8,59.410000000000004,54.60579710144928,0.8610144927536233,2023,3,23,166,-97,1677628800000
2018,2,15,44,750.58,653.0,35.84,14.840909090909092,0.8145454545454546,2018,2,15,747,-703,1517443200000
2016,9,183,18,389.27,336.5,22.34,18.694444444444443,1.241111111111111,2016,9,183,506,-488,1472688000000
2016,12,37,3631,55899.8,45702.82,5344.66,12.586841090608647,1.4719526301294408,2016,12,37,18091,-14460,1480550400000
2016,9,74,35952,498627.18,410901.39,37697.09,11.429166388518025,1.0485394414775255,2016,9,74,76598,-40646,1472688000000
2019,12,207,404,4662.44,3766.27,353.31,9.322450495049505,0.8745297029702971,2019,12,207,515,-111,1575158400000
2025,5,195,2041,74918.21,59813.96,4135.17,29.30620284174424,2.026050955414013,2025,5,195,2870,-829,1746057600000
2025,11,235,1434,39806.71,35612.28,159.51,24.834225941422595,0.11123430962343095,2025,11,235,1899,-465,1761955200000
2025,6,179,3963,111067.93,92425.25,1426.82,23.322041382790815,0.360035326772647,2025,6,179,5514,-1551,1748736000000
2017,9,246,136950,2031149.1,1616973.17,237976.7,11.807033004746257,1.7376903979554583,2017,9,246,169216,-32266,1504224000000
2018,7,184,17,1370.69,1221.5,96.79,71.8529411764706,5.693529411764707,2018,7,184,82,-65,1530403200000
2018,7,144,83127,1239563.63,1003899.57,132752.96,12.07669674113104,1.596989666414041,2018,7,144,75151,7976,1530403200000
2017,9,263,155345,2018368.2400000002,1595353.26,229471.23,10.269743216711191,1.4771716501979466,2017,9,263,157041,-1696,1504224000000
2021,9,86,205,11662.59,10423.53,40.61,50.84648780487805,0.19809756097560977,2021,9,86,635,-430,1630454400000
2025,10,45,9602,232312.82,162625.9,17586.29,16.93666944386586,1.8315236409081441,2025,10,45,13960,-4358,1759276800000
2019,2,6,30,904.94,502.67,9.52,16.755666666666666,0.3173333333333333,2019,2,6,159,-129,1548979200000
2021,10,46,11,577.2,512.1,0.0,46.554545454545455,0.0,2021,10,46,75,-64,1633046400000
2020,8,159,739,18984.98,16404.98,930.84,22.198890392422193,1.2595940460081192,2020,8,159,1399,-660,1596240000000
2023,5,116,2568,67513.34,53541.72,5975.62,20.849579439252338,2.326954828660436,2023,5,116,8007,-5439,1682899200000
2019,6,232,9954,208193.84,152510.63,19778.27,15.321542093630702,1.9869670484227446,2019,6,232,29035,-19081,1559347200000
2024,3,178,73,2444.81,2178.99,11.9,29.849178082191777,0.16301369863013698,2024,3,178,302,-229,1709251200000
2018,10,68,201457,3079071.02,2455738.38,353074.04,12.18988856182709,1.7526024908541276,2018,10,68,194068,7389,1538352000000
2025,5,23,47,2099.0,1428.89,60.58,30.401914893617022,1.288936170212766,2025,5,23,113,-66,1746057600000
2019,1,160,213,7038.18,6091.1,287.0,28.596713615023475,1.3474178403755868,2019,1,160,2188,-1975,1546300800000
2020,10,32,343,12846.25,10858.6,928.34,31.657725947521868,2.706530612244898,2020,10,32,580,-237,1601510400000
2020,10,237,90431,1307275.6,821126.78,162866.25,9.080147073459322,1.8010002101049418,2020,10,237,79388,11043,1601510400000
2022,11,237,163882,2589991.93,1650144.82,344572.74,10.069103501299717,2.102566114643463,2022,11,237,141901,21981,1667260800000
2023,9,58,6,255.49,212.38,10.79,35.39666666666667,1.7983333333333331,2023,9,58,85,-79,1693526400000
2023,9,77,108,3472.94,3169.36,26.299999999999997,29.345925925925926,0.2435185185185185,2023,9,77,353,-245,1693526400000
2024,9,81,183,7948.22,7269.79,60.0,39.72562841530055,0.32786885245901637,2024,9,81,338,-155,1725148800000
2025,7,199,2,123.66,94.9,22.259999999999998,47.45,11.129999999999999,2025,7,199,1,1,1751328000000
2025,8,262,42161,879238.94,571666.66,90562.27,13.559134271008753,2.148010483622305,2025,8,262,43070,-909,1754006400000
2024,8,193,1459,25206.43,22002.06,869.25,15.080233036326252,0.5957847840986977,2024,8,193,2236,-777,1722470400000
2023,2,259,78,3231.7799999999997,2892.05,23.53,37.077564102564104,0.3016666666666667,2023,2,259,318,-240,1675209600000
2020,2,39,811,26867.39,23673.91,166.18,29.191011097410605,0.20490752157829842,2020,2,39,1977,-1166,1580515200000
2021,11,12,1106,27173.21,20000.51,3210.7,18.08364376130199,2.902983725135624,2021,11,12,1559,-453,1635724800000
2019,7,226,10376,239668.05,192743.4,19687.67,18.5758866615266,1.8974238627602158,2019,7,226,15390,-5014,1561939200000
2023,3,39,367,16868.54,15090.62,266.57,41.118855585831064,0.7263487738419618,2023,3,39,1098,-731,1677628800000
2018,11,50,72757,1078911.48,866394.68,119350.59,11.908059430707699,1.6404000989595502,2018,11,50,91476,-18719,1541030400000
2024,7,74,8046,170373.91,135235.91,10390.12,16.807843649018146,1.291339796172011,2024,7,74,21484,-13438,1719792000000
2020,3,172,3,115.39999999999999,106.5,7.0,35.5,2.3333333333333335,2020,3,172,47,-44,1583020800000
2018,4,108,100,3067.19,2798.0,110.07,27.98,1.1007,2018,4,108,613,-513,1522540800000
2019,2,144,67840,1177002.55,795159.55,138474.47,11.721101857311321,2.0411920695754717,2019,2,144,60310,7530,1548979200000
2022,10,161,147756,2833299.0,1869244.96,375365.89,12.650890386854002,2.540444313598094,2022,10,161,135550,12206,1664582400000
2021,11,244,3044,71995.59,58109.9,6190.54,19.089980289093297,2.0336859395532194,2021,11,244,11550,-8506,1635724800000
2025,3,62,2094,54891.99,49495.07,531.97,23.636614135625596,0.2540448901623687,2025,3,62,2795,-701,1740787200000
2025,7,42,12780,311669.74,261740.7,3849.32,20.48049295774648,0.30119874804381847,2025,7,42,20943,-8163,1751328000000
2016,5,63,134,3926.13,3295.0,392.73,24.58955223880597,2.930820895522388,2016,5,63,1380,-1246,1462060800000
2023,1,169,93,2872.84,2569.7400000000002,27.2,27.631612903225808,0.2924731182795699,2023,1,169,503,-410,1672531200000
2023,1,19,79,2033.7,1811.75,80.05,22.93354430379747,1.0132911392405064,2023,1,19,303,-224,1672531200000
2019,7,112,1715,32100.83,25664.21,2710.21,14.964553935860058,1.5802973760932946,2019,7,112,12508,-10793,1561939200000
2023,11,166,13887,333630.86,239838.06,41751.77,17.270689133722186,3.0065363289407356,2023,11,166,22159,-8272,1698796800000
2023,6,76,381,14575.07,13198.86,277.26,34.642677165354336,0.7277165354330708,2023,6,76,1402,-1021,1685577600000
2019,3,10,3119,187221.36,148005.17,17755.050000000003,47.452763706316134,5.692545687720425,2019,3,10,5614,-2495,1551398400000
2020,11,54,41,1332.58,996.54,176.59,24.305853658536584,4.307073170731708,2020,11,54,249,-208,1604188800000
2022,8,70,13744,593907.5800000001,422308.86,76496.92,30.726779685681024,5.565841094295693,2022,8,70,1840,11904,1659312000000
2018,9,263,148542,1904401.33,1500601.89,221461.34,10.102206042735387,1.4909004860578152,2018,9,263,152748,-4206,1535760000000
2019,11,246,111719,2020178.1,1354188.54,245730.62000000002,12.12138078572132,2.199541886339835,2019,11,246,130810,-19091,1572566400000
2019,2,146,6343,102204.73,80490.26,7946.2300000000005,12.689620053602395,1.2527557937884282,2019,2,146,8088,-1745,1548979200000
2020,8,216,485,22401.8,20000.96,843.64,41.23909278350515,1.7394639175257731,2020,8,216,815,-330,1596240000000
2023,3,246,52964,1269915.3,839883.7200000001,164266.86000000002,15.857633864511746,3.1014813835813007,2023,3,246,62114,-9150,1677628800000
2024,3,167,354,11144.68,9944.34,178.62,28.091355932203392,0.5045762711864407,2024,3,167,573,-219,1709251200000
2019,8,248,183,6541.54,5725.0,113.67999999999999,31.284153005464482,0.6212021857923496,2019,8,248,832,-649,1564617600000
2019,11,113,105084,1777546.1,1171863.88,218534.69,11.151687031327318,2.079619066651441,2019,11,113,91053,14031,1572566400000
2023,3,130,551,28111.82,23267.38,2334.29,42.2275499092559,4.236460980036298,2023,3,130,1684,-1133,1677628800000
2018,4,264,145958,2491183.6500000004,1994998.89,290595.65,13.668307937899943,1.990953904547884,2018,4,264,130355,15603,1522540800000
2024,12,204,2,184.38,164.0,16.880000000000003,82.0,8.440000000000001,2024,12,204,23,-21,1733011200000
2017,6,232,17776,301557.99,246249.07,32637.09,13.852895477047705,1.836019914491449,2017,6,232,45225,-27449,1496275200000
2016,9,198,465,8162.54,6853.59,636.61,14.738903225806451,1.3690537634408602,2016,9,198,7254,-6789,1472688000000
2020,4,185,262,7059.8,6049.36,454.67,23.089160305343512,1.735381679389313,2020,4,185,294,-32,1585699200000
2024,4,47,242,8742.87,7885.05,60.79,32.582851239669424,0.251198347107438,2024,4,47,444,-202,1711929600000
2019,1,34,131,2379.27,1991.03,203.73,15.198702290076335,1.5551908396946563,2019,1,34,764,-633,1546300800000
2017,4,131,47,1846.32,1652.5,105.73,35.159574468085104,2.2495744680851066,2017,4,131,1227,-1180,1491004800000
2018,12,125,42794,659752.7200000001,522558.19,81887.9,12.211015329251765,1.9135369444314623,2018,12,125,37674,5120,1543622400000
2020,12,208,252,9156.99,7417.4,702.27,29.434126984126983,2.786785714285714,2020,12,208,516,-264,1606780800000
2018,4,194,504,24933.32,18543.5,3327.07,36.79265873015873,6.601329365079366,2018,4,194,1582,-1078,1522540800000
2023,3,250,115,3708.22,3364.02,16.95,29.252347826086957,0.14739130434782607,2023,3,250,331,-216,1677628800000
2021,1,93,103,5344.95,4306.79,517.35,41.813495145631066,5.022815533980583,2021,1,93,217,-114,1609459200000
2022,1,54,38,853.41,647.9399999999999,116.57000000000001,17.051052631578944,3.0676315789473687,2022,1,54,418,-380,1640995200000
2021,12,47,143,5471.05,4775.22,74.23,33.39314685314685,0.5190909090909092,2021,12,47,438,-295,1638316800000
2025,3,221,67,2974.57,2330.27,42.3,34.780149253731345,0.6313432835820895,2025,3,221,106,-39,1740787200000
2016,10,202,563,10542.77,8919.81,916.96,15.84335701598579,1.628703374777975,2016,10,202,4876,-4313,1475280000000
2018,9,47,231,6144.57,5521.4,104.3,23.9021645021645,0.4515151515151515,2018,9,47,893,-662,1535760000000
2020,11,160,102,3395.9,2788.06,284.3,27.33392156862745,2.7872549019607846,2020,11,160,538,-436,1604188800000
2021,3,237,101902,1456043.58,903913.44,185086.59,8.870419030048478,1.816319503051952,2021,3,237,90193,11709,1614556800000
2021,12,183,73,3277.47,2819.65,20.12,38.62534246575343,0.2756164383561644,2021,12,183,181,-108,1638316800000
2024,2,260,749,23429.71,18952.33,1871.6200000000001,25.30351134846462,2.4988251001335113,2024,2,260,2012,-1263,1706745600000
2020,4,72,130,3264.48,2833.51,221.8,21.79623076923077,1.7061538461538461,2020,4,72,216,-86,1585699200000
2018,7,115,5,258.39,203.5,17.35,40.7,3.47,2018,7,115,141,-136,1530403200000
2024,8,3,139,5819.42,5451.7,0.0,39.22086330935252,0.0,2024,8,3,379,-240,1722470400000
2019,1,197,1047,41077.92,35839.1,1141.86,34.23027698185291,1.0906017191977075,2019,1,197,2605,-1558,1546300800000
2022,11,247,260,7564.93,6447.46,436.37,24.797923076923077,1.678346153846154,2022,11,247,918,-658,1667260800000
2019,1,54,206,4419.86,3635.13,471.46,17.64626213592233,2.288640776699029,2019,1,54,1781,-1575,1546300800000
2020,5,131,96,3316.0099999999998,2915.18,75.07,30.36645833333333,0.7819791666666666,2020,5,131,183,-87,1588291200000
2018,5,175,108,3583.25,3232.01,166.8,29.92601851851852,1.5444444444444445,2018,5,175,730,-622,1525132800000
2016,2,4,37704,546917.3200000001,443233.72,59240.74,11.755615319329513,1.571205707617229,2016,2,4,62532,-24828,1454284800000
2022,2,98,23,815.93,737.46,20.77,32.063478260869566,0.9030434782608695,2022,2,98,293,-270,1643673600000
2025,10,242,709,23400.98,21030.73,65.94,29.662524682651622,0.09300423131170663,2025,10,242,1460,-751,1759276800000
2018,1,141,212505,2485972.17,1956532.41,287401.6,9.206994706006917,1.352446295381285,2018,1,141,218334,-5829,1514764800000
2023,7,135,202,6228.21,5450.24,65.02,26.98138613861386,0.32188118811881183,2023,7,135,987,-785,1688169600000
2022,1,36,139,4108.79,3370.43,446.66,24.247697841726616,3.213381294964029,2022,1,36,1677,-1538,1640995200000
2022,7,36,365,10748.21,8197.67,1647.74,22.4593698630137,4.514356164383561,2022,7,36,2612,-2247,1656633600000
2022,7,64,66,2450.56,2283.15,29.06,34.59318181818182,0.4403030303030303,2022,7,64,359,-293,1656633600000
2018,12,53,176,6713.64,6060.33,148.71,34.43369318181818,0.8449431818181818,2018,12,53,710,-534,1543622400000
2023,2,32,76,3142.81,2792.55,24.0,36.74407894736842,0.3157894736842105,2023,2,32,245,-169,1675209600000
2020,3,173,116,2442.85,2127.9,62.29,18.34396551724138,0.5369827586206897,2020,3,173,970,-854,1583020800000
2017,9,254,71,1413.68,1216.8,87.86,17.138028169014085,1.2374647887323944,2017,9,254,773,-702,1504224000000
2023,12,214,2,84.8,80.8,0.0,40.4,0.0,2023,12,214,67,-65,1701388800000
2020,10,159,746,19267.5,16094.06,1387.51,21.573806970509384,1.8599329758713137,2020,10,159,1505,-759,1601510400000
2019,7,245,5,450.74,422.5,10.0,84.5,2.0,2019,7,245,82,-77,1561939200000
2017,7,259,48,1074.54,870.8,116.63000000000001,18.141666666666666,2.429791666666667,2017,7,259,1057,-1009,1498867200000
2018,4,13,84241,1666225.36,1337014.55,210542.49,15.871304352987263,2.499287639035624,2018,4,13,86654,-2413,1522540800000
2017,3,216,652,34265.35,28069.28,3381.9900000000002,43.05104294478527,5.187101226993866,2017,3,216,4138,-3486,1488326400000
2017,4,89,884,16352.78,13698.1,1343.25,15.495588235294118,1.5195135746606334,2017,4,89,8804,-7920,1491004800000
2016,2,239,280479,3610303.06,2870309.92,403883.13,10.23360009127243,1.439976361866664,2016,2,239,258956,21523,1454284800000
2025,2,111,7,155.43,122.28999999999999,0.0,17.47,0.0,2025,2,111,36,-29,1738368000000
2025,4,90,60342,1325963.36,834967.73,155567.06,13.837256471446091,2.5780892247522456,2025,4,90,56361,3981,1743465600000
2020,6,196,171,4311.74,3605.3,268.16,21.083625730994154,1.5681871345029241,2020,6,196,374,-203,1590969600000
2023,9,155,109,4412.74,3980.9,123.12,36.52201834862385,1.1295412844036699,2023,9,155,607,-498,1693526400000
2016,5,39,205,4727.65,4062.52,341.11,19.817170731707318,1.6639512195121953,2016,5,39,2535,-2330,1462060800000
2016,6,61,3768,63275.5,51838.78,6558.88,13.757638004246283,1.74067940552017,2016,6,61,25430,-21662,1464739200000
2021,8,125,14500,268422.44,178417.38,35159.33,12.304646896551725,2.4247813793103448,2021,8,125,12541,1959,1627776000000
2017,6,257,390,8087.400000000001,6422.15,934.66,16.46705128205128,2.3965641025641027,2017,6,257,5313,-4923,1496275200000
2022,1,140,62072,1028081.5900000001,671311.1,130076.13,10.815038986982858,2.095568533316149,2022,1,140,59381,2691,1640995200000
2019,10,117,187,8886.47,7836.57,14.120000000000001,41.90679144385027,0.07550802139037434,2019,10,117,748,-561,1569888000000
2023,10,113,50353,1206844.77,806814.57,157621.21,16.023167835084305,3.1303241117708973,2023,10,113,47182,3171,1696118400000
2022,5,169,96,2617.87,2299.58,104.59,23.953958333333333,1.0894791666666668,2022,5,169,617,-521,1651363200000
2024,8,7,2116,50296.36,41716.82,2704.67,19.71494328922495,1.2781994328922495,2024,8,7,7475,-5359,1722470400000
2016,12,121,81,1836.93,1609.12,129.67,19.865679012345677,1.600864197530864,2016,12,121,1427,-1346,1480550400000
2017,7,77,60,1350.56,1136.0,114.78,18.933333333333334,1.913,2017,7,77,648,-588,1498867200000
2023,8,264,25816,731830.64,522673.67,87996.32,20.246113650449335,3.408596219398823,2023,8,264,31080,-5264,1690848000000
2024,6,261,19836,633397.04,465563.64,70860.65,23.47064125831821,3.5723255696713045,2024,6,261,18539,1297,1717200000000
2019,11,105,10,139.85,97.41,17.34,9.741,1.734,2019,11,105,9,1,1572566400000
2017,1,61,2325,36238.78,29754.54,3454.29,12.797651612903227,1.485716129032258,2017,1,61,17671,-15346,1483228800000
2018,11,12,2862,59897.56,50905.83,5527.94,17.78680293501048,1.9314954577218726,2018,11,12,4877,-2015,1541030400000
2021,11,66,915,23658.1,18290.97,3008.73,19.990131147540986,3.2882295081967214,2021,11,66,4098,-3183,1635724800000
2023,2,254,115,4432.88,3976.73,16.25,34.580260869565215,0.14130434782608695,2023,2,254,417,-302,1675209600000
2024,3,165,373,11423.19,10443.05,107.03,27.997453083109917,0.2869436997319035,2024,3,165,964,-591,1709251200000
2021,12,171,69,2603.18,2206.54,24.439999999999998,31.978840579710145,0.3542028985507246,2021,12,171,551,-482,1638316800000
2023,3,45,4164,119970.93,85742.06,14116.62,20.591272814601343,3.3901585014409226,2023,3,45,8696,-4532,1677628800000
2016,3,208,74,2899.38,2473.34,296.44,33.42351351351351,4.005945945945946,2016,3,208,1570,-1496,1456790400000
2016,9,70,1629,54245.33,44938.7,5284.41,27.586678944137507,3.2439594843462247,2016,9,70,4158,-2529,1472688000000
2025,8,28,1286,39411.63,34028.16,1339.48,26.460466562986007,1.0415863141524107,2025,8,28,2924,-1638,1754006400000
2025,9,78,883,28015.43,25311.99,75.11,28.665900339750852,0.08506228765571913,2025,9,78,1443,-560,1756684800000
2019,5,170,229687,4084605.6,2689235.89,489524.07999999996,11.70826337581143,2.131265940170754,2019,5,170,230033,-346,1556668800000
2018,6,182,217,6775.6,6112.5,124.75,28.168202764976957,0.5748847926267281,2018,6,182,1224,-1007,1527811200000
2017,11,151,80328,1072153.6500000001,860101.91,117709.72,10.70737364306344,1.4653635096105966,2017,11,151,77009,3319,1509494400000
2021,6,119,318,10900.34,9266.86,214.42,29.141069182389938,0.6742767295597484,2021,6,119,911,-593,1622505600000
2023,5,255,1588,48489.15,37023.32,5907.13,23.31443324937028,3.7198551637279595,2023,5,255,8976,-7388,1682899200000
2023,7,13,18639,591341.07,420478.21,75322.33,22.559054133805464,4.041114330167928,2023,7,13,24145,-5506,1688169600000
2016,7,246,160258,2314115.58,1847631.51,260162.02,11.529106253665963,1.6233949007225847,2016,7,246,191800,-31542,1467331200000
2023,8,208,117,4108.39,3665.84,78.89,31.331965811965812,0.6742735042735043,2023,8,208,599,-482,1690848000000
2020,5,113,2520,40177.19,26648.18,4676.18,10.574674603174604,1.8556269841269843,2020,5,113,2303,217,1588291200000
2018,11,167,362,9783.4,8758.9,193.62,24.19585635359116,0.5348618784530387,2018,11,167,1324,-962,1541030400000
2023,7,47,88,2704.67,2432.17,20.2,27.638295454545457,0.22954545454545452,2023,7,47,353,-265,1688169600000
2023,6,6,38,1199.65,576.05,39.900000000000006,15.159210526315789,1.05,2023,6,6,89,-51,1685577600000
2020,1,50,48178,798354.73,527590.53,91092.02,10.950859936070406,1.8907389264809664,2020,1,50,68591,-20413,1577836800000
2016,9,111,15,231.01,188.5,23.56,12.566666666666666,1.5706666666666667,2016,9,111,153,-138,1472688000000
2019,1,251,18,673.74,574.5,21.5,31.916666666666668,1.1944444444444444,2019,1,251,120,-102,1546300800000
2017,4,173,329,6110.6900000000005,5158.16,390.0,15.678297872340424,1.1854103343465046,2017,4,173,2930,-2601,1491004800000
2024,11,59,9,378.63,340.95,8.24,37.88333333333333,0.9155555555555556,2024,11,59,22,-13,1730419200000
2021,2,106,204,5554.96,4823.76,92.27,23.64588235294118,0.4523039215686274,2021,2,106,527,-323,1612137600000
2025,8,60,618,16384.32,14750.97,3.91,23.86888349514563,0.006326860841423949,2025,8,60,851,-233,1754006400000
2023,4,82,351,15000.75,11892.73,1461.72,33.88242165242165,4.164444444444444,2023,4,82,1941,-1590,1680307200000
2023,12,158,29621,763529.04,518527.56,98619.49,17.50540359879815,3.3293774686877553,2023,12,158,32024,-2403,1701388800000
2019,5,160,247,7607.2300000000005,6497.22,329.45,26.304534412955466,1.3338056680161943,2019,5,160,2210,-1963,1556668800000
2018,1,247,1171,18306.61,15611.36,1145.4,13.331648163962425,0.978138343296328,2018,1,247,3220,-2049,1514764800000
2018,7,90,144448,1928576.02,1517854.52,227716.46999999997,10.507964942401419,1.576459833296411,2018,7,90,116654,27794,1530403200000
2025,6,150,379,11215.59,10202.51,138.56,26.919551451187335,0.3655936675461742,2025,6,150,717,-338,1748736000000
2016,9,101,25,1293.92,1069.2,196.23000000000002,42.768,7.849200000000001,2016,9,101,533,-508,1472688000000
2025,6,194,254,12392.62,8997.79,1093.37,35.42437007874016,4.304606299212598,2025,6,194,718,-464,1748736000000
2019,6,178,173,4379.72,3951.68,42.17,22.84208092485549,0.24375722543352601,2019,6,178,540,-367,1559347200000
2024,11,79,85254,1924460.55,1294401.59,229728.36000000002,15.182883970253597,2.694634386656345,2024,11,79,74172,11082,1730419200000
2025,10,191,897,32203.489999999998,29070.11,192.99,32.40814938684504,0.2151505016722408,2025,10,191,1618,-721,1759276800000
2024,11,15,87,3465.46,3083.78,61.11,35.445747126436785,0.7024137931034483,2024,11,15,408,-321,1730419200000
2022,5,26,109,3333.71,2896.12,149.74,26.569908256880733,1.3737614678899084,2022,5,26,977,-868,1651363200000
2016,7,152,9272,138737.45,114756.16,11790.09,12.376635030198447,1.271580025884383,2016,7,152,16805,-7533,1467331200000
2020,7,91,514,22839.88,21022.34,771.34,40.89949416342412,1.5006614785992218,2020,7,91,733,-219,1593561600000
2019,5,93,1436,93616.2,71858.46,10777.78,50.04071030640669,7.505417827298051,2019,5,93,4655,-3219,1556668800000
2023,11,145,2856,84739.24,65080.38,9133.97,22.787247899159663,3.1981687675070027,2023,11,145,8594,-5738,1698796800000
2021,8,44,153,17431.09,15753.0,0.0,102.96078431372548,0.0,2021,8,44,171,-18,1627776000000
2017,11,238,180336,2368465.82,1880553.85,273896.05,10.428055684943661,1.5188096109484517,2017,11,238,195348,-15012,1509494400000
2018,9,258,252,9273.64,8205.7,303.57,32.56230158730159,1.2046428571428571,2018,9,258,1480,-1228,1535760000000
2018,10,218,554,22469.26,20617.16,263.63,37.21509025270758,0.4758664259927798,2018,10,218,1540,-986,1538352000000
2022,1,149,31,1187.6299999999999,1102.39,16.64,35.560967741935485,0.5367741935483871,2022,1,149,404,-373,1640995200000
2017,1,91,148,3833.45,3271.81,283.81,22.106824324324325,1.917635135135135,2017,1,91,1523,-1375,1483228800000
2021,4,223,721,24531.33,19035.5,2033.85,26.401525658807213,2.8208737864077666,2021,4,223,3171,-2450,1617235200000
2019,11,66,2903,61583.86,47397.21,6949.72,16.326975542542197,2.3939786427833276,2019,11,66,9772,-6869,1572566400000
2020,2,76,1192,38772.86,34018.58,274.01,28.539077181208054,0.2298741610738255,2020,2,76,2631,-1439,1580515200000
2016,11,250,105,1682.3,1406.83,132.53,13.398380952380952,1.2621904761904763,2016,11,250,758,-653,1477958400000
2017,10,254,76,1397.52,1233.56,80.75999999999999,16.231052631578947,1.0626315789473684,2017,10,254,722,-646,1506816000000
2021,10,157,193,7438.21,5723.39,732.32,29.654870466321245,3.7944041450777206,2021,10,157,1022,-829,1633046400000
2020,6,193,922,13066.45,11033.96,506.11,11.967418655097614,0.5489262472885033,2020,6,193,1063,-141,1590969600000
2022,9,48,95788,1895152.19,1273818.78,237579.63999999998,13.298312732283794,2.4802651689146864,2022,9,48,84021,11767,1661990400000
2023,11,144,30282,752054.28,513721.29,93271.99,16.9645759857341,3.0801132686084145,2023,11,144,30548,-266,1698796800000
2022,11,226,2659,82119.05,65444.29,9460.21,24.612369311771342,3.557807446408424,2022,11,226,6489,-3830,1667260800000
2023,1,137,37157,801996.02,524643.17,96250.59,14.119632101622845,2.5903757030976666,2023,1,137,41832,-4675,1672531200000
2023,10,77,135,4795.09,4399.42,28.14,32.5882962962963,0.20844444444444446,2023,10,77,371,-236,1696118400000
2018,4,216,973,52496.35,43399.09,4551.88,44.603381294964024,4.678191161356629,2018,4,216,3681,-2708,1522540800000
2018,8,174,223,6243.87,5505.54,213.17,24.688520179372198,0.9559192825112107,2018,8,174,1171,-948,1533081600000
2024,8,154,58,1755.18,1574.93,90.31,27.15396551724138,1.5570689655172414,2024,8,154,316,-258,1722470400000
2017,12,95,1213,25239.98,20938.8,1906.07,17.261995053586148,1.5713685078318218,2017,12,95,10405,-9192,1512086400000
2016,10,33,13021,251569.15,207094.72,29967.7,15.904670916212272,2.301489900929268,2016,10,33,32103,-19082,1475280000000
2023,1,120,12,371.47,282.6,22.42,23.55,1.8683333333333334,2023,1,120,131,-119,1672531200000
2023,11,252,56,2038.41,1762.29,76.34,31.469464285714285,1.3632142857142857,2023,11,252,579,-523,1698796800000
2021,10,255,1551,39572.6,29689.09,5609.06,19.14190199871051,3.6164152159896843,2021,10,255,8389,-6838,1633046400000
2024,1,251,5,214.66,154.3,24.6,30.860000000000003,4.92,2024,1,251,36,-31,1704067200000
2017,8,38,35,1498.08,1299.8,86.29,37.137142857142855,2.4654285714285717,2017,8,38,712,-677,1501545600000
2022,8,3,51,2210.9,1963.18,66.97,38.49372549019608,1.3131372549019609,2022,8,3,310,-259,1659312000000
2023,8,83,148,5430.48,4314.7300000000005,472.09,29.153581081081086,3.189797297297297,2023,8,83,843,-695,1690848000000
2020,10,126,189,6441.99,5475.96,427.62,28.973333333333333,2.2625396825396824,2020,10,126,557,-368,1601510400000
2023,9,182,163,5301.42,4753.72,75.50999999999999,29.1639263803681,0.46325153374233125,2023,9,182,397,-234,1693526400000
2021,1,8,8,294.87,204.07999999999998,34.04,25.509999999999998,4.255,2021,1,8,19,-11,1609459200000
2020,8,65,1001,25922.35,21735.85,2018.07,21.714135864135862,2.016053946053946,2020,8,65,1610,-609,1596240000000
2023,11,36,178,5799.25,4800.03,469.56,26.9664606741573,2.6379775280898876,2023,11,36,2036,-1858,1698796800000
2019,5,54,281,5960.58,4559.87,655.68,16.22729537366548,2.3333807829181494,2019,5,54,2063,-1782,1556668800000
2025,1,197,1925,59882.54,52607.39,2091.29,27.328514285714284,1.0863844155844156,2025,1,197,2136,-211,1735689600000
2025,6,176,10,459.69,295.93,0.0,29.593,0.0,2025,6,176,36,-26,1748736000000
2025,10,251,12,445.09000000000003,354.99,36.730000000000004,29.5825,3.0608333333333335,2025,10,251,71,-59,1759276800000
2020,5,40,64,1673.98,1440.15,87.21,22.50234375,1.36265625,2020,5,40,165,-101,1588291200000
2023,9,76,473,17529.42,15886.62,481.86,33.58693446088795,1.0187315010570825,2023,9,76,1474,-1001,1693526400000
2020,9,149,200,6134.87,5266.14,501.99,26.3307,2.50995,2020,9,149,385,-185,1598918400000
2018,8,67,122,4180.6,3588.51,297.09999999999997,29.414016393442626,2.435245901639344,2018,8,67,1319,-1197,1533081600000
2020,10,187,5,147.9,132.28,5.5,26.456,1.1,2020,10,187,15,-10,1601510400000
2021,4,176,2,129.89,42.36,78.81,21.18,39.405,2021,4,176,16,-14,1617235200000
2020,7,83,149,4073.28,3561.62,237.14000000000001,23.903489932885904,1.5915436241610739,2020,7,83,494,-345,1593561600000
2018,1,137,113732,1466457.4700000002,1158836.48,166597.05000000002,10.189185805226321,1.4648212464389971,2018,1,137,131027,-17295,1514764800000
2023,1,35,201,6345.35,5765.33,49.72,28.683233830845772,0.24736318407960198,2023,1,35,527,-326,1672531200000
2025,5,93,1407,68797.53,54622.840000000004,6310.84,38.82220326936745,4.4853162757640375,2025,5,93,3734,-2327,1746057600000
2017,3,196,855,20749.05,16569.03,1787.55,19.37898245614035,2.090701754385965,2017,3,196,3912,-3057,1488326400000
2018,2,212,73,1070.12,932.0,50.96,12.767123287671232,0.698082191780822,2018,2,212,908,-835,1517443200000
2018,10,12,3472,74941.26000000001,63780.87,6702.07,18.37006624423963,1.9303197004608295,2018,10,12,5887,-2415,1538352000000
2019,12,46,21,1007.8,882.41,44.36,42.01952380952381,2.1123809523809522,2019,12,46,116,-95,1575158400000
2020,4,131,34,1104.49,944.11,38.5,27.76794117647059,1.1323529411764706,2020,4,131,98,-64,1585699200000
2020,12,182,452,14844.09,12335.0,1099.79,27.289823008849556,2.433163716814159,2020,12,182,753,-301,1606780800000
2021,6,29,161,7305.12,6423.9,59.53,39.9,0.3697515527950311,2021,6,29,480,-319,1622505600000
2024,8,118,8,594.98,473.66,33.42,59.2075,4.1775,2024,8,118,91,-83,1722470400000
2019,5,61,1994,51857.59,45962.99,1503.21,23.050646940822467,0.7538665997993982,2019,5,61,11721,-9727,1556668800000
2023,3,166,16013,382528.74,272752.18,48809.26,17.033171797914193,3.048102166989321,2023,3,166,24848,-8835,1677628800000
2019,3,9,191,5886.5,5420.03,23.86,28.377120418848165,0.12492146596858639,2019,3,9,723,-532,1551398400000
2022,10,133,92,3281.48,2618.7200000000003,384.06,28.46434782608696,4.174565217391304,2022,10,133,1036,-944,1664582400000
2018,12,226,12373,243736.61,205481.15,19110.62,16.60722136911016,1.5445421482259758,2018,12,226,19731,-7358,1543622400000
2017,12,257,251,4656.38,3757.13,469.01,14.968645418326693,1.8685657370517927,2017,12,257,4548,-4297,1512086400000
2020,12,115,39,2370.39,1890.34,109.98,48.47025641025641,2.8200000000000003,2020,12,115,79,-40,1606780800000
2019,2,61,2615,64183.060000000005,58044.68,1127.34,22.196818355640534,0.4311051625239005,2019,2,61,11122,-8507,1548979200000
2025,7,179,3454,92317.28,76763.56,1312.24,22.224539664157497,0.3799189345686161,2025,7,179,4924,-1470,1751328000000
2021,7,125,14257,264250.12,176031.69,34693.05,12.347035842042505,2.4334046433330996,2021,7,125,12844,1413,1625097600000
2018,11,138,228665,9800109.43,7350703.59,1316575.6,32.146168368574116,5.757661207443204,2018,11,138,92963,135702,1541030400000
2018,12,264,158723,3052923.56,2523020.55,310318.17000000004,15.895746363160978,1.9550926456783204,2018,12,264,145241,13482,1543622400000
2018,12,183,103,4371.6,3909.8,15.41,37.959223300970876,0.1496116504854369,2018,12,183,542,-439,1543622400000
2019,11,64,130,4359.73,3898.44,20.04,29.988,0.15415384615384614,2019,11,64,622,-492,1572566400000
2022,4,129,766,22063.23,18061.07,2173.32,23.578420365535248,2.8372323759791125,2022,4,129,5393,-4627,1648771200000
2023,4,46,9,438.16999999999996,382.7,16.32,42.52222222222222,1.8133333333333335,2023,4,46,66,-57,1680307200000
2024,7,137,32987,710895.05,479286.98,75943.83,14.529571649437656,2.3022351229272138,2024,7,137,39525,-6538,1719792000000
2021,10,44,151,17250.93,15503.79,56.54,102.67410596026491,0.3744370860927152,2021,10,44,162,-11,1633046400000
2025,4,10,1876,94045.96,77990.28,7784.0,41.57264392324094,4.149253731343284,2025,4,10,4118,-2242,1743465600000
2021,12,242,228,7793.849999999999,6899.31,154.02,30.26013157894737,0.6755263157894738,2021,12,242,522,-294,1638316800000
2025,3,143,45330,935439.54,608487.94,97273.49,13.42351511140525,2.1458965365100378,2025,3,143,58390,-13060,1740787200000
2016,4,222,29,855.3900000000001,593.5,189.53,20.46551724137931,6.535517241379311,2016,4,222,378,-349,1459468800000
2016,7,220,236,5033.37,4263.23,376.28000000000003,18.064533898305083,1.594406779661017,2016,7,220,4001,-3765,1467331200000
2017,5,76,276,8279.25,6457.35,1299.84,23.396195652173915,4.709565217391304,2017,5,76,2331,-2055,1493596800000
2019,3,225,1648,41611.37,37693.07,653.78,22.872008495145632,0.39671116504854365,2019,3,225,7801,-6153,1551398400000
2025,11,88,14939,407016.03,282831.91,38285.39,18.932452640739005,2.562781310663364,2025,11,88,20256,-5317,1761955200000
2016,10,47,99,1547.24,1254.5,133.21,12.671717171717171,1.3455555555555556,2016,10,47,920,-821,1475280000000
2022,2,8,20,870.01,627.29,90.8,31.3645,4.54,2022,2,8,51,-31,1643673600000
2017,2,256,11285,176521.98,142600.33,19670.01,12.636272042534337,1.7430225963668584,2017,2,256,27699,-16414,1485907200000
2023,2,262,40730,900547.64,589031.67,116920.32,14.461862754726248,2.8706191996071695,2023,2,262,47159,-6429,1675209600000
2018,1,81,38,710.59,665.1,6.59,17.50263157894737,0.17342105263157895,2018,1,81,400,-362,1514764800000
2023,7,25,1145,31918.95,25428.25,3128.5,22.208078602620088,2.7323144104803494,2023,7,25,4947,-3802,1688169600000
2019,9,20,131,3477.15,2978.12,91.24000000000001,22.733740458015266,0.6964885496183206,2019,9,20,623,-492,1567296000000
2016,11,233,127666,2026945.62,1613570.44,228318.86,12.638998950386164,1.7884077201447526,2016,11,233,141418,-13752,1477958400000
2018,9,191,324,12711.34,11630.11,302.65,35.895401234567906,0.9341049382716049,2018,9,191,1193,-869,1535760000000
2019,3,81,399,15720.55,14192.53,3.46,35.57025062656642,0.008671679197994987,2019,3,81,868,-469,1551398400000
2017,11,233,116817,1833254.02,1449813.06,212518.98,12.410976655794961,1.8192470274018337,2017,11,233,132655,-15838,1509494400000
2022,9,52,896,21761.44,16342.37,3143.92,18.239252232142857,3.5088392857142856,2022,9,52,2187,-1291,1661990400000
2018,7,191,274,9650.91,8791.5,267.6,32.08576642335766,0.9766423357664235,2018,7,191,1214,-940,1530403200000
2019,8,249,116401,1926647.0499999998,1256793.36,234118.52000000002,10.797101055832854,2.01131021211158,2019,8,249,95070,21331,1564617600000
2022,10,194,221,11274.08,8158.98,1515.43,36.918461538461536,6.857149321266968,2022,10,194,707,-486,1664582400000
2016,4,31,60,1789.21,1461.91,206.82,24.365166666666667,3.447,2016,4,31,552,-492,1459468800000
2017,2,22,128,2955.37,2602.6,171.8,20.3328125,1.3421875,2017,2,22,1748,-1620,1485907200000
2024,12,219,730,45701.159999999996,37678.79,4438.01,51.61478082191781,6.079465753424658,2024,12,219,1522,-792,1733011200000
2016,11,215,817,51056.270000000004,41222.49,5006.35,50.4559241126071,6.127723378212974,2016,11,215,923,-106,1477958400000
2016,12,133,584,11109.02,9033.36,1119.01,15.468082191780823,1.9161130136986302,2016,12,133,3390,-2806,1480550400000
2024,5,100,54746,1352231.36,919867.9400000001,157474.75,16.802468490848646,2.8764612939758156,2024,5,100,48100,6646,1714521600000
2016,12,185,69,1235.11,1060.0,75.89,15.36231884057971,1.0998550724637681,2016,12,185,1271,-1202,1480550400000
2023,2,4,3747,91186.27,61948.21,11457.11,16.532748865759274,3.0576754737123033,2023,2,4,11711,-7964,1675209600000
2019,12,238,141754,2232193.56,1474398.57,265976.19000000006,10.401107340886325,1.8763222907290098,2019,12,238,151050,-9296,1575158400000
2021,3,112,349,8595.35,6825.64,745.82,19.557707736389684,2.1370200573065903,2021,3,112,3023,-2674,1614556800000
2023,6,7,1764,40417.909999999996,32225.29,3394.32,18.26830498866213,1.92421768707483,2023,6,7,10272,-8508,1685577600000
2025,4,77,1182,31912.32,29563.37,51.03,25.011311336717426,0.04317258883248731,2025,4,77,1461,-279,1743465600000
2017,12,1,732,69324.1,58297.49,7991.43,79.64137978142077,10.917254098360656,2017,12,1,18946,-18214,1512086400000
2023,8,185,112,3927.39,3525.5,75.92999999999999,31.477678571428573,0.6779464285714285,2023,8,185,439,-327,1690848000000
2021,8,185,195,7178.69,6080.37,97.68,31.181384615384616,0.5009230769230769,2021,8,185,597,-402,1627776000000
2022,3,22,71,2943.1,2656.25,31.6,37.41197183098591,0.4450704225352113,2022,3,22,643,-572,1646092800000
2024,9,76,2065,64432.59,60026.1,426.26,29.068329297820824,0.20642130750605325,2024,9,76,3073,-1008,1725148800000
2024,10,205,534,22455.44,20684.06,201.52,38.73419475655431,0.3773782771535581,2024,10,205,1359,-825,1727740800000
2025,10,138,123380,8307621.47,5352124.73,1156371.95,43.379192170530075,9.372442454206515,2025,10,138,44556,78824,1759276800000
2016,10,238,202736,2702085.46,2161519.97,296044.99,10.661747149001659,1.4602487471391365,2016,10,238,207385,-4649,1475280000000
2021,12,168,545,14131.35,11891.05,473.62,21.818440366972474,0.8690275229357798,2021,12,168,2388,-1843,1638316800000
2022,10,246,55383,1065982.91,714852.94,139583.36,12.907443439322535,2.520328620695881,2022,10,246,68986,-13603,1664582400000
2017,11,11,67,1806.5,1632.5,7.0,24.365671641791046,0.1044776119402985,2017,11,11,637,-570,1509494400000
2017,10,59,2,35.1,33.0,0.0,16.5,0.0,2017,10,59,41,-39,1506816000000
2018,6,213,331,9413.37,8308.3,281.1,25.10060422960725,0.8492447129909366,2018,6,213,1579,-1248,1527811200000
2024,2,263,59468,1212697.97,781513.99,150375.19999999998,13.141756743122352,2.5286742449720854,2024,2,263,64681,-5213,1706745600000
2016,12,91,215,5985.01,5201.35,441.99,24.19232558139535,2.055767441860465,2016,12,91,1749,-1534,1480550400000
2020,12,19,100,3731.57,3365.61,236.5,33.6561,2.365,2020,12,19,129,-29,1606780800000
2022,12,78,148,4560.34,4067.9500000000003,40.84,27.48614864864865,0.27594594594594596,2022,12,78,371,-223,1669852800000
2025,5,264,7596,252644.89,176528.82,31977.84,23.239707740916273,4.209826224328594,2025,5,264,9800,-2204,1746057600000
2025,6,261,23191,699721.36,497428.9,68085.81,21.449221680824458,2.9358721055581904,2025,6,261,24101,-910,1748736000000
2017,4,82,2771,47533.98,40064.23,3168.02,14.458401299169976,1.143276795380729,2017,4,82,9200,-6429,1491004800000
2021,9,229,63815,1051311.85,680740.5,133448.25,10.667405782339575,2.0911737052417143,2021,9,229,62755,1060,1630454400000
2017,3,222,22,1768.77,1505.0,149.67000000000002,68.4090909090909,6.803181818181819,2017,3,222,306,-284,1488326400000
2019,12,58,20,865.38,617.21,151.43,30.860500000000002,7.5715,2019,12,58,155,-135,1575158400000
2020,12,218,415,15818.73,13810.56,1060.9,33.2784578313253,2.556385542168675,2020,12,218,607,-192,1606780800000
2021,8,130,571,27159.44,22616.6,1329.84,39.608756567425566,2.3289667250437827,2021,8,130,2033,-1462,1627776000000
2021,7,248,233,10344.67,8988.12,64.11,38.57562231759657,0.2751502145922747,2021,7,248,595,-362,1625097600000
2016,3,243,2635,47925.64,39561.25,4505.73,15.013757115749526,1.7099544592030358,2016,3,243,23968,-21333,1456790400000
2017,6,207,532,8381.64,6913.22,727.0699999999999,12.994774436090227,1.3666729323308269,2017,6,207,549,-17,1496275200000
2022,7,26,70,2097.48,1862.56,84.77,26.608,1.2109999999999999,2022,7,26,732,-662,1656633600000
2017,4,236,354980,4402685.61,3495355.34,494505.61,9.846626119781396,1.3930520311003436,2017,4,236,369248,-14268,1491004800000
2025,7,107,68697,1493692.77,957328.14,155135.78,13.935515961395694,2.2582613505684384,2025,7,107,67820,877,1751328000000
2025,9,11,306,10262.0,9197.47,299.1,30.057091503267973,0.9774509803921569,2025,9,11,627,-321,1756684800000
2024,8,253,36,1761.82,1438.62,148.42,39.961666666666666,4.122777777777777,2024,8,253,70,-34,1722470400000
2017,4,181,12191,196876.87,159390.18,21948.22,13.074413911902223,1.8003625625461408,2017,4,181,35982,-23791,1491004800000
2016,8,252,46,2585.99,2073.59,352.42,45.078043478260874,7.661304347826087,2016,8,252,1525,-1479,1470009600000
2020,3,120,20,778.75,672.0,63.56,33.6,3.178,2020,3,120,156,-136,1583020800000
2024,8,42,4712,115686.68,99533.6,4239.21,21.123429541595925,0.8996625636672326,2024,8,42,13271,-8559,1722470400000
2025,10,74,16566,332823.53,256282.72,12396.08,15.470404442834722,0.7482844380055536,2025,10,74,31111,-14545,1759276800000
2023,4,201,55,3146.27,2801.57,78.0,50.937636363636365,1.4181818181818182,2023,4,201,350,-295,1680307200000
2023,9,143,30448,685625.85,456413.75,85402.34,14.989941868102996,2.804858775617446,2023,9,143,40635,-10187,1693526400000
2023,10,75,19196,415602.3,299762.25,42562.43,15.615870493852887,2.2172551573244426,2023,10,75,38585,-19389,1696118400000
2022,2,141,83146,1312432.32,838052.64,171457.43,10.079289923748586,2.062124816587689,2022,2,141,86965,-3819,1643673600000
2017,8,134,476,15897.1,13056.21,1414.92,27.429012605042015,2.9725210084033615,2017,8,134,2267,-1791,1501545600000
2020,10,63,302,11075.52,9498.08,808.0,31.450596026490064,2.6754966887417218,2020,10,63,590,-288,1601510400000
2019,11,253,11,523.77,452.25,11.0,41.11363636363637,1.0,2019,11,253,177,-166,1572566400000
2021,8,31,47,2152.34,1652.72,275.87,35.164255319148936,5.869574468085107,2021,8,31,416,-369,1627776000000
2017,3,135,163,3525.89,2926.76,306.25,17.95558282208589,1.8788343558282208,2017,3,135,2274,-2111,1488326400000
2021,12,265,6999,399397.86,371646.59,17536.67,53.09995570795828,2.5055965137876837,2021,12,265,10114,-3115,1638316800000
2020,7,163,14290,224205.31,147030.35,25467.88,10.289037788663402,1.7822169349195243,2020,7,163,13723,567,1593561600000
2017,11,174,84,1330.63,1171.3,57.65,13.944047619047618,0.6863095238095238,2017,11,174,1012,-928,1509494400000
2022,5,190,98,2398.11,1901.57,319.64,19.40377551020408,3.2616326530612243,2022,5,190,605,-507,1651363200000
2022,6,234,90742,1613310.9400000002,1052012.82,214940.8,11.593449780696922,2.368702475149324,2022,6,234,78537,12205,1654041600000
2022,12,115,5,262.79999999999995,225.2,0.0,45.04,0.0,2022,12,115,47,-42,1669852800000
2024,2,151,24098,499343.3,346292.77,61840.38,14.370187152460787,2.566203834343099,2024,2,151,26917,-2819,1706745600000
2024,1,225,583,18362.48,16605.56,521.08,28.482950257289883,0.8937907375643226,2024,1,225,2425,-1842,1704067200000
2023,6,94,57,2859.9,2668.6,14.1,46.81754385964912,0.24736842105263157,2023,6,94,217,-160,1685577600000
2024,1,119,173,5341.09,4777.75,88.72,27.61705202312139,0.5128323699421965,2024,1,119,481,-308,1704067200000
2020,11,131,223,7542.1,6464.06,536.63,28.98681614349776,2.4064125560538114,2020,11,131,483,-260,1604188800000
2022,1,186,80581,1345849.4,877622.73,170652.12,10.891186880281952,2.1177711867561833,2022,1,186,48189,32392,1640995200000
2017,12,8,81,3093.37,2410.5,350.19,29.75925925925926,4.323333333333333,2017,12,8,154,-73,1512086400000
2025,3,83,1211,34631.56,29668.33,925.51,24.499033856317094,0.7642526837324525,2025,3,83,1545,-334,1740787200000
2020,5,173,77,2144.18,1807.66,86.06,23.476103896103897,1.1176623376623378,2020,5,173,214,-137,1588291200000
2023,8,35,314,10275.3,9405.88,60.790000000000006,29.955031847133757,0.1935987261146497,2023,8,35,802,-488,1690848000000
2025,4,163,105721,2582650.21,1641377.38,331874.48,15.52555670112844,3.1391538105012247,2025,4,163,97228,8493,1743465600000
2016,9,133,537,11260.57,9426.0,944.23,17.553072625698324,1.758342644320298,2016,9,133,3493,-2956,1472688000000
2021,10,258,113,4172.4,3486.21,45.64,30.85141592920354,0.4038938053097345,2021,10,258,837,-724,1633046400000
2016,7,62,678,10587.94,8659.7,1064.97,12.772418879056048,1.5707522123893807,2016,7,62,5596,-4918,1467331200000
2019,4,90,129715,2113215.7399999998,1372792.81,251876.40999999997,10.583146205142043,1.9417677986354698,2019,4,90,109837,19878,1554076800000
2016,2,114,168867,2391537.66,1899495.54,281728.13,11.24847092682407,1.6683433116002535,2016,2,114,136585,32282,1454284800000
2021,1,84,13,1144.92,956.42,53.86,73.57076923076923,4.143076923076923,2021,1,84,32,-19,1609459200000
2021,6,259,181,8807.99,7604.07,108.4,42.0114364640884,0.5988950276243095,2021,6,259,553,-372,1622505600000
2022,11,102,53,1514.01,1344.53,78.43,25.368490566037735,1.4798113207547172,2022,11,102,555,-502,1667260800000
2018,6,86,71,3576.37,3372.29,12.530000000000001,47.49704225352112,0.17647887323943665,2018,6,86,572,-501,1527811200000
2022,8,25,1258,30632.84,24440.45,3475.79,19.42802066772655,2.7629491255961844,2022,8,25,5093,-3835,1659312000000
2018,12,100,161339,2414889.5100000002,1959060.41,236955.93,12.14250993250237,1.4686835173144746,2018,12,100,123039,38300,1543622400000
2019,3,201,61,3568.89,3183.79,57.85,52.193278688524586,0.9483606557377049,2019,3,201,509,-448,1551398400000
2025,5,230,137592,3764973.24,2482857.8,448807.89,18.04507384150241,3.261874890982034,2025,5,230,137055,537,1746057600000
2016,2,71,160,3385.98,2825.4,362.64,17.65875,2.2664999999999997,2016,2,71,1791,-1631,1454284800000
2021,3,69,692,19394.57,16586.66,239.56,23.969161849710982,0.3461849710982659,2021,3,69,1923,-1231,1614556800000
2021,8,197,388,17232.7,14739.710000000001,537.15,37.988943298969076,1.3844072164948453,2021,8,197,1559,-1171,1627776000000
2024,4,192,67,2543.0099999999998,2252.62,71.73,33.62119402985074,1.0705970149253732,2024,4,192,341,-274,1711929600000
2025,2,23,25,1502.1299999999999,1174.45,65.67,46.978,2.6268000000000002,2025,2,23,55,-30,1738368000000
2020,3,82,1232,37508.58,29730.08,3419.7,24.131558441558443,2.7757305194805193,2020,3,82,2887,-1655,1583020800000
2016,6,97,12669,205130.03,169391.6,20430.38,13.370558055095115,1.6126276738495542,2016,6,97,21625,-8956,1464739200000
2023,12,26,178,5906.09,5360.05,186.96,30.112640449438203,1.0503370786516855,2023,12,26,803,-625,1701388800000
2017,2,166,50682,744094.43,594931.37,85232.07,11.738514068110966,1.6817029714691607,2017,2,166,75399,-24717,1485907200000
2016,5,130,1068,52904.88,42737.15,5133.07,40.01605805243446,4.80624531835206,2016,5,130,3219,-2151,1462060800000
2020,6,231,3493,74330.39,54300.94,7672.55,15.545645576868022,2.1965502433438306,2020,6,231,4709,-1216,1590969600000
2016,12,206,8,320.57,265.0,31.05,33.125,3.88125,2016,12,206,209,-201,1480550400000
2016,6,150,47,1547.46,1279.01,183.54999999999998,27.212978723404255,3.90531914893617,2016,6,150,649,-602,1464739200000
2018,5,87,70812,1524529.87,1236351.72,186884.92,17.459635654973734,2.6391701971417274,2018,5,87,74586,-3774,1525132800000
2019,6,109,6,135.42,124.0,0.0,20.666666666666668,0.0,2019,6,109,82,-76,1559347200000
2016,10,87,85362,1804275.11,1467873.91,217116.71,17.19587064501769,2.5434819943300297,2016,10,87,90358,-4996,1475280000000
2020,3,85,280,6964.93,6261.7,89.39,22.363214285714285,0.31925,2020,3,85,709,-429,1583020800000
2023,6,60,54,1880.24,1691.59,10.05,31.325740740740738,0.18611111111111112,2023,6,60,202,-148,1685577600000
2024,11,188,1791,52192.67,48289.74,539.89,26.962445561139027,0.3014461194863205,2024,11,188,3345,-1554,1730419200000
2018,12,235,666,20285.27,18192.43,417.58,27.31596096096096,0.626996996996997,2018,12,235,1980,-1314,1543622400000
2018,2,208,61,2297.19,1933.36,210.03,31.694426229508196,3.4431147540983607,2018,2,208,1007,-946,1517443200000
2021,1,139,244,9352.13,8287.2,343.84,33.963934426229514,1.4091803278688524,2021,1,139,432,-188,1609459200000
2016,9,248,69,1519.03,1217.5,190.26,17.644927536231883,2.7573913043478258,2016,9,248,1106,-1037,1472688000000
2018,8,197,618,22732.0,19104.48,1565.11,30.913398058252426,2.5325404530744335,2018,8,197,2553,-1935,1533081600000
2022,10,232,4910,117906.67,85129.84,14924.63,17.338052953156822,3.0396395112016292,2022,10,232,16964,-12054,1664582400000
2018,4,246,130060,1882562.78,1494785.83,222763.04,11.493048054743966,1.7127713363063202,2018,4,246,165596,-35536,1522540800000
2023,2,250,70,2277.67,1994.3600000000001,16.36,28.490857142857145,0.2337142857142857,2023,2,250,256,-186,1675209600000
2021,3,109,2,58.900000000000006,37.3,20.0,18.65,10.0,2021,3,109,22,-20,1614556800000
2022,7,74,8884,147440.89,111845.78,13480.13,12.589574515983792,1.5173491670418728,2022,7,74,24164,-15280,1656633600000
2019,10,219,681,43295.36,35179.99,3671.8,51.65930983847283,5.391776798825258,2019,10,219,3296,-2615,1569888000000
2017,10,186,342828,5186419.66,4185524.8,572577.3,12.208818416232045,1.6701590885225246,2017,10,186,265306,77522,1506816000000
2025,6,225,5557,160002.01,140815.19,1172.58,25.340145762101855,0.21100953752024473,2025,6,225,8290,-2733,1748736000000
2021,12,117,144,8673.07,7598.9800000000005,22.439999999999998,52.770694444444445,0.15583333333333332,2021,12,117,398,-254,1638316800000
2021,10,54,73,2329.88,1822.48,300.0,24.965479452054794,4.109589041095891,2021,10,54,695,-622,1633046400000
2023,3,120,15,686.49,583.01,39.13,38.867333333333335,2.6086666666666667,2023,3,120,199,-184,1677628800000
2019,6,49,1820,36578.71,31192.14,1986.28,17.13853846153846,1.0913626373626373,2019,6,49,10565,-8745,1559347200000
2023,7,24,6578,148460.82,105138.39,18592.82,15.983336880510793,2.8265156582547886,2023,7,24,8770,-2192,1688169600000
2024,1,209,4481,135013.69,96834.78,16126.09,21.61008257085472,3.59877036375809,2024,1,209,7539,-3058,1704067200000
2022,9,132,172253,10328541.82,7925091.37,1202928.7700000003,46.00843741473298,6.983499677799517,2022,9,132,50843,121410,1661990400000
2020,10,119,391,11371.710000000001,9797.89,771.32,25.05854219948849,1.972685421994885,2020,10,119,914,-523,1601510400000
2025,9,60,547,17277.06,15705.4,29.58,28.711882998171845,0.054076782449725774,2025,9,60,731,-184,1756684800000
2017,1,124,67,3043.31,2454.0,341.2,36.62686567164179,5.092537313432835,2017,1,124,900,-833,1483228800000
2021,2,81,231,9594.83,8144.0199999999995,105.12,35.255497835497835,0.45506493506493506,2021,2,81,429,-198,1612137600000
2021,6,257,115,4061.7799999999997,3334.85,224.44,28.99869565217391,1.9516521739130435,2021,6,257,1056,-941,1622505600000
2017,4,222,14,689.04,549.0,58.8,39.214285714285715,4.2,2017,4,222,295,-281,1491004800000
2017,1,78,125,2118.24,1756.5,157.23,14.052,1.2578399999999998,2017,1,78,999,-874,1483228800000
2016,8,93,1457,70436.06,56179.4,7693.4800000000005,38.5582704186685,5.280356897735072,2016,8,93,3010,-1553,1470009600000
2019,10,24,21080,332846.74,239028.45,37927.96,11.339110531309299,1.7992390891840606,2019,10,24,24001,-2921,1569888000000
2016,12,39,211,6149.61,5113.15,481.25,24.23293838862559,2.2808056872037916,2016,12,39,1887,-1676,1480550400000
2020,10,88,4011,95898.68,70478.98,10250.08,17.571423585140863,2.555492395911244,2020,10,88,3919,92,1601510400000
2021,1,251,8,639.76,488.93,11.0,61.11625,1.375,2021,1,251,27,-19,1609459200000
2021,2,219,294,14790.22,12860.99,183.31,43.74486394557823,0.6235034013605443,2021,2,219,590,-296,1612137600000
2018,1,26,288,4726.25,4118.0,187.9,14.29861111111111,0.6524305555555556,2018,1,26,2040,-1752,1514764800000
2018,11,261,45052,932903.68,768442.67,99668.22,17.05679370505194,2.2122929059753176,2018,11,261,37556,7496,1541030400000
2017,2,44,2,39.1,36.5,0.0,18.25,0.0,2017,2,44,29,-27,1485907200000
2018,7,1,626,58306.29,49343.12,6659.01,78.82287539936102,10.637396166134186,2018,7,1,15082,-14456,1530403200000
2024,8,20,156,6303.33,5695.88,83.09,36.51205128205128,0.5326282051282052,2024,8,20,418,-262,1722470400000
2024,8,217,185,5488.12,4978.02,153.56,26.908216216216218,0.8300540540540541,2024,8,217,896,-711,1722470400000
2016,12,210,91,2208.38,1942.7,103.07,21.34835164835165,1.1326373626373625,2016,12,210,1151,-1060,1480550400000
2020,9,36,314,9446.0,7932.0599999999995,837.92,25.261337579617834,2.6685350318471337,2020,9,36,931,-617,1598918400000
2021,4,159,812,21024.33,17592.63,535.51,21.66580049261084,0.6594950738916256,2021,4,159,1769,-957,1617235200000
2024,1,180,105,3576.2799999999997,3162.54,116.95,30.11942857142857,1.1138095238095238,2024,1,180,391,-286,1704067200000
2019,6,157,641,30331.42,23608.98,2995.05,36.83148205928237,4.672464898595944,2019,6,157,2281,-1640,1559347200000
2017,6,61,2166,35287.54,29483.96,3001.34,13.612169898430286,1.3856602031394276,2017,6,61,17845,-15679,1496275200000
2018,2,65,10166,181715.78,150058.82,19817.280000000002,14.760851859138304,1.949368483179225,2018,2,65,15048,-4882,1517443200000
2023,8,256,851,26436.97,20913.12,2575.81,24.57475910693302,3.026803760282021,2023,8,256,6442,-5591,1690848000000
2024,12,195,757,35655.51,30064.22,2219.68,39.7149537648613,2.93220607661823,2024,12,195,1600,-843,1733011200000
2025,2,107,73269,1527512.6800000002,961207.83,165568.76,13.11888834295541,2.2597382248972964,2025,2,107,72408,861,1738368000000
2025,6,241,795,24310.96,21948.88,60.75,27.608654088050315,0.07641509433962264,2025,6,241,1549,-754,1748736000000
2025,9,164,90203,2179849.23,1421363.97,230598.02,15.757391328448056,2.55643404321364,2025,9,164,86349,3854,1756684800000
2025,10,61,6985,176364.46,154458.18,1426.33,22.112838940586972,0.20419899785254114,2025,10,61,11116,-4131,1759276800000
2017,8,174,66,1523.19,1237.32,159.1,18.747272727272726,2.4106060606060606,2017,8,174,992,-926,1501545600000
2020,8,25,986,25429.77,22174.16,1668.21,22.4890060851927,1.691896551724138,2020,8,25,1681,-695,1596240000000
2019,2,195,324,9903.12,8287.72,458.54,25.57938271604938,1.415246913580247,2019,2,195,2157,-1833,1548979200000
2020,8,29,209,7541.4800000000005,6774.56,430.38,32.414162679425836,2.0592344497607655,2020,8,29,387,-178,1596240000000
2023,7,202,134,5383.86,4329.17,603.84,32.30723880597015,4.5062686567164185,2023,7,202,1691,-1557,1688169600000
2018,6,149,150,4683.57,4254.5,135.12,28.363333333333333,0.9008,2018,6,149,1053,-903,1527811200000
2024,6,164,80335,1949277.11,1306787.4100000001,232287.31,16.266725711084835,2.8914832887284496,2024,6,164,77222,3113,1717200000000
2019,1,139,357,16080.8,15103.88,2.62,42.30778711484594,0.007338935574229692,2019,1,139,924,-567,1546300800000
2019,12,57,13,373.56,288.83,4.74,22.217692307692307,0.3646153846153846,2019,12,57,190,-177,1575158400000
2016,9,259,49,1185.79,1061.5,49.85,21.663265306122447,1.0173469387755103,2016,9,259,1232,-1183,1472688000000
2023,6,32,89,3059.12,2741.57,31.95,30.80415730337079,0.3589887640449438,2023,6,32,252,-163,1685577600000
2021,3,178,72,2622.45,2254.56,34.15,31.313333333333333,0.47430555555555554,2021,3,178,260,-188,1614556800000
2021,11,183,62,2900.03,2459.33,2.4,39.666612903225804,0.03870967741935484,2021,11,183,170,-108,1635724800000
2020,2,50,50675,851231.45,564443.53,98317.9,11.13850083867785,1.9401657622101627,2020,2,50,70730,-20055,1580515200000
2025,11,24,12152,224081.44,151157.81,21692.4,12.438924456879526,1.7850888742593813,2025,11,24,13716,-1564,1761955200000
2017,10,121,78,1408.19,1244.5,53.01,15.955128205128204,0.6796153846153846,2017,10,121,1285,-1207,1506816000000
2021,1,163,28671,432190.47000000003,273855.0,54121.63,9.55163754316208,1.8876784904607442,2021,1,163,23876,4795,1609459200000
2016,11,111,25,546.91,483.0,32.96,19.32,1.3184,2016,11,111,139,-114,1477958400000
2018,4,155,189,5957.72,5437.06,194.35,28.76751322751323,1.0283068783068783,2018,4,155,1236,-1047,1522540800000
2019,10,254,359,13117.32,11478.52,80.16,31.97359331476323,0.22328690807799442,2019,10,254,988,-629,1569888000000
2024,8,40,477,15177.289999999999,11911.55,1254.85,24.97180293501048,2.6307127882599577,2024,8,40,2492,-2015,1722470400000
2025,7,216,4191,167305.42,146464.52,10543.69,34.947392030541636,2.5157933667382486,2025,7,216,7423,-3232,1751328000000
2022,8,43,50971,871225.5700000001,576149.8,110151.79,11.303482372329364,2.1610678621176747,2022,8,43,37289,13682,1659312000000
2019,2,25,6297,120480.52,98749.68,9985.53,15.682020009528346,1.585759885659838,2019,2,25,12445,-6148,1548979200000
2022,9,114,38596,725061.05,483353.29,96823.18999999999,12.523403720592807,2.508632759871489,2022,9,114,32023,6573,1661990400000
2024,11,214,25,986.1,716.43,20.41,28.6572,0.8164,2024,11,214,77,-52,1730419200000
2019,8,241,191,6261.53,5528.03,67.83,28.942565445026176,0.355130890052356,2019,8,241,1223,-1032,1564617600000
2024,1,143,35562,734310.18,478436.97,92027.88,13.453601316011472,2.5878150835161127,2024,1,143,48613,-13051,1704067200000
2025,11,85,1711,38320.03,32613.97,272.52,19.061350087668032,0.15927527761542956,2025,11,85,2113,-402,1761955200000
2018,9,113,124651,1728714.59,1371200.82,205378.94999999998,11.000319451909732,1.6476317879519617,2018,9,113,107516,17135,1535760000000
2020,9,131,207,6905.27,6048.63,485.57,29.220434782608695,2.3457487922705313,2020,9,131,475,-268,1598918400000
2016,7,120,81,1827.33,1521.2,123.53,18.780246913580246,1.5250617283950618,2016,7,120,538,-457,1467331200000
2019,8,219,793,47868.67,39423.91,3552.47,49.71489281210593,4.4797856242118534,2019,8,219,3302,-2509,1564617600000
2017,8,91,130,2956.71,2525.51,143.65,19.427000000000003,1.105,2017,8,91,1671,-1541,1501545600000
2022,3,170,115201,2006245.9500000002,1291825.24,265368.91,11.213663423060563,2.303529570055815,2022,3,170,111112,4089,1646092800000
2017,1,14,359,8466.35,7010.78,682.89,19.528635097493037,1.902200557103064,2017,1,14,7178,-6819,1483228800000
2023,2,146,1571,36760.65,28079.27,3375.43,17.873500954805856,2.148586887332909,2023,2,146,2664,-1093,1675209600000
2018,8,219,829,50193.55,42553.96,3613.59,51.33167671893848,4.358974668275031,2018,8,219,2222,-1393,1533081600000
2016,3,237,443878,5356594.13,4264839.61,569244.11,9.608134690162613,1.282433709262455,2016,3,237,388032,55846,1456790400000
2024,3,235,413,14369.7,13085.93,128.91,31.68506053268765,0.31213075060532686,2024,3,235,547,-134,1709251200000
2021,10,125,18401,349954.47000000003,233660.3,47231.67,12.698239226129013,2.566799087006141,2021,10,125,15996,2405,1633046400000
2019,8,41,24016,344665.32,266698.45,28281.46,11.105032061958696,1.1776090939373751,2019,8,41,40852,-16836,1564617600000
2023,9,44,1,150.96,124.8,25.16,124.8,25.16,2023,9,44,17,-16,1693526400000
2025,3,142,117440,2524045.98,1598302.1,314588.2,13.609520606267031,2.678714237057221,2025,3,142,105693,11747,1740787200000
2017,7,171,62,1465.65,1239.5,90.69,19.991935483870968,1.4627419354838709,2017,7,171,1309,-1247,1498867200000
2016,10,19,60,2329.12,2125.75,124.36,35.42916666666667,2.0726666666666667,2016,10,19,523,-463,1475280000000
2021,9,196,234,8373.05,6955.9,370.43,29.726068376068376,1.583034188034188,2021,9,196,1317,-1083,1630454400000
2023,1,185,74,2469.39,2179.76,64.83,29.45621621621622,0.8760810810810811,2023,1,185,361,-287,1672531200000
2023,2,242,145,4546.37,3996.17,140.35,27.559793103448275,0.9679310344827586,2023,2,242,457,-312,1675209600000
2024,1,167,289,9250.58,8525.28,30.9,29.499238754325262,0.1069204152249135,2024,1,167,473,-184,1704067200000
2016,2,121,108,2018.3500000000001,1647.31,186.22,15.25287037037037,1.7242592592592592,2016,2,121,1809,-1701,1454284800000
2017,1,224,30043,405209.45,323971.76,47113.56,10.78360217022268,1.5682042405884897,2017,1,224,44914,-14871,1483228800000
2016,5,220,319,5986.09,4928.21,564.98,15.448934169278997,1.7710971786833856,2016,5,220,5169,-4850,1462060800000
2022,4,32,58,2122.09,1856.5900000000001,81.2,32.01017241379311,1.4000000000000001,2022,4,32,269,-211,1648771200000
2016,5,53,64,1380.3700000000001,1130.5,140.85,17.6640625,2.20078125,2016,5,53,1164,-1100,1462060800000
2018,5,133,387,8497.08,7209.57,637.48,18.62937984496124,1.6472351421188631,2018,5,133,2651,-2264,1525132800000
2022,6,76,294,9646.38,8810.7,274.53,29.968367346938777,0.9337755102040816,2022,6,76,1411,-1117,1654041600000
2018,12,112,2950,49151.8,39906.78,4980.06,13.527722033898305,1.6881559322033899,2018,12,112,17669,-14719,1543622400000
2019,3,241,316,10439.03,9495.8,128.49,30.049999999999997,0.40661392405063296,2019,3,241,1450,-1134,1551398400000
2018,11,53,132,4620.3,4212.5,122.84,31.91287878787879,0.9306060606060607,2018,11,53,789,-657,1541030400000
2024,1,213,300,10695.41,9654.18,48.8,32.1806,0.16266666666666665,2024,1,213,574,-274,1704067200000
2024,10,122,130,4891.56,4464.56,25.790000000000003,34.342769230769235,0.1983846153846154,2024,10,122,308,-178,1727740800000
2025,10,237,205943,4304682.14,2692967.6500000004,555497.82,13.076276688209846,2.697337709948869,2025,10,237,187300,18643,1759276800000
2022,4,223,829,31333.54,23754.96,3610.73,28.654957780458382,4.355524728588661,2022,4,223,5638,-4809,1648771200000
2023,2,170,85001,1948929.33,1268281.63,249472.34,14.9207848142963,2.9349341772449735,2023,2,170,85590,-589,1675209600000
2018,7,65,10099,185218.94,155178.32,18154.710000000003,15.36571145657986,1.7976740271313993,2018,7,65,15484,-5385,1530403200000
2023,1,50,18552,416615.84,280451.79,48491.34,15.117065006468303,2.61380659767141,2023,1,50,32437,-13885,1672531200000
2024,5,139,218,10053.039999999999,9471.15,23.51,43.44564220183486,0.10784403669724771,2024,5,139,738,-520,1714521600000
2020,4,229,5231,72159.75,45248.71,8335.27,8.650107054100554,1.5934372012999427,2020,4,229,4569,662,1585699200000
2016,12,153,125,1676.52,1419.0,86.98,11.352,0.69584,2016,12,153,507,-382,1480550400000
2023,8,75,15925,343958.13,249764.09,33557.29,15.683773312401884,2.107208163265306,2023,8,75,32115,-16190,1690848000000
2018,11,183,125,4487.78,4049.32,70.5,32.39456,0.564,2018,11,183,457,-332,1541030400000
2024,2,100,46521,1085511.67,725640.09,128877.85,15.598118914038821,2.7703155564153823,2024,2,100,39176,7345,1706745600000
2017,8,58,5,159.65,116.0,20.18,23.2,4.036,2017,8,58,208,-203,1501545600000
2021,4,124,197,7320.14,6217.45,90.02,31.560659898477155,0.45695431472081216,2021,4,124,487,-290,1617235200000
2020,7,94,173,5656.77,5062.86,267.14,29.26508670520231,1.5441618497109826,2020,7,94,306,-133,1593561600000
2019,6,215,1212,69212.25,54810.39,6299.42,45.22309405940594,5.1975412541254125,2019,6,215,1885,-673,1559347200000
2020,7,79,14238,241921.78,164579.08,25974.32,11.55914313808119,1.8242955471274056,2020,7,79,12717,1521,1593561600000
2016,4,217,1346,17793.84,14560.11,1528.05,10.817317979197624,1.1352526002971768,2016,4,217,4059,-2713,1459468800000
2019,10,13,61941,1455888.36,1026009.75,185570.49,16.56430716326827,2.9959233786990844,2019,10,13,67406,-5465,1569888000000
2017,12,19,102,1974.88,1784.5,58.5,17.495098039215687,0.5735294117647058,2017,12,19,488,-386,1512086400000
2021,6,258,137,5435.96,4519.78,17.86,32.991094890510944,0.13036496350364962,2021,6,258,774,-637,1622505600000
2017,6,139,21,700.58,598.5,46.03,28.5,2.191904761904762,2017,6,139,687,-666,1496275200000
2019,6,7,10789,158672.47,129475.96,9999.0,12.000737788488276,0.9267772731485773,2019,6,7,27151,-16362,1559347200000
2023,9,240,9,444.87,398.76,4.37,44.306666666666665,0.4855555555555556,2023,9,240,95,-86,1693526400000
2021,5,38,185,8470.22,7430.65,88.21000000000001,40.16567567567567,0.47681081081081084,2021,5,38,502,-317,1619827200000
2025,3,230,136859,3628013.84,2356385.45,443509.24,17.217614113795953,3.2406289685004275,2025,3,230,126446,10413,1740787200000
2025,11,67,455,10856.7,9157.33,69.52,20.126,0.15279120879120878,2025,11,67,1078,-623,1761955200000
2022,2,14,171,7318.18,6628.4400000000005,218.94,38.762807017543864,1.2803508771929824,2022,2,14,1864,-1693,1643673600000
2016,5,34,453,6678.17,5455.5,707.27,12.043046357615895,1.5613024282560706,2016,5,34,1552,-1099,1462060800000
2016,4,166,63237,960115.46,768326.44,108802.43,12.149950819931368,1.7205501526005345,2016,4,166,96644,-33407,1459468800000
2019,11,215,1187,71117.97,55446.33,6737.51,46.71131423757372,5.676082561078349,2019,11,215,2358,-1171,1572566400000
2020,9,64,129,5702.43,4905.89,324.0,38.030155038759695,2.511627906976744,2020,9,64,169,-40,1598918400000
2022,1,83,111,2621.76,2055.03,285.88,18.513783783783786,2.5754954954954954,2022,1,83,642,-531,1640995200000
2024,6,1,481,52031.87,44606.37,5717.25,92.73673596673598,11.886174636174637,2024,6,1,9395,-8914,1717200000000
2022,5,241,74,2650.11,2341.9500000000003,81.03999999999999,31.647972972972976,1.095135135135135,2022,5,241,521,-447,1651363200000
2021,8,232,12528,260101.19,186244.69,27979.85,14.86627474457216,2.2333852171136654,2021,8,232,22599,-10071,1627776000000
2025,6,183,267,8771.95,7809.85,104.08,29.250374531835206,0.38981273408239697,2025,6,183,514,-247,1748736000000
2020,11,113,21904,352848.54,229549.14,45357.59,10.479781775018262,2.070744612856099,2020,11,113,18684,3220,1604188800000
2016,10,28,782,37470.23,30420.48,3807.17,38.90086956521739,4.868503836317136,2016,10,28,2429,-1647,1475280000000
2016,11,192,119,2574.36,2209.5,167.9,18.567226890756302,1.4109243697478993,2016,11,192,813,-694,1477958400000
2020,1,36,575,14542.69,12004.39,954.4,20.8772,1.6598260869565218,2020,1,36,4299,-3724,1577836800000
2020,3,203,205,8880.22,8155.27,99.27,39.78180487804878,0.4842439024390244,2020,3,203,847,-642,1583020800000
2016,3,169,241,4208.97,3614.15,248.0,14.996473029045644,1.0290456431535269,2016,3,169,2417,-2176,1456790400000
2019,5,21,313,8942.67,7971.37,91.37,25.467635782747603,0.29191693290734827,2019,5,21,1096,-783,1556668800000
2022,2,71,99,3282.46,3040.55,31.36,30.712626262626266,0.31676767676767675,2022,2,71,544,-445,1643673600000
2022,2,46,6,243.35,221.8,10.2,36.96666666666667,1.7,2022,2,46,56,-50,1643673600000
2022,3,165,132,4035.42,3736.96,75.36,28.310303030303032,0.5709090909090909,2022,3,165,916,-784,1646092800000
2024,6,80,2289,75535.94,63576.9,3658.07,27.77496723460026,1.5981083442551334,2024,6,80,4878,-2589,1717200000000
2021,11,8,16,855.54,581.5,148.94,36.34375,9.30875,2021,11,8,69,-53,1635724800000
2022,4,213,187,6768.219999999999,5888.92,124.35,31.491550802139038,0.6649732620320855,2022,4,213,683,-496,1648771200000
2016,3,246,176552,2525012.02,2008700.28,290571.99,11.377386152521638,1.6458153405229055,2016,3,246,219577,-43025,1456790400000
2020,2,48,190551,3161955.4400000004,2082501.76,362473.05,10.928841937329114,1.9022364091503061,2020,2,48,168061,22490,1580515200000
2022,7,153,32,812.5,757.2,0.0,23.6625,0.0,2022,7,153,145,-113,1656633600000
2016,4,76,376,9853.32,8002.5,1234.8,21.283244680851062,3.2840425531914894,2016,4,76,2834,-2458,1459468800000
2017,5,107,236406,3317871.7,2614868.54,395807.66,11.060922903818009,1.6742707883894654,2017,5,107,208723,27683,1493596800000
2016,12,15,17,576.75,472.3,86.4,27.78235294117647,5.082352941176471,2016,12,15,748,-731,1480550400000
2017,12,69,401,6262.89,5393.5,307.1,13.450124688279303,0.7658354114713217,2017,12,69,3949,-3548,1512086400000
2019,8,175,85,3182.16,2765.13,116.02,32.53094117647059,1.364941176470588,2019,8,175,723,-638,1564617600000
2016,8,35,237,5728.34,4456.6,855.92,18.8042194092827,3.611476793248945,2016,8,35,1726,-1489,1470009600000
2019,4,174,312,10563.01,9430.38,49.72,30.225576923076922,0.15935897435897436,2019,4,174,1053,-741,1554076800000
2019,9,70,795,25282.69,21121.99,1678.67,26.568540880503146,2.111534591194969,2019,9,70,3650,-2855,1567296000000
2022,4,222,92,4498.8,4113.42,81.03,44.71108695652174,0.8807608695652174,2022,4,222,270,-178,1648771200000
2024,11,21,260,8330.289999999999,7679.01,75.2,29.534653846153848,0.28923076923076924,2024,11,21,552,-292,1730419200000
2019,4,81,326,13097.31,11743.47,37.13,36.02291411042945,0.1138957055214724,2019,4,81,701,-375,1554076800000
2022,5,195,215,8186.24,6391.54,835.25,29.728093023255813,3.8848837209302327,2022,5,195,1120,-905,1651363200000
2021,8,234,76183,1253872.26,804461.68,161601.26,10.559595710329077,2.121224682671987,2021,8,234,66479,9704,1627776000000
2017,10,204,3,217.18,163.0,35.0,54.333333333333336,11.666666666666666,2017,10,204,45,-42,1506816000000
2023,11,133,110,3760.52,3394.69,113.75,30.860818181818182,1.0340909090909092,2023,11,133,840,-730,1698796800000
2016,7,217,964,14387.880000000001,11651.82,1537.59,12.08695020746888,1.5950103734439833,2016,7,217,3249,-2285,1467331200000
2020,1,142,193686,3036635.04,1953206.17,367764.94,10.08439520667472,1.8987688320270955,2020,1,142,179705,13981,1577836800000
2021,2,62,367,10803.99,9343.58,204.0,25.45934604904632,0.555858310626703,2021,2,62,908,-541,1612137600000
2022,9,20,51,1878.74,1645.13,108.31,32.25745098039216,2.1237254901960783,2022,9,20,348,-297,1661990400000
2016,8,159,512,7752.96,6735.82,340.27,13.1558984375,0.66458984375,2016,8,159,3163,-2651,1470009600000
2016,3,251,7,155.85,121.0,21.21,17.285714285714285,3.0300000000000002,2016,3,251,185,-178,1456790400000
2017,11,224,23828,329355.38999999996,264152.24,37572.68,11.085791505791505,1.5768289407419842,2017,11,224,38213,-14385,1509494400000
2024,9,151,28073,596073.96,426566.44,64804.44,15.194900438143412,2.3084258896448544,2024,9,151,30515,-2442,1725148800000
2025,3,118,28,1087.07,787.22,69.66,28.115000000000002,2.4878571428571425,2025,3,118,87,-59,1740787200000
2024,10,170,110192,2671887.78,1790408.65,332800.06,16.24808198417308,3.020183497894584,2024,10,170,111651,-1459,1727740800000
2017,10,8,95,3997.63,2933.72,603.9300000000001,30.881263157894736,6.357157894736843,2017,10,8,176,-81,1506816000000
2018,12,43,130447,1857249.79,1503141.09,201375.0,11.523002368778124,1.5437304039188329,2018,12,43,112661,17786,1543622400000
2022,8,118,8,441.37,334.5,16.75,41.8125,2.09375,2022,8,118,83,-75,1659312000000
2019,1,105,14,336.56,271.75,36.84,19.410714285714285,2.6314285714285717,2019,1,105,4,10,1546300800000
2018,8,196,644,17958.39,14626.4,1476.77,22.711801242236024,2.2931211180124222,2018,8,196,3171,-2527,1533081600000
2021,5,88,5429,130917.2,95124.88,14895.09,17.521620924663843,2.7436157671762755,2021,5,88,6543,-1114,1619827200000
2021,9,143,38938,666632.73,439394.45,83979.27,11.284463762905132,2.1567432841953877,2021,9,143,46385,-7447,1630454400000
2021,8,17,697,22366.13,18416.03,1655.1,26.421850789096126,2.3746054519368722,2021,8,17,3921,-3224,1627776000000
2024,12,161,160149,4139992.69,2802645.7,534715.32,17.50023852787092,3.338861435288387,2024,12,161,140423,19726,1733011200000
2016,12,67,122,3543.82,3083.34,218.94,25.27327868852459,1.7945901639344262,2016,12,67,1829,-1707,1480550400000
2022,3,140,75963,1328922.85,877133.79,169734.3,11.546855574424391,2.2344338691204926,2022,3,140,76237,-274,1646092800000
2022,7,40,438,11781.57,8813.58,1513.29,20.12232876712329,3.455,2022,7,40,2749,-2311,1656633600000
2019,12,51,539,22450.25,19614.75,81.4,36.39100185528757,0.1510204081632653,2019,12,51,1252,-713,1575158400000
2016,3,189,4845,77354.77,62563.22,8984.87,12.912945304437565,1.8544623323013418,2016,3,189,14783,-9938,1456790400000
2022,8,42,3266,61713.0,50219.090000000004,4481.48,15.376328842620945,1.37216166564605,2022,8,42,14232,-10966,1659312000000
2024,1,85,197,6333.79,5807.76,58.97,29.481015228426397,0.2993401015228426,2024,1,85,486,-289,1704067200000
2024,6,168,1131,32790.65,29298.55,358.1,25.90499557913351,0.31662245800176836,2024,6,168,2067,-936,1717200000000
2018,8,123,283,7472.33,6773.23,109.03999999999999,23.933674911660777,0.38530035335689045,2018,8,123,1270,-987,1533081600000
2024,6,177,754,23751.59,22305.53,184.76,29.58293103448276,0.2450397877984085,2024,6,177,1199,-445,1717200000000
2016,4,203,72,3337.15,3044.0,185.37,42.27777777777778,2.5745833333333334,2016,4,203,933,-861,1459468800000
2021,2,27,11,951.08,814.02,0.0,74.00181818181818,0.0,2021,2,27,28,-17,1612137600000
2024,6,142,107174,2354416.59,1548632.1300000001,295227.77,14.449699833914943,2.7546584992628813,2024,6,142,95245,11929,1717200000000
2021,4,11,127,4502.93,3841.44,50.71,30.24755905511811,0.3992913385826772,2021,4,11,295,-168,1617235200000
2024,6,132,161496,12481926.459999999,9661713.379999999,1456378.47,59.82633241690196,9.01804670084708,2024,6,132,42577,118919,1717200000000
2019,2,192,180,4926.63,4487.87,43.21,24.93261111111111,0.24005555555555555,2019,2,192,594,-414,1548979200000
2023,12,209,6992,217265.81,157243.18,25853.58,22.489013157894735,3.6975943935926776,2023,12,209,10112,-3120,1701388800000
2025,6,11,369,10019.2,9041.41,39.2,24.502466124661247,0.10623306233062331,2025,6,11,665,-296,1748736000000
2021,10,182,166,6880.25,5690.35,93.69,34.279216867469884,0.5643975903614458,2021,10,182,499,-333,1633046400000
2023,5,85,132,4705.47,4098.88,195.09,31.052121212121214,1.4779545454545455,2023,5,85,737,-605,1682899200000
2018,9,182,283,9046.74,8153.07,144.54,28.809434628975264,0.5107420494699646,2018,9,182,1244,-961,1535760000000
2024,11,88,10177,339009.73,254869.74,35184.2,25.043700501129997,3.4572270806721033,2024,11,88,14586,-4409,1730419200000
2020,10,36,380,11343.65,9429.46,1033.59,24.81436842105263,2.719973684210526,2020,10,36,1143,-763,1601510400000
2020,6,41,6532,90921.85,72054.93,7004.52,11.031067054500918,1.072339252908757,2020,6,41,8674,-2142,1590969600000
2024,6,242,229,7536.16,6881.71,48.89,30.05113537117904,0.21349344978165938,2024,6,242,522,-293,1717200000000
2017,1,67,59,1146.47,972.64,94.6,16.485423728813558,1.6033898305084744,2017,1,67,1431,-1372,1483228800000
2022,7,246,48728,875769.17,580463.9,110388.03,11.912327614513217,2.265392176982433,2022,7,246,57920,-9192,1656633600000
2018,10,32,246,8552.25,7612.89,151.59,30.946707317073173,0.6162195121951219,2018,10,32,806,-560,1538352000000
2021,6,61,1226,41310.07,35006.31,1829.17,28.55327079934747,1.4919820554649266,2021,6,61,4861,-3635,1622505600000
2022,8,210,126,5609.2699999999995,5089.2,74.47,40.390476190476186,0.591031746031746,2022,8,210,575,-449,1659312000000
2016,11,190,470,7791.77,6471.01,732.99,13.768106382978724,1.5595531914893617,2016,11,190,1796,-1326,1477958400000
2016,11,79,313085,4589797.08,3664065.8,530648.45,11.703102352396314,1.6949021831132118,2016,11,79,247726,65359,1477958400000
2017,10,192,97,1977.71,1720.5,145.14000000000001,17.737113402061855,1.4962886597938145,2017,10,192,690,-593,1506816000000
2023,1,181,775,24291.64,19179.7,2728.84,24.748,3.5210838709677423,2023,1,181,8000,-7225,1672531200000
2024,12,215,739,39871.32,33923.66,2689.2400000000002,45.90481732070366,3.639025710419486,2024,12,215,1195,-456,1733011200000
2020,3,47,201,4742.95,4194.25,53.62,20.866915422885572,0.26676616915422885,2020,3,47,622,-421,1583020800000
2025,10,250,664,19864.97,17614.52,30.73,26.527891566265062,0.046280120481927714,2025,10,250,1017,-353,1759276800000
2025,11,259,808,26199.16,23995.82,68.64,29.69779702970297,0.08495049504950496,2025,11,259,1139,-331,1761955200000
2025,10,12,1359,41268.79,29654.09,4257.45,21.820522442972774,3.132781456953642,2025,10,12,2247,-888,1759276800000
2019,3,117,223,11838.19,10942.06,24.759999999999998,49.067533632286995,0.11103139013452915,2019,3,117,832,-609,1551398400000
2021,9,155,151,7274.5,6396.59,70.41,42.36152317880795,0.4662913907284768,2021,9,155,667,-516,1630454400000
2019,1,76,2113,71339.4,65271.2,206.32,30.89029815428301,0.09764316138192143,2019,1,76,3832,-1719,1546300800000
2023,8,129,793,26606.06,21369.36,2101.7400000000002,26.94749054224464,2.650365699873897,2023,8,129,4686,-3893,1690848000000
2018,2,257,213,4204.64,3337.77,457.09000000000003,15.670281690140845,2.145962441314554,2018,2,257,3976,-3763,1517443200000
2024,7,168,934,26148.22,23029.76,505.91999999999996,24.657130620985008,0.5416702355460385,2024,7,168,1963,-1029,1719792000000
2021,5,133,194,6951.83,5896.09,107.12,30.39221649484536,0.5521649484536083,2021,5,133,780,-586,1619827200000
2018,4,224,21555,301258.52,241425.32,34515.1,11.200432382277894,1.6012572488981673,2018,4,224,38824,-17269,1522540800000
2024,8,180,155,5533.08,4887.84,296.17,31.534451612903226,1.9107741935483873,2024,8,180,605,-450,1722470400000
2016,7,173,428,6184.51,5317.8,251.6,12.424766355140187,0.5878504672897196,2016,7,173,3453,-3025,1467331200000
2017,3,21,58,1534.57,1347.3,76.78,23.229310344827585,1.323793103448276,2017,3,21,1200,-1142,1488326400000
2024,2,162,105937,2463447.93,1594946.74,328271.91,15.055615507329827,3.0987465191576122,2024,2,162,84023,21914,1706745600000
2025,6,137,46397,1039239.5,698222.03,84341.9,15.04886156432528,1.8178308942388515,2025,6,137,52901,-6504,1748736000000
2025,9,56,1283,47420.53,40332.75,2229.81,31.436282151208108,1.7379657053780202,2025,9,56,3031,-1748,1756684800000
2024,6,192,122,3963.81,3613.93,42.46,29.622377049180326,0.3480327868852459,2024,6,192,358,-236,1717200000000
2025,11,172,14,649.78,454.37,40.59,32.455,2.8992857142857145,2025,11,172,78,-64,1761955200000
2024,6,33,2740,86927.53,72030.41,6572.36,26.288470802919708,2.3986715328467154,2024,6,33,8523,-5783,1717200000000
2020,1,148,76547,1391327.93,936684.83,168202.37,12.236728153944634,2.1973737703633063,2020,1,148,59911,16636,1577836800000
2021,5,246,30514,538723.83,356182.49,68927.18,11.672756439667038,2.2588706823097593,2021,5,246,39280,-8766,1619827200000
2021,7,176,1,76.0,55.49,0.0,55.49,0.0,2021,7,176,21,-20,1625097600000
2018,6,255,10412,174453.09,140764.24,19926.46,13.519423741836341,1.9137975412985015,2018,6,255,24169,-13757,1527811200000
2016,11,243,2089,39984.75,33123.03,3800.69,15.855926280516993,1.8193824796553375,2016,11,243,19175,-17086,1477958400000
2023,8,68,77533,1958693.23,1326203.2599999998,242376.4,17.105016702565358,3.1261063031225413,2023,8,68,72459,5074,1690848000000
2023,6,36,468,16844.37,13344.29,1691.28,28.51344017094017,3.6138461538461537,2023,6,36,2428,-1960,1685577600000
2017,3,205,39,1255.97,1076.31,116.81,27.597692307692306,2.9951282051282053,2017,3,205,1091,-1052,1488326400000
2024,7,90,47647,1051668.2,690652.0,129055.61,14.495183327386824,2.7085778747875,2024,7,90,43619,4028,1719792000000
2021,3,135,302,12762.91,11113.1,192.02,36.79834437086093,0.6358278145695364,2021,3,135,756,-454,1614556800000
2017,2,32,33,485.51,411.5,42.21,12.469696969696969,1.279090909090909,2017,2,32,593,-560,1485907200000
2016,2,175,20,712.66,642.5,33.54,32.125,1.677,2016,2,175,802,-782,1454284800000
2022,5,249,73063,1337527.4400000002,879978.57,184572.15000000002,12.04410672980852,2.5262054665151994,2022,5,249,58396,14667,1651363200000
2022,8,27,4,170.96,145.95,10.01,36.4875,2.5025,2022,8,27,78,-74,1659312000000
2022,12,46,8,520.93,490.56,25.07,61.32,3.13375,2022,12,46,86,-78,1669852800000
2021,1,13,4394,94351.89,65393.19,12492.740000000002,14.882382794720073,2.8431360946745565,2021,1,13,5603,-1209,1609459200000
2021,2,55,470,20306.41,17544.33,518.19,37.328361702127665,1.1025319148936172,2021,2,55,781,-311,1612137600000
2024,11,41,11836,260566.11,208135.54,16517.16,17.584956066238593,1.3955018587360595,2024,11,41,22459,-10623,1730419200000
2021,11,203,102,5191.09,4655.28,10.56,45.64,0.10352941176470588,2021,11,203,540,-438,1635724800000
2025,1,133,507,14053.08,11964.85,162.97,23.59930966469428,0.32143984220907296,2025,1,133,1029,-522,1735689600000
2023,10,138,120583,8158958.77,5252866.5,1093259.62,43.56224758050472,9.06644900193228,2023,10,138,49607,70976,1696118400000
2019,10,148,85862,1610032.95,1098334.6,189444.08999999997,12.791859029605646,2.2063787239989745,2019,10,148,69991,15871,1569888000000
2025,5,216,4276,188992.96,162222.28,15862.52,37.937857811038356,3.709663236669785,2025,5,216,6745,-2469,1746057600000
2018,1,113,141085,1807318.18,1417927.28,221766.28,10.050163234929299,1.5718629195166034,2018,1,113,124476,16609,1514764800000
2019,8,265,3777,335735.7,289616.6,34152.63,76.67900450092665,9.042263701350278,2019,8,265,19227,-15450,1564617600000
2023,3,155,176,8047.35,7168.320000000001,54.18,40.729090909090914,0.3078409090909091,2023,3,155,680,-504,1677628800000
2021,7,109,3,216.6,202.1,0.0,67.36666666666666,0.0,2021,7,109,37,-34,1625097600000
2016,4,148,193188,3122257.96,2521138.52,357370.94,13.05018179182972,1.8498609644491377,2016,4,148,135832,57356,1459468800000
2017,7,94,56,865.61,786.5,7.6,14.044642857142858,0.1357142857142857,2017,7,94,707,-651,1498867200000
2018,10,108,173,6314.98,5684.8,224.65,32.86011560693642,1.2985549132947978,2018,10,108,647,-474,1538352000000
2025,11,56,980,27288.91,22906.48,676.79,23.37395918367347,0.6906020408163265,2025,11,56,2718,-1738,1761955200000
2023,9,102,75,2478.37,2161.57,119.56,28.820933333333336,1.5941333333333334,2023,9,102,543,-468,1693526400000
2019,8,160,199,7496.3,6384.91,388.69,32.08497487437186,1.95321608040201,2019,8,160,2189,-1990,1564617600000
2019,11,260,3113,74256.98,60735.99,5239.07,19.510436877610022,1.6829649855444908,2019,11,260,6980,-3867,1572566400000
2020,11,119,370,11740.72,9981.04,781.66,26.975783783783786,2.1125945945945945,2020,11,119,828,-458,1604188800000
2017,9,176,6,424.85,370.63,39.4,61.77166666666667,6.566666666666666,2017,9,176,53,-47,1504224000000
2018,5,9,52,1398.3600000000001,1271.3,47.42,24.448076923076922,0.911923076923077,2018,5,9,533,-481,1525132800000
2021,6,176,1,14.63,10.0,1.33,10.0,1.33,2021,6,176,22,-21,1622505600000
2023,11,173,80,2645.77,2301.91,92.4,28.773874999999997,1.155,2023,11,173,559,-479,1698796800000
2025,5,4,15216,324082.38999999996,225778.43,15447.89,14.838224894847528,1.0152398790746582,2025,5,4,21379,-6163,1746057600000
2018,12,162,278516,4234880.7,3343762.35,505181.99,12.00563827571845,1.8138347168564821,2018,12,162,244785,33731,1543622400000
2016,10,84,5,470.89,439.88,29.51,87.976,5.902,2016,10,84,90,-85,1475280000000
2025,10,265,1951,200661.96,175775.89,18335.99,90.0952793439262,9.398252178370068,2025,10,265,20955,-19004,1759276800000
2018,10,252,135,5973.22,5217.36,264.85,38.64711111111111,1.961851851851852,2018,10,252,1218,-1083,1538352000000
2020,3,160,93,2661.64,2261.6,129.98,24.31827956989247,1.3976344086021504,2020,3,160,976,-883,1583020800000
2025,1,137,39201,814154.04,518948.49,84814.51,13.238144179995407,2.1635802658095455,2025,1,137,46622,-7421,1735689600000
2025,5,73,196,4564.87,4058.87,30.4,20.708520408163263,0.15510204081632653,2025,5,73,635,-439,1746057600000
2017,5,156,3,133.4,121.0,10.0,40.333333333333336,3.3333333333333335,2017,5,156,93,-90,1493596800000
2019,6,105,6,216.42,157.5,30.5,26.25,5.083333333333333,2019,6,105,10,-4,1559347200000
2024,10,141,84690,1775682.8599999999,1165508.04,215846.22,13.762050301098123,2.548662415869642,2024,10,141,97781,-13091,1727740800000
2017,9,12,5283,103564.78,89065.3,8382.05,16.858849138746926,1.586607987885671,2017,9,12,6615,-1332,1504224000000
2022,10,49,583,17336.84,13833.95,2266.89,23.728902229845627,3.888319039451115,2022,10,49,5280,-4697,1664582400000
2020,12,74,12480,190159.95,152108.11,13558.92,12.18814983974359,1.0864519230769232,2020,12,74,20858,-8378,1606780800000
2023,8,135,181,6010.28,5211.36,127.03,28.792044198895027,0.7018232044198895,2023,8,135,1121,-940,1690848000000
2017,12,62,407,6063.77,5196.8,384.21999999999997,12.768550368550368,0.944029484029484,2017,12,62,4065,-3658,1512086400000
2016,2,222,14,299.2,275.5,5.0,19.678571428571427,0.35714285714285715,2016,2,222,334,-320,1454284800000
2019,1,240,53,1677.07,1526.3600000000001,22.869999999999997,28.79924528301887,0.4315094339622641,2019,1,240,304,-251,1546300800000
2024,3,242,280,9225.789999999999,8342.88,12.870000000000001,29.795999999999996,0.045964285714285714,2024,3,242,609,-329,1709251200000
2024,8,107,57168,1235642.23,812253.43,147750.85,14.208183424293312,2.5845026938147218,2024,8,107,55816,1352,1722470400000
2018,6,152,8718,125344.59000000001,104342.5,9872.92,11.968628125716908,1.1324753383803625,2018,6,152,15328,-6610,1527811200000
2017,3,176,5,434.2,362.0,69.5,72.4,13.9,2017,3,176,70,-65,1488326400000
2022,11,80,707,21043.06,16243.56,2868.5,22.975332390381894,4.057284299858558,2022,11,80,4181,-3474,1667260800000
2022,2,6,2,157.91,112.0,23.51,56.0,11.755,2022,2,6,18,-16,1643673600000
2021,3,158,8236,141424.24,90964.19,19972.07,11.044704953861098,2.424972073822244,2021,3,158,14524,-6288,1614556800000
2022,8,242,122,3744.1099999999997,3322.65,69.4,27.23483606557377,0.5688524590163935,2022,8,242,497,-375,1659312000000
2020,12,65,1068,27781.38,22740.87,2559.42,21.292949438202246,2.3964606741573036,2020,12,65,1737,-669,1606780800000
2023,9,244,1778,56311.95,45985.58,4297.07,25.863655793025874,2.4167997750281214,2023,9,244,7930,-6152,1693526400000
2025,11,122,482,16135.67,13255.02,1258.99,27.500041493775935,2.61201244813278,2025,11,122,663,-181,1761955200000
2019,3,14,1035,37335.87,33039.97,1058.63,31.922676328502416,1.0228309178743962,2019,3,14,6389,-5354,1551398400000
2020,7,208,237,9241.59,7862.64,383.48,33.17569620253165,1.6180590717299579,2020,7,208,390,-153,1593561600000
2022,4,231,53453,1098273.4100000001,753812.17,144022.24,14.102336070940828,2.6943715039380387,2022,4,231,53381,72,1648771200000
2023,6,100,54097,1734024.47,1297465.74,158249.77,23.984060853651773,2.9252965968537996,2023,6,100,45735,8362,1685577600000
2023,9,229,50420,1148077.1,759231.2999999999,145713.76,15.058137643792145,2.8899992066640223,2023,9,229,56071,-5651,1693526400000
2025,7,186,130750,3162666.99,2072308.04,382738.18,15.849392275334608,2.9272518546845125,2025,7,186,91538,39212,1751328000000
2022,8,7,1775,35714.04,29024.88,3013.31,16.352045070422538,1.6976394366197183,2022,8,7,10757,-8982,1659312000000
2018,3,189,2456,38995.93,31616.91,4260.05,12.873334690553746,1.734548045602606,2018,3,189,9533,-7077,1519862400000
2022,12,30,32,1.94,0.04,0.0,0.00125,0.0,2022,12,30,45,-13,1669852800000
2025,10,199,1,4.5,3.0,0.0,3.0,0.0,2025,10,199,1,0,1759276800000
2017,6,68,223544,3280302.0500000003,2604992.38,376024.83,11.65315275739899,1.682106565150485,2017,6,68,210937,12607,1496275200000
2023,8,127,231,8917.73,7621.56,365.41,32.99376623376624,1.581861471861472,2023,8,127,1909,-1678,1690848000000
2025,8,64,211,5852.28,4949.71,218.20999999999998,23.45834123222749,1.034170616113744,2025,8,64,757,-546,1754006400000
2017,10,64,49,1066.25,932.0,61.27,19.020408163265305,1.2504081632653061,2017,10,64,768,-719,1506816000000
2022,1,184,3,113.67,73.0,16.669999999999998,24.333333333333332,5.556666666666666,2022,1,184,18,-15,1640995200000
2016,3,10,1994,124750.93000000001,100194.77,12529.02,50.24812938816449,6.283360080240723,2016,3,10,3651,-1657,1456790400000
2020,10,255,307,6893.47,5461.75,763.18,17.79071661237785,2.4859283387622146,2020,10,255,2608,-2301,1601510400000
2022,2,54,50,1243.15,972.74,149.86,19.4548,2.9972000000000003,2022,2,54,569,-519,1643673600000
2016,4,10,1955,124696.99,100316.24,12304.12,51.312654731457805,6.293667519181586,2016,4,10,3408,-1453,1459468800000
2022,1,194,71,3636.17,2685.18,431.34,37.81943661971831,6.075211267605633,2022,1,194,226,-155,1640995200000
2022,5,45,4592,106394.79,76187.64,12864.85,16.591385017421604,2.801578832752613,2022,5,45,8729,-4137,1651363200000
2022,12,229,72366,1387135.3199999998,912508.3600000001,178948.77,12.609628278473318,2.4728293673824724,2022,12,229,72909,-543,1669852800000
2021,11,258,96,3741.37,3116.82,45.75,32.466875,0.4765625,2021,11,258,735,-639,1635724800000
2019,12,246,113601,2090925.62,1407444.8,251147.19,12.389369811885459,2.210783267752925,2019,12,246,126061,-12460,1575158400000
2018,8,223,3786,92178.59,73589.18,8165.88,19.437184363444267,2.1568621236133123,2018,8,223,15043,-11257,1533081600000
2024,11,61,2956,85471.61,78833.62,1234.12,26.66901894451962,0.41749661705006763,2024,11,61,6138,-3182,1730419200000
2025,10,79,111536,2368615.4000000004,1516987.0799999998,235382.21000000002,13.600873977908476,2.1103698357480996,2025,10,79,96262,15274,1759276800000
2019,1,260,4133,75415.07,63198.8,5548.31,15.29126542463102,1.3424413259133803,2019,1,260,8196,-4063,1546300800000
2019,9,164,151500,2767578.9400000004,1840460.53,323651.77999999997,12.148254323432344,2.1363153795379537,2019,9,164,137517,13983,1567296000000
2021,6,26,257,8790.91,7561.09,96.12,29.42058365758755,0.3740077821011673,2021,6,26,1000,-743,1622505600000
2023,7,230,100301,2767472.9200000004,1891823.8,324895.44999999995,18.86146499037896,3.23920449447164,2023,7,230,98006,2295,1688169600000
2024,1,246,50558,1188933.77,788167.2,152887.9,15.589366667985283,3.024010047865817,2024,1,246,57795,-7237,1704067200000
2024,3,224,6191,137052.7,99129.37,10887.59,16.01185107413988,1.758615732514941,2024,3,224,15020,-8829,1709251200000
2024,5,16,116,4096.58,3704.69,172.05,31.93698275862069,1.483189655172414,2024,5,16,698,-582,1714521600000
2016,6,52,7664,147250.28,119685.0,18539.33,15.61651878914405,2.41901487473904,2016,6,52,9828,-2164,1464739200000
2016,4,25,14623,242827.86000000002,198252.15,27183.2,13.557556588935238,1.8589345551528416,2016,4,25,23141,-8518,1459468800000
2017,11,178,93,994.86,836.5,42.44,8.994623655913978,0.45634408602150534,2017,11,178,629,-536,1509494400000
2021,6,214,3,228.4,170.75,0.0,56.916666666666664,0.0,2021,6,214,49,-46,1622505600000
2018,11,98,154,4780.57,4242.38,168.19,27.547922077922077,1.092142857142857,2018,11,98,946,-792,1541030400000
2019,12,134,633,30746.78,24655.89,3177.12,38.95085308056872,5.01914691943128,2019,12,134,2339,-1706,1575158400000
2023,5,146,1857,45081.44,35255.92,3922.5099999999998,18.98541733979537,2.112283252557889,2023,5,146,3434,-1577,1682899200000
2024,8,38,214,11075.06,10222.38,234.24,47.76813084112149,1.0945794392523365,2024,8,38,769,-555,1722470400000
2025,6,111,24,678.81,551.5600000000001,0.0,22.98166666666667,0.0,2025,6,111,55,-31,1748736000000
2020,1,125,32524,567540.0200000001,373007.45,71852.07,11.468683126306727,2.2092015127290616,2020,1,125,30336,2188,1577836800000
2018,6,163,229181,3534024.46,2810430.87,402265.75000000006,12.262931351202761,1.755231672782648,2018,6,163,206187,22994,1527811200000
2022,9,258,98,3491.68,3178.55,144.03,32.43418367346939,1.4696938775510204,2022,9,258,770,-672,1661990400000
2021,7,247,583,15911.11,13192.19,619.43,22.62811320754717,1.0624871355060033,2021,7,247,1609,-1026,1625097600000
2019,3,203,498,22492.64,20925.32,215.74,42.01871485943775,0.4332128514056225,2019,3,203,1276,-778,1551398400000
2017,2,55,55,1437.46,1260.49,113.49000000000001,22.918,2.0634545454545457,2017,2,55,693,-638,1485907200000
2022,10,6,31,812.51,312.5,108.89,10.080645161290322,3.5125806451612904,2022,10,6,84,-53,1664582400000
2023,9,264,26357,740234.23,526738.0700000001,92698.94,19.98475054065334,3.5170520165420953,2023,9,264,31703,-5346,1693526400000
2020,7,63,377,18840.14,17063.32,488.85,45.26079575596817,1.296684350132626,2020,7,63,460,-83,1593561600000
2022,8,157,250,10947.84,8420.1,1338.89,33.6804,5.3555600000000005,2022,8,157,1216,-966,1659312000000
2016,6,198,498,8553.2,7105.92,779.5699999999999,14.268915662650603,1.5654016064257026,2016,6,198,7748,-7250,1464739200000
2022,4,210,93,4209.38,3847.81,31.82,41.37430107526882,0.3421505376344086,2022,4,210,543,-450,1648771200000
2021,5,263,64853,1038034.5800000001,670503.1,129538.53,10.338813933048586,1.9974176984873484,2021,5,263,60141,4712,1619827200000
2019,2,228,729,21010.78,18249.51,1050.78,25.03362139917695,1.4413991769547325,2019,2,228,4150,-3421,1548979200000
2016,2,209,19496,357181.87,292040.68,40910.36,14.979517849815347,2.0983976200246204,2016,2,209,26988,-7492,1454284800000
2017,3,72,147,3199.2000000000003,2678.6,273.41,18.221768707482994,1.8599319727891157,2017,3,72,1501,-1354,1488326400000
2019,8,34,111,1899.23,1500.34,183.09,13.516576576576576,1.6494594594594596,2019,8,34,652,-541,1564617600000
2020,9,160,118,3775.04,3163.22,247.99,26.806949152542373,2.1016101694915257,2020,9,160,603,-485,1598918400000
2025,8,83,1155,32753.33,25921.46,3024.99,22.44282251082251,2.619038961038961,2025,8,83,1829,-674,1754006400000
2019,7,184,30,1165.75,1088.97,10.96,36.299,0.36533333333333334,2019,7,184,95,-65,1561939200000
2025,2,203,365,13624.31,12700.46,75.33,34.79578082191781,0.20638356164383562,2025,2,203,823,-458,1738368000000
2022,10,31,22,935.15,740.9,120.45,33.67727272727273,5.4750000000000005,2022,10,31,241,-219,1664582400000
2025,8,43,46131,1004181.77,650901.47,121296.71,14.10984955886497,2.6293969348160675,2025,8,43,32739,13392,1754006400000
2018,12,155,650,24316.71,22152.63,537.87,34.080969230769234,0.8274923076923077,2018,12,155,1456,-806,1543622400000
2025,2,167,746,20436.83,18540.78,36.38,24.853592493297587,0.048766756032171586,2025,2,167,696,50,1738368000000
2025,10,72,2310,61310.13,56451.67,43.31,24.43795238095238,0.01874891774891775,2025,10,72,2566,-256,1759276800000
2020,10,205,521,20570.06,17919.71,1420.91,34.39483685220729,2.727274472168906,2020,10,205,983,-462,1601510400000
2021,4,25,1338,35004.85,29477.81,1872.92,22.031248131539613,1.3997907324364725,2021,4,25,3174,-1836,1617235200000
2019,4,58,16,592.96,490.82,25.49,30.67625,1.593125,2019,4,58,206,-190,1554076800000
2018,9,70,1344,43811.46,37358.42,3563.19,27.796443452380952,2.651183035714286,2018,9,70,3927,-2583,1535760000000
2020,12,213,756,24719.93,20469.05,1963.03,27.075462962962963,2.596600529100529,2020,12,213,1184,-428,1606780800000
2017,5,64,28,1076.89,928.06,83.76,33.144999999999996,2.9914285714285715,2017,5,64,826,-798,1493596800000
2023,2,73,24,679.3199999999999,608.3,4.32,25.34583333333333,0.18000000000000002,2023,2,73,199,-175,1675209600000
2025,6,45,9787,261814.62,189912.77,16985.21,19.40459487074691,1.7354868703382036,2025,6,45,14063,-4276,1748736000000
2023,1,15,34,1603.49,1411.24,101.45,41.50705882352941,2.9838235294117648,2023,1,15,359,-325,1672531200000
2019,9,27,11,460.48,402.35,0.0,36.57727272727273,0.0,2019,9,27,80,-69,1567296000000
2017,5,105,9,216.0,178.0,15.5,19.77777777777778,1.7222222222222223,2017,5,105,10,-1,1493596800000
2016,2,138,262590,10861970.94,8152054.39,1436543.0,31.044801363342092,5.470669103926273,2016,2,138,122305,140285,1454284800000
2023,3,195,112,4046.13,3141.4,381.98,28.048214285714288,3.4105357142857144,2023,3,195,757,-645,1677628800000
2025,8,7,8391,193374.96,155555.18,3647.59,18.538336312716005,0.43470265760934335,2025,8,7,12312,-3921,1754006400000
2025,11,124,547,17946.73,15391.79,726.29,28.13855575868373,1.3277696526508227,2025,11,124,1360,-813,1761955200000
2024,4,41,10999,240963.23,189781.64,16297.07,17.25444494954087,1.4816865169560869,2024,4,41,21464,-10465,1711929600000
2024,10,28,590,25995.829999999998,21977.52,1837.8300000000002,37.250033898305084,3.1149661016949155,2024,10,28,1275,-685,1727740800000
2023,4,39,311,13629.0,12127.130000000001,407.9,38.99398713826367,1.3115755627009646,2023,4,39,1113,-802,1680307200000
2021,3,56,369,13587.94,11091.35,479.49,30.057859078590788,1.2994308943089432,2021,3,56,892,-523,1614556800000
2025,7,141,75918,1542749.17,987678.96,168513.15,13.009812692642061,2.219673200031613,2025,7,141,85924,-10006,1751328000000
2024,4,106,284,8843.62,7529.5199999999995,339.32,26.51239436619718,1.1947887323943662,2024,4,106,1093,-809,1711929600000
2020,3,34,61,1143.45,929.89,100.67,15.244098360655737,1.650327868852459,2020,3,34,324,-263,1583020800000
2021,5,195,209,7437.6900000000005,6181.13,279.22,29.574784688995216,1.3359808612440194,2021,5,195,814,-605,1619827200000
2022,10,215,484,30210.48,24177.54,2948.5299999999997,49.953595041322316,6.092004132231405,2022,10,215,1000,-516,1664582400000
2025,2,74,11897,241629.65,192623.9,9159.0,16.190964108598806,0.7698579473816929,2025,2,74,25230,-13333,1738368000000
2021,12,153,51,1641.94,1433.95,45.29,28.116666666666667,0.8880392156862745,2021,12,153,149,-98,1638316800000
2017,2,151,78693,1033962.78,830225.86,110876.06,10.55018692895175,1.4089697940096324,2017,2,151,72085,6608,1485907200000
2020,5,239,9477,137385.77000000002,87546.14,16403.31,9.237748232563048,1.730854700854701,2020,5,239,7847,1630,1588291200000
2024,7,187,1,78.29,74.29,0.0,74.29,0.0,2024,7,187,16,-15,1719792000000
2024,6,153,72,2228.58,2020.81,32.91,28.066805555555554,0.4570833333333333,2024,6,153,128,-56,1717200000000
2020,3,253,9,447.34000000000003,352.0,53.04,39.111111111111114,5.8933333333333335,2020,3,253,94,-85,1583020800000
2022,6,43,59659,1047064.57,693308.16,136785.96000000002,11.621183057040849,2.292796728071205,2022,6,43,46226,13433,1654041600000
2024,5,5,1,41.5,20.0,20.0,20.0,20.0,2024,5,5,18,-17,1714521600000
2024,9,61,2871,85327.99,78262.88,1701.67,27.25979797979798,0.5927098571926158,2024,9,61,6269,-3398,1725148800000
2019,4,259,264,10210.79,9140.58,82.14,34.62340909090909,0.31113636363636366,2019,4,259,910,-646,1554076800000
2025,8,135,538,15461.289999999999,13420.69,165.76,24.945520446096655,0.30810408921933086,2025,8,135,1643,-1105,1754006400000
2025,10,14,1843,56579.43,48230.29,766.27,26.16944655453066,0.41577319587628864,2025,10,14,4301,-2458,1759276800000
2016,7,259,73,1170.95,988.37,98.29,13.539315068493151,1.3464383561643836,2016,7,259,1359,-1286,1467331200000
2016,11,4,28419,424081.58,344876.46,44770.97,12.135418558006968,1.5753886484394244,2016,11,4,50215,-21796,1477958400000
2018,2,140,146977,1993019.34,1589351.32,228514.25999999998,10.81360566619267,1.5547620375977191,2018,2,140,152701,-5724,1517443200000
2020,3,95,814,16563.31,13638.12,980.55,16.754447174447176,1.2046068796068796,2020,3,95,3801,-2987,1583020800000
2024,12,263,68993,1462850.28,951686.04,183753.25,13.793950690649776,2.663360775730871,2024,12,263,75813,-6820,1733011200000
2018,7,188,1129,20975.01,18710.49,804.01,16.572621789193978,0.7121434898139947,2018,7,188,5781,-4652,1530403200000
2022,12,4,4307,105602.08,75125.18,13359.75,17.442577199907127,3.1018690503830975,2022,12,4,13833,-9526,1669852800000
2024,12,162,127817,3215239.18,2154034.87,424035.09,16.852491217913112,3.317517153430295,2024,12,162,107568,20249,1733011200000
2021,11,22,147,5904.21,5185.34,45.47,35.274421768707484,0.30931972789115647,2021,11,22,624,-477,1635724800000
2017,11,226,14657,254464.38,213656.15,20482.98,14.577072388619772,1.397487889745514,2017,11,226,22819,-8162,1509494400000
2023,3,99,2,0.0,0.0,0.0,0.0,0.0,2023,3,99,4,-2,1677628800000
2019,9,84,4,425.06,403.5,0.0,100.875,0.0,2019,9,84,47,-43,1567296000000
2016,11,94,78,1310.0,1120.9,82.17,14.370512820512822,1.0534615384615384,2016,11,94,717,-639,1477958400000
2020,9,121,262,9442.05,8081.76,647.37,30.846412213740457,2.4708778625954197,2020,9,121,474,-212,1598918400000
2017,10,54,493,8839.58,7122.43,1069.75,14.44711967545639,2.1698782961460448,2017,10,54,2831,-2338,1506816000000
2020,7,250,251,9656.08,8332.29,474.71,33.19637450199203,1.8912749003984064,2020,7,250,404,-153,1593561600000
2021,5,161,80662,1297394.72,834645.71,161131.69,10.347446257221492,1.9976158538097246,2021,5,161,73630,7032,1619827200000
2022,12,3,69,2028.9099999999999,1837.8700000000001,8.69,26.635797101449278,0.12594202898550724,2022,12,3,231,-162,1669852800000
2020,8,219,247,11929.99,10749.94,491.4,43.52202429149798,1.9894736842105263,2020,8,219,662,-415,1596240000000
2019,4,159,762,18038.49,15777.82,218.06,20.705800524934382,0.2861679790026247,2019,4,159,2265,-1503,1554076800000
2017,6,87,81088,1717934.6400000001,1390854.5,212445.21,17.15240849447514,2.6199340222967638,2017,6,87,84837,-3749,1496275200000
2024,6,235,341,12311.52,11397.63,80.83,33.4241348973607,0.23703812316715542,2024,6,235,577,-236,1717200000000
2024,11,162,121219,2926076.7199999997,1938491.54,384710.92000000004,15.991647678994218,3.1736849833771936,2024,11,162,104206,17013,1730419200000
2025,10,245,19,584.11,454.07,0.0,23.89842105263158,0.0,2025,10,245,51,-32,1759276800000
2018,12,240,63,2222.15,1981.28,42.19,31.448888888888888,0.6696825396825397,2018,12,240,293,-230,1543622400000
2023,7,35,206,6372.66,5875.21,63.8,28.520436893203883,0.30970873786407765,2023,7,35,705,-499,1688169600000
2022,3,169,122,4052.0699999999997,3507.71,108.76,28.75172131147541,0.8914754098360657,2022,3,169,636,-514,1646092800000
2017,7,245,1,37.3,37.0,0.0,37.0,0.0,2017,7,245,92,-91,1498867200000
2023,12,244,2266,68100.93,56056.71,4790.98,24.738177405119153,2.114289496910856,2023,12,244,9617,-7351,1701388800000
2018,11,40,3941,69586.5,55011.24,8477.6,13.958700837350925,2.151129155036793,2018,11,40,8554,-4613,1541030400000
2023,1,43,49586,1076412.63,707368.11,139245.85,14.265480377525915,2.808168636308636,2023,1,43,36784,12802,1672531200000
2018,4,73,34,726.37,643.5,40.059999999999995,18.926470588235293,1.1782352941176468,2018,4,73,520,-486,1522540800000
2021,8,178,35,1079.2,937.38,16.32,26.782285714285713,0.4662857142857143,2021,8,178,287,-252,1627776000000
2022,5,130,423,19738.62,15978.82,1769.55,37.77498817966903,4.183333333333334,2022,5,130,1891,-1468,1651363200000
2022,4,188,466,15365.699999999999,13313.82,963.78,28.570429184549354,2.0681974248927038,2022,4,188,2647,-2181,1648771200000
2023,9,178,38,1444.41,1269.75,40.32,33.41447368421053,1.0610526315789475,2023,9,178,228,-190,1693526400000
2019,1,126,283,8361.07,7509.33,39.93,26.534734982332154,0.14109540636042403,2019,1,126,1016,-733,1546300800000
2020,4,191,65,2184.17,1904.68,110.55,29.302769230769233,1.7007692307692308,2020,4,191,133,-68,1585699200000
2021,3,182,410,13966.23,11495.84,97.0,28.038634146341465,0.23658536585365852,2021,3,182,823,-413,1614556800000
2021,5,50,17836,308883.75,206684.65,36476.62,11.588060663825969,2.045112132765194,2021,5,50,26680,-8844,1619827200000
2019,5,67,186,6306.28,5521.06,75.52,29.683118279569893,0.40602150537634407,2019,5,67,1307,-1121,1556668800000
2023,5,242,221,7199.23,6513.83,77.0,29.474343891402714,0.34841628959276016,2023,5,242,537,-316,1682899200000
2021,1,214,8,488.52,405.17,7.75,50.64625,0.96875,2021,1,214,42,-34,1609459200000
2021,6,171,132,5056.89,4266.09,56.949999999999996,32.31886363636364,0.4314393939393939,2021,6,171,539,-407,1622505600000
2019,6,40,3177,59399.31,45087.91,7006.35,14.191976707585773,2.20533522190746,2019,6,40,7166,-3989,1559347200000
2020,5,141,11652,171410.88,111542.07,18648.74,9.572783213182287,1.6004754548575353,2020,5,141,9036,2616,1588291200000
2022,3,163,106308,1866163.1700000002,1206383.66,249019.80000000002,11.348004477555781,2.342437069646687,2022,3,163,89329,16979,1646092800000
2024,9,37,1603,49115.21,43618.15,968.84,27.21032439176544,0.6043917654398004,2024,9,37,4342,-2739,1725148800000
2025,6,161,178639,4696795.48,3131305.5300000003,525699.41,17.52867811620083,2.942803139292092,2025,6,161,151427,27212,1748736000000
2017,2,203,42,2286.38,1953.5,257.09000000000003,46.51190476190476,6.121190476190477,2017,2,203,689,-647,1485907200000
2022,1,171,35,1292.0,1157.15,12.15,33.06142857142857,0.34714285714285714,2022,1,171,388,-353,1640995200000
2023,2,206,3,250.21,182.60000000000002,0.0,60.866666666666674,0.0,2023,2,206,63,-60,1675209600000
2024,8,116,2384,60091.03,50075.38,3491.33,21.004773489932884,1.4644840604026845,2024,8,116,7106,-4722,1722470400000
2024,4,256,1848,56110.18,47196.74,2683.02,25.539361471861472,1.4518506493506493,2024,4,256,6752,-4904,1711929600000
2018,1,121,121,2362.1,2077.3,139.11,17.167768595041323,1.1496694214876033,2018,1,121,1291,-1170,1514764800000
2019,5,90,128549,2111614.06,1374991.35,252020.26,10.696243066846106,1.9604995760371533,2019,5,90,106824,21725,1556668800000
2022,2,76,307,10914.83,9992.89,159.09,32.550130293159604,0.5182084690553747,2022,2,76,1171,-864,1643673600000
2018,7,23,23,1716.3600000000001,1236.22,343.7,53.748695652173915,14.943478260869565,2018,7,23,199,-176,1530403200000
2016,6,207,386,5124.11,4111.51,429.49,10.65158031088083,1.1126683937823834,2016,6,207,444,-58,1464739200000
2019,4,156,25,885.57,763.54,49.72,30.5416,1.9888,2019,4,156,94,-69,1554076800000
2016,1,108,89,2734.27,2460.0,160.01,27.640449438202246,1.7978651685393257,2016,1,108,636,-547,1451606400000
2020,10,134,306,10769.64,9202.17,687.5699999999999,30.07245098039216,2.246960784313725,2020,10,134,612,-306,1601510400000
2016,9,137,122885,1907192.25,1555721.92,191707.14,12.659982259836433,1.5600532204907027,2016,9,137,136669,-13784,1472688000000
2020,5,127,193,5407.3,4560.96,303.35,23.631917098445594,1.5717616580310882,2020,5,127,688,-495,1588291200000
2022,5,250,75,2294.45,1986.9,90.0,26.492,1.2,2022,5,250,303,-228,1651363200000
2023,7,259,88,3688.42,3305.97,23.3,37.567840909090904,0.26477272727272727,2023,7,259,389,-301,1688169600000
2016,8,227,114,2276.91,1912.0,161.71,16.771929824561404,1.4185087719298246,2016,8,227,2604,-2490,1470009600000
2018,3,195,413,9997.81,7937.5,1068.28,19.21912832929782,2.586634382566586,2018,3,195,3381,-2968,1519862400000
2018,4,231,162638,2659006.59,2131416.43,319321.43,13.105279393499675,1.9633875846973032,2018,4,231,154563,8075,1522540800000
2021,11,167,172,5962.19,5058.48,102.03,29.409767441860463,0.5931976744186046,2021,11,167,569,-397,1635724800000
2020,12,148,6134,108870.26,75591.98,11413.47,12.323439843495272,1.860689598956635,2020,12,148,7706,-1572,1606780800000
2024,7,117,331,16067.86,15067.45,4.0,45.52099697885197,0.012084592145015106,2024,7,117,475,-144,1719792000000
2024,8,115,7,268.95,180.73,20.2,25.818571428571428,2.8857142857142857,2024,8,115,64,-57,1722470400000
2018,8,137,102439,1378403.87,1093356.62,151361.09,10.67324573648708,1.477572897041166,2018,8,137,113181,-10742,1533081600000
2016,9,186,343885,5166832.28,4186578.21,542999.89,12.1743554095119,1.5790159210201085,2016,9,186,279879,64006,1472688000000
2022,11,29,101,3261.77,2842.62,102.89999999999999,28.144752475247525,1.0188118811881188,2022,11,29,456,-355,1667260800000
2020,9,119,367,11460.87,9875.33,702.25,26.90825613079019,1.9134877384196185,2020,9,119,907,-540,1598918400000
2019,2,3,230,8494.41,7594.65,40.7,33.02021739130435,0.17695652173913046,2019,2,3,699,-469,1548979200000
2017,11,32,41,899.82,804.0,14.82,19.609756097560975,0.36146341463414633,2017,11,32,602,-561,1509494400000
2020,12,206,32,2222.76,1855.79,68.21,57.9934375,2.1315625,2020,12,206,84,-52,1606780800000
2025,1,162,117930,2673901.04,1657759.14,346812.85,14.057145255660137,2.940836513185788,2025,1,162,93799,24131,1735689600000
2023,1,210,110,5029.42,4523.860000000001,106.96000000000001,41.126000000000005,0.9723636363636364,2023,1,210,463,-353,1672531200000
2022,9,236,131590,2220364.1399999997,1436222.1,296994.86,10.914371152823163,2.2569713504065656,2022,9,236,132317,-727,1661990400000
2018,5,81,168,6277.5,5543.5,208.15,32.99702380952381,1.2389880952380952,2018,5,81,653,-485,1525132800000
2018,4,207,359,5561.38,4442.85,592.56,12.375626740947077,1.65058495821727,2018,4,207,381,-22,1522540800000
2025,7,12,2320,68731.56,49633.37,6431.58,21.393693965517244,2.7722327586206896,2025,7,12,3337,-1017,1751328000000
2024,6,2,3,238.51999999999998,178.7,27.19,59.56666666666666,9.063333333333334,2024,6,2,7,-4,1717200000000
2022,12,142,122335,2338953.89,1521170.8699999999,311046.65,12.434469857358891,2.5425810275064373,2022,12,142,97576,24759,1669852800000
2022,11,11,28,1487.45,1342.13,34.22,47.93321428571429,1.2221428571428572,2022,11,11,185,-157,1667260800000
2018,3,255,10178,160513.56999999998,127919.77,19035.24,12.568261937512283,1.8702338376891336,2018,3,255,25562,-15384,1519862400000
2021,5,169,444,14824.25,12909.24,181.25,29.074864864864864,0.40822072072072074,2021,5,169,995,-551,1619827200000
2019,7,109,9,478.2,448.7,2.86,49.855555555555554,0.31777777777777777,2019,7,109,77,-68,1561939200000
2018,12,152,7794,111922.12,93140.79,8537.62,11.950319476520399,1.0954092891968181,2018,12,152,13306,-5512,1543622400000
2023,1,256,967,28467.69,21613.11,3496.63,22.35068252326784,3.6159565667011377,2023,1,256,6842,-5875,1672531200000
2016,9,59,6,205.22,185.8,13.62,30.96666666666667,2.27,2016,9,59,70,-64,1472688000000
2016,8,246,156168,2262684.61,1801865.94,256247.87,11.537997156907945,1.640847484760002,2016,8,246,188973,-32805,1470009600000
2018,6,210,233,8365.75,7672.5,111.97,32.92918454935622,0.48055793991416307,2018,6,210,1203,-970,1527811200000
2019,2,73,68,1817.53,1665.03,22.48,24.485735294117646,0.3305882352941176,2019,2,73,437,-369,1548979200000
2016,11,120,47,1212.31,946.25,174.34,20.132978723404257,3.7093617021276595,2016,11,120,449,-402,1477958400000
2019,11,73,44,1170.57,1014.01,18.060000000000002,23.04568181818182,0.4104545454545455,2019,11,73,445,-401,1572566400000
2021,1,171,160,6697.68,5542.17,201.61,34.6385625,1.2600625,2021,1,171,349,-189,1609459200000
2022,6,27,2,82.6,81.0,0.0,40.5,0.0,2022,6,27,67,-65,1654041600000
2023,9,223,664,30470.51,23557.03,3041.91,35.477454819277106,4.581189759036144,2023,9,223,3934,-3270,1693526400000
2023,12,121,169,5488.15,4821.57,173.88,28.529999999999998,1.0288757396449704,2023,12,121,620,-451,1701388800000
2020,5,132,3338,164985.73,136501.32,15305.06,40.89314559616537,4.585098861593768,2020,5,132,783,2555,1588291200000
2020,1,149,239,7844.58,6986.82,27.84,29.233556485355646,0.11648535564853556,2020,1,149,974,-735,1577836800000
2024,1,11,58,2301.28,2095.36,76.91,36.12689655172414,1.3260344827586206,2024,1,11,197,-139,1704067200000
2016,10,140,187658,2725793.85,2203319.64,298480.89,11.741144209146427,1.5905577699858253,2016,10,140,191663,-4005,1475280000000
2020,12,54,42,1028.46,798.43,100.61,19.010238095238094,2.3954761904761903,2020,12,54,246,-204,1606780800000
2024,4,178,78,2304.79,2081.05,5.08,26.680128205128206,0.06512820512820514,2024,4,178,259,-181,1711929600000
2021,1,42,5173,93754.68000000001,78121.01,5486.62,15.10168374250918,1.060626329016045,2021,1,42,11858,-6685,1609459200000
2024,6,253,26,988.49,815.66,59.81,31.37153846153846,2.3003846153846155,2024,6,253,53,-27,1717200000000
2025,1,195,804,36230.93,29780.71,2415.28,37.04068407960199,3.00407960199005,2025,1,195,1415,-611,1735689600000
2022,8,237,131652,2000453.72,1261243.81,258493.9,9.580134065566797,1.9634635250508916,2022,8,237,114970,16682,1659312000000
2025,1,132,146138,10573289.96,8141348.4,1272992.1700000002,55.71000287399581,8.710890870273305,2025,1,132,30937,115201,1735689600000
2019,7,265,4148,344885.46,297130.39,34179.13,71.63220588235295,8.239905978784956,2019,7,265,18825,-14677,1561939200000
2025,3,162,128909,3039081.2,1908324.5,388778.82,14.803656067458439,3.015916809532306,2025,3,162,108968,19941,1740787200000
2023,2,66,610,18886.32,14532.44,2099.83,23.823672131147543,3.442344262295082,2023,2,66,3547,-2937,1675209600000
2019,11,30,2,63.39,56.5,0.0,28.25,0.0,2019,11,30,36,-34,1572566400000
2021,8,95,494,16656.52,13654.58,615.28,27.64085020242915,1.2455060728744938,2021,8,95,4092,-3598,1627776000000
2016,5,102,133,3519.42,3012.03,293.23,22.646842105263158,2.2047368421052633,2016,5,102,1830,-1697,1462060800000
2024,12,259,184,8172.88,7410.19,82.15,40.272771739130434,0.44646739130434787,2024,12,259,445,-261,1733011200000
2023,4,56,204,8600.09,7174.24,560.85,35.1678431372549,2.749264705882353,2023,4,56,879,-675,1680307200000
2019,9,262,79271,1313409.04,864249.68,155306.74,10.902469755648346,1.9591873446783816,2019,9,262,84746,-5475,1567296000000
2022,11,254,147,5605.889999999999,4993.41,52.13,33.96877551020408,0.35462585034013605,2022,11,254,426,-279,1667260800000
2022,6,132,169981,10388675.9,7967025.85,1221492.7100000002,46.870096363711234,7.186054382548639,2022,6,132,54402,115579,1654041600000
2020,2,163,177664,3078977.6900000004,2019240.77,379538.15,11.365503253332133,2.1362693061059077,2020,2,163,154046,23618,1580515200000
2024,9,68,104585,2714216.56,1872238.5999999999,330979.55,17.901597743462254,3.164694267820433,2024,9,68,97963,6622,1725148800000
2021,9,225,577,19814.36,16739.53,1229.07,29.011317157712302,2.130103986135182,2021,9,225,3033,-2456,1630454400000
2022,4,6,3,31.5,14.0,0.0,4.666666666666667,0.0,2022,4,6,53,-50,1648771200000
2018,4,63,123,4350.35,3869.89,269.09000000000003,31.46252032520325,2.1877235772357726,2018,4,63,934,-811,1522540800000
2019,5,34,246,4408.42,3480.65,415.56,14.148983739837398,1.6892682926829268,2019,5,34,973,-727,1556668800000
2020,10,203,207,9176.66,7962.96,519.88,38.46840579710145,2.511497584541063,2020,10,203,451,-244,1601510400000
2017,3,113,172543,2378940.04,1880412.35,285081.74,10.898224500559282,1.652235906411735,2017,3,113,150515,22028,1488326400000
2016,4,96,28,497.49,410.0,42.01,14.642857142857142,1.5003571428571427,2016,4,96,230,-202,1459468800000
2021,7,217,123,3417.89,2873.71,151.08,23.36349593495935,1.2282926829268295,2021,7,217,1042,-919,1625097600000
2021,12,202,125,3960.96,3265.27,323.84000000000003,26.12216,2.59072,2021,12,202,1651,-1526,1638316800000
2022,7,102,59,1880.81,1659.78,86.03,28.13186440677966,1.458135593220339,2022,7,102,590,-531,1656633600000
2023,6,217,126,3812.09,3143.82,307.87,24.950952380952383,2.4434126984126983,2023,6,217,1410,-1284,1685577600000
2020,11,192,115,3582.21,3167.59,249.01,27.544260869565218,2.165304347826087,2020,11,192,232,-117,1604188800000
2024,2,66,869,25985.77,20749.11,2218.69,23.876996547756043,2.5531530494821633,2024,2,66,3651,-2782,1706745600000
2025,5,226,9785,285029.78,230089.36,17259.9,23.51449770056208,1.7639141543178336,2025,5,226,9064,721,1746057600000
2025,11,11,317,9683.69,8910.35,64.65,28.108359621451104,0.20394321766561516,2025,11,11,576,-259,1761955200000
2023,1,246,46262,1076744.28,709423.52,139502.76,15.334908131944145,3.015493493580044,2023,1,246,55244,-8982,1672531200000
2024,10,15,80,3064.52,2729.81,17.2,34.122625,0.215,2024,10,15,420,-340,1727740800000
2016,1,188,1930,31804.54,26593.05,2911.25,13.778782383419689,1.508419689119171,2016,1,188,9717,-7787,1451606400000
2021,10,95,474,15394.84,12431.32,798.75,26.226413502109704,1.6851265822784811,2021,10,95,3935,-3461,1633046400000
2016,10,235,149,2699.73,2205.95,304.03,14.805033557046979,2.040469798657718,2016,10,235,1839,-1690,1475280000000
2016,6,55,120,3319.18,2726.54,423.13,22.721166666666665,3.5260833333333332,2016,6,55,1254,-1134,1464739200000
2019,2,248,235,7569.2300000000005,6760.71,79.32000000000001,28.768978723404256,0.33753191489361706,2019,2,248,895,-660,1548979200000
2020,2,237,276303,4029817.5,2535330.83,489874.1,9.175907717252437,1.7729597579468916,2020,2,237,250889,25414,1580515200000
2020,7,231,5891,123775.96,90907.71,12270.55,15.431626209472077,2.082931590561874,2020,7,231,7436,-1545,1593561600000
2019,9,142,192236,3199280.7199999997,2102720.3,381367.80000000005,10.938223329657296,1.9838521400778213,2019,9,142,174624,17612,1567296000000
2019,9,94,105,2870.57,2502.6,27.59,23.834285714285713,0.26276190476190475,2019,9,94,521,-416,1567296000000
2018,4,35,345,8864.45,8226.81,136.42,23.84582608695652,0.39542028985507244,2018,4,35,1371,-1026,1522540800000
2021,7,211,19299,353529.47000000003,237342.08,44800.380000000005,12.298154308513395,2.32138349137261,2021,7,211,24284,-4985,1625097600000
2022,9,195,276,11191.25,8787.63,1130.77,31.83923913043478,4.096992753623188,2022,9,195,1397,-1121,1661990400000
2023,12,95,602,21121.68,18081.7,1165.76,30.03604651162791,1.9364784053156145,2023,12,95,3920,-3318,1701388800000
2016,5,37,6636,101116.56,81691.23,10848.61,12.310311934900541,1.6348116335141651,2016,5,37,25696,-19060,1462060800000
2017,2,40,5494,96024.68000000001,76404.12,11380.71,13.906829268292682,2.071479796141245,2017,2,40,11745,-6251,1485907200000
2019,6,231,117176,2308911.2699999996,1595300.54,275081.88,13.614567317539429,2.3475957533966,2019,6,231,112583,4593,1559347200000
2021,2,187,14,1107.29,809.37,100.0,57.81214285714286,7.142857142857143,2021,2,187,33,-19,1612137600000
2022,2,41,9872,153183.96,115681.41,16110.3,11.718133103727714,1.6319185575364668,2022,2,41,21476,-11604,1643673600000
2021,8,33,1883,48514.54,37905.83,5779.46,20.13055231014339,3.0692830589484865,2021,8,33,6833,-4950,1627776000000
2019,9,44,36,1582.6499999999999,1503.49,0.0,41.76361111111111,0.0,2019,9,44,73,-37,1567296000000
2025,9,136,562,18117.65,16604.96,70.86,29.546192170818504,0.12608540925266903,2025,9,136,992,-430,1756684800000
2023,5,224,4515,112090.88,76664.72,13493.81,16.98000442967885,2.9886622369878184,2023,5,224,13044,-8529,1682899200000
2019,3,105,10,171.55,117.0,19.1,11.7,1.9100000000000001,2019,3,105,4,6,1551398400000
2017,12,128,57,1409.25,1156.0,149.96,20.280701754385966,2.630877192982456,2017,12,128,523,-466,1512086400000
2025,3,159,1506,40586.81,36480.74,97.92,24.223598937583,0.0650199203187251,2025,3,159,1605,-99,1740787200000
2020,5,148,1166,21461.2,15959.37,1495.44,13.68728130360206,1.2825385934819897,2020,5,148,1404,-238,1588291200000
2020,12,194,138,5130.82,3622.68,534.44,26.251304347826085,3.872753623188406,2020,12,194,359,-221,1606780800000
2019,9,185,224,5867.66,5020.8,253.79000000000002,22.414285714285715,1.1329910714285716,2019,9,185,819,-595,1567296000000
2019,1,60,214,5893.62,5206.56,97.12,24.329719626168227,0.4538317757009346,2019,1,60,703,-489,1546300800000
2024,12,16,108,3913.6,3560.75,76.57,32.969907407407405,0.7089814814814814,2024,12,16,659,-551,1733011200000
2021,1,17,736,20295.31,17304.56,1068.96,23.51163043478261,1.452391304347826,2021,1,17,2320,-1584,1609459200000
2017,7,214,7,225.1,218.5,0.0,31.214285714285715,0.0,2017,7,214,170,-163,1498867200000
2025,3,168,3327,89671.96,79287.35,394.36,23.831484821160206,0.11853321310489931,2025,3,168,3126,201,1740787200000
2023,8,149,71,2679.96,2372.5,33.19,33.41549295774648,0.46746478873239433,2023,8,149,497,-426,1690848000000
2025,8,222,977,28939.43,27037.19,73.31,27.673684749232343,0.07503582395087001,2025,8,222,1365,-388,1754006400000
2020,6,87,2087,50758.07,37762.51,5237.17,18.094159080019168,2.509425011978917,2020,6,87,2562,-475,1590969600000
2021,11,96,9,377.34,323.69,0.0,35.965555555555554,0.0,2021,11,96,65,-56,1635724800000
2016,12,234,335355,4761859.87,3764129.67,559846.55,11.224313548329382,1.6694146501468594,2016,12,234,283623,51732,1480550400000
2017,11,117,12,1245.96,1191.22,38.16,99.26833333333333,3.1799999999999997,2017,11,117,316,-304,1509494400000
2021,8,55,343,18210.33,16012.81,118.55,46.68457725947522,0.3456268221574344,2021,8,55,858,-515,1627776000000
2017,9,37,2248,34596.1,28510.84,3091.56,12.682758007117437,1.3752491103202846,2017,9,37,13073,-10825,1504224000000
2017,1,12,3062,58496.1,49937.2,4944.26,16.308687132593075,1.6147158719790986,2017,1,12,5525,-2463,1483228800000
2020,2,55,197,7360.09,6554.5,21.17,33.27157360406091,0.10746192893401016,2020,2,55,895,-698,1580515200000
2018,11,162,275973,4239972.58,3338129.39,518138.72000000003,12.095854993060916,1.8774978711685564,2018,11,162,245250,30723,1541030400000
2021,3,28,315,12417.09,10215.65,650.47,32.43063492063492,2.064984126984127,2021,3,28,833,-518,1614556800000
2018,4,66,4652,87002.04000000001,71660.61,9832.79,15.404258383490971,2.1136693895098886,2018,4,66,13819,-9167,1522540800000
2022,3,213,210,7831.29,6847.85,105.84,32.608809523809526,0.504,2022,3,213,697,-487,1646092800000
2022,7,49,441,12292.36,9989.789999999999,1481.6200000000001,22.652585034013605,3.35968253968254,2022,7,49,4398,-3957,1656633600000
2025,7,133,1132,33437.77,27857.11,266.94,24.60875441696113,0.23581272084805655,2025,7,133,1731,-599,1751328000000
2021,12,82,467,13559.01,10786.44,1128.64,23.097301927194863,2.4167880085653106,2021,12,82,2293,-1826,1638316800000
2020,4,262,4313,62394.59,39757.08,7507.57,9.2179642939949,1.7406839786691397,2020,4,262,3957,356,1585699200000
2024,11,197,1362,53406.64,46985.53,3174.46,34.49745227606461,2.3307342143906022,2024,11,197,1780,-418,1730419200000
2018,5,232,15226,267570.42,221051.56,27059.780000000002,14.518032313148561,1.7772087219230266,2018,5,232,42680,-27454,1525132800000
2018,11,169,335,9103.92,8107.58,161.77,24.201731343283583,0.4828955223880597,2018,11,169,1545,-1210,1541030400000
2020,1,70,862,31534.73,26082.54,2396.77,30.25816705336427,2.780475638051044,2020,1,70,3015,-2153,1577836800000
2020,10,20,210,5989.83,5059.55,524.2,24.093095238095238,2.4961904761904763,2020,10,20,406,-196,1601510400000
2020,10,172,2,92.3,78.46,0.0,39.23,0.0,2020,10,172,9,-7,1601510400000
2018,9,196,694,21660.96,18426.010000000002,1404.49,26.550446685878967,2.0237608069164263,2018,9,196,3000,-2306,1535760000000
2016,6,26,213,5637.24,5035.11,299.28000000000003,23.63901408450704,1.4050704225352113,2016,6,26,2480,-2267,1464739200000
2021,8,37,749,24725.84,19881.02,2385.52,26.543417890520693,3.184939919893191,2021,8,37,3769,-3020,1627776000000
2016,5,84,1,9.36,6.0,1.56,6.0,1.56,2016,5,84,87,-86,1462060800000
2018,5,53,89,2719.45,2461.1,63.97,27.652808988764043,0.7187640449438202,2018,5,53,941,-852,1525132800000
2019,12,80,1995,44485.9,35676.41,4222.07,17.882912280701756,2.116325814536341,2019,12,80,10438,-8443,1575158400000
2019,6,136,392,13213.88,11827.02,240.36,30.170969387755104,0.6131632653061225,2019,6,136,1194,-802,1559347200000
2018,11,175,138,4246.58,3750.54,180.87,27.17782608695652,1.3106521739130435,2018,11,175,717,-579,1541030400000
2022,1,105,1,16.8,13.5,0.0,13.5,0.0,2022,1,105,2,-1,1640995200000
2022,10,84,2,270.55,217.2,5.0,108.6,2.5,2022,10,84,30,-28,1664582400000
2016,5,123,153,2561.41,2155.51,223.84,14.088300653594773,1.4630065359477125,2016,5,123,1852,-1699,1462060800000
2023,2,135,171,5517.58,4868.33,95.75,28.469766081871345,0.5599415204678363,2023,2,135,873,-702,1675209600000
2021,11,238,76183,1304275.6,863522.26,170461.53,11.334841893860835,2.237527138600475,2021,11,238,83377,-7194,1635724800000
2022,5,197,320,15548.68,12762.09,1568.68,39.88153125,4.902125,2022,5,197,1373,-1053,1651363200000
2025,10,165,858,23245.38,21344.89,159.27,24.87749417249417,0.18562937062937065,2025,10,165,1644,-786,1759276800000
2025,10,3,359,12336.02,11215.66,16.11,31.241392757660165,0.044874651810584955,2025,10,3,743,-384,1759276800000
2018,1,1,571,50361.87,42463.17,5776.99,74.36632224168126,10.117320490367776,2018,1,1,14044,-13473,1514764800000
2018,8,154,39,2068.23,1690.33,87.56,43.34179487179487,2.2451282051282053,2018,8,154,98,-59,1533081600000
2020,3,153,91,1716.76,1538.05,34.99,16.90164835164835,0.38450549450549454,2020,3,153,167,-76,1583020800000
2020,5,2,1,6.09,2.5,0.0,2.5,0.0,2020,5,2,1,0,1588291200000
2025,1,60,272,8749.81,7741.21,9.2,28.46033088235294,0.033823529411764704,2025,1,60,300,-28,1735689600000
2018,11,102,182,5974.86,5156.55,259.09,28.33269230769231,1.4235714285714285,2018,11,102,1105,-923,1541030400000
2022,9,22,127,4875.63,4345.03,145.25,34.21283464566929,1.1437007874015748,2022,9,22,668,-541,1661990400000
2018,7,131,170,4647.28,4121.21,186.92,24.24241176470588,1.0995294117647059,2018,7,131,1175,-1005,1530403200000
2017,1,178,201,2142.5299999999997,1747.5,156.18,8.694029850746269,0.7770149253731343,2017,1,178,903,-702,1483228800000
2025,5,260,4321,103142.18,84246.78,3681.85,19.49705623698218,0.8520828511918537,2025,5,260,4512,-191,1746057600000
2020,1,52,3179,58561.55,43942.4,7523.67,13.822711544510852,2.3666782006920415,2020,1,52,5064,-1885,1577836800000
2025,11,151,33057,622629.39,416882.29,68220.52,12.611014006110656,2.0637238708896755,2025,11,151,35117,-2060,1761955200000
2020,1,24,18879,290364.11,207422.46,34040.94,10.986941045606228,1.8031113936119498,2020,1,24,21863,-2984,1577836800000
2021,7,121,220,7795.95,6603.14,157.81,30.01427272727273,0.7173181818181819,2021,7,121,794,-574,1625097600000
2025,2,54,299,7982.31,6084.7,216.46,20.350167224080266,0.7239464882943144,2025,2,54,813,-514,1738368000000
2022,3,210,120,5709.98,5252.2,20.58,43.76833333333333,0.17149999999999999,2022,3,210,531,-411,1646092800000
2022,7,83,208,5404.68,4416.4800000000005,497.26,21.233076923076926,2.390673076923077,2022,7,83,1030,-822,1656633600000
2017,1,156,9,1349.38,1192.8,85.14,132.53333333333333,9.46,2017,1,156,82,-73,1483228800000
2022,3,4,4389,89600.62,61617.99,11736.87,14.039186602870814,2.674155844155844,2022,3,4,14878,-10489,1646092800000
2017,1,168,1607,23247.760000000002,19880.44,1230.66,12.371151213441195,0.7658120721841942,2017,1,168,6996,-5389,1483228800000
2025,2,4,10660,226312.38,157329.62,12380.19,14.758876172607879,1.1613686679174484,2025,2,4,17659,-6999,1738368000000
2025,2,68,96957,2243425.77,1440922.6400000001,258599.5,14.861460647503534,2.667156574563982,2025,2,68,94187,2770,1738368000000
2016,4,112,9121,144004.39,115066.38,16412.61,12.615544348207434,1.7994309834447977,2016,4,112,37509,-28388,1459468800000
2020,5,219,188,8599.58,7584.13,249.72,40.341117021276595,1.3282978723404255,2020,5,219,276,-88,1588291200000
2020,8,260,644,14142.07,12012.22,854.46,18.65251552795031,1.326801242236025,2020,8,260,1510,-866,1596240000000
2017,5,256,13152,213845.83000000002,173829.72,23374.29,13.2169799270073,1.7772422445255476,2017,5,256,30762,-17610,1493596800000
2022,10,32,48,1590.86,1449.4,20.06,30.195833333333336,0.41791666666666666,2022,10,32,246,-198,1664582400000
2017,6,197,321,12574.01,10337.27,1180.28,32.20333333333333,3.676884735202492,2017,6,197,2070,-1749,1496275200000
2019,9,18,176,5949.01,5157.03,63.72,29.301306818181818,0.36204545454545456,2019,9,18,1039,-863,1567296000000
2025,10,5,5,225.35999999999999,218.35999999999999,0.0,43.672,0.0,2025,10,5,24,-19,1759276800000
2020,3,57,10,251.48,220.41,8.48,22.041,0.8480000000000001,2020,3,57,81,-71,1583020800000
2025,10,85,1548,41330.2,36239.32,175.38,23.410413436692505,0.11329457364341085,2025,10,85,2087,-539,1759276800000
2022,2,125,15114,273124.32,179950.11,37131.409999999996,11.906186978959903,2.4567559878258565,2022,2,125,13486,1628,1643673600000
2023,12,63,136,4509.53,4030.95,62.83,29.639338235294115,0.46198529411764705,2023,12,63,514,-378,1701388800000
2019,11,204,5,498.91,429.5,47.55,85.9,9.51,2019,11,204,42,-37,1572566400000
2022,10,256,1544,40731.89,31147.86,5526.04,20.17348445595855,3.579041450777202,2022,10,256,8082,-6538,1664582400000
2017,11,146,9674,140755.66,117646.21,11795.24,12.161071945420716,1.2192722762042587,2017,11,146,11533,-1859,1509494400000
2020,2,57,12,452.73,380.59,18.189999999999998,31.715833333333332,1.5158333333333331,2020,2,57,136,-124,1580515200000
2022,4,40,658,16961.46,12562.67,2284.38,19.092203647416415,3.4717021276595745,2022,4,40,3164,-2506,1648771200000
2024,2,71,356,11059.34,10260.01,47.97,28.820252808988766,0.13474719101123595,2024,2,71,724,-368,1706745600000
2019,12,118,40,2889.71,2724.5,80.78,68.1125,2.0195,2019,12,118,183,-143,1575158400000
2021,7,43,46170,754113.4700000001,496013.07,94885.61999999998,10.743189733593242,2.0551358024691355,2021,7,43,36396,9774,1625097600000
2018,12,73,58,1575.99,1348.91,97.53999999999999,23.25706896551724,1.6817241379310344,2018,12,73,430,-372,1543622400000
2023,6,258,93,3412.51,2979.67,201.39000000000001,32.0394623655914,2.165483870967742,2023,6,258,824,-731,1685577600000
2025,1,4,7482,159488.0,109059.74,11219.84,14.576281742849506,1.4995776530339482,2025,1,4,15013,-7531,1735689600000
2021,5,240,51,2062.05,1766.78,17.5,34.642745098039214,0.3431372549019608,2021,5,240,182,-131,1619827200000
2020,12,251,5,264.88,196.54,11.0,39.308,2.2,2020,12,251,13,-8,1606780800000
2018,6,100,177436,2626352.96,2112849.52,269584.56999999995,11.90767104758899,1.5193341261074413,2018,6,100,134090,43346,1527811200000
2022,11,69,163,4578.56,4035.4,206.10999999999999,24.757055214723927,1.2644785276073618,2022,11,69,1156,-993,1667260800000
2023,12,10,1040,75812.14,61075.66,7706.68,58.72659615384616,7.410269230769231,2023,12,10,2606,-1566,1701388800000
2025,2,100,50975,1132368.92,721920.9099999999,128260.45999999999,14.162254242275624,2.5161443845022067,2025,2,100,44091,6884,1738368000000
2019,11,221,7,470.19,340.5,60.94,48.642857142857146,8.705714285714285,2019,11,221,120,-113,1572566400000
2017,2,200,57,1458.32,1180.98,171.02,20.718947368421052,3.0003508771929828,2017,2,200,2854,-2797,1485907200000
2020,3,149,83,2197.63,2042.9,0.0,24.613253012048194,0.0,2020,3,149,462,-379,1583020800000
2018,4,62,550,9683.16,8608.05,411.38,15.650999999999998,0.7479636363636364,2018,4,62,3979,-3429,1522540800000
2016,8,219,629,39188.55,32730.92,3317.72,52.036438791732905,5.2745945945945945,2016,8,219,2414,-1785,1470009600000
2020,5,248,183,6172.91,5296.04,206.69,28.940109289617485,1.1294535519125684,2020,5,248,398,-215,1588291200000
2022,2,207,177,2307.21,1833.24,201.07,10.35728813559322,1.1359887005649718,2022,2,207,197,-20,1643673600000
2025,1,39,1827,52900.65,49331.93,164.47,27.00160372194855,0.09002189381499726,2025,1,39,2315,-488,1735689600000
2022,6,187,6,308.55,261.31,27.84,43.55166666666667,4.64,2022,6,187,24,-18,1654041600000
2022,8,63,94,3473.91,3073.11,121.55,32.69265957446809,1.2930851063829787,2022,8,63,624,-530,1659312000000
2025,6,196,1535,47495.53,40804.78,1228.64,26.582918566775245,0.8004169381107492,2025,6,196,2405,-870,1748736000000
2025,8,68,90807,2181951.29,1422591.91,246508.97,15.666104044842356,2.7146472188267423,2025,8,68,91297,-490,1754006400000
2016,9,152,10580,161611.1,133537.57,14080.79,12.621698487712665,1.3308875236294897,2016,9,152,17574,-6994,1472688000000
2022,10,56,207,9274.619999999999,7400.42,863.88,35.75082125603865,4.173333333333333,2022,10,56,929,-722,1664582400000
2023,1,62,132,3999.14,3496.85,201.74,26.49128787878788,1.5283333333333333,2023,1,62,1398,-1266,1672531200000
2021,1,88,2540,59055.0,43543.93,5972.69,17.143279527559056,2.3514527559055116,2021,1,88,2704,-164,1609459200000
2017,12,183,24,658.02,568.5,28.560000000000002,23.6875,1.1900000000000002,2017,12,183,451,-427,1512086400000
2018,3,102,107,2279.45,1992.5,102.3,18.621495327102803,0.9560747663551402,2018,3,102,1149,-1042,1519862400000
2025,8,207,446,17718.52,13753.64,2120.29,30.83775784753363,4.754013452914798,2025,8,207,277,169,1754006400000
2017,6,241,80,1436.46,1246.66,63.93,15.583250000000001,0.799125,2017,6,241,1642,-1562,1496275200000
2025,6,74,18539,435791.65,352006.57,13173.97,18.987354765629213,0.7106084470575543,2025,6,74,33874,-15335,1748736000000
2021,4,141,70019,1058944.29,673011.42,132048.06999999998,9.611839929162086,1.8858891158114224,2021,4,141,68394,1625,1617235200000
2024,12,210,377,12592.33,11793.45,67.49,31.28236074270557,0.17901856763925728,2024,12,210,762,-385,1733011200000
2018,4,33,10460,192607.08,158029.18,22908.06,15.107952198852772,2.1900630975143405,2018,4,33,27610,-17150,1522540800000
2021,2,159,740,20681.45,16741.29,926.07,22.623364864864865,1.251445945945946,2021,2,159,1515,-775,1612137600000
2016,8,24,25694,363566.79,294071.06,36646.22,11.445125710282555,1.4262559352377988,2016,8,24,27842,-2148,1470009600000
2017,7,50,86289,1232045.73,998009.26,125790.98,11.565892060401673,1.4577869716881642,2017,7,50,104886,-18597,1498867200000
2022,8,4,3567,75400.42,52089.15,10055.51,14.603069806560136,2.8190384076254555,2022,8,4,12405,-8838,1659312000000
2019,10,158,71467,1328199.1800000002,891669.39,163770.9,12.476659017448613,2.2915597408594177,2019,10,158,71051,416,1569888000000
2021,2,157,147,4707.85,3813.2200000000003,143.05,25.94027210884354,0.9731292517006803,2021,2,157,564,-417,1612137600000
2024,4,66,1635,49643.33,41079.18,2992.75,25.124880733944956,1.830428134556575,2024,4,66,4318,-2683,1711929600000
2017,1,97,8622,130172.89,106770.2,12934.9,12.38346091394108,1.5002203665042912,2017,1,97,17244,-8622,1483228800000
2020,10,51,644,23270.98,19873.23,1621.09,30.859052795031054,2.5172204968944096,2020,10,51,1046,-402,1601510400000
2023,4,49,604,17855.35,14743.01,1500.54,24.408956953642384,2.484337748344371,2023,4,49,4781,-4177,1680307200000
2022,8,235,195,8297.85,7458.06,128.84,38.24646153846154,0.6607179487179488,2022,8,235,605,-410,1659312000000
2018,3,49,3148,45869.69,37711.42,4185.82,11.97948538754765,1.3296759847522235,2018,3,49,16443,-13295,1519862400000
2021,8,189,510,14897.86,11826.19,1818.67,23.188607843137255,3.5660196078431374,2021,8,189,2469,-1959,1627776000000
2022,7,73,27,851.8,819.59,4.06,30.355185185185185,0.15037037037037035,2022,7,73,271,-244,1656633600000
2018,9,20,90,2634.42,2331.83,49.94,25.909222222222223,0.5548888888888889,2018,9,20,728,-638,1535760000000
2019,2,38,271,12604.51,11672.74,50.06,43.07284132841328,0.18472324723247233,2019,2,38,702,-431,1548979200000
2021,2,195,159,5222.31,4323.5,158.72,27.19182389937107,0.9982389937106918,2021,2,195,484,-325,1612137600000
2021,3,62,584,16927.12,14479.91,359.78,24.794366438356164,0.6160616438356163,2021,3,62,1369,-785,1614556800000
2021,9,65,2446,63400.57,49484.05,7311.5,20.23060098119379,2.989165985282093,2021,9,65,4214,-1768,1630454400000
2023,9,186,96262,2503845.5100000002,1719262.24,316561.1,17.86023810018491,3.288536494151378,2023,9,186,61530,34732,1693526400000
2024,11,64,92,3336.75,2930.2,115.61,31.849999999999998,1.2566304347826087,2024,11,64,421,-329,1730419200000
2018,9,117,54,3209.05,2837.8,151.34,52.55185185185186,2.8025925925925925,2018,9,117,546,-492,1535760000000
2019,10,25,5942,108620.47,87376.23,9728.62,14.704851901716593,1.6372635476270618,2019,10,25,13011,-7069,1569888000000
2024,5,57,27,1203.03,1046.97,54.599999999999994,38.77666666666667,2.022222222222222,2024,5,57,56,-29,1714521600000
2021,7,142,85319,1377013.7,886351.34,176275.72,10.388674738334954,2.0660781303109506,2021,7,142,71962,13357,1625097600000
2020,7,200,103,4205.89,3654.31,159.0,35.47873786407767,1.5436893203883495,2020,7,200,372,-269,1593561600000
2017,10,30,3,28.720000000000002,11.5,10.0,3.8333333333333335,3.3333333333333335,2017,10,30,33,-30,1506816000000
2020,1,130,1618,89116.38,69705.24,8711.39,43.08111248454883,5.384048207663782,2020,1,130,4803,-3185,1577836800000
2020,2,189,1075,19992.33,15860.71,1972.67,14.754148837209302,1.8350418604651164,2020,2,189,5533,-4458,1580515200000
2022,8,49,439,12848.16,10491.68,1425.63,23.899043280182234,3.2474487471526197,2022,8,49,4472,-4033,1659312000000
2020,6,243,430,10336.79,8890.73,581.33,20.676116279069767,1.3519302325581397,2020,6,243,2126,-1696,1590969600000
2020,5,194,46,1731.71,1291.83,119.53,28.083260869565216,2.598478260869565,2020,5,194,150,-104,1588291200000
2022,8,200,69,2993.87,2597.13,117.54,37.63956521739131,1.7034782608695653,2022,8,200,1123,-1054,1659312000000
2018,8,147,158,4406.94,3873.48,107.63,24.515696202531647,0.6812025316455695,2018,8,147,967,-809,1533081600000
2023,9,83,151,5014.49,4104.53,289.18,27.1823178807947,1.9150993377483445,2023,9,83,805,-654,1693526400000
2023,12,236,149523,3138125.95,2022517.1400000001,411573.79,13.526461748359784,2.752578466189148,2023,12,236,154084,-4561,1701388800000
2024,5,28,524,23511.89,19918.36,1597.97,38.01213740458015,3.0495610687022903,2024,5,28,1290,-766,1714521600000
2022,7,213,191,6360.08,5543.2,92.37,29.02198952879581,0.4836125654450262,2022,7,213,650,-459,1656633600000
2020,4,59,8,451.12,361.87,19.25,45.23375,2.40625,2020,4,59,19,-11,1585699200000
2016,8,156,6,220.2,202.5,7.36,33.75,1.2266666666666668,2016,8,156,90,-84,1470009600000
2022,9,65,2747,71112.67,55170.22,8709.0,20.08380779031671,3.170367673825992,2022,9,65,5225,-2478,1661990400000
2025,7,140,71221,1585413.08,1053344.76,167201.93,14.789805815700426,2.34764928883335,2025,7,140,71869,-648,1751328000000
2018,8,171,113,4812.75,4178.11,268.85,36.97442477876106,2.379203539823009,2018,8,171,1428,-1315,1533081600000
2023,2,34,45,1461.27,1053.27,227.55,23.406,5.056666666666667,2023,2,34,349,-304,1675209600000
2022,4,239,105243,1806460.61,1166480.84,245811.01,11.08369050673204,2.335651872333552,2022,4,239,100767,4476,1648771200000
2017,7,141,186329,2294409.0100000002,1819482.61,255752.71,9.764892260464018,1.3725867148967685,2017,7,141,189143,-2814,1498867200000
2022,6,248,97,2853.35,2539.1,69.05,26.176288659793812,0.7118556701030928,2022,6,248,379,-282,1654041600000
2025,7,190,446,10833.23,9063.64,201.74,20.322062780269057,0.45233183856502246,2025,7,190,718,-272,1751328000000
2019,7,230,225111,4327184.140000001,2943629.57,469237.32,13.076347090990666,2.084470861041886,2019,7,230,210866,14245,1561939200000
2017,1,111,16,230.19,180.51,34.38,11.281875,2.14875,2017,1,111,129,-113,1483228800000
2019,4,93,1495,92390.33,70851.47,10082.13,47.392287625418064,6.743899665551839,2019,4,93,4308,-2813,1554076800000
2019,11,166,38654,634674.7400000001,464562.02,75148.89,12.018472085683241,1.9441426501785068,2019,11,166,52674,-14020,1572566400000
2018,11,117,95,5447.93,4948.7,70.73,52.09157894736842,0.7445263157894737,2018,11,117,586,-491,1541030400000
2016,9,23,11,517.76,385.01,64.84,35.00090909090909,5.8945454545454545,2016,9,23,231,-220,1472688000000
2021,2,4,1280,29588.93,22650.39,2045.82,17.695617187499998,1.598296875,2021,2,4,6520,-5240,1612137600000
2023,7,79,67999,1549168.28,1024755.84,196407.8,15.070160443535935,2.8883924763599462,2023,7,79,60085,7914,1688169600000
2024,5,222,530,19226.89,18251.61,52.42,34.437,0.0989056603773585,2024,5,222,601,-71,1714521600000
2022,10,196,207,9617.32,7758.01,1159.16,37.47830917874396,5.599806763285025,2022,10,196,1351,-1144,1664582400000
2018,3,214,10,421.91999999999996,339.22,49.71,33.922000000000004,4.971,2018,3,214,169,-159,1519862400000
2018,1,191,92,2084.36,1725.7,271.06,18.757608695652173,2.946304347826087,2018,1,191,921,-829,1514764800000
2025,9,214,34,797.68,464.3,7.5,13.655882352941177,0.22058823529411764,2025,9,214,134,-100,1756684800000
2019,7,134,642,26199.43,21538.83,2104.11,33.54957943925234,3.2774299065420562,2019,7,134,2184,-1542,1561939200000
2021,6,132,90007,5128342.579999999,4000860.82,565226.43,44.45055184596753,6.279805237370427,2021,6,132,21150,68857,1622505600000
2025,9,262,55913,1229708.48,817206.18,124521.38,14.615673993525657,2.2270559619408723,2025,9,262,58551,-2638,1756684800000
2017,2,72,115,2670.2,2258.7,249.11,19.64086956521739,2.1661739130434783,2017,2,72,1284,-1169,1485907200000
2021,11,222,162,6254.32,5511.37,18.799999999999997,34.0208024691358,0.11604938271604937,2021,11,222,287,-125,1635724800000
2023,2,33,1222,38166.9,28429.59,5441.66,23.264803600654666,4.453076923076923,2023,2,33,7243,-6021,1675209600000
2023,9,15,22,1323.6299999999999,1162.91,77.64,52.85954545454546,3.5290909090909093,2023,9,15,361,-339,1693526400000
2025,2,254,766,25601.61,23417.9,22.75,30.571671018276763,0.029699738903394255,2025,2,254,876,-110,1738368000000
2016,10,142,310957,4353625.39,3493636.64,476669.93,11.235111735706223,1.5329126856767978,2016,10,142,276897,34060,1475280000000
2018,11,20,126,3857.11,3411.0099999999998,96.75,27.071507936507935,0.7678571428571429,2018,11,20,798,-672,1541030400000
2020,12,102,174,5521.1,4657.95,457.38,26.769827586206894,2.6286206896551723,2020,12,102,377,-203,1606780800000
2022,8,93,727,42067.53,32193.0,5318.63,44.28198074277854,7.31585969738652,2022,8,93,2308,-1581,1659312000000
2023,4,188,500,17225.38,14963.12,934.51,29.92624,1.86902,2023,4,188,2723,-2223,1680307200000
2024,2,91,511,16119.0,14818.24,109.22999999999999,28.998512720156555,0.21375733855185908,2024,2,91,835,-324,1706745600000
2022,2,159,179,4027.43,3602.66,50.77,20.12659217877095,0.28363128491620115,2022,2,159,879,-700,1643673600000
2020,7,223,484,15444.9,12964.04,804.12,26.78520661157025,1.661404958677686,2020,7,223,1774,-1290,1593561600000
2024,10,218,452,17205.45,15884.36,121.81,35.14238938053097,0.2694911504424779,2024,10,218,938,-486,1727740800000
2025,4,13,24886,776337.69,535683.45,91187.8,21.525494253797312,3.6642208470626056,2025,4,13,29836,-4950,1743465600000
2022,5,166,22276,446299.05,324401.99,58634.22,14.562847459148859,2.632170048482672,2022,5,166,29501,-7225,1651363200000
2025,4,201,210,8967.18,8016.12,22.93,38.172,0.10919047619047619,2025,4,201,543,-333,1743465600000
2016,12,132,215006,11860869.53,9861435.54,1133824.31,45.86586206896551,5.273454275694632,2016,12,132,92864,122142,1480550400000
2023,8,45,4406,126007.58,91578.76,13069.93,20.785011348161596,2.9663935542442124,2023,8,45,7878,-3472,1690848000000
2017,3,149,58,1429.9,1259.5,103.0,21.71551724137931,1.7758620689655173,2017,3,149,1105,-1047,1488326400000
2017,6,117,27,3393.59,2639.56,717.16,97.76148148148148,26.56148148148148,2017,6,117,405,-378,1496275200000
2018,2,190,277,4406.9,3633.5,462.22,13.117328519855596,1.6686642599277979,2018,2,190,1298,-1021,1517443200000
2018,2,86,10,400.02,393.5,0.02,39.35,0.002,2018,2,86,374,-364,1517443200000
2020,1,32,271,9540.130000000001,8243.64,27.68,30.41933579335793,0.10214022140221402,2020,1,32,669,-398,1577836800000
2019,4,51,755,31772.74,28214.45,27.68,37.37013245033113,0.03666225165562914,2019,4,51,1465,-710,1554076800000
2020,9,50,9698,161902.32,109471.9,17943.25,11.28809032790266,1.850201072386059,2020,9,50,15126,-5428,1598918400000
2016,11,61,2591,44462.8,36517.52,4559.99,14.093986877653414,1.7599343882670782,2016,11,61,19592,-17001,1477958400000
2020,10,3,222,8470.16,7171.94,528.81,32.30603603603603,2.3820270270270267,2020,10,3,372,-150,1601510400000
2021,5,113,36686,607095.43,394221.43,78884.63,10.745827563648257,2.150265223791092,2021,5,113,32874,3812,1619827200000
2021,5,73,47,1688.26,1315.74,175.48000000000002,27.994468085106384,3.7336170212765962,2021,5,73,195,-148,1619827200000
2021,8,159,377,10622.880000000001,8828.95,255.31,23.418965517241382,0.6772148541114058,2021,8,159,1217,-840,1627776000000
2021,11,200,80,3748.58,3236.34,63.59,40.45425,0.794875,2021,11,200,1195,-1115,1635724800000
2019,11,12,2466,59231.88,44178.35,5907.67,17.914983779399837,2.3956488240064884,2019,11,12,3879,-1413,1572566400000
2025,3,158,43257,1012118.68,668119.39,102958.12,15.445347342626627,2.380149339991215,2025,3,158,43213,44,1740787200000
2021,8,214,6,327.38,258.12,11.97,43.02,1.995,2021,8,214,54,-48,1627776000000
2023,12,249,76387,1812456.09,1205844.03,237422.79,15.785984918899814,3.10815701624622,2023,12,249,57834,18553,1701388800000
2022,6,62,225,7219.75,6323.67,519.88,28.1052,2.3105777777777776,2022,6,62,1743,-1518,1654041600000
2019,7,6,21,728.27,559.36,38.11,26.636190476190478,1.8147619047619048,2019,7,6,101,-80,1561939200000
2018,12,127,789,17236.4,14699.85,1171.18,18.630988593155895,1.484385297845374,2018,12,127,5985,-5196,1543622400000
2018,8,192,114,2796.69,2481.54,122.18,21.767894736842106,1.0717543859649123,2018,8,192,744,-630,1533081600000
2021,2,78,369,11381.56,9321.56,163.61,25.261680216802166,0.4433875338753388,2021,2,78,688,-319,1612137600000
2022,10,85,95,3172.56,2669.75,235.36,28.102631578947367,2.4774736842105263,2022,10,85,703,-608,1664582400000
2023,12,16,65,2623.36,2371.32,108.71000000000001,36.481846153846156,1.6724615384615387,2023,12,16,481,-416,1701388800000
2024,8,210,427,15889.17,14888.14,69.3,34.86683840749414,0.1622950819672131,2024,8,210,823,-396,1722470400000
2018,9,2,6,246.94000000000003,200.5,24.630000000000003,33.416666666666664,4.105,2018,9,2,9,-3,1535760000000
2020,11,241,211,6469.76,5444.25,512.49,25.8021327014218,2.4288625592417064,2020,11,241,588,-377,1604188800000
2021,6,236,136833,2155516.86,1377305.02,280406.87,10.065591048942872,2.0492634817624404,2021,6,236,136264,569,1622505600000
2017,10,79,273898,3897689.69,3099379.76,458119.15,11.31581742108376,1.6725903438506307,2017,10,79,229676,44222,1506816000000
2019,1,174,395,11835.41,10813.67,25.31,27.376379746835443,0.0640759493670886,2019,1,174,1235,-840,1546300800000
2016,8,106,1948,31424.82,25376.77,3432.62,13.027089322381931,1.7621252566735113,2016,8,106,5937,-3989,1470009600000
2017,9,250,69,1222.42,1077.5,33.02,15.615942028985508,0.4785507246376812,2017,9,250,660,-591,1504224000000
2019,11,263,128664,1997723.46,1289253.65,236917.22,10.020313762979542,1.8413637070198345,2019,11,263,130768,-2104,1572566400000
2020,4,20,64,1653.83,1397.73,78.72,21.83953125,1.23,2020,4,20,120,-56,1585699200000
2022,5,12,1423,35477.91,26360.97,3943.64,18.52492621222769,2.7713562895291637,2022,5,12,1929,-506,1651363200000
2021,4,17,941,27404.23,23539.62,485.07,25.015536663124333,0.5154835281615303,2021,4,17,3068,-2127,1617235200000
2024,5,136,199,6980.33,6389.69,102.18,32.10899497487437,0.5134673366834172,2024,5,136,436,-237,1714521600000
2023,9,50,20255,513342.32,356002.28,57798.21,17.57601974821032,2.8535280177733893,2023,9,50,32812,-12557,1693526400000
2017,12,107,229563,3148023.6599999997,2479582.59,376978.24999999994,10.801316370669488,1.642155965900428,2017,12,107,198354,31209,1512086400000
2018,6,232,14659,258117.91,212985.9,26251.75,14.529360802237532,1.7908281601746368,2018,6,232,40287,-25628,1527811200000
2022,12,138,100410,5286591.3100000005,3573134.6,708127.16,35.58544567274176,7.052356936560104,2022,12,138,47163,53247,1669852800000
2023,4,96,4,166.05,135.6,15.7,33.9,3.925,2023,4,96,80,-76,1680307200000
2024,2,251,1,12.2,10.7,0.0,10.7,0.0,2024,2,251,47,-46,1706745600000
2020,10,65,1420,37159.89,30629.15,3364.65,21.569823943661973,2.3694718309859155,2020,10,65,2267,-847,1601510400000
2024,3,171,124,4350.26,3930.68,29.7,31.699032258064516,0.23951612903225805,2024,3,171,609,-485,1709251200000
2020,4,154,1,5.3,4.0,0.0,4.0,0.0,2020,4,154,6,-5,1585699200000
2016,6,225,1978,31675.23,25716.4,3368.93,13.001213346814966,1.703200202224469,2016,6,225,15274,-13296,1464739200000
2023,3,149,75,3107.2599999999998,2674.4,138.81,35.65866666666667,1.8508,2023,3,149,433,-358,1677628800000
2018,2,119,363,6044.28,5058.81,465.37,13.93611570247934,1.2820110192837466,2018,2,119,1672,-1309,1517443200000
2023,3,157,272,14557.31,11456.59,1666.3,42.119816176470586,6.1261029411764705,2023,3,157,1151,-879,1677628800000
2016,10,115,170,3336.5,2743.0,331.9,16.13529411764706,1.9523529411764704,2016,10,115,297,-127,1475280000000
2020,2,30,1,13.8,13.0,0.0,13.0,0.0,2020,2,30,28,-27,1580515200000
2017,10,57,30,978.85,812.0,88.27000000000001,27.066666666666666,2.9423333333333335,2017,10,57,549,-519,1506816000000
2020,7,4,923,20977.65,16144.14,1882.6200000000001,17.49094257854821,2.0396749729144097,2020,7,4,4397,-3474,1593561600000
2016,12,20,64,1774.3700000000001,1457.3,197.04999999999998,22.7703125,3.0789062499999997,2016,12,20,891,-827,1480550400000
2017,2,231,176923,2767982.0,2217232.51,331283.11,12.532189200951825,1.8724705662915504,2017,2,231,164247,12676,1485907200000
2023,7,214,19,1293.8999999999999,1144.0,4.0,60.21052631578947,0.21052631578947367,2023,7,214,70,-51,1688169600000
2016,12,66,4067,76730.82,63300.28,8723.61,15.564366855175805,2.144974182444062,2016,12,66,14694,-10627,1480550400000
2023,4,140,62230,1416068.81,940371.26,177800.03,15.111220633135144,2.857143339225454,2023,4,140,63622,-1392,1680307200000
2024,5,142,124890,2781871.7399999998,1829739.72,353010.86,14.65081047321643,2.826574265353511,2024,5,142,106372,18518,1714521600000
2019,1,11,165,5102.28,4537.36,58.04,27.499151515151514,0.35175757575757577,2019,1,11,652,-487,1546300800000
2023,10,100,55561,1423293.6600000001,971921.8600000001,166990.41,17.492879177840575,3.0055328377818973,2023,10,100,45805,9756,1696118400000
2025,1,95,1428,36181.02,30531.06,633.3100000000001,21.38029411764706,0.4434943977591037,2025,1,95,4267,-2839,1735689600000
2025,2,180,508,14070.56,12420.01,159.07,24.448838582677165,0.3131299212598425,2025,2,180,797,-289,1738368000000
2019,9,179,3114,49499.3,40603.35,3186.45,13.038969171483622,1.0232658959537573,2019,9,179,7628,-4514,1567296000000
2016,3,35,232,4166.55,3528.8,340.51,15.210344827586209,1.4677155172413792,2016,3,35,1926,-1694,1456790400000
2021,2,74,11515,175257.02,138878.31,10365.82,12.060643508467216,0.9002014763352149,2021,2,74,19646,-8131,1612137600000
2020,2,85,337,10008.55,8646.99,89.99,25.65872403560831,0.26703264094955487,2020,2,85,956,-619,1580515200000
2022,8,16,70,2405.23,2213.44,87.54,31.62057142857143,1.2505714285714287,2022,8,16,722,-652,1659312000000
2018,1,193,4646,52420.16,45552.31,2483.35,9.804629789065862,0.5345135600516573,2018,1,193,6350,-1704,1514764800000
2023,5,56,172,8356.75,6856.81,606.05,39.86517441860465,3.5235465116279068,2023,5,56,888,-716,1682899200000
2018,3,224,22100,305739.8,244769.08,35096.24,11.075523981900451,1.5880651583710406,2018,3,224,40297,-18197,1519862400000
2023,6,90,54576,1268394.0199999998,831710.7400000001,163448.71,15.23949611550865,2.9948825491058337,2023,6,90,45299,9277,1685577600000
2025,2,116,5224,112085.9,91077.8,3572.78,17.434494640122512,0.6839165390505361,2025,2,116,10961,-5737,1738368000000
2021,4,151,29546,459741.92,325973.95,53442.71,11.032760779800988,1.8087967914438503,2021,4,151,28143,1403,1617235200000
2017,3,243,2338,43509.08,36172.67,4003.01,15.471629597946963,1.7121514114627887,2017,3,243,20194,-17856,1488326400000
2020,5,29,609,18004.43,16772.34,139.34,27.540788177339902,0.22880131362889986,2020,5,29,607,2,1588291200000
2022,6,181,1524,42152.73,32982.91,5673.97,21.64232939632546,3.7230774278215226,2022,6,181,9457,-7933,1654041600000
2022,6,127,238,7777.45,6473.38,719.02,27.1990756302521,3.02109243697479,2022,6,127,2530,-2292,1654041600000
2024,1,173,83,2678.71,2327.65,111.34,28.04397590361446,1.3414457831325302,2024,1,173,601,-518,1704067200000
2022,8,196,190,8310.26,6612.35,965.58,34.80184210526316,5.082,2022,8,196,1379,-1189,1659312000000
2020,12,250,339,12577.85,10516.14,853.09,31.021061946902652,2.5164896755162243,2020,12,250,525,-186,1606780800000
2025,10,46,84,3718.54,3416.0,11.9,40.666666666666664,0.14166666666666666,2025,10,46,202,-118,1759276800000
2020,3,227,147,3857.48,3119.82,474.43,21.22326530612245,3.2274149659863944,2020,3,227,765,-618,1583020800000
2025,11,40,1515,29758.23,19787.03,1251.23,13.060745874587457,0.8258943894389439,2025,11,40,3664,-2149,1761955200000
2024,2,149,117,4003.65,3682.6,13.190000000000001,31.475213675213674,0.11273504273504274,2024,2,149,370,-253,1706745600000
2021,5,72,581,19637.48,16907.29,253.46,29.100327022375218,0.43624784853700516,2021,5,72,1146,-565,1619827200000
2018,7,221,14,742.72,600.5,0.8,42.892857142857146,0.05714285714285715,2018,7,221,162,-148,1530403200000
2022,4,181,1542,41036.95,31811.77,5381.21,20.63020103761349,3.4897600518806744,2022,4,181,9462,-7920,1648771200000
2024,1,156,4,9.0,6.0,0.0,1.5,0.0,2024,1,156,38,-34,1704067200000
2022,4,198,131,4359.26,3535.14,522.52,26.985801526717555,3.988702290076336,2022,4,198,1908,-1777,1648771200000
2025,6,66,6599,190770.3,156372.66,6560.59,23.69641763903622,0.9941794211244128,2025,6,66,7610,-1011,1748736000000
2016,4,138,285506,12009603.74,9081530.79,1555472.26,31.80854619517628,5.448124592828171,2016,4,138,143089,142417,1459468800000
2021,5,131,280,9753.72,8496.49,52.26,30.344607142857143,0.18664285714285714,2021,5,131,772,-492,1619827200000
2017,6,52,6224,114395.53,92715.52,14845.77,14.896452442159383,2.385245822622108,2017,6,52,8311,-2087,1496275200000
2025,7,236,122720,2539337.01,1627693.12,300538.91,13.263470664928294,2.448980687744459,2025,7,236,129023,-6303,1751328000000
2023,6,194,116,7460.01,5505.72,897.57,47.46310344827587,7.737672413793104,2023,6,194,423,-307,1685577600000
2017,5,230,322839,5450728.43,4350551.95,581180.1,13.475918182127934,1.8002165165918615,2017,5,230,309525,13314,1493596800000
2025,8,185,455,13606.89,12266.23,38.269999999999996,26.95874725274725,0.0841098901098901,2025,8,185,1277,-822,1754006400000
2025,6,116,9312,232724.89,191627.53,4957.9,20.57855777491409,0.532420532646048,2025,6,116,14762,-5450,1748736000000
2019,6,88,27132,692795.51,503239.82,81072.35,18.547833554474423,2.9880712811440366,2019,6,88,28891,-1759,1559347200000
2020,1,135,415,17795.16,15418.27,468.57,37.1524578313253,1.1290843373493975,2020,1,135,1840,-1425,1577836800000
2019,9,265,3718,321307.13,275952.88,32890.4,74.22078536847768,8.846261430876815,2019,9,265,18075,-14357,1567296000000
2019,1,25,6252,111762.54,94384.98,9384.3,15.096765834932821,1.501007677543186,2019,1,25,13142,-6890,1546300800000
2018,7,229,149758,1949224.7499999998,1541855.92,224012.19,10.295649781647725,1.4958278689619253,2018,7,229,142196,7562,1530403200000
2023,2,138,84517,5371413.04,3478254.79,710789.85,41.15449897653726,8.410022244045576,2023,2,138,33001,51516,1675209600000
2017,8,152,7655,110340.42,91755.57,8771.04,11.98635793598955,1.1457922926192032,2017,8,152,13641,-5986,1501545600000
2017,6,222,29,756.78,589.01,66.48,20.310689655172414,2.2924137931034485,2017,6,222,300,-271,1496275200000
2020,7,2,4,143.24,119.78999999999999,5.5,29.947499999999998,1.375,2020,7,2,5,-1,1593561600000
2024,2,198,204,6717.8099999999995,5738.09,248.38,28.127892156862746,1.2175490196078431,2024,2,198,1498,-1294,1706745600000
2021,3,38,183,8303.02,7296.0599999999995,63.56,39.86918032786885,0.34732240437158474,2021,3,38,406,-223,1614556800000
2024,10,179,1007,27858.29,23412.08,1213.43,23.249334657398215,1.204995034756703,2024,10,179,3314,-2307,1727740800000
2023,12,174,151,5315.54,4837.81,46.43,32.038476821192056,0.30748344370860925,2023,12,174,439,-288,1701388800000
2016,10,53,77,1745.91,1495.11,115.75,19.417012987012985,1.5032467532467533,2016,10,53,1136,-1059,1475280000000
2017,10,52,5547,102491.01,83090.8,13354.29,14.9794122949342,2.407479718766901,2017,10,52,8130,-2583,1506816000000
2022,2,90,55057,901922.06,577272.27,120149.9,10.484993188876983,2.182281998655938,2022,2,90,44177,10880,1643673600000
2020,7,24,4148,65785.48,48920.26,6781.01,11.793698167791707,1.6347661523625845,2020,7,24,4296,-148,1593561600000
2019,8,31,52,1665.47,1383.56,116.17999999999999,26.606923076923074,2.234230769230769,2019,8,31,462,-410,1564617600000
2016,5,49,7290,110851.48,90360.66,11799.66,12.395152263374486,1.6186090534979423,2016,5,49,27740,-20450,1462060800000
2024,2,214,6,382.88,252.25,40.730000000000004,42.041666666666664,6.788333333333334,2024,2,214,45,-39,1706745600000
2022,10,60,45,1362.3,1196.1100000000001,72.39,26.580222222222226,1.6086666666666667,2022,10,60,199,-154,1664582400000
2019,7,212,221,6547.97,5762.19,41.339999999999996,26.073257918552034,0.18705882352941175,2019,7,212,982,-761,1561939200000
2022,11,141,84717,1398781.61,906594.48,183157.16,10.70144693508977,2.161988266817758,2022,11,141,89408,-4691,1667260800000
2022,11,4,3713,83591.81,58777.71,10855.3,15.830247778077027,2.9235927821168866,2022,11,4,12349,-8636,1667260800000
2023,3,192,76,2217.23,2014.56,68.07,26.507368421052632,0.895657894736842,2023,3,192,367,-291,1677628800000
2023,7,185,89,2995.47,2704.92,29.150000000000002,30.3923595505618,0.3275280898876405,2023,7,185,379,-290,1688169600000
2025,4,122,438,13222.72,12048.32,6.359999999999999,27.507579908675797,0.014520547945205478,2025,4,122,540,-102,1743465600000
2016,11,90,183791,2520727.97,1995441.94,293205.63,10.857125430516184,1.5953209351926918,2016,11,90,148398,35393,1477958400000
2025,1,130,2312,67852.19,58350.67,2258.83,25.238179065743942,0.9770025951557093,2025,1,130,2870,-558,1735689600000
2017,2,8,104,3233.66,2517.5,328.79,24.20673076923077,3.1614423076923077,2017,2,8,139,-35,1485907200000
2018,4,256,7659,125218.11,102166.33,13224.77,13.339382425904166,1.7266966966966968,2018,4,256,22329,-14670,1522540800000
2020,11,260,803,17145.61,14290.91,1248.04,17.79689912826899,1.5542216687422166,2020,11,260,1782,-979,1604188800000
2024,12,211,30989,781366.65,542205.66,93681.01,17.4967136725935,3.0230407563974313,2024,12,211,32544,-1555,1733011200000
2016,7,164,268278,4301511.82,3509482.54,408190.33,13.081514473792112,1.5215199531828925,2016,7,164,236260,32018,1467331200000
2020,6,59,11,424.58,394.36,6.68,35.85090909090909,0.6072727272727273,2020,6,59,12,-1,1590969600000
2016,9,95,1862,38862.72,32094.94,3270.82,17.236809881847474,1.7566165413533836,2016,9,95,12649,-10787,1472688000000
2022,9,127,201,6203.48,5212.29,510.24,25.93179104477612,2.5385074626865674,2022,9,127,2277,-2076,1661990400000
2019,4,206,43,2886.81,2438.52,68.7,56.709767441860464,1.5976744186046512,2019,4,206,180,-137,1554076800000
2023,6,239,91013,2043818.08,1329659.88,272426.96,14.60955995297375,2.9932752463933725,2023,6,239,91630,-617,1685577600000
2023,9,235,183,6875.94,6261.04,62.12,34.21333333333333,0.3394535519125683,2023,9,235,390,-207,1693526400000
2023,3,16,52,2046.44,1837.9,79.19,35.34423076923077,1.5228846153846154,2023,3,16,594,-542,1677628800000
2018,10,98,153,5182.48,4659.49,167.10999999999999,30.454183006535946,1.0922222222222222,2018,10,98,1031,-878,1538352000000
2018,11,265,4605,356333.04,304996.5,36721.0,66.2315960912052,7.974158523344191,2018,11,265,19565,-14960,1541030400000
2021,3,25,1227,30336.47,25552.24,1520.03,20.824971475142625,1.2388182559087204,2021,3,25,2904,-1677,1614556800000
2021,3,89,1061,36640.7,30970.17,762.22,29.1896041470311,0.7183977379830349,2021,3,89,2387,-1326,1614556800000
2016,10,95,1733,34503.2,28565.55,2708.63,16.483294864397,1.5629717253317947,2016,10,95,12669,-10936,1475280000000
2023,4,99,2,81.8,67.2,0.0,33.6,0.0,2023,4,99,5,-3,1680307200000
2024,5,175,106,4046.31,3695.25,76.38,34.860849056603776,0.720566037735849,2024,5,175,369,-263,1714521600000
2025,6,29,674,18600.99,17040.73,41.96,25.282982195845698,0.06225519287833828,2025,6,29,1259,-585,1748736000000
2017,4,183,13,281.18,223.5,37.019999999999996,17.192307692307693,2.8476923076923075,2017,4,183,468,-455,1491004800000
2022,7,56,171,7120.38,5738.75,497.83,33.55994152046784,2.911286549707602,2022,7,56,947,-776,1656633600000
2020,4,93,21,1105.05,828.73,145.34,39.46333333333333,6.920952380952381,2020,4,93,65,-44,1585699200000
2022,12,226,2845,95748.24,77037.78,10381.13,27.078305799648504,3.648903339191564,2022,12,226,7053,-4208,1669852800000
2018,4,119,390,8690.06,7602.0,405.89,19.49230769230769,1.0407435897435897,2018,4,119,2144,-1754,1522540800000
2018,7,175,78,2111.16,1902.8,64.16,24.394871794871793,0.8225641025641025,2018,7,175,712,-634,1530403200000
2023,12,116,2654,68709.39,55507.19,5231.21,20.91454031650339,1.9710663149962322,2023,12,116,7448,-4794,1701388800000
2025,8,242,713,21150.1,18765.71,168.06,26.31936886395512,0.23570827489481067,2025,8,242,1565,-852,1754006400000
2021,8,182,235,9388.36,7795.82,39.9,33.173702127659574,0.1697872340425532,2021,8,182,661,-426,1627776000000
2020,4,95,325,5727.01,4764.08,323.86,14.658707692307692,0.9964923076923078,2020,4,95,395,-70,1585699200000
2021,12,49,482,14908.89,12466.9,1319.09,25.864937759336097,2.7367012448132777,2021,12,49,4177,-3695,1638316800000
2016,3,173,393,5635.65,4706.0,328.13,11.974554707379134,0.8349363867684478,2016,3,173,3470,-3077,1456790400000
2019,1,81,336,10891.75,9919.48,25.64,29.522261904761905,0.07630952380952381,2019,1,81,768,-432,1546300800000
2018,12,68,191888,2883194.84,2299750.26,329274.47,11.984857104144083,1.7159721816893185,2018,12,68,182118,9770,1543622400000
2022,11,154,50,1648.76,1325.2,218.60999999999999,26.504,4.372199999999999,2022,11,154,202,-152,1667260800000
2023,11,261,16595,554957.2,402807.98,68230.56,24.27285206387466,4.111513106357337,2023,11,261,15977,618,1698796800000
2025,10,254,1265,45710.75,42006.42,39.68,33.206656126482216,0.03136758893280633,2025,10,254,1911,-646,1759276800000
2023,2,237,134946,2669327.27,1677462.48,350017.28,12.43062024809924,2.593758095830925,2023,2,237,120829,14117,1675209600000
2022,4,102,38,975.25,854.4,50.25,22.48421052631579,1.3223684210526316,2022,4,102,534,-496,1648771200000
2024,9,248,278,9873.73,8872.7,27.71,31.916187050359714,0.09967625899280576,2024,9,248,308,-30,1725148800000
2016,11,27,1,19.8,19.0,0.0,19.0,0.0,2016,11,27,86,-85,1477958400000
2022,6,178,20,746.4599999999999,670.0,1.01,33.5,0.0505,2022,6,178,298,-278,1654041600000
2020,5,136,237,7454.89,6375.99,409.48,26.902911392405063,1.7277637130801689,2020,5,136,472,-235,1588291200000
2020,10,18,350,12084.55,10181.5,926.07,29.09,2.645914285714286,2020,10,18,767,-417,1601510400000
2023,6,241,128,4737.97,4321.14,54.730000000000004,33.75890625,0.42757812500000003,2023,6,241,490,-362,1685577600000
2018,4,178,138,2478.82,2120.61,123.15,15.366739130434784,0.8923913043478261,2018,4,178,703,-565,1522540800000
2025,9,77,1248,36220.26,33819.83,63.849999999999994,27.099222756410256,0.05116185897435897,2025,9,77,1659,-411,1756684800000
2021,3,24,8636,135464.78,97211.56,15907.19,11.256549328392774,1.841962714219546,2021,3,24,9116,-480,1614556800000
2023,6,253,21,991.18,776.79,134.19,36.989999999999995,6.39,2023,6,253,48,-27,1685577600000
2023,10,195,616,38001.06,30868.1,3570.06,50.11055194805195,5.795551948051948,2023,10,195,1936,-1320,1696118400000
2024,9,182,388,15321.74,13812.11,45.230000000000004,35.598221649484536,0.11657216494845361,2024,9,182,514,-126,1725148800000
2018,1,170,277942,3803946.13,2969799.23,461615.43,10.68496027948277,1.6608336631383527,2018,1,170,279165,-1223,1514764800000
2019,8,23,58,4320.59,3751.59,169.23,64.68258620689656,2.917758620689655,2019,8,23,207,-149,1564617600000
2021,12,69,185,5513.51,4786.21,71.55,25.871405405405405,0.38675675675675675,2021,12,69,1339,-1154,1638316800000
2019,2,149,365,11717.710000000001,10637.74,28.96,29.14449315068493,0.07934246575342466,2019,2,149,1148,-783,1548979200000
2017,11,260,5061,87282.49,73790.72,6170.37,14.580264769808338,1.219199762892709,2017,11,260,10609,-5548,1509494400000
2019,3,147,280,9009.89,7912.54,54.57,28.259071428571428,0.19489285714285715,2019,3,147,1087,-807,1551398400000
2021,2,188,988,30346.65,25860.79,541.45,26.17488866396761,0.5480263157894737,2021,2,188,1856,-868,1612137600000
2017,10,6,52,1136.74,358.5,13.82,6.894230769230769,0.26576923076923076,2017,10,6,166,-114,1506816000000
2019,9,217,465,9156.68,7871.27,415.17,16.9274623655914,0.8928387096774194,2019,9,217,2311,-1846,1567296000000
2023,9,214,14,944.31,810.27,2.0,57.87642857142857,0.14285714285714285,2023,9,214,68,-54,1693526400000
2023,4,249,71986,1656542.84,1085719.31,223224.36,15.08236754368905,3.100941294140527,2023,4,249,55201,16785,1680307200000
2016,11,196,755,18178.29,15059.58,1480.43,19.94646357615894,1.9608344370860928,2016,11,196,3681,-2926,1477958400000
2019,12,183,95,4023.28,3455.75,22.47,36.376315789473686,0.23652631578947367,2019,12,183,401,-306,1575158400000
2019,5,159,663,14667.72,12835.06,168.17,19.359064856711914,0.2536500754147813,2019,5,159,2265,-1602,1556668800000
2022,9,255,1743,45960.74,34724.94,6491.95,19.92251290877797,3.724584050487665,2022,9,255,8485,-6742,1661990400000
2022,5,135,134,4281.0199999999995,3809.46,98.41,28.428805970149256,0.7344029850746269,2022,5,135,962,-828,1651363200000
2024,2,58,5,162.07,136.99,9.64,27.398000000000003,1.9280000000000002,2024,2,58,73,-68,1706745600000
2017,3,36,1634,25012.93,20180.35,2615.31,12.350275397796818,1.6005569155446757,2017,3,36,9940,-8306,1488326400000
2016,4,238,220254,2933712.5100000002,2343289.8,322488.16,10.6390340243537,1.4641648278805377,2016,4,238,223325,-3071,1459468800000
2024,2,147,98,3256.96,2931.07,21.03,29.90887755102041,0.2145918367346939,2024,2,147,245,-147,1706745600000
2016,7,4,30842,467037.88,378887.67,50151.85,12.284795733091238,1.6260894235133907,2016,7,4,53160,-22318,1467331200000
2025,1,226,4079,125385.63,101722.24,8763.2,24.938033831821524,2.148369698455504,2025,1,226,5231,-1152,1735689600000
2022,10,265,7889,544502.41,504810.04,28614.72,63.989103815439215,3.6271669413106857,2022,10,265,13645,-5756,1664582400000
2023,12,169,216,6287.4,5757.94,35.72,26.657129629629626,0.16537037037037036,2023,12,169,508,-292,1701388800000
2019,11,15,139,5053.39,4397.89,108.13,31.6394964028777,0.7779136690647481,2019,11,15,642,-503,1572566400000
2022,9,159,205,5619.12,4968.66,173.96,24.237365853658535,0.8485853658536586,2022,9,159,840,-635,1661990400000
2023,3,226,2647,79603.77,62387.54,8500.12,23.56914998111069,3.211227805062335,2023,3,226,6632,-3985,1677628800000
2020,9,4,1339,27701.98,20883.97,2439.6,15.596691560866319,1.8219566840926062,2020,9,4,6501,-5162,1598918400000
2024,7,253,30,1492.23,1199.51,182.14,39.983666666666664,6.071333333333333,2024,7,253,54,-24,1719792000000
2016,7,260,6801,113380.31,96549.21,7237.78,14.196325540361713,1.0642229083958241,2016,7,260,14509,-7708,1467331200000
2019,3,114,105090,1791243.9000000001,1178202.19,220100.05,11.211363497954133,2.0943957560186504,2019,3,114,81403,23687,1551398400000
2021,7,128,55,2498.94,2138.92,34.97,38.88945454545455,0.6358181818181818,2021,7,128,208,-153,1625097600000
2017,2,164,222380,3171106.72,2494762.28,362635.28,11.21846514974368,1.6307009623167552,2017,2,164,191187,31193,1485907200000
2023,7,261,17651,563290.99,412313.03,63717.69,23.359188147980287,3.609862897286273,2023,7,261,15853,1798,1688169600000
2019,6,78,350,10952.45,9678.43,45.300000000000004,27.652657142857144,0.12942857142857145,2019,6,78,865,-515,1559347200000
2025,8,124,483,15147.98,13538.66,486.38,28.030351966873706,1.0069979296066252,2025,8,124,1696,-1213,1754006400000
2016,4,79,385325,5707290.88,4542784.2,673234.52,11.78948731590216,1.7471861934730424,2016,4,79,315025,70300,1459468800000
2017,6,149,42,908.49,758.5,67.78999999999999,18.05952380952381,1.614047619047619,2017,6,149,1021,-979,1496275200000
2017,9,96,41,806.84,677.5,65.57000000000001,16.524390243902438,1.599268292682927,2017,9,96,187,-146,1504224000000
2019,1,178,192,5108.1,4655.9800000000005,19.0,24.249895833333337,0.09895833333333333,2019,1,178,830,-638,1546300800000
2020,9,69,587,16105.73,13819.01,1131.94,23.54175468483816,1.9283475298126065,2020,9,69,1674,-1087,1598918400000
2019,4,213,703,24915.61,21546.01,107.25,30.64866287339971,0.15256045519203415,2019,4,213,1662,-959,1554076800000
2017,6,250,123,2391.82,2083.02,105.69,16.93512195121951,0.8592682926829268,2017,6,250,825,-702,1496275200000
2018,1,234,283989,3745781.36,2909075.77,472010.58,10.243621302233537,1.6620734605917835,2018,1,234,245769,38220,1514764800000
2021,9,89,510,19911.37,16952.73,545.22,33.24064705882353,1.0690588235294118,2021,9,89,2785,-2275,1630454400000
2023,4,238,64398,1406103.21,928030.67,183223.69,14.410861672722756,2.845176713562533,2023,4,238,73397,-8999,1680307200000
2021,6,79,73841,1302548.23,854771.58,171053.28,11.575839709646402,2.3165081729662385,2021,6,79,59326,14515,1622505600000
2023,12,225,541,17410.55,15675.07,496.58,28.974251386321626,0.9178927911275415,2023,12,225,2845,-2304,1701388800000
2024,4,180,141,5704.71,4929.27,342.25,34.959361702127666,2.4273049645390072,2024,4,180,431,-290,1711929600000
2025,3,93,610,39627.52,32065.3,4386.18,52.56606557377049,7.190459016393443,2025,3,93,2545,-1935,1740787200000
2021,8,170,92734,1554621.9,1001358.04,195027.36,10.798175857829923,2.10308365863653,2021,8,170,86783,5951,1627776000000
2022,9,203,104,5077.99,4725.320000000001,18.32,45.43576923076924,0.17615384615384616,2022,9,203,600,-496,1661990400000
2016,10,124,125,5303.19,4343.89,575.79,34.75112,4.606319999999999,2016,10,124,1124,-999,1475280000000
2019,2,98,185,7099.83,6464.01,44.6,34.94059459459459,0.2410810810810811,2019,2,98,885,-700,1548979200000
2016,8,194,559,27488.23,21304.44,3115.76,38.11169946332737,5.573810375670841,2016,8,194,1040,-481,1470009600000
2016,8,30,4,76.36,53.5,10.0,13.375,2.5,2016,8,30,28,-24,1470009600000
2018,7,263,135770,1725279.5699999998,1358772.69,198059.69,10.007900788097517,1.458788318479782,2018,7,263,140565,-4795,1530403200000
2020,2,102,146,4734.16,3945.96,118.91,27.027123287671234,0.8144520547945205,2020,2,102,894,-748,1580515200000
2017,8,212,91,1485.74,1274.0,57.74,14.0,0.6345054945054945,2017,8,212,1197,-1106,1501545600000
2020,12,165,405,12680.17,10893.77,1085.37,26.8981975308642,2.6799259259259256,2020,12,165,799,-394,1606780800000
2023,9,194,145,9056.41,6596.07,1150.01,45.49013793103448,7.931103448275862,2023,9,194,561,-416,1693526400000
2025,2,13,21669,634809.57,435893.72,70760.56,20.116005353269646,3.265520328579999,2025,2,13,25030,-3361,1738368000000
2017,9,121,74,1599.33,1392.0,65.47,18.81081081081081,0.8847297297297297,2017,9,121,1286,-1212,1504224000000
2023,12,42,3405,83261.47,69842.31,4081.28,20.511691629955948,1.1986138032305433,2023,12,42,12307,-8902,1701388800000
2021,10,105,2,42.85,27.0,8.75,13.5,4.375,2021,10,105,3,-1,1633046400000
2017,1,204,1,103.22,92.92,10.0,92.92,10.0,2017,1,204,67,-66,1483228800000
2021,8,177,284,11378.1,9915.75,278.76,34.914612676056336,0.9815492957746479,2021,8,177,1004,-720,1627776000000
2021,8,19,93,4154.45,3567.76,106.39,38.363010752688176,1.143978494623656,2021,8,19,373,-280,1627776000000
2019,8,216,1102,51784.49,43477.03,3505.93,39.452840290381125,3.1814246823956442,2019,8,216,4537,-3435,1564617600000
2016,11,177,262,6800.18,5723.51,625.41,21.845458015267177,2.3870610687022897,2016,11,177,2050,-1788,1477958400000
2020,8,63,396,18444.0,16758.02,511.28,42.31823232323232,1.291111111111111,2020,8,63,521,-125,1596240000000
2022,5,207,306,4771.98,3745.31,422.07,12.239575163398692,1.3793137254901962,2022,5,207,285,21,1651363200000
2017,6,118,7,385.18,253.82,124.76,36.26,17.822857142857142,2017,6,118,174,-167,1496275200000
2025,10,164,90267,2131924.87,1357713.93,241564.25,15.041088437635015,2.6761081015210433,2025,10,164,87176,3091,1759276800000
2016,1,144,129116,1869796.43,1503512.26,209962.6,11.644662628953808,1.6261547755506676,2016,1,144,107603,21513,1451606400000
2017,2,77,101,2438.91,1869.7,408.78,18.511881188118814,4.047326732673267,2017,2,77,658,-557,1485907200000
2016,8,137,122620,1668738.04,1326220.35,183772.64,10.815693606263252,1.498716685695645,2016,8,137,138062,-15442,1470009600000
2021,7,209,5427,119367.81,84818.48,14027.69,15.628981020821817,2.5847963884282295,2021,7,209,7558,-2131,1625097600000
2018,6,246,129571,1923775.7,1523524.21,232300.7,11.758219123106251,1.79284484954195,2018,6,246,160402,-30831,1527811200000
2018,3,26,459,8714.22,7791.86,313.84,16.975729847494552,0.6837472766884531,2018,3,26,1977,-1518,1519862400000
2021,6,201,56,3100.12,2619.35,51.95,46.77410714285714,0.9276785714285715,2021,6,201,329,-273,1622505600000
2019,3,21,431,13777.52,12405.98,22.89,28.78417633410673,0.05310904872389791,2019,3,21,1239,-808,1551398400000
2016,8,66,4269,79632.51,66288.61,8265.63,15.527901147809791,1.9361981728742093,2016,8,66,15071,-10802,1470009600000
2020,4,109,5,475.62,396.67,13.75,79.334,2.75,2020,4,109,7,-2,1585699200000
2021,11,109,2,190.9,169.65,0.0,84.825,0.0,2021,11,109,20,-18,1635724800000
2021,12,120,22,775.38,616.58,83.8,28.026363636363637,3.809090909090909,2021,12,120,175,-153,1638316800000
2023,2,122,64,2642.61,2279.6,34.76,35.61875,0.543125,2023,2,122,227,-163,1675209600000
2017,7,233,122007,1850720.03,1464662.24,207272.55,12.00473940019835,1.6988578524183038,2017,7,233,135539,-13532,1498867200000
2018,4,20,84,2207.37,1969.0,73.7,23.44047619047619,0.8773809523809524,2018,4,20,984,-900,1522540800000
2020,10,143,24430,379486.5,248106.65,45526.82,10.155818665575111,1.8635620139173148,2020,10,143,27856,-3426,1601510400000
2024,3,218,490,17710.94,16333.47,85.57,33.33361224489796,0.17463265306122447,2024,3,218,889,-399,1709251200000
2023,8,163,77881,1905620.85,1264627.61,235567.84,16.237947766464224,3.024715142332533,2023,8,163,70227,7654,1690848000000
2025,6,260,4252,111486.74,92532.09,4162.52,21.762015522107244,0.9789557855127,2025,6,260,4631,-379,1748736000000
2019,6,166,39398,650156.32,480331.16,73393.71,12.191765064216456,1.8628790801563533,2019,6,166,53358,-13960,1559347200000
2024,6,241,255,9745.58,8965.93,76.09,35.16050980392157,0.2983921568627451,2024,6,241,572,-317,1717200000000
2016,3,215,787,50725.82,40120.27,5600.84,50.978742058449804,7.116696315120712,2016,3,215,1063,-276,1456790400000
2021,5,175,76,3025.44,2587.67,95.22,34.048289473684214,1.2528947368421053,2021,5,175,287,-211,1619827200000
2024,1,112,661,19196.96,15349.37,1537.13,23.22143721633888,2.325461422087746,2024,1,112,5745,-5084,1704067200000
2018,11,99,3,79.9,42.5,0.0,14.166666666666666,0.0,2018,11,99,7,-4,1541030400000
2023,11,85,158,5163.51,4692.17,91.14,29.69727848101266,0.5768354430379747,2023,11,85,614,-456,1698796800000
2024,12,167,397,12188.71,11054.34,90.78,27.84468513853904,0.22866498740554156,2024,12,167,559,-162,1733011200000
2022,10,167,119,3719.88,3193.6800000000003,172.7,26.83764705882353,1.4512605042016806,2022,10,167,477,-358,1664582400000
2018,4,218,257,8002.81,7323.6,144.71,28.49649805447471,0.5630739299610895,2018,4,218,1339,-1082,1522540800000
2019,1,223,3520,85663.65,69103.18,7379.21,19.631585227272726,2.0963664772727273,2019,1,223,12993,-9473,1546300800000
2023,9,125,16119,419201.44,285889.61000000004,54046.49,17.736187728767295,3.352967926050003,2023,9,125,15364,755,1693526400000
2025,3,13,25173,770934.62,533326.83,87551.49,21.186462876891905,3.4779918960791325,2025,3,13,30280,-5107,1740787200000
2017,4,73,17,275.72,237.5,14.36,13.970588235294118,0.8447058823529412,2017,4,73,579,-562,1491004800000
2018,12,23,63,3714.44,3384.36,75.47,53.72,1.1979365079365079,2018,12,23,285,-222,1543622400000
2020,10,26,509,14529.6,12257.710000000001,1290.29,24.08194499017682,2.534950884086444,2020,10,26,1014,-505,1601510400000
2025,4,117,719,33128.56,30702.16,13.2,42.701196105702365,0.018358831710709317,2025,4,117,838,-119,1743465600000
2025,9,36,3908,106769.41,88763.18,1321.7,22.713198567041964,0.33820368474923235,2025,9,36,5924,-2016,1756684800000
2021,4,57,63,2295.38,1895.09,10.0,30.080793650793648,0.15873015873015872,2021,4,57,99,-36,1617235200000
2019,7,24,17773,281232.33,204485.75,30597.81,11.505415517920442,1.7215894896753503,2019,7,24,20361,-2588,1561939200000
2019,7,49,1563,32471.91,27582.44,1852.52,17.647114523352528,1.185233525271913,2019,7,49,9242,-7679,1561939200000
2022,6,146,2239,47020.590000000004,36475.99,4942.61,16.291196962929877,2.2075078159892807,2022,6,146,4112,-1873,1654041600000
2023,6,157,259,11666.64,9027.34,1396.6,34.854594594594595,5.392277992277992,2023,6,157,1073,-814,1685577600000
2016,8,128,61,1165.03,975.0,106.22,15.98360655737705,1.741311475409836,2016,8,128,657,-596,1470009600000
2019,1,155,541,18993.51,17406.7,140.34,32.175046210720886,0.25940850277264327,2019,1,155,1402,-861,1546300800000
2017,11,75,60279,793200.2900000002,645998.79,73771.91,10.71681331807097,1.223840972809768,2017,11,75,107027,-46748,1509494400000
2016,5,109,2,105.4,80.0,23.8,40.0,11.9,2016,5,109,116,-114,1462060800000
2017,1,264,165495,2690825.0,2162936.54,304143.98,13.069497809601499,1.8377834979908758,2017,1,264,152286,13209,1483228800000
2021,8,144,22830,433733.76,295286.04,53167.03,12.934123521681997,2.3288230398598335,2021,8,144,26362,-3532,1627776000000
2022,2,82,304,8324.07,6743.84,604.78,22.183684210526316,1.989407894736842,2022,2,82,1834,-1530,1643673600000
2024,4,159,504,15112.5,13592.87,126.35,26.96998015873016,0.25069444444444444,2024,4,159,823,-319,1711929600000
2020,12,31,22,772.49,627.44,74.81,28.520000000000003,3.4004545454545454,2020,12,31,188,-166,1606780800000
2024,11,5,1,56.0,55.0,0.0,55.0,0.0,2024,11,5,12,-11,1730419200000
2016,3,190,629,10135.26,8410.0,999.94,13.370429252782193,1.58972972972973,2016,3,190,2403,-1774,1456790400000
2018,8,200,134,3831.63,3253.96,233.8,24.283283582089553,1.7447761194029852,2018,8,200,2341,-2207,1533081600000
2022,9,176,2,143.85,87.0,41.5,43.5,20.75,2022,9,176,30,-28,1661990400000
2019,5,144,72924,1320429.5899999999,896947.52,151129.91,12.29975755581153,2.072430338434535,2019,5,144,65842,7082,1556668800000
2025,10,229,69780,1571006.29,998935.99,186418.58,14.315505732301519,2.671518773287475,2025,10,229,84480,-14700,1759276800000
2024,1,144,25617,595984.7,401230.95,72718.81,15.662682983955968,2.838693445758676,2024,1,144,24985,632,1704067200000
2018,12,71,727,23193.49,20945.67,400.28,28.811100412654742,0.5505914718019257,2018,12,71,1844,-1117,1543622400000
2019,6,184,27,1312.92,1121.2,112.88,41.525925925925925,4.180740740740741,2019,6,184,100,-73,1559347200000
2021,5,10,827,44563.01,36787.6,2629.36,44.483192261185,3.1793954050785973,2021,5,10,1734,-907,1619827200000
2021,8,264,19631,539282.1900000001,397796.78,65090.240000000005,20.263704345168357,3.3156864143446594,2021,8,264,16925,2706,1627776000000
2021,7,223,906,30971.07,23924.61,3036.1,26.40685430463576,3.3511037527593817,2021,7,223,4633,-3727,1625097600000
2022,3,13,19334,471886.68,331478.9,64539.29,17.144869142443365,3.338124030205855,2022,3,13,26262,-6928,1646092800000
2023,12,48,90135,2262294.82,1536281.24,273510.47,17.04422521772896,3.034453541909358,2023,12,48,84070,6065,1701388800000
2024,10,118,7,268.87,187.47,0.0,26.78142857142857,0.0,2024,10,118,87,-80,1727740800000
2019,5,83,760,15644.85,13189.89,805.02,17.35511842105263,1.0592368421052631,2019,5,83,2847,-2087,1556668800000
2025,3,201,212,9213.95,8282.97,101.17,39.07061320754717,0.4772169811320755,2025,3,201,533,-321,1740787200000
2022,2,138,68375,2996331.64,2056847.15,404660.19000000006,30.081859597806215,5.9182477513711165,2022,2,138,24084,44291,1643673600000
2018,10,26,706,20892.37,18544.42,517.59,26.266883852691215,0.733130311614731,2018,10,26,2286,-1580,1538352000000
2022,2,11,42,1733.22,1627.9,20.62,38.75952380952381,0.490952380952381,2022,2,11,179,-137,1643673600000
2024,2,99,2,0.0,0.0,0.0,0.0,0.0,2024,2,99,1,1,1706745600000
2024,9,219,714,43571.26,36373.85,4107.68,50.943767507002796,5.753053221288516,2024,9,219,1687,-973,1725148800000
2020,12,80,313,9264.74,7860.03,758.08,25.11191693290735,2.4219808306709267,2020,12,80,1509,-1196,1606780800000
2020,9,86,171,8934.59,7994.29,385.94,46.75023391812866,2.2569590643274853,2020,9,86,449,-278,1598918400000
2021,5,23,85,6502.75,5435.95,76.1,63.95235294117647,0.8952941176470588,2021,5,23,84,1,1619827200000
2024,11,187,5,267.96,193.10999999999999,3.53,38.622,0.706,2024,11,187,35,-30,1730419200000
2019,1,196,800,23414.23,19449.87,1505.57,24.312337499999998,1.8819625,2019,1,196,2856,-2056,1546300800000
2020,11,42,5189,94697.68000000001,78811.22,6755.47,15.188132588167278,1.3018828290614763,2020,11,42,12357,-7168,1604188800000
2022,2,192,26,629.78,569.5500000000001,26.93,21.905769230769234,1.0357692307692308,2022,2,192,231,-205,1643673600000
2022,8,264,43563,1348329.87,969935.44,168618.14,22.265120400339736,3.870673277781604,2022,8,264,21664,21899,1659312000000
2017,4,128,61,1193.05,1003.26,119.63,16.44688524590164,1.9611475409836066,2017,4,128,609,-548,1491004800000
2023,9,180,64,2702.22,2363.09,134.29,36.92328125,2.09828125,2023,9,180,405,-341,1693526400000
2019,11,39,921,31705.06,27966.91,410.65,30.365808903365906,0.44587404994571117,2019,11,39,2111,-1190,1572566400000
2023,10,11,66,2656.05,2337.02,165.95000000000002,35.40939393939394,2.5143939393939396,2023,10,11,240,-174,1696118400000
2024,7,145,3332,92842.87,73916.73,7256.4400000000005,22.18389255702281,2.1778031212484996,2024,7,145,8198,-4866,1719792000000
2021,8,38,151,7659.16,6748.86,39.010000000000005,44.69443708609271,0.2583443708609272,2021,8,38,720,-569,1627776000000
2023,6,172,4,379.16,293.5,67.56,73.375,16.89,2023,6,172,41,-37,1685577600000
2025,11,23,27,654.36,320.33,0.49,11.864074074074074,0.01814814814814815,2025,11,23,92,-65,1761955200000
2017,2,66,3747,67994.75,55478.75,8153.06,14.806178275954096,2.1758900453696293,2017,2,66,14078,-10331,1485907200000
2018,5,247,1483,30623.69,26540.61,1852.62,17.896567768037762,1.2492380310182063,2018,5,247,4632,-3149,1525132800000
2021,10,178,48,1755.1,1485.64,15.860000000000001,30.950833333333335,0.3304166666666667,2021,10,178,271,-223,1633046400000
2018,1,50,71989,981034.77,783604.45,109143.2,10.885058133881564,1.516109405603634,2018,1,50,95427,-23438,1514764800000
2024,12,56,480,21144.02,17569.980000000003,1370.19,36.604125,2.8545625,2024,12,56,1101,-621,1733011200000
2022,9,221,6,316.45,234.65,33.55,39.108333333333334,5.591666666666666,2022,9,221,75,-69,1661990400000
2025,10,90,66310,1486614.2,943654.57,169647.53,14.230954154727794,2.558400392097723,2025,10,90,62355,3955,1759276800000
2019,9,25,5657,105771.2,85343.03,9493.42,15.086270107831005,1.678172176065052,2019,9,25,11816,-6159,1567296000000
2023,4,139,115,5244.68,4747.44,45.69,41.28208695652174,0.3973043478260869,2023,4,139,585,-470,1680307200000
2021,1,99,21,1856.6299999999999,1742.0,41.25,82.95238095238095,1.9642857142857142,2021,1,99,20,1,1609459200000
2024,1,259,119,5215.56,4809.67,19.25,40.41739495798319,0.16176470588235295,2024,1,259,349,-230,1704067200000
2025,1,151,27071,534233.45,367197.89,61423.12,13.564252890547081,2.26896383583909,2025,1,151,30967,-3896,1735689600000
2018,1,232,14321,234754.73,192455.43,24680.14,13.438686544235738,1.7233531177990364,2018,1,232,41448,-27127,1514764800000
2016,8,168,2061,36836.91,31284.07,2414.86,15.179073265405142,1.1716933527413878,2016,8,168,7676,-5615,1470009600000
2022,5,107,82867,1505829.87,983253.31,201051.32,11.865438715049418,2.426192814992699,2022,5,107,66773,16094,1651363200000
2022,11,155,110,4328.84,3622.1,392.24,32.92818181818182,3.565818181818182,2022,11,155,681,-571,1667260800000
2023,6,70,14535,898846.39,603859.7200000001,115819.40000000001,41.54521637426901,7.968310973512213,2023,6,70,2214,12321,1685577600000
2017,9,64,50,1826.1599999999999,1549.5,168.8,30.99,3.3760000000000003,2017,9,64,766,-716,1504224000000
2023,2,5,53,5008.9400000000005,3461.6000000000004,0.0,65.31320754716982,0.0,2023,2,5,71,-18,1675209600000
2023,11,96,12,422.56,306.18,70.5,25.515,5.875,2023,11,96,115,-103,1698796800000
2019,5,172,7,348.14,313.06,0.0,44.722857142857144,0.0,2019,5,172,119,-112,1556668800000
2021,11,121,145,5678.97,4940.19,65.88000000000001,34.07027586206896,0.454344827586207,2021,11,121,679,-534,1635724800000
2017,11,71,86,1565.85,1422.8,48.85,16.544186046511626,0.5680232558139535,2017,11,71,1202,-1116,1509494400000
2023,1,4,3649,90963.37,62156.08,11619.99,17.033729788983283,3.1844313510550837,2023,1,4,12164,-8515,1672531200000
2024,4,69,530,17505.77,15747.55,165.34,29.712358490566036,0.3119622641509434,2024,4,69,1104,-574,1711929600000
2019,5,137,88816,1501064.04,1001521.65,162449.96,11.276365181949199,1.8290618807422085,2019,5,137,98593,-9777,1556668800000
2018,12,124,307,12253.84,10671.12,696.85,34.759348534201955,2.269869706840391,2018,12,124,1001,-694,1543622400000
2017,7,5,4,367.32,312.26,41.84,78.065,10.46,2017,7,5,45,-41,1498867200000
2022,4,106,263,8840.02,7092.52,994.23,26.967756653992396,3.780342205323194,2022,4,106,1456,-1193,1648771200000
2017,11,165,132,2515.84,2101.54,212.98,15.920757575757575,1.6134848484848483,2017,11,165,1624,-1492,1509494400000
2018,3,69,578,9489.16,8461.55,284.54,14.639359861591695,0.4922837370242215,2018,3,69,4190,-3612,1519862400000
2020,1,74,22369,322374.8,252906.93,21307.06,11.306134829451473,0.9525262640261076,2020,1,74,49575,-27206,1577836800000
2022,3,193,2968,19586.11,15716.34,1110.65,5.295262803234501,0.37420822102425877,2022,3,193,3667,-699,1646092800000
2017,8,97,7036,106843.03,88401.62,9825.59,12.564187038089823,1.3964738487777146,2017,8,97,14236,-7200,1501545600000
2019,1,21,359,11395.1,10227.15,40.57,28.487883008356544,0.113008356545961,2019,1,21,1175,-816,1546300800000
2016,12,51,57,1688.93,1423.01,171.21,24.965087719298246,3.0036842105263157,2016,12,51,854,-797,1480550400000
2019,2,133,518,13425.94,11721.13,382.41,22.62766409266409,0.7382432432432433,2019,2,133,2294,-1776,1548979200000
2021,2,151,20425,305875.61,218906.75,35031.16,10.717588739290086,1.7151118727050185,2021,2,151,18943,1482,1612137600000
2023,11,88,8674,295974.22,216679.98,35216.35,24.98039889324418,4.059989624164168,2023,11,88,12419,-3745,1698796800000
2020,3,216,539,20928.8,18119.09,1257.15,33.616122448979596,2.332374768089054,2020,3,216,2595,-2056,1583020800000
2021,9,252,60,2841.34,2249.4,243.49,37.49,4.058166666666667,2021,9,252,598,-538,1630454400000
2016,1,34,305,4507.69,3674.0,460.15,12.045901639344262,1.5086885245901638,2016,1,34,1386,-1081,1451606400000
2022,10,143,43269,762326.3200000001,501594.64,100223.6,11.592471284291294,2.3162911091081377,2022,10,143,55354,-12085,1664582400000
2017,6,25,11556,188524.29,154032.43,20564.77,13.32921685704396,1.7795751124956734,2017,6,25,18843,-7287,1496275200000
2025,7,135,603,17243.14,14943.6,141.16,24.782089552238805,0.23409618573797678,2025,7,135,1595,-992,1751328000000
2016,9,87,84990,1827681.68,1489485.03,217968.07,17.525415107659725,2.5646319567007883,2016,9,87,88792,-3802,1472688000000
2023,5,129,687,23160.76,18475.1,1962.07,26.892430858806403,2.8559970887918484,2023,5,129,4943,-4256,1682899200000
2022,2,220,109,3232.73,2834.98,138.0,26.008990825688073,1.2660550458715596,2022,2,220,1093,-984,1643673600000
2022,6,99,3,216.42000000000002,151.9,3.0,50.63333333333333,1.0,2022,6,99,6,-3,1654041600000
2017,10,159,374,5453.09,4705.81,246.3,12.582379679144386,0.6585561497326203,2017,10,159,2653,-2279,1506816000000
2019,4,16,253,8386.2,7593.58,71.48,30.014150197628457,0.2825296442687747,2019,4,16,1229,-976,1554076800000
2021,7,140,59417,1037920.52,693237.69,123599.23999999999,11.66732904724237,2.0801999427773197,2021,7,140,59337,80,1625097600000
2021,5,118,22,1204.03,1056.8,23.03,48.03636363636363,1.0468181818181819,2021,5,118,59,-37,1619827200000
2024,6,109,2,196.07,170.25,0.0,85.125,0.0,2024,6,109,28,-26,1717200000000
2017,3,166,55411,845210.67,675415.72,95513.14,12.189199256465322,1.7237216437169516,2017,3,166,80043,-24632,1488326400000
2018,2,184,5,190.91,150.0,25.39,30.0,5.078,2018,2,184,43,-38,1517443200000
2018,2,159,457,8036.820000000001,7216.1,252.73,15.790153172866521,0.553019693654267,2018,2,159,2544,-2087,1517443200000
2016,2,50,107437,1524912.43,1223987.93,166722.77,11.392610832394798,1.5518189264406117,2016,2,50,123971,-16534,1454284800000
2018,5,25,10147,167322.28,137422.72,17257.08,13.543187148911008,1.7007075983049178,2018,5,25,18098,-7951,1525132800000
2020,4,181,173,3418.25,2855.61,299.27,16.506416184971098,1.7298843930635837,2020,4,181,462,-289,1585699200000
2022,11,51,149,6195.75,5635.92,57.230000000000004,37.82496644295302,0.38409395973154364,2022,11,51,408,-259,1667260800000
2022,10,131,97,3061.97,2836.9,3.52,29.24639175257732,0.03628865979381443,2022,10,131,735,-638,1664582400000
2025,6,62,2495,70344.78,63152.85,645.5699999999999,25.311763527054108,0.2587454909819639,2025,6,62,3538,-1043,1748736000000
2024,1,145,2764,77180.94,60583.58,6965.64,21.91880607814761,2.5201302460202606,2024,1,145,7820,-5056,1704067200000
2025,10,30,5,114.62,108.12,0.0,21.624000000000002,0.0,2025,10,30,62,-57,1759276800000
2017,4,192,88,2044.94,1781.0,109.21,20.238636363636363,1.2410227272727272,2017,4,192,780,-692,1491004800000
2022,10,5,14,1359.8400000000001,938.8000000000001,0.0,67.05714285714286,0.0,2022,10,5,32,-18,1664582400000
2024,7,202,199,7639.39,6490.67,515.42,32.616432160804024,2.5900502512562813,2024,7,202,1504,-1305,1719792000000
2019,9,131,250,9027.04,8116.62,66.09,32.46648,0.26436000000000004,2019,9,131,1141,-891,1567296000000
2016,8,39,261,7078.36,5891.12,643.79,22.571340996168583,2.4666283524904213,2016,8,39,2677,-2416,1470009600000
2022,4,238,77748,1340716.8299999998,884180.14,178954.71,11.372384370015949,2.3017275042444822,2022,4,238,83778,-6030,1648771200000
2022,11,1,879,91885.49,77851.9,10982.49,88.56871444823662,12.494300341296928,2022,11,1,9852,-8973,1667260800000
2016,5,241,111,1625.8700000000001,1417.01,85.12,12.765855855855856,0.7668468468468469,2016,5,241,2204,-2093,1462060800000
2016,6,33,14360,274850.93,226572.01,32188.26,15.77799512534819,2.2415222841225626,2016,6,33,34155,-19795,1464739200000
2017,9,47,88,1699.0900000000001,1399.5,172.89,15.903409090909092,1.9646590909090909,2017,9,47,697,-609,1504224000000
2023,5,264,36149,1057124.8,753322.02,132346.36,20.83935987164237,3.6611347478491796,2023,5,264,41366,-5217,1682899200000
2025,6,81,718,22843.95,20579.15,17.11,28.661768802228416,0.023830083565459608,2025,6,81,945,-227,1748736000000
2021,5,219,382,20261.36,17397.37,726.65,45.54285340314136,1.9022251308900524,2021,5,219,1005,-623,1619827200000
2022,11,238,67541,1189906.91,789663.74,159496.22,11.69162049717949,2.3614725870212165,2022,11,238,76662,-9121,1667260800000
2016,9,181,14161,234502.35,189647.98,26433.09,13.39227314455194,1.8666118211990679,2016,9,181,37339,-23178,1472688000000
2016,10,97,11447,188732.35,155970.16,18924.06,13.625418013453308,1.653189481960339,2016,10,97,20197,-8750,1475280000000
2016,2,152,11175,160767.69,132658.2,13992.33,11.870979865771814,1.252110067114094,2016,2,152,19352,-8177,1454284800000
2019,10,256,3733,72109.04000000001,56046.63,7393.14,15.013830699169567,1.9804821859094563,2019,10,256,15999,-12266,1569888000000
2019,11,99,2,160.84,146.5,0.0,73.25,0.0,2019,11,99,9,-7,1572566400000
2025,8,160,775,19681.45,16711.39,773.46,21.56308387096774,0.9980129032258065,2025,8,160,2079,-1304,1754006400000
2016,9,178,129,1576.21,1376.5,51.07,10.670542635658915,0.3958914728682171,2016,9,178,891,-762,1472688000000
2018,7,8,103,3979.52,3207.0,410.34,31.135922330097088,3.983883495145631,2018,7,8,198,-95,1530403200000
2018,10,166,49310,753764.34,602416.78,86383.22,12.216929223281282,1.7518397890894342,2018,10,166,70306,-20996,1538352000000
2020,7,28,148,6293.93,5463.38,254.22,36.91472972972973,1.7177027027027028,2020,7,28,386,-238,1593561600000
2021,6,91,464,17605.6,14927.77,207.31,32.17191810344828,0.44678879310344827,2021,6,91,1111,-647,1622505600000
2022,9,192,49,1767.08,1528.52,127.46000000000001,31.194285714285712,2.6012244897959187,2022,9,192,321,-272,1661990400000
2023,2,229,57764,1217504.11,784639.23,155507.79,13.58353351568451,2.6921229485492697,2023,2,229,63372,-5608,1675209600000
2017,6,155,64,2393.07,2107.74,124.75,32.9334375,1.94921875,2017,6,155,1048,-984,1496275200000
2025,8,87,29381,789948.27,552873.14,70043.28,18.81736972873626,2.3839651475443313,2025,8,87,36960,-7579,1754006400000
2021,6,46,40,2005.76,1710.44,42.92,42.761,1.073,2021,6,46,104,-64,1622505600000
2019,8,32,217,6774.86,5923.53,52.96,27.2973732718894,0.24405529953917052,2019,8,32,785,-568,1564617600000
2019,10,149,230,7643.59,6673.91,61.67,29.017,0.26813043478260873,2019,10,149,900,-670,1569888000000
2021,5,188,1003,32555.91,27503.35,506.0,27.421086739780655,0.5044865403788634,2021,5,188,2466,-1463,1619827200000
2025,2,225,2356,64123.61,57320.95,551.59,24.32977504244482,0.23412139219015282,2025,2,225,4105,-1749,1738368000000
2025,11,26,1005,23338.95,21065.28,50.33,20.9604776119403,0.05007960199004975,2025,11,26,2070,-1065,1761955200000
2025,6,140,77343,1745201.75,1166415.05,182675.73,15.081068099246215,2.3618909274271753,2025,6,140,79239,-1896,1748736000000
2024,4,124,229,10288.36,9105.1,528.95,39.760262008733626,2.309825327510917,2024,4,124,867,-638,1711929600000
2017,11,145,10918,194523.72,154995.86,18480.02,14.196360139219635,1.692619527385968,2017,11,145,28175,-17257,1509494400000
2016,11,107,247575,3461662.79,2741163.95,406367.81,11.07205473088963,1.6413927496718166,2016,11,107,211373,36202,1477958400000
2017,6,89,789,14706.02,12189.45,1230.17,15.449239543726236,1.55915082382763,2017,6,89,8357,-7568,1496275200000
2019,7,213,639,22206.44,18877.7,187.91,29.542566510172144,0.29406885758998436,2019,7,213,1589,-950,1561939200000
2025,8,264,5382,170863.34,120008.9,20572.65,22.29819769602378,3.822491638795987,2025,8,264,6224,-842,1754006400000
2021,10,64,126,7078.88,6489.14,19.54,51.501111111111115,0.15507936507936507,2021,10,64,398,-272,1633046400000
2018,7,200,112,3480.04,2895.56,294.03,25.853214285714284,2.6252678571428567,2018,7,200,2216,-2104,1530403200000
2025,11,36,4052,74894.79,55847.54,1503.91,13.782709772951629,0.3711525172754196,2025,11,36,5845,-1793,1761955200000
2017,4,150,23,1153.27,934.0,85.18,40.608695652173914,3.7034782608695656,2017,4,150,533,-510,1491004800000
2018,6,42,15799,209344.94,175455.28,13359.650000000001,11.105467434647762,0.8456009874042661,2018,6,42,39433,-23634,1527811200000
2018,11,247,1117,21863.61,19008.63,1001.63,17.01757385854969,0.8967144136078783,2018,11,247,2979,-1862,1541030400000
2017,2,42,14939,187483.98,155635.19,13458.64,10.418046053952741,0.9009063525001673,2017,2,42,39735,-24796,1485907200000
2024,8,26,318,9892.289999999999,9385.61,40.6,29.514496855345914,0.12767295597484277,2024,8,26,978,-660,1722470400000
2022,10,38,102,4477.47,4130.05,138.42,40.490686274509805,1.3570588235294117,2022,10,38,606,-504,1664582400000
2020,10,191,213,10551.96,9513.16,550.99,44.66272300469483,2.5868075117370894,2020,10,191,489,-276,1601510400000
2021,2,252,69,2960.34,2386.81,166.0,34.591449275362315,2.4057971014492754,2021,2,252,241,-172,1612137600000
2017,7,231,153588,2465319.63,1990278.21,283618.99,12.958552816626298,1.8466220668281375,2017,7,231,147036,6552,1498867200000
2019,7,189,1121,21812.86,17776.14,1833.41,15.857395182872434,1.6355129348795718,2019,7,189,5880,-4759,1561939200000
2025,2,96,48,1382.0,1200.76,54.2,25.015833333333333,1.1291666666666667,2025,2,96,114,-66,1738368000000
2018,1,144,86356,1244553.83,995238.68,143640.9,11.524835332808376,1.6633574968734077,2018,1,144,75263,11093,1514764800000
2016,8,108,54,2044.14,1857.22,81.64,34.39296296296296,1.5118518518518518,2016,8,108,678,-624,1470009600000
2021,7,263,64190,1060982.3399999999,690647.82,131782.61,10.75943012930363,2.0530084125253154,2021,7,263,60913,3277,1625097600000
2021,3,63,367,13627.26,11634.3,98.62,31.70108991825613,0.26871934604904635,2021,3,63,737,-370,1614556800000
2022,12,212,88,2905.66,2637.8,44.06,29.975,0.5006818181818182,2022,12,212,338,-250,1669852800000
2020,2,192,92,2840.55,2480.44,45.4,26.961304347826086,0.4934782608695652,2020,2,192,581,-489,1580515200000
2023,2,193,3057,22919.15,18150.07,982.83,5.937216225057246,0.32150147203140333,2023,2,193,3576,-519,1675209600000
2023,3,225,399,13221.3,11369.12,837.41,28.4940350877193,2.0987719298245615,2023,3,225,2877,-2478,1677628800000
2020,8,17,768,22953.58,20495.51,1179.03,26.686861979166665,1.5351953125,2020,8,17,1879,-1111,1596240000000
2022,2,193,2449,15813.17,12777.99,859.39,5.217635769701919,0.35091465904450797,2022,2,193,2833,-384,1643673600000
2022,4,165,138,4612.97,4239.89,120.88,30.723840579710146,0.8759420289855072,2022,4,165,968,-830,1648771200000
2025,7,151,28982,604377.02,428302.11,54816.94,14.778210958525982,1.891413291008212,2025,7,151,30427,-1445,1751328000000
2017,2,223,5642,102116.9,80740.34,9524.11,14.31058844381425,1.6880733782346686,2017,2,223,19072,-13430,1485907200000
2023,7,85,122,4058.47,3618.46,79.41,29.659508196721312,0.6509016393442623,2023,7,85,667,-545,1688169600000
2017,2,83,1171,17244.99,14686.9,1044.93,12.542186165670367,0.892339880444065,2017,2,83,3937,-2766,1485907200000
2018,7,75,52454,679930.7300000001,555923.09,59068.32,10.598297365310557,1.1260975330766005,2018,7,75,90742,-38288,1530403200000
2019,11,163,196484,3598055.07,2418469.8,421692.45,12.308736589238817,2.1461923108242913,2019,11,163,170804,25680,1572566400000
2022,10,191,198,9139.34,8130.610000000001,165.23,41.06368686868687,0.8344949494949494,2022,10,191,780,-582,1664582400000
2018,1,188,927,13872.79,11849.05,918.86,12.782146709816612,0.9912189859762676,2018,1,188,5831,-4904,1514764800000
2022,1,79,64184,1061806.98,682276.41,142537.77,10.630007634301384,2.2207679483983545,2022,1,79,55361,8823,1640995200000
2016,5,121,94,1968.4,1710.0,146.62,18.19148936170213,1.5597872340425532,2016,5,121,1882,-1788,1462060800000
2019,3,195,461,14224.18,11840.55,810.66,25.684490238611712,1.7584815618221257,2019,3,195,2826,-2365,1551398400000
2024,10,67,172,5303.93,4719.14,134.93,27.436860465116283,0.7844767441860465,2024,10,67,597,-425,1727740800000
2024,6,204,3,363.49,313.59000000000003,46.4,104.53000000000002,15.466666666666667,2024,6,204,20,-17,1717200000000
2025,7,137,43579,957849.4,635480.54,79164.98,14.58226531127378,1.8165855113701552,2025,7,137,49843,-6264,1751328000000
2020,5,23,59,4526.16,3795.21,45.23,64.32559322033899,0.7666101694915254,2020,5,23,304,-245,1588291200000
2018,7,129,4572,74186.41,63740.2,3788.31,13.941426071741033,0.8285892388451443,2018,7,129,14069,-9497,1530403200000
2025,10,219,1077,65203.93,55698.35,5103.81,51.716202414113276,4.73891364902507,2025,10,219,2135,-1058,1759276800000
2018,7,21,135,4732.47,4116.6,318.38,30.493333333333336,2.3583703703703702,2018,7,21,1092,-957,1530403200000
2024,11,40,956,27701.09,22704.26,1323.61,23.749225941422594,1.3845292887029288,2024,11,40,3111,-2155,1730419200000
2022,12,192,47,1175.48,1069.5,21.03,22.75531914893617,0.44744680851063834,2022,12,192,267,-220,1669852800000
2022,6,14,220,9759.08,8424.0,663.38,38.29090909090909,3.0153636363636362,2022,6,14,2432,-2212,1654041600000
2016,9,123,93,2073.45,1755.5,192.03,18.876344086021504,2.0648387096774194,2016,9,123,1515,-1422,1472688000000
2017,6,230,310079,5204483.79,4145258.72,560682.28,13.368395537911308,1.8081917188845424,2017,6,230,298762,11317,1496275200000
2020,9,260,654,13743.89,11430.3,901.88,17.477522935779817,1.3790214067278288,2020,9,260,1516,-862,1598918400000
2025,3,16,320,9544.58,8406.28,66.38,26.269625,0.2074375,2025,3,16,1017,-697,1740787200000
2016,7,161,383206,5596098.18,4465795.39,601411.84,11.653772096470306,1.5694217731455142,2016,7,161,397394,-14188,1467331200000
2025,8,204,2,134.51,103.75,0.0,51.875,0.0,2025,8,204,23,-21,1754006400000
2022,7,122,51,1587.96,1454.6100000000001,21.7,28.521764705882354,0.42549019607843136,2022,7,122,297,-246,1656633600000
2017,9,34,297,4433.99,3572.8,490.74,12.02962962962963,1.6523232323232324,2017,9,34,1213,-916,1504224000000
2025,5,235,1148,30042.62,27068.31,70.51,23.57866724738676,0.061419860627177705,2025,5,235,1637,-489,1746057600000
2025,8,38,398,15651.72,14298.26,174.71,35.92527638190955,0.43896984924623117,2025,8,38,1266,-868,1754006400000
2018,6,177,420,10498.53,9451.0,410.7,22.502380952380953,0.9778571428571429,2018,6,177,1957,-1537,1527811200000
2018,6,6,22,693.49,377.5,48.63,17.15909090909091,2.2104545454545454,2018,6,6,146,-124,1527811200000
2019,2,246,104518,1814821.4800000002,1205461.91,224470.33,11.533534032415469,2.14767150155954,2019,2,246,140200,-35682,1548979200000
2018,4,134,470,16603.68,13347.6,1677.18,28.399148936170214,3.568468085106383,2018,4,134,2122,-1652,1522540800000
2017,11,135,166,3533.7000000000003,3088.01,163.9,18.602469879518072,0.9873493975903614,2017,11,135,1755,-1589,1509494400000
2016,10,233,139958,2406671.56,1954815.76,248202.11,13.967159862244388,1.773404235556381,2016,10,233,154321,-14363,1475280000000
2017,4,12,4420,89811.06,77400.11,7288.98,17.5113371040724,1.6490904977375564,2017,4,12,7555,-3135,1491004800000
2023,11,107,68452,1551255.02,1020388.85,199089.0,14.906633115175596,2.9084467948343367,2023,11,107,64727,3725,1698796800000
2020,11,122,117,5152.11,4533.97,291.55,38.751880341880344,2.491880341880342,2020,11,122,250,-133,1604188800000
2021,9,160,76,2876.41,2442.37,118.17,32.13644736842105,1.5548684210526316,2021,9,160,1065,-989,1630454400000
2024,3,185,166,5478.48,4968.63,36.64,29.931506024096386,0.22072289156626507,2024,3,185,400,-234,1709251200000
2021,1,257,115,3643.95,3070.29,226.27,26.69817391304348,1.9675652173913045,2021,1,257,484,-369,1609459200000
2022,5,120,23,1640.8700000000001,1418.97,119.89999999999999,61.69434782608696,5.213043478260869,2022,5,120,178,-155,1651363200000
2017,2,73,24,448.54,379.0,22.73,15.791666666666666,0.9470833333333334,2017,2,73,523,-499,1485907200000
2022,10,249,76684,1415257.99,934061.89,195489.84,12.180662067706432,2.5492911167909864,2022,10,249,59269,17415,1664582400000
2023,7,239,75524,1660360.31,1080558.63,218067.68,14.30748675917589,2.887395794714263,2023,7,239,74501,1023,1688169600000
2025,7,23,33,1927.82,1435.36,125.31,43.49575757575757,3.7972727272727274,2025,7,23,105,-72,1751328000000
2018,12,52,4390,77641.21,62940.25,9798.67,14.337186788154897,2.2320432801822325,2018,12,52,6384,-1994,1543622400000
2021,10,87,19560,466651.33,329578.93,61428.12,16.84963854805726,3.1404969325153376,2021,10,87,24104,-4544,1633046400000
2017,3,122,19,1010.7,842.0,140.25,44.31578947368421,7.381578947368421,2017,3,122,399,-380,1488326400000
2020,3,171,118,3602.52,3151.7,6.3100000000000005,26.709322033898303,0.053474576271186444,2020,3,171,490,-372,1583020800000
2023,4,229,62763,1347279.44,874553.11,172619.69,13.93421458502621,2.750341602536526,2023,4,229,69413,-6650,1680307200000
2018,7,50,76149,1091984.53,881747.43,113115.95,11.579238466690304,1.4854554885815965,2018,7,50,95719,-19570,1530403200000
2025,1,144,36979,817282.95,533377.81,86014.02,14.42380296925282,2.3260234186970985,2025,1,144,34576,2403,1735689600000
2018,3,70,1288,45246.15,37910.58,4286.61,29.433680124223603,3.3281133540372667,2018,3,70,3371,-2083,1519862400000
2025,4,98,216,5563.64,5022.78,70.0,23.25361111111111,0.32407407407407407,2025,4,98,684,-468,1743465600000
2019,10,80,2085,47160.64000000001,37739.35,4542.67,18.10040767386091,2.1787386091127097,2019,10,80,10412,-8327,1569888000000
2019,10,22,274,8349.26,7242.79,82.07,26.4335401459854,0.29952554744525545,2019,10,22,1371,-1097,1569888000000
2021,5,70,4814,198446.38,144597.17,23768.62,30.036803074366436,4.9373950976319065,2021,5,70,1290,3524,1619827200000
2019,10,58,22,713.96,513.15,127.78999999999999,23.325,5.808636363636364,2019,10,58,153,-131,1569888000000
2020,12,156,40,3406.15,2823.43,93.5,70.58574999999999,2.3375,2020,12,156,57,-17,1606780800000
2016,6,121,86,1622.6,1375.5,134.34,15.994186046511627,1.562093023255814,2016,6,121,1724,-1638,1464739200000
2024,6,229,61550,1347012.4100000001,889571.89,165700.88,14.452833306255078,2.6921345247766046,2024,6,229,72104,-10554,1717200000000
2023,7,166,11223,265073.47,191756.4,32369.83,17.08601978080727,2.884240399180255,2023,7,166,17358,-6135,1688169600000
2016,10,254,65,1125.13,999.1,42.11,15.37076923076923,0.6478461538461538,2016,10,254,972,-907,1475280000000
2016,8,236,281949,3590779.38,2877093.28,380487.23,10.204303898932075,1.3494895530752016,2016,8,236,287215,-5266,1470009600000
2020,10,210,375,14191.23,12396.81,933.81,33.05816,2.49016,2020,10,210,644,-269,1601510400000
2025,8,52,1343,31634.37,24415.09,1339.88,18.17951600893522,0.9976768428890544,2025,8,52,2476,-1133,1754006400000
2020,6,246,2581,52080.24,37796.12,4563.39,14.643982952344054,1.7680705153041458,2020,6,246,4720,-2139,1590969600000
2017,10,140,161536,2280463.6,1829112.71,256061.19,11.323251225732964,1.585164854893027,2017,10,140,166986,-5450,1506816000000
2023,10,197,496,28473.56,24488.33,2186.52,49.37163306451613,4.408306451612903,2023,10,197,1394,-898,1696118400000
2016,9,47,129,2724.95,2354.36,212.42,18.250852713178297,1.6466666666666665,2016,9,47,934,-805,1472688000000
2022,10,250,81,3034.67,2684.6800000000003,74.53999999999999,33.144197530864204,0.9202469135802468,2022,10,250,299,-218,1664582400000
2018,11,64,103,4049.33,3622.94,144.7,35.174174757281556,1.4048543689320387,2018,11,64,711,-608,1541030400000
2017,10,216,754,40637.21,33108.75,4171.82,43.91080901856764,5.532917771883289,2017,10,216,3509,-2755,1506816000000
2017,6,247,1981,36335.770000000004,30508.65,2843.05,15.40063099444725,1.4351590106007068,2017,6,247,4679,-2698,1496275200000
2021,6,205,504,22068.5,19582.98,78.54,38.85511904761905,0.15583333333333335,2021,6,205,1283,-779,1622505600000
2020,4,26,67,1588.24,1372.99,128.43,20.492388059701494,1.9168656716417911,2020,4,26,110,-43,1585699200000
2022,9,91,185,6493.41,5879.53,102.28,31.781243243243242,0.5528648648648649,2022,9,91,757,-572,1661990400000
2024,3,87,19155,586751.32,431580.69,61989.13,22.530967893500392,3.2361853302009917,2024,3,87,29043,-9888,1709251200000
2019,11,118,37,2769.23,2680.61,15.79,72.44891891891892,0.4267567567567567,2019,11,118,164,-127,1572566400000
2021,10,121,142,5227.9,4436.42,77.88,31.242394366197182,0.548450704225352,2021,10,121,660,-518,1633046400000
2022,8,245,4,367.34000000000003,279.76,56.08,69.94,14.02,2022,8,245,46,-42,1659312000000
2022,4,247,381,10487.15,8710.460000000001,706.19,22.862099737532812,1.8535170603674542,2022,4,247,1631,-1250,1648771200000
2016,6,226,21169,364755.29,304118.31,30847.78,14.366210496480702,1.4572147952194245,2016,6,226,30674,-9505,1464739200000
2020,11,9,140,4605.68,4071.73,360.25,29.083785714285714,2.5732142857142857,2020,11,9,240,-100,1604188800000
2023,1,139,87,4287.72,3904.15,54.17,44.87528735632184,0.6226436781609196,2023,1,139,552,-465,1672531200000
2020,9,61,1406,41499.26,35868.14,3179.19,25.51076813655761,2.261159317211949,2020,9,61,3249,-1843,1598918400000
2023,2,9,37,1207.68,1072.29,31.09,28.98081081081081,0.8402702702702702,2023,2,9,272,-235,1675209600000
2021,8,252,72,3367.31,2911.5,49.86,40.4375,0.6925,2021,8,252,630,-558,1627776000000
2025,3,195,1565,63735.7,51876.45,3417.42,33.14789137380191,2.1836549520766773,2025,3,195,2013,-448,1740787200000
2018,12,154,53,3625.33,3178.27,156.57,59.967358490566035,2.9541509433962263,2018,12,154,104,-51,1543622400000
2017,10,196,650,17888.6,14570.38,1569.38,22.415969230769228,2.4144307692307696,2017,10,196,3272,-2622,1506816000000
2018,5,127,1152,23352.38,19699.48,1934.24,17.100243055555556,1.6790277777777778,2018,5,127,7537,-6385,1525132800000
2019,6,153,124,2838.82,2554.16,58.440000000000005,20.598064516129032,0.4712903225806452,2019,6,153,419,-295,1559347200000
2016,5,15,27,830.86,575.5,207.17999999999998,21.314814814814813,7.673333333333333,2016,5,15,989,-962,1462060800000
2019,1,188,1562,38336.77,34821.42,579.14,22.292842509603073,0.37076824583866835,2019,1,188,5609,-4047,1546300800000
2017,7,85,205,3458.42,3010.61,159.88,14.68590243902439,0.7799024390243903,2017,7,85,1277,-1072,1498867200000
2016,1,20,108,1651.24,1259.0,268.26,11.657407407407407,2.4838888888888886,2016,1,20,1150,-1042,1451606400000
2022,9,178,29,1430.29,1339.64,23.85,46.194482758620694,0.8224137931034483,2022,9,178,276,-247,1661990400000
2024,2,86,264,14085.45,13250.18,42.28,50.190075757575755,0.16015151515151516,2024,2,86,495,-231,1706745600000
2025,2,158,36719,828965.33,541828.45,83227.58,14.75607859691168,2.266608023094311,2025,2,158,37384,-665,1738368000000
2025,6,214,48,2099.4700000000003,1658.75,29.0,34.557291666666664,0.6041666666666666,2025,6,214,143,-95,1748736000000
2019,2,5,19,1386.94,1258.0,0.0,66.21052631578948,0.0,2019,2,5,53,-34,1548979200000
2018,2,227,106,2149.76,1694.5,303.97,15.985849056603774,2.8676415094339625,2018,2,227,1638,-1532,1517443200000
2021,10,57,10,276.78,254.73,2.0,25.473,0.2,2021,10,57,86,-76,1633046400000
2022,5,9,41,1197.49,1082.39,67.2,26.399756097560978,1.6390243902439026,2022,5,9,424,-383,1651363200000
2022,12,137,40425,799303.8200000001,531330.13,97058.65,13.14360247371676,2.40095609152752,2022,12,137,43234,-2809,1669852800000
2019,6,77,349,11206.33,10274.15,22.61,29.438825214899712,0.06478510028653295,2019,6,77,872,-523,1559347200000
2025,11,190,370,7707.95,5829.63,390.87,15.755756756756757,1.0564054054054055,2025,11,190,719,-349,1761955200000
2017,8,14,353,8952.59,7151.29,753.12,20.258611898016998,2.133484419263456,2017,8,14,6661,-6308,1501545600000
2018,1,224,21084,279293.62,223064.29,32189.76,10.579789888066781,1.5267387592487194,2018,1,224,37932,-16848,1514764800000
2020,6,13,1308,29980.56,21403.98,3702.77,16.363899082568807,2.8308639143730887,2020,6,13,1931,-623,1590969600000
2021,10,14,245,9645.83,8019.59,438.63,32.73302040816326,1.790326530612245,2021,10,14,2241,-1996,1633046400000
2018,1,7,14673,188860.53,157908.94,13410.34,10.761871464594835,0.9139467048320044,2018,1,7,38229,-23556,1514764800000
2024,2,4,4725,109497.73,77594.13,10521.53,16.422038095238097,2.2267788359788363,2024,2,4,12353,-7628,1706745600000
2025,9,250,646,20960.36,18620.44,173.64,28.824210526315788,0.2687925696594427,2025,9,250,1085,-439,1756684800000
2022,11,37,417,13176.58,10643.77,1565.21,25.52462829736211,3.7535011990407674,2022,11,37,4066,-3649,1667260800000
2016,6,190,888,15321.130000000001,12658.1,1555.89,14.254617117117117,1.7521283783783785,2016,6,190,2452,-1564,1464739200000
2021,2,96,18,624.01,506.15,20.0,28.119444444444444,1.1111111111111112,2021,2,96,75,-57,1612137600000
2021,8,209,5238,116611.78,82651.65,13992.27,15.779238258877433,2.6713001145475372,2021,8,209,7547,-2309,1627776000000
2016,12,215,736,45456.87,37015.27,4088.7400000000002,50.29248641304348,5.555353260869565,2016,12,215,999,-263,1480550400000
2022,11,87,17692,463514.42,332679.22,60752.31,18.80393511191499,3.4338859371467327,2022,11,87,23752,-6060,1667260800000
2022,5,154,16,1003.11,815.09,86.82,50.943125,5.42625,2022,5,154,50,-34,1651363200000
2021,5,93,193,11106.22,8609.92,1333.87,44.61098445595855,6.911243523316061,2021,5,93,460,-267,1619827200000
2016,10,226,19988,352620.33,296257.28,30090.75,14.82175705423254,1.5054407644586751,2016,10,226,29343,-9355,1475280000000
2019,4,207,398,6994.2699999999995,5291.72,720.49,13.295778894472363,1.8102763819095478,2019,4,207,433,-35,1554076800000
2025,2,118,22,716.68,553.8,20.11,25.172727272727272,0.9140909090909091,2025,2,118,78,-56,1738368000000
2018,3,236,341803,4136031.65,3257039.92,481116.32,9.52899746345117,1.40758366661498,2018,3,236,349216,-7413,1519862400000
2022,9,95,439,13765.869999999999,11720.130000000001,1008.64,26.697334851936223,2.297585421412301,2022,9,95,4100,-3661,1661990400000
2025,5,88,16126,483991.03,346902.11,43726.94,21.511975071313405,2.7115800570507256,2025,5,88,20710,-4584,1746057600000
2024,6,69,598,19154.579999999998,17621.62,107.25999999999999,29.467591973244147,0.17936454849498326,2024,6,69,1220,-622,1717200000000
2021,7,198,228,8317.95,6913.67,512.91,30.32311403508772,2.2496052631578944,2021,7,198,1638,-1410,1625097600000
2025,4,51,980,33857.37,30817.55,33.989999999999995,31.446479591836734,0.03468367346938775,2025,4,51,1316,-336,1743465600000
2017,8,120,53,1226.0,1042.5,83.68,19.669811320754718,1.578867924528302,2017,8,120,380,-327,1501545600000
2019,3,174,375,11531.62,10431.29,67.75,27.816773333333337,0.18066666666666667,2019,3,174,1253,-878,1551398400000
2023,6,48,89529,2189050.2,1464607.87,270621.13999999996,16.359033050743335,3.022720459292519,2023,6,48,81693,7836,1685577600000
2019,8,70,1050,34150.55,28416.7,2359.03,27.06352380952381,2.246695238095238,2019,8,70,4048,-2998,1564617600000
2021,11,138,97763,4469399.369999999,3085926.16,600750.09,31.565379131164143,6.144963738837801,2021,11,138,41469,56294,1635724800000
2025,7,75,28352,623586.27,470827.24,37211.49,16.60649125282167,1.3124820118510157,2025,7,75,43129,-14777,1751328000000
2016,10,151,93705,1280985.0,1032163.61,136334.78,11.015032388879996,1.454936022624193,2016,10,151,84420,9285,1475280000000
2018,2,27,2,102.1,82.5,9.08,41.25,4.54,2018,2,27,68,-66,1517443200000
2019,11,13,55736,1302784.57,919666.52,165081.61,16.500404047653223,2.9618488947897226,2019,11,13,60553,-4817,1572566400000
2018,4,164,221590,3239763.19,2547669.92,368448.56,11.497224242971253,1.6627490410217067,2018,4,164,195843,25747,1522540800000
2024,10,156,7,393.95,264.90999999999997,0.0,37.84428571428571,0.0,2024,10,156,36,-29,1727740800000
2021,6,8,25,1037.79,758.25,132.02,30.33,5.2808,2021,6,8,90,-65,1622505600000
2024,9,206,4,142.29000000000002,126.85000000000001,0.0,31.712500000000002,0.0,2024,9,206,82,-78,1725148800000
2025,7,73,213,5102.81,4498.02,27.21,21.117464788732395,0.12774647887323945,2025,7,73,663,-450,1751328000000
2023,5,1,500,47550.72,40923.55,5189.81,81.84710000000001,10.379620000000001,2023,5,1,11920,-11420,1682899200000
2020,2,233,78176,1386242.0899999999,908342.81,169742.91,11.619202952312731,2.1712918286942284,2020,2,233,91105,-12929,1580515200000
2019,5,219,814,53290.38,44327.97,3657.43,54.45696560196561,4.493157248157248,2019,5,219,2743,-1929,1556668800000
2019,11,198,325,8968.83,7641.09,325.58,23.511046153846156,1.0017846153846153,2019,11,198,3230,-2905,1572566400000
2019,11,248,199,7127.17,6191.52,74.62,31.113165829145732,0.37497487437185933,2019,11,248,718,-519,1572566400000
2021,10,251,3,300.65000000000003,272.5,15.0,90.83333333333333,5.0,2021,10,251,49,-46,1633046400000
2017,5,19,79,2114.48,1771.06,233.29,22.418481012658226,2.9530379746835442,2017,5,19,647,-568,1493596800000
2017,9,214,2,136.15,106.0,14.6,53.0,7.3,2017,9,214,149,-147,1504224000000
2020,1,34,119,2158.75,1718.85,197.13,14.444117647058823,1.6565546218487395,2020,1,34,614,-495,1577836800000
2016,3,47,193,2688.18,2273.31,142.89,11.77880829015544,0.740362694300518,2016,3,47,1278,-1085,1456790400000
2017,7,258,151,3249.68,2740.8,231.48000000000002,18.150993377483445,1.5329801324503312,2017,7,258,1870,-1719,1498867200000
2017,10,63,88,2977.06,2563.0,246.01,29.125,2.7955681818181817,2017,10,63,857,-769,1506816000000
2017,11,31,16,342.51,274.0,41.19,17.125,2.574375,2017,11,31,252,-236,1509494400000
2018,12,7,13233,177540.5,149331.26,11879.08,11.284762336582785,0.8976860878107761,2018,12,7,34898,-21665,1543622400000
2019,6,239,178568,2880915.81,1871734.4,344353.72000000003,10.481913892746741,1.9284178576228665,2019,6,239,173235,5333,1559347200000
2021,11,192,48,2121.59,1886.88,36.76,39.31,0.7658333333333333,2021,11,192,287,-239,1635724800000
2020,2,6,13,604.9599999999999,514.09,25.0,39.54538461538462,1.9230769230769231,2020,2,6,96,-83,1580515200000
2022,10,212,58,1756.06,1542.34,94.92,26.59206896551724,1.636551724137931,2022,10,212,290,-232,1664582400000
2023,11,55,174,8263.56,7633.03,119.31,43.86798850574713,0.6856896551724138,2023,11,55,478,-304,1698796800000
2024,8,21,193,6504.14,6090.28,41.01,31.555854922279792,0.21248704663212434,2024,8,21,510,-317,1722470400000
2022,2,243,416,11031.039999999999,9143.19,925.55,21.978822115384617,2.2248798076923078,2022,2,243,5763,-5347,1643673600000
2024,8,246,56653,1315486.11,890383.79,151600.79,15.71644555451609,2.675953435828641,2024,8,246,58508,-1855,1722470400000
2024,8,198,294,8731.85,7772.99,267.39,26.438741496598638,0.9094897959183673,2024,8,198,1903,-1609,1722470400000
2024,9,263,65162,1381455.61,922964.0,154584.23,14.1641447469384,2.372306405573801,2024,9,263,71528,-6366,1725148800000
2016,11,171,63,1192.1000000000001,1005.54,105.58,15.96095238095238,1.6758730158730157,2016,11,171,1327,-1264,1477958400000
2025,4,223,1878,67606.15,53977.48,4648.57,28.742002129925453,2.475276890308839,2025,4,223,5146,-3268,1743465600000
2017,11,207,503,6793.03,5525.14,641.23,10.98437375745527,1.2748111332007952,2017,11,207,513,-10,1509494400000
2025,6,24,11728,259340.39,189036.85,20762.73,16.118421725784447,1.7703555593451568,2025,6,24,13672,-1944,1748736000000
2025,7,164,86789,2000355.81,1288789.33,208168.09,14.849685213563932,2.3985538489900793,2025,7,164,84576,2213,1751328000000
2018,7,4,15353,225598.97999999998,184158.68,22397.01,11.994963850713216,1.4588034911743633,2018,7,4,36885,-21532,1530403200000
2019,11,125,36119,656107.2100000001,438425.39,82386.04,12.138359035410726,2.2809612669232258,2019,11,125,32720,3399,1572566400000
2021,6,130,507,21335.66,17944.16,879.91,35.392820512820514,1.7355226824457592,2021,6,130,1659,-1152,1622505600000
2018,4,38,80,3615.85,3290.5,137.23,41.13125,1.7153749999999999,2018,4,38,645,-565,1522540800000
2019,5,50,66938,1174210.84,791764.51,129625.67,11.82832636170785,1.9365034808330097,2019,5,50,87313,-20375,1556668800000
2023,12,114,47433,1123679.7,750553.06,144199.72,15.82343642611684,3.040071680053971,2023,12,114,33185,14248,1701388800000
2019,5,158,74649,1360131.9400000002,908690.18,166774.07,12.172837948264545,2.2341099010033627,2019,5,158,77288,-2639,1556668800000
2023,1,8,11,768.3199999999999,602.9,93.12,54.809090909090905,8.465454545454547,2023,1,8,45,-34,1672531200000
2022,2,234,80256,1326105.28,846384.2,179619.75,10.546055123604464,2.2380850029904304,2022,2,234,69545,10711,1643673600000
2020,3,21,124,2727.78,2483.07,24.46,20.02475806451613,0.19725806451612904,2020,3,21,467,-343,1583020800000
2025,5,201,257,9016.15,7789.87,42.12,30.31077821011673,0.16389105058365758,2025,5,201,657,-400,1746057600000
2025,3,224,8518,178168.03,121352.91,10554.93,14.246643578304766,1.239132425451984,2025,3,224,17508,-8990,1740787200000
2017,4,216,651,33209.99,27274.0,3322.9900000000002,41.895545314900154,5.104439324116743,2017,4,216,4085,-3434,1491004800000
2020,4,146,461,7254.63,5989.18,357.28,12.991713665943601,0.7750108459869848,2020,4,146,466,-5,1585699200000
2023,8,64,29,1019.4,897.3199999999999,35.44,30.94206896551724,1.2220689655172412,2023,8,64,471,-442,1690848000000
2019,9,4,10491,190474.63,131303.84,20448.49,12.515855495186349,1.9491459346106188,2019,9,4,26895,-16404,1567296000000
2023,9,253,26,1988.21,1613.1100000000001,213.38,62.04269230769231,8.206923076923077,2023,9,253,60,-34,1693526400000
2024,4,213,488,17290.45,15504.98,81.1,31.7725,0.16618852459016392,2024,4,213,722,-234,1711929600000
2018,8,24,21464,302095.34,243297.99,31589.13,11.335165393216549,1.4717261461051063,2018,8,24,23544,-2080,1533081600000
2022,6,92,171,5913.66,4981.96,353.66,29.134269005847955,2.068187134502924,2022,6,92,2179,-2008,1654041600000
2016,8,153,109,1659.89,1424.5,105.8,13.068807339449542,0.9706422018348624,2016,8,153,478,-369,1470009600000
2021,7,235,357,13059.47,11401.47,157.26,31.936890756302518,0.4405042016806722,2021,7,235,1047,-690,1625097600000
2019,6,192,157,4304.11,3849.45,89.69,24.518789808917198,0.5712738853503184,2019,6,192,646,-489,1559347200000
2021,6,4,3809,78204.34,54966.24,8939.24,14.43062221055395,2.346873195064321,2021,6,4,12556,-8747,1622505600000
2021,3,264,13626,252860.36000000002,182937.06,29994.51,13.42558784676354,2.201270365477763,2021,3,264,13004,622,1614556800000
2020,8,145,1789,28092.53,24107.61,1106.95,13.475466741196199,0.6187534935718279,2020,8,145,3739,-1950,1596240000000
2021,6,38,144,6428.59,5729.21,139.92,39.78618055555555,0.9716666666666666,2021,6,38,683,-539,1622505600000
2021,9,35,382,15070.12,13239.83,98.0,34.65924083769634,0.25654450261780104,2021,9,35,978,-596,1630454400000
2021,11,13,19476,477972.5,338746.71,63465.42,17.393032963647567,3.2586475662353664,2021,11,13,25776,-6300,1635724800000
2016,7,202,748,14810.6,12562.7,1292.84,16.79505347593583,1.7283957219251336,2016,7,202,5080,-4332,1467331200000
2022,5,28,286,12196.39,9601.86,1230.6299999999999,33.572937062937065,4.3029020979020975,2022,5,28,1262,-976,1651363200000
2016,3,33,14375,268180.0,220611.11,31879.19,15.346859826086956,2.2176827826086956,2016,3,33,36744,-22369,1456790400000
2020,6,51,248,10389.38,9276.7,345.8,37.406048387096774,1.3943548387096774,2020,6,51,469,-221,1590969600000
2019,5,207,460,5848.95,4444.39,615.67,9.661717391304348,1.3384130434782608,2019,5,207,461,-1,1556668800000
2023,7,250,93,3089.47,2594.83,182.48999999999998,27.901397849462366,1.9622580645161287,2023,7,250,312,-219,1688169600000
2022,2,188,319,9690.53,8563.33,396.55,26.844294670846395,1.243103448275862,2022,2,188,2124,-1805,1643673600000
2017,9,106,1595,24230.980000000003,19392.02,2558.84,12.158006269592477,1.6042884012539187,2017,9,106,4941,-3346,1504224000000
2022,11,55,108,5237.38,4777.35,67.23,44.234722222222224,0.6225,2022,11,55,436,-328,1667260800000
2020,5,59,11,284.42,267.62,5.5,24.329090909090908,0.5,2020,5,59,15,-4,1588291200000
2017,4,263,175031,2266595.19,1790958.3,258505.74,10.232234861253149,1.4769140323714085,2017,4,263,176519,-1488,1491004800000
2021,10,72,244,9078.53,7995.99,80.82,32.77045081967213,0.33122950819672126,2021,10,72,864,-620,1633046400000
2022,6,243,594,17049.93,13716.86,1887.22,23.092356902356904,3.177138047138047,2022,6,243,6899,-6305,1654041600000
2023,6,221,5,172.32,87.93,15.59,17.586000000000002,3.118,2023,6,221,76,-71,1685577600000
2024,8,139,183,8773.95,8196.66,47.089999999999996,44.79049180327869,0.25732240437158466,2024,8,139,890,-707,1722470400000
2023,12,247,323,9760.51,8583.8,214.63,26.575232198142412,0.6644891640866873,2023,12,247,868,-545,1701388800000
2016,5,1,804,65527.049999999996,54057.2,8651.49,67.23532338308458,10.760559701492538,2016,5,1,24103,-23299,1462060800000
2025,4,112,4189,106161.9,85360.76,2221.68,20.377359751730722,0.5303604678920983,2025,4,112,9732,-5543,1743465600000
2016,2,109,2,40.16,36.5,2.06,18.25,1.03,2016,2,109,81,-79,1454284800000
2017,3,108,36,1127.49,883.85,185.58,24.55138888888889,5.155,2017,3,108,595,-559,1488326400000
2024,3,210,312,12216.38,11328.38,36.74,36.30891025641025,0.11775641025641026,2024,3,210,656,-344,1709251200000
2022,8,162,108544,1894095.3,1224394.45,247513.54,11.280167029038914,2.2803060510023587,2022,8,162,87232,21312,1659312000000
2017,11,221,8,422.29,341.0,70.94,42.625,8.8675,2017,11,221,190,-182,1509494400000
2017,11,149,60,1291.96,1165.8,60.14,19.43,1.0023333333333333,2017,11,149,895,-835,1509494400000
2024,9,129,1977,74397.57,61587.0,5303.07,31.15174506828528,2.682382397572079,2024,9,129,4880,-2903,1725148800000
2025,8,246,64847,1439588.89,928089.67,151770.96,14.311990839977177,2.3404468980831803,2025,8,246,67319,-2472,1754006400000
2019,8,47,275,7580.17,6727.13,57.16,24.46229090909091,0.20785454545454543,2019,8,47,930,-655,1564617600000
2022,1,240,5,126.0,122.0,0.0,24.4,0.0,2022,1,240,97,-92,1640995200000
2018,4,172,7,506.40999999999997,430.5,36.25,61.5,5.178571428571429,2018,4,172,108,-101,1522540800000
2025,1,139,239,8983.38,8256.85,3.2,34.54748953974896,0.013389121338912135,2025,1,139,752,-513,1735689600000
2021,8,240,38,1595.29,1346.1399999999999,43.75,35.42473684210526,1.1513157894736843,2021,8,240,176,-138,1627776000000
2018,10,161,335702,5295181.109999999,4182973.05,630275.88,12.460375720132737,1.8774862229000722,2018,10,161,334829,873,1538352000000
2023,7,196,217,9457.01,8032.41,723.6899999999999,37.01571428571428,3.3349769585253455,2023,7,196,1223,-1006,1688169600000
2021,6,47,380,13816.22,11663.7,442.75,30.693947368421053,1.1651315789473684,2021,6,47,718,-338,1622505600000
2022,6,6,7,308.99,209.52,22.36,29.931428571428572,3.1942857142857144,2022,6,6,51,-44,1654041600000
2017,2,236,321575,4201698.68,3393138.95,436559.31,10.551625437300785,1.3575660732333048,2017,2,236,332882,-11307,1485907200000
2016,9,166,53615,822736.23,662266.25,91351.44,12.352256831110697,1.703841089247412,2016,9,166,78310,-24695,1472688000000
2020,2,78,326,10573.67,9001.1,76.62,27.61073619631902,0.2350306748466258,2020,2,78,795,-469,1580515200000
2022,11,264,46971,1503005.87,1072260.09,199232.92,22.828129909944437,4.241615464861297,2022,11,264,23783,23188,1667260800000
2023,7,66,982,30905.88,23924.26,3469.77,24.362790224032587,3.53337067209776,2023,7,66,4101,-3119,1688169600000
2024,10,95,1087,36319.86,31727.19,1172.99,29.187847286108553,1.0791076356945721,2024,10,95,4392,-3305,1727740800000
2017,7,193,4445,48500.95,41686.34,2252.64,9.378254218222722,0.5067806524184477,2017,7,193,6190,-1745,1498867200000
2017,12,193,4631,51059.48,43980.62,2581.98,9.497002807169078,0.5575426473763766,2017,12,193,6560,-1929,1512086400000
2022,1,14,154,6730.639999999999,6076.62,215.42,39.458571428571425,1.3988311688311688,2022,1,14,1521,-1367,1640995200000
2023,4,237,153780,3111072.61,1973421.52,405868.45,12.832757965925348,2.639279815320588,2023,4,237,137352,16428,1680307200000
2020,10,243,616,17067.29,14348.26,1429.45,23.292629870129872,2.320535714285714,2020,10,243,3872,-3256,1601510400000
2023,9,70,12466,825795.6599999999,545633.5,106250.6,43.76973367559763,8.523231188833629,2023,9,70,1610,10856,1693526400000
2024,2,92,203,7428.07,6492.99,202.03,31.9851724137931,0.9952216748768473,2024,2,92,1599,-1396,1706745600000
2019,1,4,14113,205225.34,166626.02,20545.300000000003,11.806562743569758,1.4557712747112592,2019,1,4,34930,-20817,1546300800000
2020,8,218,426,18885.82,17106.11,752.62,40.15518779342723,1.7667136150234741,2020,8,218,520,-94,1596240000000
2023,6,251,17,1132.21,989.12,87.84,58.18352941176471,5.167058823529412,2023,6,251,66,-49,1685577600000
2025,6,115,46,1794.14,1407.54,23.35,30.598695652173912,0.5076086956521739,2025,6,115,59,-13,1748736000000
2017,9,72,77,1574.83,1394.0,62.47,18.103896103896105,0.8112987012987013,2017,9,72,1245,-1168,1504224000000
2017,5,217,1054,14323.93,11884.3,1127.12,11.275426944971537,1.0693738140417457,2017,5,217,3639,-2585,1493596800000
2023,5,142,122356,2775102.0799999996,1812978.3699999999,364725.58999999997,14.817241246853444,2.980855781490078,2023,5,142,102124,20232,1682899200000
2018,1,38,44,1288.26,1179.5,57.04,26.806818181818183,1.2963636363636364,2018,1,38,585,-541,1514764800000
2025,9,157,1869,59813.29,48573.7,3501.15,25.989138576779023,1.873274478330658,2025,9,157,3111,-1242,1756684800000
2019,2,150,167,7060.04,6400.58,72.93,38.32682634730539,0.43670658682634733,2019,2,150,585,-418,1548979200000
2020,6,15,24,869.63,743.1,52.25,30.962500000000002,2.1770833333333335,2020,6,15,111,-87,1590969600000
2025,8,72,2837,68510.62,62885.4,151.63,22.16616143813888,0.05344730348960169,2025,8,72,3272,-435,1754006400000
2018,2,201,8,231.93,199.5,17.87,24.9375,2.23375,2018,2,201,344,-336,1517443200000
2016,2,9,30,723.39,530.5,154.85,17.683333333333334,5.161666666666666,2016,2,9,619,-589,1454284800000
2023,5,208,92,3243.88,2708.47,157.1,29.439891304347825,1.7076086956521739,2023,5,208,518,-426,1682899200000
2017,8,205,49,1355.7,1175.5,62.37,23.989795918367346,1.272857142857143,2017,8,205,1469,-1420,1501545600000
2024,10,70,14375,913819.8,597854.45,122432.38,41.58987478260869,8.517035130434783,2024,10,70,2014,12361,1727740800000
2025,5,91,2678,65591.63,59849.64,93.52,22.348633308439133,0.03492158327109783,2025,5,91,3077,-399,1746057600000
2025,11,220,891,24545.76,21207.34,197.20999999999998,23.80172839506173,0.22133557800224465,2025,11,220,2355,-1464,1761955200000
2018,10,41,31667,437959.86,359827.17,36891.06,11.362843654277324,1.1649685792781128,2018,10,41,54918,-23251,1538352000000
2022,12,5,51,4312.32,3281.0,0.0,64.33333333333333,0.0,2022,12,5,68,-17,1669852800000
2018,9,40,4337,76243.37,60781.59,9221.78,14.01466220890016,2.1263038967027903,2018,9,40,9751,-5414,1535760000000
2020,8,182,345,13167.51,11265.02,592.7,32.652231884057976,1.7179710144927538,2020,8,182,630,-285,1596240000000
2019,8,260,3330,72324.56,58685.3,5041.63,17.623213213213216,1.514003003003003,2019,8,260,7282,-3952,1564617600000
2018,9,84,3,83.16,75.0,0.0,25.0,0.0,2018,9,84,80,-77,1535760000000
2025,1,165,572,15294.21,14161.82,88.53,24.758426573426572,0.15477272727272728,2025,1,165,1164,-592,1735689600000
2021,3,92,530,19490.47,16612.25,400.7,31.3438679245283,0.7560377358490565,2021,3,92,1269,-739,1614556800000
2021,7,83,191,5249.67,4434.95,264.69,23.219633507853402,1.3858115183246074,2021,7,83,989,-798,1625097600000
2022,5,160,69,3183.19,2667.31,291.98,38.656666666666666,4.231594202898551,2022,5,160,1138,-1069,1651363200000
2025,1,250,352,10493.7,9210.07,34.85,26.16497159090909,0.09900568181818183,2025,1,250,409,-57,1735689600000
2016,11,29,66,1599.37,1350.21,133.5,20.457727272727272,2.022727272727273,2016,11,29,864,-798,1477958400000
2019,4,251,8,783.1,662.51,59.22,82.81375,7.4025,2019,4,251,110,-102,1554076800000
2019,2,175,218,8600.01,7863.42,71.26,36.07073394495413,0.32688073394495415,2019,2,175,719,-501,1548979200000
2017,5,161,369772,6450143.0200000005,5280765.38,644311.68,14.281139134385512,1.7424566489620632,2017,5,161,377204,-7432,1493596800000
2022,3,115,4,117.75,96.05,19.0,24.0125,4.75,2022,3,115,36,-32,1646092800000
2021,5,250,253,9169.5,7676.39,52.87,30.341462450592886,0.20897233201581028,2021,5,250,465,-212,1619827200000
2025,9,160,728,20626.63,17585.78,742.49,24.156291208791206,1.019903846153846,2025,9,160,1911,-1183,1756684800000
2023,1,30,12,38.7,29.8,0.0,2.4833333333333334,0.0,2023,1,30,31,-19,1672531200000
2023,8,154,33,1465.79,1104.2,185.74,33.46060606060606,5.628484848484849,2023,8,154,249,-216,1690848000000
2019,11,195,474,16890.98,14046.53,858.14,29.63402953586498,1.81042194092827,2019,11,195,2388,-1914,1572566400000
2023,7,148,32244,819205.36,561409.9400000001,100720.82,17.411299466567424,3.123707356407394,2023,7,148,30570,1674,1688169600000
2024,9,239,94536,2073782.88,1378478.92,252953.25,14.581523652365236,2.6757346407717697,2024,9,239,95146,-610,1725148800000
2023,12,197,515,24339.96,20962.84,1753.88,40.70454368932039,3.405592233009709,2023,12,197,1188,-673,1701388800000
2023,8,119,206,7068.49,6071.76,343.01,29.47456310679612,1.6650970873786408,2023,8,119,779,-573,1690848000000
2023,4,148,35264,909010.65,622632.82,115157.02,17.656329968239564,3.2655688520871147,2023,4,148,33429,1835,1680307200000
2021,12,160,68,2697.74,2201.12,236.52,32.36941176470588,3.4782352941176473,2021,12,160,1046,-978,1638316800000
2019,10,141,167048,2564460.35,1653824.83,299599.79000000004,9.900297100234663,1.7934952229299366,2019,10,141,176425,-9377,1569888000000
2017,9,137,108181,1498073.6500000001,1193181.56,166423.96,11.02949279448332,1.538384374335604,2017,9,137,123883,-15702,1504224000000
2020,12,101,91,4148.5599999999995,3697.8,208.15,40.63516483516484,2.2873626373626372,2020,12,101,174,-83,1606780800000
2023,8,70,13294,827247.49,545128.6699999999,102827.41,41.00561681961787,7.734873627200241,2023,8,70,1682,11612,1690848000000
2022,7,175,37,1597.33,1061.53,471.45,28.689999999999998,12.74189189189189,2022,7,175,365,-328,1656633600000
2024,4,163,100486,2425629.75,1606660.6300000001,305819.7,15.988900244810223,3.043406046613459,2024,4,163,86170,14316,1711929600000
2021,10,41,11672,197501.59,150408.03,19594.91,12.886226010966416,1.6787962645647703,2021,10,41,23988,-12316,1633046400000
2024,10,148,39294,990926.71,691345.0399999999,114528.81999999999,17.594162976535856,2.9146643253422915,2024,10,148,40768,-1474,1727740800000
2021,6,44,101,12157.11,10930.5,0.0,108.22277227722772,0.0,2021,6,44,109,-8,1622505600000
2022,1,35,167,5084.75,4768.22,43.53,28.552215568862277,0.2606586826347305,2022,1,35,536,-369,1640995200000
2024,7,250,134,4833.35,4334.52,8.030000000000001,32.34716417910448,0.059925373134328365,2024,7,250,361,-227,1719792000000
2016,11,167,237,3552.46,2664.1,607.3299999999999,11.240928270042193,2.562573839662447,2016,11,167,1473,-1236,1477958400000
2021,8,34,64,1458.5,1182.22,124.58,18.4721875,1.9465625,2021,8,34,381,-317,1627776000000
2024,9,116,3729,94177.67,79264.57,4336.12,21.256253687315635,1.1628104049342987,2024,9,116,9119,-5390,1725148800000
2018,8,43,109699,1498785.7400000002,1215291.63,151817.25999999998,11.078420313767673,1.3839438828065889,2018,8,43,89883,19816,1533081600000
2025,11,71,2180,54458.45,49199.82,260.65,22.568724770642202,0.11956422018348623,2025,11,71,2534,-354,1761955200000
2020,2,181,4678,87341.71,69011.18,8788.2,14.752283026934586,1.8786233433091066,2020,2,181,18731,-14053,1580515200000
2020,10,171,194,8302.0,6902.61,429.29,35.58046391752577,2.2128350515463917,2020,10,171,356,-162,1601510400000
2016,7,116,11535,189068.05000000002,156689.13,16822.95,13.583799739921977,1.4584265279583877,2016,7,116,30055,-18520,1467331200000
2016,12,168,1853,31735.31,27622.28,1453.76,14.906788990825687,0.7845439827307069,2016,12,168,7753,-5900,1480550400000
2024,9,183,94,3781.91,3476.7,9.709999999999999,36.986170212765956,0.10329787234042552,2024,9,183,185,-91,1725148800000
2019,2,203,404,18823.74,17472.93,87.77,43.24982673267327,0.21725247524752475,2019,2,203,921,-517,1548979200000
2020,3,108,88,3152.25,2741.37,148.58,31.15193181818182,1.688409090909091,2020,3,108,299,-211,1583020800000
2017,4,230,337980,5462495.15,4368314.42,566908.76,12.924771939167998,1.677344103201373,2017,4,230,307044,30936,1491004800000
2019,4,136,369,14281.55,12871.75,109.86999999999999,34.88279132791328,0.29775067750677503,2019,4,136,1253,-884,1554076800000
2019,10,230,250171,5051685.6,3442347.87,577098.8799999999,13.759979653916721,2.306817656722801,2019,10,230,220927,29244,1569888000000
2022,8,123,56,1619.52,1413.93,63.59,25.24875,1.1355357142857143,2022,8,123,466,-410,1659312000000
2024,8,94,106,4072.04,3730.46,24.2,35.19301886792453,0.22830188679245284,2024,8,94,266,-160,1722470400000
2017,9,105,13,227.89000000000001,188.5,19.23,14.5,1.4792307692307693,2017,9,105,7,6,1504224000000
2016,9,43,131717,1885698.82,1540462.89,187406.6,11.6952473105218,1.4227973610088296,2016,9,43,113211,18506,1472688000000
2023,7,227,72,2660.75,2386.79,98.11,33.14986111111111,1.362638888888889,2023,7,227,595,-523,1688169600000
2024,3,48,93686,2156521.18,1445575.38,256502.77,15.430004269581366,2.7378986187904273,2024,3,48,89891,3795,1709251200000
2025,5,196,1623,44362.32,37129.66,1367.88,22.877178065311153,0.8428096118299446,2025,5,196,2471,-848,1746057600000
2021,9,261,13553,318243.18,226843.76,38739.72,16.737531173909836,2.8583870729727736,2021,9,261,12041,1512,1630454400000
2021,2,257,158,5141.39,4109.3,254.16,26.008227848101267,1.608607594936709,2021,2,257,472,-314,1612137600000
2020,3,165,231,5063.47,4517.25,74.7,19.555194805194805,0.3233766233766234,2020,3,165,914,-683,1583020800000
2018,4,84,3,77.76,63.5,12.96,21.166666666666668,4.32,2018,4,84,62,-59,1522540800000
2024,10,51,513,21575.97,19767.34,50.25,38.53282651072125,0.097953216374269,2024,10,51,710,-197,1727740800000
2024,7,243,726,25295.13,21764.47,1374.66,29.978608815427,1.8934710743801655,2024,7,243,6003,-5277,1719792000000
2016,7,70,1911,59398.15,49105.09,5777.12,25.696017791732075,3.0230873888016743,2016,7,70,4980,-3069,1467331200000
2017,6,179,6236,89299.2,74084.56,7484.68,11.880141116100063,1.2002373316228352,2017,6,179,13871,-7635,1496275200000
2024,3,94,117,3910.56,3551.38,0.0,30.353675213675213,0.0,2024,3,94,281,-164,1709251200000
2020,5,114,1117,19870.41,14084.38,1897.84,12.609113697403759,1.6990510295434198,2020,5,114,1174,-57,1588291200000
2021,7,126,138,4118.38,3488.43,88.15,25.278478260869566,0.638768115942029,2021,7,126,550,-412,1625097600000
2017,4,58,3,66.1,59.0,4.7,19.666666666666668,1.5666666666666667,2017,4,58,255,-252,1491004800000
2019,10,36,584,13299.57,10746.64,1091.15,18.401780821917807,1.8684075342465756,2019,10,36,4904,-4320,1569888000000
2025,11,158,38955,880799.21,565252.63,95508.32,14.510399948658709,2.4517602361699398,2025,11,158,40722,-1767,1761955200000
2023,1,112,569,17406.63,13093.96,2239.67,23.012231985940243,3.936151142355009,2023,1,112,6546,-5977,1672531200000
2019,12,265,3802,329031.83,279830.89,36235.89,73.6009705418201,9.530744345081535,2019,12,265,18412,-14610,1575158400000
2016,1,122,426,6562.400000000001,5372.0,639.92,12.610328638497652,1.5021596244131454,2016,1,122,765,-339,1451606400000
2023,4,57,5,242.7,192.4,24.2,38.480000000000004,4.84,2023,4,57,58,-53,1680307200000
2022,3,228,187,6073.69,4910.79,552.1,26.26090909090909,2.9524064171122997,2022,3,228,1702,-1515,1646092800000
2017,5,145,13336,234565.23,187200.34,23143.78,14.037218056388722,1.7354364127174564,2017,5,145,31633,-18297,1493596800000
2025,1,47,348,11216.789999999999,10134.12,27.46,29.121034482758624,0.0789080459770115,2025,1,47,438,-90,1735689600000
2016,2,150,49,1329.64,1147.82,90.42,23.42489795918367,1.8453061224489797,2016,2,150,492,-443,1454284800000
2021,2,54,37,1107.73,875.54,100.04,23.663243243243244,2.703783783783784,2021,2,54,244,-207,1612137600000
2016,1,93,783,45100.090000000004,35974.24,5294.73,45.94411238825032,6.7621072796934865,2016,1,93,833,-50,1451606400000
2019,2,199,1,65.08,40.0,15.02,40.0,15.02,2019,2,199,2,-1,1548979200000
2017,9,52,5407,100194.76000000001,81008.21,13153.52,14.982099130756428,2.432683558350287,2017,9,52,7358,-1951,1504224000000
2021,12,112,551,13662.65,10242.34,1874.46,18.5886388384755,3.401923774954628,2021,12,112,6256,-5705,1638316800000
2017,6,138,268410,11947356.56,9101204.2,1566896.01,33.9078432249171,5.837696099251145,2017,6,138,121433,146977,1496275200000
2023,8,42,2951,72111.52,59672.0,3584.95,20.220942053541172,1.2148254828871567,2023,8,42,10968,-8017,1690848000000
2018,3,197,393,14450.61,11969.35,1307.53,30.456361323155217,3.3270483460559794,2018,3,197,2081,-1688,1519862400000
2025,8,254,1213,37488.58,33932.56,50.61,27.974080791426214,0.041723000824402307,2025,8,254,1816,-603,1754006400000
2025,11,101,271,17191.06,15825.42,433.08,58.39638376383764,1.598081180811808,2025,11,101,624,-353,1761955200000
2021,9,241,165,6807.05,5816.47,182.88,35.251333333333335,1.1083636363636364,2021,9,241,703,-538,1630454400000
2016,12,115,201,4039.29,3262.0,406.08,16.228855721393035,2.0202985074626865,2016,12,115,332,-131,1480550400000
2023,2,100,48896,1166710.61,780948.09,136764.07,15.97161506053665,2.7970400441753926,2023,2,100,40759,8137,1675209600000
2016,11,157,486,15870.15,12652.2,1589.27,26.033333333333335,3.270102880658436,2016,11,157,3832,-3346,1477958400000
2022,12,265,2783,253612.36000000002,220687.86,24770.52,79.29854832914121,8.900653970535394,2022,12,265,13032,-10249,1669852800000
2016,11,187,7,214.79000000000002,181.5,15.61,25.928571428571427,2.23,2016,11,187,53,-46,1477958400000
2021,5,109,10,929.4499999999999,826.5,33.0,82.65,3.3,2021,5,109,24,-14,1619827200000
2021,12,24,10782,187345.03,133420.64,23763.79,12.374386941198296,2.2040242997588573,2021,12,24,12411,-1629,1638316800000
2019,3,189,1753,32798.83,26985.86,2772.49,15.394101540216772,1.58156873930405,2019,3,189,7693,-5940,1551398400000
2022,8,54,48,1527.68,1112.63,277.3,23.17979166666667,5.777083333333334,2022,8,54,667,-619,1659312000000
2023,3,215,474,30104.13,24203.87,2781.45,51.06301687763713,5.868037974683544,2023,3,215,983,-509,1677628800000
2024,3,205,474,18163.93,16789.43,45.61,35.42073839662447,0.09622362869198312,2024,3,205,1196,-722,1709251200000
2020,3,32,154,3807.4700000000003,3387.13,23.94,21.99435064935065,0.15545454545454546,2020,3,32,401,-247,1583020800000
2022,2,160,43,1393.8899999999999,1184.6,69.74,27.548837209302324,1.621860465116279,2022,2,160,903,-860,1643673600000
2016,2,118,9,314.03,255.5,32.21,28.38888888888889,3.578888888888889,2016,2,118,173,-164,1454284800000
2018,9,93,2100,98107.71,77642.65,11272.35,36.97269047619047,5.367785714285715,2018,9,93,3781,-1681,1535760000000
2021,9,45,3859,88663.07,64500.72,9488.71,16.714361233480176,2.4588520342057527,2021,9,45,7216,-3357,1630454400000
2016,9,233,128378,2066338.44,1639717.66,234459.35,12.772575207590085,1.8263203196809423,2016,9,233,138241,-9863,1472688000000
2024,8,172,11,378.37,307.02,4.6,27.91090909090909,0.41818181818181815,2024,8,172,59,-48,1722470400000
2018,11,108,170,5803.58,5265.07,159.36,30.970999999999997,0.9374117647058824,2018,11,108,594,-424,1541030400000
2017,11,33,9248,167195.62,136812.41,20182.15,14.793729455017301,2.1823259083044984,2017,11,33,26999,-17751,1509494400000
2019,7,29,238,7408.91,6653.47,148.14,27.95575630252101,0.6224369747899159,2019,7,29,937,-699,1561939200000
2019,6,216,1406,72644.84,60493.37,5473.46,43.025156472261735,3.8929302987197723,2019,6,216,6970,-5564,1559347200000
2016,1,225,2451,40631.23,32650.47,4784.04,13.321285189718482,1.9518727050183597,2016,1,225,15767,-13316,1451606400000
2023,11,8,18,963.45,711.35,73.57,39.519444444444446,4.087222222222222,2023,11,8,48,-30,1698796800000
2021,8,129,966,25350.35,20824.95,1653.27,21.557919254658387,1.7114596273291924,2021,8,129,5125,-4159,1627776000000
2024,4,16,110,3661.62,3248.54,121.78999999999999,29.53218181818182,1.107181818181818,2024,4,16,639,-529,1711929600000
2025,8,82,3023,70592.77,59800.83,1703.25,19.781948395633478,0.5634303671849157,2025,8,82,5266,-2243,1754006400000
2024,3,90,58977,1297792.27,857808.79,156048.4,14.544802041473796,2.645919595774624,2024,3,90,54614,4363,1709251200000
2018,1,70,902,32507.89,27756.55,2876.42,30.77222838137472,3.1889356984478936,2018,1,70,3215,-2313,1514764800000
2016,4,5,3,172.10999999999999,137.0,21.13,45.666666666666664,7.043333333333333,2016,4,5,69,-66,1459468800000
2016,1,76,548,14913.44,12603.47,1468.05,22.999032846715327,2.6789233576642335,2016,1,76,2777,-2229,1451606400000
2019,3,177,825,24686.16,22805.68,181.17,27.643248484848485,0.2196,2019,3,177,2219,-1394,1551398400000
2018,5,66,5416,104125.43000000001,85475.1,12142.61,15.781960856720827,2.241988552437223,2018,5,66,14356,-8940,1525132800000
2021,6,213,483,16623.04,13851.39,133.03,28.67782608695652,0.2754244306418219,2021,6,213,959,-476,1622505600000
2020,4,208,58,1579.43,1335.2,82.74,23.020689655172415,1.4265517241379309,2020,4,208,123,-65,1585699200000
2016,1,210,88,2156.05,1749.64,291.31,19.882272727272728,3.3103409090909093,2016,1,210,1324,-1236,1451606400000
2019,10,97,5879,106960.59,85744.24,9312.83,14.584834155468618,1.5840840278959007,2019,10,97,11524,-5645,1569888000000
2025,2,176,4,289.24,245.29000000000002,0.0,61.322500000000005,0.0,2025,2,176,16,-12,1738368000000
2023,6,257,99,3362.17,2735.67,322.55,27.633030303030303,3.258080808080808,2023,6,257,1584,-1485,1685577600000
2017,4,209,19633,372907.68,305881.72,41817.14,15.579978607446645,2.1299414251515305,2017,4,209,27352,-7719,1491004800000
2019,2,78,394,13597.17,12062.15,67.82,30.61459390862944,0.17213197969543145,2019,2,78,997,-603,1548979200000
2025,1,114,53492,1138726.1,718001.34,132000.76,13.422592911089508,2.467672923053915,2025,1,114,36727,16765,1735689600000
2018,12,148,105082,1670020.2,1342287.93,193828.35,12.77371890523591,1.8445437848537334,2018,12,148,82401,22681,1543622400000
2016,11,21,50,1282.17,942.03,254.42,18.8406,5.0884,2016,11,21,1176,-1126,1477958400000
2020,10,223,592,17321.35,13793.55,1580.18,23.29991554054054,2.6692229729729733,2020,10,223,2565,-1973,1601510400000
2022,1,138,59263,2501817.81,1730595.9,328913.35,29.20196243862106,5.550062433558881,2022,1,138,17167,42096,1640995200000
2017,9,133,362,6958.15,5784.27,596.59,15.978646408839781,1.6480386740331492,2017,9,133,2719,-2357,1504224000000
2017,12,169,168,3006.42,2660.91,101.16,15.83875,0.6021428571428571,2017,12,169,1685,-1517,1512086400000
2020,5,37,1403,37295.42,33750.87,369.24,24.056215253029226,0.2631789023521026,2020,5,37,1256,147,1588291200000
2022,6,221,5,280.81,237.14,10.57,47.428,2.114,2022,6,221,66,-61,1654041600000
2023,5,155,134,6358.56,5787.78,64.53,43.19238805970149,0.4815671641791045,2023,5,155,691,-557,1682899200000
2017,1,23,10,388.97999999999996,345.5,20.4,34.55,2.04,2017,1,23,229,-219,1483228800000
2016,12,84,3,196.15,188.5,4.25,62.833333333333336,1.4166666666666667,2016,12,84,113,-110,1480550400000
2016,7,201,24,809.1,662.84,112.2,27.618333333333336,4.675,2016,7,201,418,-394,1467331200000
2019,12,232,8977,194960.11000000002,142231.83,19447.59,15.844026957780994,2.1663796368497272,2019,12,232,27701,-18724,1575158400000
2022,3,83,160,3935.81,3166.67,413.64,19.791687500000002,2.58525,2022,3,83,963,-803,1646092800000
2021,12,194,118,6523.5599999999995,4826.85,643.59,40.90550847457627,5.454152542372881,2021,12,194,235,-117,1638316800000
2025,9,222,1015,33531.4,31718.24,45.39999999999999,31.249497536945814,0.04472906403940886,2025,9,222,1382,-367,1756684800000
2018,7,230,278836,4493139.25,3597030.69,464236.82999999996,12.900166011562352,1.6649099470656585,2018,7,230,261811,17025,1530403200000
2016,3,48,378828,5406524.0,4337768.03,570535.17,11.450494762794726,1.5060533276315373,2016,3,48,322723,56105,1456790400000
2022,1,108,75,3543.5299999999997,3258.5,28.28,43.446666666666665,0.37706666666666666,2022,1,108,219,-144,1640995200000
2021,9,227,98,3849.69,3325.9,123.14,33.93775510204082,1.256530612244898,2021,9,227,633,-535,1630454400000
2025,11,142,124626,2665095.11,1673849.58,338173.76,13.430982138558567,2.713508898624685,2025,11,142,108902,15724,1761955200000
2017,12,7,17312,228088.94,190505.26,16600.69,11.00423174676525,0.9589123151571164,2017,12,7,44746,-27434,1512086400000
2023,3,24,8918,201321.64,141488.5,25632.74,15.865496748149809,2.8742700156985874,2023,3,24,11719,-2801,1677628800000
2019,5,239,201289,3244623.8400000003,2102831.06,390532.72000000003,10.446825509590688,1.940159273482406,2019,5,239,194072,7217,1556668800000
2016,11,84,2,146.1,30.0,114.0,15.0,57.0,2016,11,84,84,-82,1477958400000
2019,6,125,40167,737191.18,492987.4,91575.38,12.27344337391391,2.279866059202828,2019,6,125,36591,3576,1559347200000
2024,8,75,18993,404073.0,302318.13,34585.0,15.917344811246249,1.8209340283262254,2024,8,75,34990,-15997,1722470400000
2018,9,87,65803,1381499.56,1122976.57,166223.58,17.065735148853395,2.5260790541464675,2018,9,87,69584,-3781,1535760000000
2016,1,177,480,8570.210000000001,7239.9,715.45,15.083124999999999,1.4905208333333335,2016,1,177,2734,-2254,1451606400000
2016,5,95,2093,47648.53,39461.99,4146.53,18.85427138079312,1.981141901576684,2016,5,95,14980,-12887,1462060800000
2018,1,189,2122,33388.090000000004,26825.5,3877.92,12.641611687087654,1.827483506126296,2018,1,189,8692,-6570,1514764800000
2022,3,41,11171,183024.77,137513.48,19886.82,12.309863038223973,1.7802184227016382,2022,3,41,24598,-13427,1646092800000
2022,11,198,126,3830.12,3181.86,401.26,25.252857142857145,3.1846031746031747,2022,11,198,1896,-1770,1667260800000
2021,3,137,37731,646389.27,433496.71,68577.11,11.489139169383266,1.8175269672152872,2021,3,137,34246,3485,1614556800000
2017,6,19,112,2721.75,2297.5,237.67,20.513392857142858,2.1220535714285713,2017,6,19,537,-425,1496275200000
2018,3,204,3,212.9,211.0,0.0,70.33333333333333,0.0,2018,3,204,57,-54,1519862400000
2023,7,264,28388,816554.74,586252.22,98388.37,20.651409750598845,3.465843666337889,2023,7,264,33132,-4744,1688169600000
2024,7,213,418,15536.24,13964.04,92.07,33.40679425837321,0.22026315789473683,2024,7,213,723,-305,1719792000000
2025,2,150,207,5960.83,5498.8,67.0,26.56425120772947,0.32367149758454106,2025,2,150,392,-185,1738368000000
2023,10,94,78,2861.39,2585.21,27.45,33.14371794871795,0.3519230769230769,2023,10,94,210,-132,1696118400000
2017,4,133,440,8069.08,6727.31,720.58,15.28934090909091,1.6376818181818182,2017,4,133,3058,-2618,1491004800000
2017,6,177,241,5139.52,4397.5,334.73,18.24688796680498,1.3889211618257262,2017,6,177,2081,-1840,1496275200000
2019,2,41,27275,383912.67000000004,299223.91,30541.68,10.970629147571035,1.1197682859761686,2019,2,41,46164,-18889,1548979200000
2020,2,160,152,6031.39,5214.54,275.21,34.30618421052632,1.8105921052631577,2020,2,160,1716,-1564,1580515200000
2021,5,238,66981,1092444.3900000001,721988.07,137895.84,10.77899807408071,2.0587306848210685,2021,5,238,68734,-1753,1619827200000
2021,8,212,166,5579.31,4616.07,98.5,27.807650602409637,0.5933734939759037,2021,8,212,464,-298,1627776000000
2022,5,34,88,2221.99,1719.63,304.06,19.54125,3.4552272727272726,2022,5,34,476,-388,1651363200000
2023,11,21,87,3651.9,3358.15,45.39,38.599425287356325,0.5217241379310344,2023,11,21,342,-255,1698796800000
2025,7,143,39197,819416.03,541319.41,76194.92,13.810225527463837,1.9438967267903156,2025,7,143,48110,-8913,1751328000000
2023,1,232,3257,91994.87,66306.45,10870.47,20.358136321768498,3.3375713847098556,2023,1,232,13618,-10361,1672531200000
2019,6,18,294,9200.85,8233.87,49.14,28.00636054421769,0.16714285714285715,2019,6,18,1274,-980,1559347200000
2025,2,139,369,13485.51,12443.07,50.91,33.721056910569104,0.13796747967479675,2025,2,139,837,-468,1738368000000
2022,6,158,26906,542080.23,363873.86,73661.84999999999,13.52389281201219,2.737748085928789,2022,6,158,34972,-8066,1654041600000
2016,4,231,240714,3918406.4,3159754.32,459255.04,13.126591390612926,1.9078867037230904,2016,4,231,215084,25630,1459468800000
2018,5,241,181,4405.35,3898.01,177.92,21.535966850828732,0.9829834254143646,2018,5,241,1562,-1381,1525132800000
2025,11,234,108090,2327020.0,1439721.2,277623.01,13.31965214173374,2.5684430567119994,2025,11,234,95094,12996,1761955200000
2016,11,232,18632,313921.88,258590.45,32392.44,13.878834800343496,1.7385379991412622,2016,11,232,46374,-27742,1477958400000
2016,7,225,1983,32901.08,26802.0,3436.63,13.51588502269289,1.7330458900655572,2016,7,225,14630,-12647,1467331200000
2018,9,199,1,4.8,3.5,0.0,3.5,0.0,2018,9,199,1,0,1535760000000
2019,7,11,120,4328.38,3986.63,38.44,33.221916666666665,0.3203333333333333,2019,7,11,530,-410,1561939200000
2019,11,120,36,1459.73,1114.84,187.43,30.967777777777776,5.206388888888889,2019,11,120,288,-252,1572566400000
2020,9,28,198,7833.4,6568.66,594.77,33.17505050505051,3.0038888888888886,2020,9,28,533,-335,1598918400000
2023,8,218,282,10749.73,9770.16,58.550000000000004,34.64595744680851,0.2076241134751773,2023,8,218,1036,-754,1690848000000
2020,5,98,23,890.25,774.28,19.25,33.66434782608695,0.8369565217391305,2020,5,98,88,-65,1588291200000
2022,1,22,77,2658.76,2384.54,92.62,30.968051948051947,1.2028571428571428,2022,1,22,502,-425,1640995200000
2025,7,53,395,11809.56,10197.88,287.85,25.817417721518986,0.72873417721519,2025,7,53,1331,-936,1751328000000
2019,8,196,749,26659.87,21740.71,1991.31,29.026315086782375,2.658624833110814,2019,8,196,3024,-2275,1564617600000
2023,9,188,521,18248.16,16003.83,865.68,30.717523992322455,1.661573896353167,2023,9,188,2310,-1789,1693526400000
2019,10,51,600,25228.88,22169.88,43.04,36.9498,0.07173333333333333,2019,10,51,1223,-623,1569888000000
2023,10,19,99,3643.47,3202.56,172.19,32.34909090909091,1.7392929292929293,2023,10,19,496,-397,1696118400000
2021,7,7,2524,47965.65,38623.39,3681.32,15.302452456418383,1.458526148969889,2021,7,7,9815,-7291,1625097600000
2023,3,37,344,11445.87,9211.42,1124.6,26.77738372093023,3.269186046511628,2023,3,37,3592,-3248,1677628800000
2019,1,33,6925,131513.47,109276.92,14226.45,15.780060649819495,2.054361010830325,2019,1,33,20798,-13873,1546300800000
2019,6,27,25,1154.86,1063.71,9.76,42.5484,0.39039999999999997,2019,6,27,103,-78,1559347200000
2022,4,152,3454,62837.99,48146.46,6737.58,13.939334105385061,1.950660104226983,2022,4,152,6211,-2757,1648771200000
2024,1,171,79,2859.54,2595.31,25.75,32.852025316455695,0.3259493670886076,2024,1,171,537,-458,1704067200000
2024,8,249,68404,1498788.4,994767.26,181138.15000000002,14.542530553768785,2.648063709724578,2024,8,249,51169,17235,1722470400000
2024,9,71,973,27470.0,25611.62,77.19,26.322322713257964,0.07933196300102775,2024,9,71,1291,-318,1725148800000
2025,5,31,146,4861.51,3917.2599999999998,188.6,26.830547945205478,1.2917808219178082,2025,5,31,501,-355,1746057600000
2023,11,102,94,3080.27,2738.52,110.6,29.133191489361703,1.176595744680851,2023,11,102,537,-443,1698796800000
2019,5,30,9,598.52,560.65,0.0,62.294444444444444,0.0,2019,5,30,41,-32,1556668800000
2021,8,24,9384,166067.65,119109.41,20389.11,12.69281862745098,2.172752557544757,2021,8,24,10559,-1175,1627776000000
2022,7,164,74302,1348277.1600000001,882509.16,169139.21000000002,11.877327124438104,2.276374929342414,2022,7,164,68677,5625,1656633600000
2025,6,233,48050,1164317.31,766011.23,116231.8,15.941961082206035,2.4189760665972946,2025,6,233,60613,-12563,1748736000000
2017,3,127,1144,20601.8,17254.34,1739.18,15.082465034965034,1.520262237762238,2017,3,127,8278,-7134,1488326400000
2016,9,262,119817,1720219.77,1379778.76,190821.25,11.515717802982882,1.592605807189297,2016,9,262,123778,-3961,1472688000000
2020,9,222,408,13049.93,11218.45,968.0,27.49620098039216,2.372549019607843,2020,9,222,511,-103,1598918400000
2024,5,205,512,20855.72,19675.33,13.05,38.42837890625,0.02548828125,2024,5,205,1383,-871,1714521600000
2020,3,133,203,4625.12,3960.84,157.11,19.511527093596058,0.7739408866995074,2020,3,133,951,-748,1583020800000
2020,12,129,771,20880.170000000002,17959.329999999998,1295.33,23.293553826199737,1.680064850843061,2020,12,129,2518,-1747,1606780800000
2017,11,84,3,90.12,67.0,13.459999999999999,22.333333333333332,4.486666666666666,2017,11,84,53,-50,1509494400000
2019,9,223,3499,120570.58,92931.53,12192.99,26.55945412975136,3.48470705915976,2019,9,223,12248,-8749,1567296000000
2021,3,58,23,803.19,670.66,15.0,29.159130434782607,0.6521739130434783,2021,3,58,76,-53,1614556800000
2016,3,65,17408,314279.66000000003,260591.89,33320.54,14.969662798713236,1.9140935202205882,2016,3,65,23382,-5974,1456790400000
2021,8,172,3,273.0,240.65,0.0,80.21666666666667,0.0,2021,8,172,45,-42,1627776000000
2022,1,161,88235,1431133.87,910108.44,184300.85,10.314596701989005,2.0887499291664304,2022,1,161,74709,13526,1640995200000
2022,4,245,6,262.21999999999997,207.05,44.42,34.50833333333333,7.403333333333333,2022,4,245,43,-37,1648771200000
2020,12,6,23,954.9399999999999,782.23,79.37,34.01,3.4508695652173915,2020,12,6,24,-1,1606780800000
2024,5,186,114354,2881746.33,1967751.34,366934.28,17.20754271822586,3.208757717263935,2024,5,186,79975,34379,1714521600000
2024,12,115,9,504.22,399.94,0.0,44.437777777777775,0.0,2024,12,115,40,-31,1733011200000
2018,3,163,253204,3693732.28,2919598.47,426846.15,11.530617486295636,1.685779648030837,2018,3,163,221607,31597,1519862400000
2025,7,225,5118,142387.44,124776.84,967.17,24.38,0.18897420867526377,2025,7,225,7662,-2544,1751328000000
2023,1,80,510,17844.19,14047.85,2022.74,27.54480392156863,3.9661568627450983,2023,1,80,4246,-3736,1672531200000
2023,11,222,202,8387.69,7720.83,79.47,38.221930693069304,0.39341584158415843,2023,11,222,285,-83,1698796800000
2025,11,69,1713,42970.58,38312.09,122.85,22.36549328663164,0.07171628721541155,2025,11,69,2689,-976,1761955200000
2017,5,229,188278,2550708.5300000003,2031704.84,285768.7,10.790983758059891,1.517801867451322,2017,5,229,173419,14859,1493596800000
2023,5,83,161,5461.94,4561.06,333.38,28.329565217391306,2.0706832298136644,2023,5,83,996,-835,1682899200000
2022,3,123,54,1925.25,1750.99,52.56,32.42574074074074,0.9733333333333334,2022,3,123,602,-548,1646092800000
2023,12,66,1330,43816.52,35336.29,3838.02,26.568639097744363,2.885729323308271,2023,12,66,4497,-3167,1701388800000
2024,12,132,163324,12256450.7,9490892.549999999,1469496.8800000001,58.11082602679336,8.997433812544392,2024,12,132,42902,120422,1733011200000
2020,2,257,202,5525.33,4402.67,387.94,21.79539603960396,1.9204950495049504,2020,2,257,2818,-2616,1580515200000
2017,3,213,156,4204.19,3520.55,408.89,22.567628205128205,2.6210897435897436,2017,3,213,1566,-1410,1488326400000
2018,4,236,351759,4367076.67,3446733.0,510230.69,9.798563789412638,1.450512111985763,2018,4,236,367162,-15403,1522540800000
2018,2,260,4365,74717.83,63056.52,5380.97,14.445938144329896,1.2327537227949599,2018,2,260,9020,-4655,1517443200000
2024,9,177,1031,31747.19,29436.83,282.1,28.55172647914646,0.2736178467507275,2024,9,177,1407,-376,1725148800000
2021,11,219,344,19917.69,16672.91,1403.29,48.467761627906974,4.079331395348837,2021,11,219,905,-561,1635724800000
2025,4,106,1026,25528.16,21069.41,380.16,20.535487329434698,0.3705263157894737,2025,4,106,1654,-628,1743465600000
2022,9,16,56,1931.75,1767.1000000000001,88.65,31.555357142857144,1.5830357142857143,2022,9,16,566,-510,1661990400000
2025,10,15,172,5636.91,4606.03,106.23,26.779244186046512,0.6176162790697675,2025,10,15,595,-423,1759276800000
2021,7,130,586,24988.93,21137.65,819.1,36.07107508532423,1.3977815699658704,2021,7,130,1896,-1310,1625097600000
2023,5,4,4306,110379.02,76841.37,13312.19,17.84518578727357,3.0915443567115655,2023,5,4,13157,-8851,1682899200000
2020,12,82,634,16254.24,13819.73,1118.04,21.797681388012617,1.7634700315457412,2020,12,82,1539,-905,1606780800000
2017,11,139,39,1088.84,1020.2,18.919999999999998,26.15897435897436,0.4851282051282051,2017,11,139,631,-592,1509494400000
2021,8,202,137,4649.49,3956.57,291.62,28.880072992700732,2.1286131386861316,2021,8,202,1656,-1519,1627776000000
2016,7,119,389,7676.09,6547.6,523.79,16.831876606683807,1.346503856041131,2016,7,119,2653,-2264,1467331200000
2021,12,73,24,785.4300000000001,698.3100000000001,9.27,29.09625,0.38625,2021,12,73,234,-210,1638316800000
2020,8,174,465,16974.760000000002,14875.24,840.93,31.989763440860216,1.8084516129032258,2020,8,174,673,-208,1596240000000
2024,2,169,220,7592.76,6859.21,101.27,31.178227272727273,0.4603181818181818,2024,2,169,454,-234,1706745600000
2025,1,138,89657,6574531.14,4458017.72,786541.26,49.7230302151533,8.772781377918065,2025,1,138,32279,57378,1735689600000
2024,11,53,153,5415.97,4648.32,219.87,30.381176470588233,1.4370588235294117,2024,11,53,521,-368,1730419200000
2016,4,201,14,777.99,588.9200000000001,148.81,42.06571428571429,10.629285714285714,2016,4,201,441,-427,1459468800000
2016,1,150,57,1153.7,1045.0,42.8,18.333333333333332,0.7508771929824561,2016,1,150,589,-532,1451606400000
2025,11,183,267,9058.05,7929.87,69.81,29.699887640449436,0.2614606741573034,2025,11,183,524,-257,1761955200000
2025,8,257,610,15696.96,12027.53,291.19,19.71726229508197,0.4773606557377049,2025,8,257,1949,-1339,1754006400000
2023,10,174,162,5897.36,5362.26,36.82,33.10037037037037,0.22728395061728396,2023,10,174,405,-243,1696118400000
2021,6,264,17689,421490.83999999997,308283.44,51398.24,17.427974447396686,2.905661145344564,2021,6,264,16373,1316,1622505600000
2017,2,71,102,2167.31,1836.5,182.59,18.004901960784313,1.7900980392156862,2017,2,71,1249,-1147,1485907200000
2022,2,122,44,1789.31,1662.3700000000001,26.94,37.781136363636364,0.6122727272727273,2022,2,122,215,-171,1643673600000
2017,5,257,402,7675.35,6179.78,804.58,15.372587064676615,2.001442786069652,2017,5,257,5383,-4981,1493596800000
2017,6,130,770,40005.43,32169.18,4225.83,41.77815584415585,5.488090909090909,2017,6,130,2576,-1806,1496275200000
2018,7,253,31,1475.44,1116.06,249.75,36.001935483870966,8.056451612903226,2018,7,253,71,-40,1530403200000
2022,11,200,73,3214.98,2767.12,221.16,37.90575342465753,3.0295890410958903,2022,11,200,1210,-1137,1667260800000
2023,12,125,15815,398969.96,270785.61,51088.68,17.12207461270945,3.2303939298134683,2023,12,125,16065,-250,1701388800000
2025,8,13,23909,689507.04,474939.05,74174.98,19.86444644276214,3.102387385503367,2025,8,13,26926,-3017,1754006400000
2025,10,137,47899,1024137.21,665518.22,92004.11,13.894198626276122,1.9207939622956638,2025,10,137,55946,-8047,1759276800000
2023,9,165,131,3797.68,3478.49,32.79,26.553358778625952,0.2503053435114504,2023,9,165,692,-561,1693526400000
2024,5,153,63,2103.05,1902.62,43.05,30.200317460317457,0.6833333333333332,2024,5,153,177,-114,1714521600000
2022,6,203,105,4562.09,4155.1900000000005,103.95,39.5732380952381,0.99,2022,6,203,566,-461,1654041600000
2018,3,184,11,356.14,311.51,16.3,28.319090909090907,1.481818181818182,2018,3,184,52,-41,1519862400000
2025,10,150,334,11526.03,10614.32,84.98,31.77940119760479,0.2544311377245509,2025,10,150,655,-321,1759276800000
2021,6,183,117,4869.63,4108.7,57.88,35.11709401709402,0.49470085470085473,2021,6,183,258,-141,1622505600000
2021,1,144,7090,120758.03,81309.71,14246.41,11.468224259520452,2.009366713681241,2021,1,144,7765,-675,1609459200000
2023,6,24,8513,199224.7,140608.28,25391.77,16.516889463173968,2.9827052742863858,2023,6,24,10783,-2270,1685577600000
2019,4,189,1466,28059.08,22987.52,2301.62,15.68043656207367,1.5699999999999998,2019,4,189,7269,-5803,1554076800000
2023,12,32,141,5137.0,4696.5,47.0,33.308510638297875,0.3333333333333333,2023,12,32,246,-105,1701388800000
2016,3,192,121,2561.4,2082.34,298.86,17.209421487603308,2.469917355371901,2016,3,192,1058,-937,1456790400000
2024,5,238,75237,1645805.17,1110433.13,195187.78,14.7591361962864,2.59430572723527,2024,5,238,83175,-7938,1714521600000
2022,12,174,106,3744.29,3379.2400000000002,34.65,31.879622641509435,0.3268867924528302,2022,12,174,498,-392,1669852800000
2018,10,160,186,6515.76,5374.06,465.36,28.892795698924733,2.5019354838709678,2018,10,160,2488,-2302,1538352000000
2022,1,53,39,1564.93,1316.81,68.92,33.76435897435897,1.7671794871794873,2022,1,53,374,-335,1640995200000
2022,9,257,64,2292.35,1797.47,274.48,28.08546875,4.28875,2022,9,257,1427,-1363,1661990400000
2017,11,42,12857,167225.53,139017.98,12144.61,10.81262969588551,0.9445912732363694,2017,11,42,37263,-24406,1509494400000
2020,11,171,163,7001.97,5684.84,401.15,34.87631901840491,2.4610429447852757,2020,11,171,341,-178,1604188800000
2016,7,213,125,2616.03,2198.05,197.12,17.584400000000002,1.5769600000000001,2016,7,213,1689,-1564,1467331200000
2017,9,198,258,4853.99,4042.56,390.6,15.668837209302325,1.513953488372093,2017,9,198,5135,-4877,1504224000000
2016,3,95,1994,43848.92,36386.71,3703.59,18.24809929789368,1.857367101303912,2016,3,95,15955,-13961,1456790400000
2019,12,229,133722,2181074.33,1428010.59,257668.49000000002,10.67895028491946,1.9268967709127893,2019,12,229,129367,4355,1575158400000
2018,6,90,152834,2071113.0599999998,1629750.63,246622.59000000003,10.663534488399177,1.6136631246973843,2018,6,90,124843,27991,1527811200000
2018,5,115,5,151.76,122.0,20.0,24.4,4.0,2018,5,115,142,-137,1525132800000
2019,2,35,1118,34846.5,32337.5,44.660000000000004,28.924418604651162,0.03994633273703042,2019,2,35,2026,-908,1548979200000
2017,3,50,107762,1598127.54,1283490.03,178891.32,11.91041396781797,1.6600593901375253,2017,3,50,131730,-23968,1488326400000
2019,8,144,62321,1108506.11,755264.42,120610.49,12.118939362333725,1.935310569470965,2019,8,144,56080,6241,1564617600000
2016,11,155,69,1978.37,1581.52,179.41,22.920579710144928,2.600144927536232,2016,11,155,1055,-986,1477958400000
2019,12,121,311,10741.88,9229.11,247.46,29.67559485530547,0.7956913183279744,2019,12,121,1179,-868,1575158400000
2017,5,12,4336,91184.17,77696.3,8236.98,17.918888376383766,1.8996725092250921,2017,5,12,7062,-2726,1493596800000
2021,1,154,14,886.63,733.13,16.5,52.36642857142857,1.1785714285714286,2021,1,154,40,-26,1609459200000
2023,9,56,211,10125.789999999999,8288.76,751.75,39.28322274881517,3.5627962085308056,2023,9,56,854,-643,1693526400000
2025,8,51,1238,40174.92,37013.54,12.5,29.897851373182554,0.010096930533117932,2025,8,51,1815,-577,1754006400000
2023,6,97,1242,33167.689999999995,26244.32,3316.92,21.130692431561997,2.6706280193236718,2023,6,97,4467,-3225,1685577600000
2019,5,253,15,788.9,643.03,83.78,42.86866666666666,5.585333333333334,2019,5,253,110,-95,1556668800000
2022,2,119,159,4923.29,4461.32,57.32,28.058616352201255,0.36050314465408806,2022,2,119,552,-393,1643673600000
2025,5,212,1092,29215.61,24847.97,20.2,22.754551282051285,0.0184981684981685,2025,5,212,991,101,1746057600000
2020,4,234,3624,53002.520000000004,33898.26,6105.37,9.353824503311259,1.6847047461368654,2020,4,234,2877,747,1585699200000
2018,9,17,1576,27219.329999999998,23444.25,1444.8,14.875793147208121,0.916751269035533,2018,9,17,10903,-9327,1535760000000
2025,5,60,694,17586.9,15399.17,34.730000000000004,22.189005763688762,0.050043227665706055,2025,5,60,753,-59,1746057600000
2019,10,17,1071,22834.48,19581.420000000002,857.73,18.283305322128854,0.8008683473389356,2019,10,17,8334,-7263,1569888000000
2018,2,235,200,4238.45,3686.5,173.31,18.4325,0.86655,2018,2,235,1508,-1308,1517443200000
2020,7,82,528,14594.32,12282.47,920.42,23.262253787878787,1.743219696969697,2020,7,82,1071,-543,1593561600000
2021,10,78,209,7720.29,6524.68,69.78,31.218564593301437,0.3338755980861244,2021,10,78,499,-290,1633046400000
2018,10,213,626,20622.28,18142.15,472.82,28.98107028753994,0.7553035143769968,2018,10,213,1714,-1088,1538352000000
2024,3,252,125,4818.8,4179.75,176.47,33.438,1.41176,2024,3,252,603,-478,1709251200000
2022,10,183,36,1189.42,1032.46,44.06,28.679444444444446,1.223888888888889,2022,10,183,185,-149,1664582400000
2021,4,119,424,13730.36,11616.39,335.07,27.397146226415092,0.7902594339622642,2021,4,119,1173,-749,1617235200000
2022,11,118,7,332.0,259.1,20.95,37.01428571428572,2.992857142857143,2022,11,118,73,-66,1667260800000
2021,5,149,267,11242.78,9921.71,52.43,37.15996254681647,0.19636704119850187,2021,5,149,551,-284,1619827200000
2017,7,29,76,1959.89,1793.1599999999999,62.97,23.594210526315788,0.8285526315789473,2017,7,29,827,-751,1498867200000
2019,11,265,3313,297078.2,253975.84,32108.52,76.6603803199517,9.691675218834893,2019,11,265,16595,-13282,1572566400000
2017,10,151,81598,1098644.6,880498.26,120201.2,10.790684330498296,1.4730900267163411,2017,10,151,77573,4025,1506816000000
2024,1,73,43,1600.01,1436.21,32.28,33.400232558139535,0.7506976744186047,2024,1,73,202,-159,1704067200000
2024,10,213,578,20783.5,18307.5,388.74,31.67387543252595,0.672560553633218,2024,10,213,717,-139,1727740800000
2025,3,115,37,1559.93,1186.28,48.46,32.06162162162162,1.3097297297297297,2025,3,115,48,-11,1740787200000
2025,1,181,2263,57454.81,48190.4,2240.77,21.294918250110474,0.9901767565178966,2025,1,181,8355,-6092,1735689600000
2016,8,250,103,1675.9,1399.8,101.56,13.590291262135922,0.9860194174757282,2016,8,250,959,-856,1470009600000
2021,5,56,301,11417.03,9390.03,269.47,31.196112956810634,0.895249169435216,2021,5,56,1054,-753,1619827200000
2016,5,45,27084,453925.57,377119.55,44119.7,13.924071407473047,1.6289949785851423,2016,5,45,32560,-5476,1462060800000
2025,8,205,1349,41405.5,37783.3,95.31,28.00837657524092,0.07065233506300964,2025,8,205,2955,-1606,1754006400000
2017,10,219,657,44332.43,36435.97,4493.22,55.458097412480974,6.838995433789955,2017,10,219,1912,-1255,1506816000000
2017,11,12,3514,70506.53,60290.37,6161.44,17.157191235059763,1.7533978372225383,2017,11,12,5978,-2464,1509494400000
2022,2,218,118,5254.8099999999995,4846.7,87.86,41.07372881355932,0.7445762711864407,2022,2,218,631,-513,1643673600000
2025,6,133,1357,40203.48,33692.53,237.21,24.828688282977154,0.17480471628592484,2025,6,133,1959,-602,1748736000000
2025,11,119,1005,25985.13,23001.53,146.16,22.887094527363182,0.14543283582089553,2025,11,119,1510,-505,1761955200000
2020,1,262,85805,1372355.08,894487.21,163493.97,10.424651360643319,1.9054130878153954,2020,1,262,92017,-6212,1577836800000
2017,5,239,260365,3443197.82,2724313.56,397157.17,10.463440016899353,1.525386169416012,2017,5,239,243668,16697,1493596800000
2016,11,119,259,4010.88,3505.8,175.67,13.535907335907337,0.6782625482625482,2016,11,119,1788,-1529,1477958400000
2017,11,87,68085,1436021.11,1159879.3,180741.71999999997,17.035753837115372,2.65464816038775,2017,11,87,74708,-6623,1509494400000
2018,3,35,343,8287.43,7699.5,119.34,22.44752186588921,0.347930029154519,2018,3,35,1278,-935,1519862400000
2025,2,12,824,24486.09,17653.84,2518.77,21.424563106796118,3.056759708737864,2025,2,12,1159,-335,1738368000000
2019,8,173,255,6064.25,5294.95,92.28,20.76450980392157,0.3618823529411765,2019,8,173,2048,-1793,1564617600000
2017,1,141,226753,2708975.95,2149148.27,300567.67,9.477926510343854,1.3255289676432065,2017,1,141,227881,-1128,1483228800000
2017,1,253,15,1410.08,1222.5,98.89,81.5,6.592666666666667,2017,1,253,41,-26,1483228800000
2016,6,188,1744,30103.82,25175.76,2741.84,14.435642201834861,1.5721559633027524,2016,6,188,9628,-7884,1464739200000
2017,1,238,188544,2359810.38,1871339.11,264276.17,9.925211674728446,1.401668416921249,2017,1,238,200235,-11691,1483228800000
2020,8,135,216,8869.22,7873.67,345.2,36.45217592592593,1.598148148148148,2020,8,135,475,-259,1596240000000
2020,12,23,24,1816.37,1438.18,50.21,59.92416666666667,2.0920833333333335,2020,12,23,75,-51,1606780800000
2023,4,216,546,37138.83,31384.420000000002,3512.49,57.48062271062271,6.433131868131868,2023,4,216,2814,-2268,1680307200000
2018,5,119,383,8929.29,7697.02,567.79,20.096657963446475,1.4824804177545692,2018,5,119,2275,-1892,1525132800000
2022,11,89,317,10975.48,9116.62,1014.71,28.759053627760256,3.2009779179810725,2022,11,89,2944,-2627,1667260800000
2022,12,155,153,6604.47,5869.75,216.5,38.36437908496732,1.4150326797385622,2022,12,155,710,-557,1669852800000
2025,1,258,708,19908.12,17647.28,163.37,24.92553672316384,0.23074858757062147,2025,1,258,1172,-464,1735689600000
2017,7,221,17,535.1,491.0,6.48,28.88235294117647,0.38117647058823534,2017,7,221,208,-191,1498867200000
2017,10,133,409,7427.92,6233.47,631.49,15.24075794621027,1.5439853300733497,2017,10,133,2802,-2393,1506816000000
2019,1,45,14208,247892.97,206044.17,23859.01,14.501982685810813,1.6792659065315314,2019,1,45,19193,-4985,1546300800000
2023,11,63,105,4139.44,3574.17,238.74,34.03971428571429,2.273714285714286,2023,11,63,505,-400,1698796800000
2022,1,27,1,77.55,70.2,0.0,70.2,0.0,2022,1,27,35,-34,1640995200000
2020,5,54,38,1202.28,1073.99,30.3,28.262894736842107,0.7973684210526316,2020,5,54,58,-20,1588291200000
2016,11,146,9808,154363.63,129580.63,13414.29,13.211728181076673,1.3676886215334423,2016,11,146,11998,-2190,1477958400000
2022,10,150,47,1416.1,1294.64,38.91,27.54553191489362,0.8278723404255318,2022,10,150,301,-254,1664582400000
2019,6,169,376,11688.06,10347.07,208.91,27.51880319148936,0.5556117021276595,2019,6,169,1388,-1012,1559347200000
2023,3,26,135,4633.32,4089.34,76.98,30.29140740740741,0.5702222222222223,2023,3,26,973,-838,1677628800000
2025,2,21,375,9411.65,8615.58,29.97,22.97488,0.07991999999999999,2025,2,21,760,-385,1738368000000
2016,10,207,402,5071.86,4222.02,309.44,10.502537313432837,0.7697512437810945,2016,10,207,466,-64,1475280000000
2021,6,160,98,3584.24,2972.54,187.53,30.33204081632653,1.9135714285714285,2021,6,160,953,-855,1622505600000
2016,10,66,5401,100341.34,82173.9,11626.14,15.214571375671172,2.152590261062766,2016,10,66,16248,-10847,1475280000000
2023,3,133,102,3941.59,3051.78,412.51,29.919411764705885,4.04421568627451,2023,3,133,910,-808,1677628800000
2023,10,173,65,1990.12,1728.67,86.42999999999999,26.594923076923077,1.3296923076923075,2023,10,173,640,-575,1696118400000
2025,8,151,27261,538220.58,375305.58,50862.06,13.767124463519314,1.8657444701221524,2025,8,151,27837,-576,1754006400000
2020,8,102,154,5251.8,4647.57,235.96,30.179025974025972,1.5322077922077924,2020,8,102,342,-188,1596240000000
2017,10,28,623,29086.15,23526.87,2897.58,37.76383627608347,4.651011235955056,2017,10,28,2248,-1625,1506816000000
2018,1,24,25354,340204.66,272643.02,37240.6,10.753451920801453,1.4688254318845153,2018,1,24,28757,-3403,1514764800000
2024,8,181,1383,43101.28,37227.2,2478.73,26.917715112075197,1.7922848879248012,2024,8,181,7676,-6293,1722470400000
2024,2,26,207,6153.18,5687.5,51.46,27.47584541062802,0.24859903381642512,2024,2,26,960,-753,1706745600000
2024,8,18,216,8046.4,7372.46,47.0,34.13175925925926,0.2175925925925926,2024,8,18,586,-370,1722470400000
2016,6,87,92991,1978883.69,1607795.6,238791.08,17.289797937434805,2.567894527427385,2016,6,87,95666,-2675,1464739200000
2021,9,122,81,3461.79,3050.18,6.86,37.65654320987654,0.08469135802469137,2021,9,122,317,-236,1630454400000
2019,1,91,924,30053.31,27303.46,25.52,29.54919913419913,0.02761904761904762,2019,1,91,1970,-1046,1546300800000
2021,9,113,41802,740308.81,486388.0,97796.47,11.635519831587006,2.3395165303095546,2021,9,113,38427,3375,1630454400000
2022,9,189,364,11158.82,8951.34,1493.63,24.591593406593407,4.103379120879121,2022,9,189,2937,-2573,1661990400000
2022,1,177,125,4530.2,4099.83,122.72,32.79864,0.98176,2022,1,177,597,-472,1640995200000
2023,6,233,43211,1100004.31,731002.91,137893.65,16.917056073684943,3.191170072435259,2023,6,233,52820,-9609,1685577600000
2025,9,80,6070,171686.2,140800.35,4196.67,23.196103789126855,0.6913789126853377,2025,9,80,8346,-2276,1756684800000
2018,7,152,7090,100655.96,83644.62,7858.91,11.797548660084626,1.1084499294781383,2018,7,152,12367,-5277,1530403200000
2019,5,105,12,235.69,170.0,24.59,14.166666666666666,2.049166666666667,2019,5,105,9,3,1556668800000
2017,5,159,468,6484.05,5568.52,316.45,11.898547008547009,0.6761752136752136,2017,5,159,3032,-2564,1493596800000
2022,9,78,115,3772.0099999999998,3367.69,39.370000000000005,29.28426086956522,0.3423478260869566,2022,9,78,356,-241,1661990400000
2023,5,109,6,648.76,471.02,43.95,78.50333333333333,7.325,2023,5,109,41,-35,1682899200000
2016,11,251,4,297.9,292.0,3.2,73.0,0.8,2016,11,251,149,-145,1477958400000
2017,2,101,25,1247.81,1034.5,139.94,41.38,5.5976,2017,2,101,395,-370,1485907200000
2020,12,38,145,6423.54,5638.08,371.78,38.883310344827585,2.5639999999999996,2020,12,38,335,-190,1606780800000
2020,9,82,583,15708.83,13078.12,1127.04,22.43245283018868,1.9331732418524872,2020,9,82,1453,-870,1598918400000
2016,11,126,100,1696.46,1376.5,161.37,13.765,1.6137000000000001,2016,11,126,1123,-1023,1477958400000
2020,8,86,260,16161.56,15049.59,358.26,57.88303846153846,1.3779230769230768,2020,8,86,501,-241,1596240000000
2016,11,125,55410,870005.79,692497.88,106125.22,12.497705829272695,1.9152719725681284,2016,11,125,51435,3975,1477958400000
2020,10,47,429,13660.89,11651.77,970.77,27.16030303030303,2.262867132867133,2020,10,47,839,-410,1601510400000
2023,4,143,35576,764869.25,500221.79000000004,98030.5,14.060652968293233,2.755523386552732,2023,4,143,48394,-12818,1680307200000
2023,5,89,456,15488.66,13443.63,701.58,29.481644736842103,1.5385526315789475,2023,5,89,2956,-2500,1682899200000
2023,10,170,101201,2520988.56,1677975.32,322479.2,16.58061995434828,3.1865218723135147,2023,10,170,101574,-373,1696118400000
2020,6,135,124,4856.95,4263.25,206.08,34.381048387096776,1.661935483870968,2020,6,135,254,-130,1590969600000
2023,9,101,37,1092.06,986.91,36.269999999999996,26.673243243243242,0.9802702702702701,2023,9,101,303,-266,1693526400000
2024,1,32,132,4633.36,4242.68,15.0,32.14151515151515,0.11363636363636363,2024,1,32,255,-123,1704067200000
2017,1,250,122,1937.3400000000001,1605.5,173.04,13.15983606557377,1.4183606557377049,2017,1,250,808,-686,1483228800000
2024,9,131,279,10140.74,9154.59,147.39,32.81215053763441,0.528279569892473,2024,9,131,819,-540,1725148800000
2018,7,140,130683,1808190.8800000001,1449345.14,200036.55,11.090540774239955,1.5307006267073757,2018,7,140,136361,-5678,1530403200000
2021,7,254,315,12766.72,10898.24,73.55,34.5975873015873,0.23349206349206347,2021,7,254,775,-460,1625097600000
2017,5,5,1,182.8,52.0,130.0,52.0,130.0,2017,5,5,51,-50,1493596800000
2024,8,226,2730,90246.51,74473.08,7744.5199999999995,27.279516483516485,2.8368205128205126,2024,8,226,4981,-2251,1722470400000
2022,1,4,2760,53023.770000000004,36313.67,6608.45,13.157126811594201,2.3943659420289856,2022,1,4,11156,-8396,1640995200000
2016,8,125,58171,895899.54,711597.31,107371.1,12.232853311787661,1.845783981709099,2016,8,125,53783,4388,1470009600000
2020,4,41,4234,51348.380000000005,40761.94,3665.84,9.62728861596599,0.865810108644308,2020,4,41,5129,-895,1585699200000
2021,11,208,135,5868.27,4926.12,106.94,36.489777777777775,0.7921481481481482,2021,11,208,500,-365,1635724800000
2023,5,114,44383,1050544.55,695579.1,138194.99,15.672196561746615,3.1136919541265797,2023,5,114,32727,11656,1682899200000
2018,2,238,172780,2169072.92,1714606.75,251265.52000000002,9.923641335802754,1.4542511864799168,2018,2,238,184090,-11310,1517443200000
2020,7,248,336,14762.43,13033.47,419.88,38.79008928571428,1.249642857142857,2020,7,248,477,-141,1593561600000
2022,3,243,516,14468.01,11588.49,1581.47,22.45831395348837,3.064864341085271,2022,3,243,6764,-6248,1646092800000
2016,1,260,7184,115497.2,97851.21,7925.51,13.620714086859689,1.1032168708240535,2016,1,260,14318,-7134,1451606400000
2022,3,254,213,9232.84,8167.780000000001,74.46,38.346384976525826,0.34957746478873236,2022,3,254,565,-352,1646092800000
2018,10,86,94,6072.43,5706.31,99.34,60.7054255319149,1.0568085106382978,2018,10,86,666,-572,1538352000000
2018,7,192,98,2445.25,2148.41,144.27,21.92255102040816,1.4721428571428572,2018,7,192,621,-523,1530403200000
2020,2,263,120569,1834897.9400000002,1173554.82,221446.88,9.733470626778027,1.8366817341107582,2020,2,263,123416,-2847,1580515200000
2019,12,252,159,6455.26,5511.31,316.64,34.66232704402516,1.991446540880503,2019,12,252,1041,-882,1575158400000
2020,12,254,582,21253.81,18189.32,1536.42,31.25312714776632,2.639896907216495,2020,12,254,860,-278,1606780800000
2022,1,23,38,2552.86,2171.29,12.0,57.139210526315786,0.3157894736842105,2022,1,23,91,-53,1640995200000
2016,5,58,6,58.81,54.01,0.0,9.001666666666667,0.0,2016,5,58,272,-266,1462060800000
2018,11,24,24293,341211.24,274373.65,37659.93,11.294350224344463,1.5502379286214136,2018,11,24,28181,-3888,1541030400000
2018,1,130,750,36601.95,28863.92,4379.33,38.48522666666666,5.839106666666667,2018,1,130,2122,-1372,1514764800000
2020,7,81,250,11036.28,9849.41,350.19,39.39764,1.40076,2020,7,81,405,-155,1593561600000
2022,8,141,76911,1237571.04,793462.46,160459.59,10.316631691175514,2.0863022194484535,2022,8,141,80899,-3988,1659312000000
2023,11,188,521,17581.53,15741.52,674.11,30.214049904030713,1.293877159309021,2023,11,188,2375,-1854,1698796800000
2025,9,256,7078,196065.28,160496.19,5950.74,22.675358858434585,0.8407374964679287,2025,9,256,11953,-4875,1756684800000
2021,10,33,2126,56473.64,43878.72,7073.88,20.63909689557855,3.327318908748824,2021,10,33,8872,-6746,1633046400000
2020,12,48,37984,585893.5100000001,383826.28,65528.32,10.104946293176075,1.7251558550968829,2020,12,48,34530,3454,1606780800000
2018,6,132,223712,12710370.89,10398730.32,1358439.02,46.482666642826494,6.072267111285939,2018,6,132,82011,141701,1527811200000
2021,6,96,21,949.05,767.29,61.01,36.537619047619046,2.905238095238095,2021,6,96,82,-61,1622505600000
2023,2,50,18128,406139.82,271271.47,48561.97,14.964224955869371,2.6788377096204767,2023,2,50,31761,-13633,1675209600000
2024,10,75,25068,542416.31,402111.05,48222.08,16.04081099409606,1.923650869634594,2024,10,75,43495,-18427,1727740800000
2018,12,11,143,5041.45,4429.97,158.15,30.97881118881119,1.105944055944056,2018,12,11,712,-569,1543622400000
2018,10,35,840,28468.67,26073.92,616.85,31.04038095238095,0.7343452380952381,2018,10,35,1816,-976,1538352000000
2021,3,153,109,3072.31,2637.63,49.97,24.198440366972477,0.45844036697247703,2021,3,153,228,-119,1614556800000
2025,8,23,33,1271.64,990.6800000000001,47.989999999999995,30.020606060606063,1.4542424242424241,2025,8,23,118,-85,1754006400000
2021,11,178,54,1874.07,1598.96,20.91,29.610370370370372,0.38722222222222225,2021,11,178,309,-255,1635724800000
2021,12,20,84,3249.7,2771.1,89.95,32.989285714285714,1.0708333333333333,2021,12,20,309,-225,1638316800000
2021,4,113,30761,498787.56,322889.26,64015.35,10.496708819609246,2.0810555573615943,2021,4,113,28060,2701,1617235200000
2022,10,176,1,50.35,2.5,40.0,2.5,40.0,2022,10,176,38,-37,1664582400000
2018,10,202,349,8684.08,7332.44,815.55,21.009856733524355,2.3368194842406877,2018,10,202,3731,-3382,1538352000000
2021,5,60,205,6370.91,5368.49,44.03,26.187756097560975,0.21478048780487805,2021,5,60,436,-231,1619827200000
2017,3,100,207883,2995939.5500000003,2407162.13,310588.62,11.57940827292275,1.4940549251261526,2017,3,100,159363,48520,1488326400000
2024,2,80,810,26183.91,21821.05,1571.72,26.939567901234568,1.9403950617283952,2024,2,80,3329,-2519,1706745600000
2019,8,195,515,17893.9,15080.78,815.25,29.28306796116505,1.583009708737864,2019,8,195,2296,-1781,1564617600000
2016,8,87,85095,1766371.03,1441559.9,205151.66,16.9405946295317,2.410854456783595,2016,8,87,87242,-2147,1470009600000
2017,12,205,81,2467.34,2254.56,90.36,27.834074074074074,1.1155555555555556,2017,12,205,1083,-1002,1512086400000
2017,2,237,342794,3998288.5500000003,3155435.24,445415.65,9.205048046348537,1.2993682794914732,2017,2,237,305326,37468,1485907200000
2018,9,262,92450,1237480.94,979525.97,144512.56999999998,10.595197079502434,1.5631429962141696,2018,9,262,102365,-9915,1535760000000
2016,3,131,122,2439.33,2015.34,248.53,16.519180327868852,2.0371311475409835,2016,3,131,1563,-1441,1456790400000
2017,8,10,2175,136597.2,109123.13,13647.78,50.17155402298851,6.274841379310345,2017,8,10,3727,-1552,1501545600000
2018,9,249,164209,2316164.51,1830853.07,280789.19,11.149529380241034,1.709950063638412,2018,9,249,134445,29764,1535760000000
2018,11,182,364,11917.14,10616.68,266.63,29.166703296703297,0.7325,2018,11,182,1243,-879,1541030400000
2020,11,26,503,15144.09,12844.48,1354.52,25.535745526838966,2.692882703777336,2020,11,26,979,-476,1604188800000
2019,10,232,9036,192251.75999999998,139521.43,19210.600000000002,15.440618636564851,2.1260070827799913,2019,10,232,28954,-19918,1569888000000
2020,12,122,129,5699.54,4982.65,358.5,38.62519379844961,2.7790697674418605,2020,12,122,242,-113,1606780800000
2018,7,261,51891,1006096.1200000001,835682.49,100232.90999999999,16.10457478175406,1.931604902584263,2018,7,261,41007,10884,1530403200000
2020,5,139,103,4094.59,3621.28,125.61,35.15805825242719,1.219514563106796,2020,5,139,143,-40,1588291200000
2022,8,29,72,4076.85,3656.7000000000003,106.8,50.7875,1.4833333333333334,2022,8,29,482,-410,1659312000000
2023,11,58,6,216.43,187.11,0.0,31.185000000000002,0.0,2023,11,58,90,-84,1698796800000
2018,5,48,289729,4271973.100000001,3421031.3,459371.07,11.807693741392818,1.5855198133428134,2018,5,48,240986,48743,1525132800000
2016,2,236,399271,4869015.13,3875066.0,533693.13,9.705353005853167,1.3366689040776816,2016,2,236,394259,5012,1454284800000
2018,6,191,292,11185.27,10132.8,366.25,34.701369863013696,1.2542808219178083,2018,6,191,1175,-883,1527811200000
2018,7,204,2,251.10000000000002,250.0,0.0,125.0,0.0,2018,7,204,41,-39,1530403200000
2018,12,28,946,42638.98,35251.49,3350.92,37.26373150105708,3.542198731501057,2018,12,28,2122,-1176,1543622400000
2020,1,170,195034,3302349.7800000003,2139007.98,405184.97000000003,10.96735943476522,2.0775094086159336,2020,1,170,196883,-1849,1577836800000
2021,12,258,90,3686.17,3114.2400000000002,101.53,34.60266666666667,1.128111111111111,2021,12,258,660,-570,1638316800000
2024,6,200,177,7023.17,6259.86,105.15,35.3664406779661,0.5940677966101695,2024,6,200,1064,-887,1717200000000
2017,9,245,2,40.599999999999994,39.0,0.0,19.5,0.0,2017,9,245,91,-89,1504224000000
2019,8,128,58,1722.65,1505.8600000000001,51.92,25.963103448275863,0.8951724137931035,2019,8,128,388,-330,1564617600000
2021,9,74,12816,226402.24,174879.42,18398.05,13.645397940074908,1.4355532147315855,2021,9,74,26029,-13213,1630454400000
2024,10,239,102389,2250197.26,1477670.26,287307.0,14.431923937141685,2.8060338512926193,2024,10,239,104057,-1668,1727740800000
2025,7,101,373,13029.39,11574.07,142.89000000000001,31.029678284182303,0.38308310991957106,2025,7,101,671,-298,1751328000000
2018,11,135,477,16432.47,14538.51,348.22,30.479056603773586,0.730020964360587,2018,11,135,1910,-1433,1541030400000
2016,3,54,720,14089.51,11406.5,1700.73,15.842361111111112,2.362125,2016,3,54,3861,-3141,1456790400000
2016,12,250,137,2300.41,2047.07,63.76,14.942116788321167,0.4654014598540146,2016,12,250,940,-803,1480550400000
2023,8,101,34,1180.79,1014.88,79.39,29.84941176470588,2.335,2023,8,101,337,-303,1690848000000
2023,12,52,568,16926.47,13270.91,1872.87,23.364278169014085,3.297306338028169,2023,12,52,2070,-1502,1701388800000
2023,10,218,340,13373.92,12242.65,147.2,36.00779411764706,0.4329411764705882,2023,10,218,867,-527,1696118400000
2017,8,2,8,436.78999999999996,390.0,24.71,48.75,3.08875,2017,8,2,1,7,1501545600000
2024,9,4,7492,176794.05,132108.88,12121.46,17.633326214628937,1.617920448478377,2024,9,4,15084,-7592,1725148800000
2022,6,237,170808,2700417.8800000004,1718775.76,353828.07999999996,10.062618612711349,2.0714959486675095,2022,6,237,145447,25361,1654041600000
2025,9,159,1254,35242.23,31721.44,42.2,25.29620414673046,0.033652312599681024,2025,9,159,1993,-739,1756684800000
2017,12,43,146974,2051729.73,1667867.87,214393.88,11.348047069549716,1.4587197735653925,2017,12,43,126455,20519,1512086400000
2019,10,191,321,15269.6,13855.39,145.73,43.16320872274143,0.45398753894080995,2019,10,191,1159,-838,1569888000000
2023,3,211,24128,581300.3300000001,390003.36,74179.27,16.163932360742706,3.074406084217507,2023,3,211,27131,-3003,1677628800000
2024,9,196,567,21479.18,17995.43,1287.21,31.737971781305117,2.2702116402116403,2024,9,196,1315,-748,1725148800000
2020,10,116,3143,57644.64,46779.06,4893.11,14.883569837734647,1.556827871460388,2020,10,116,6967,-3824,1601510400000
2020,2,97,4863,85637.66,68391.15,7354.25,14.063571869216531,1.5122866543286038,2020,2,97,9701,-4838,1580515200000
2019,11,145,8638,206581.75,157548.19,21035.989999999998,18.238966195878675,2.435284788145404,2019,11,145,20690,-12052,1572566400000
2021,2,41,10736,157752.21,121466.84,14093.24,11.313975409836065,1.3127086438152011,2021,2,41,15626,-4890,1612137600000
2021,3,227,274,9447.02,8157.46,155.34,29.771751824817517,0.5669343065693431,2021,3,227,640,-366,1614556800000
2024,1,223,679,29430.22,23015.73,2943.27,33.89650957290132,4.334712812960236,2024,1,223,3953,-3274,1704067200000
2018,9,31,34,975.96,850.08,55.36,25.002352941176472,1.628235294117647,2018,9,31,370,-336,1535760000000
2019,4,121,305,10636.89,9410.75,91.45,30.854918032786884,0.2998360655737705,2019,4,121,1269,-964,1554076800000
2025,9,183,258,8549.94,7700.48,8.64,29.846821705426354,0.03348837209302326,2025,9,183,483,-225,1756684800000
2025,11,193,3199,49206.33,37690.62,1318.6,11.782000625195375,0.41219130978430757,2025,11,193,3758,-559,1761955200000
2021,9,21,86,3559.39,3166.78,39.86,36.82302325581396,0.46348837209302324,2021,9,21,457,-371,1630454400000
2021,2,198,218,7063.32,5855.32,172.19,26.85926605504587,0.7898623853211009,2021,2,198,794,-576,1612137600000
2021,11,17,579,17468.93,14496.33,1231.25,25.03683937823834,2.126511226252159,2021,11,17,4074,-3495,1635724800000
2025,2,86,482,22210.85,20920.04,70.44,43.40257261410789,0.14614107883817426,2025,2,86,988,-506,1738368000000
2025,5,41,21996,444841.96,343665.7,18609.7,15.624008910711039,0.8460492816875796,2025,5,41,31569,-9573,1746057600000
2016,1,47,139,2207.67,1903.51,112.17999999999999,13.69431654676259,0.8070503597122302,2016,1,47,1009,-870,1451606400000
2017,11,13,79954,1608393.75,1295008.5,201739.84,16.196919478700252,2.523198839332616,2017,11,13,84870,-4916,1509494400000
2022,5,96,16,913.11,734.85,132.26,45.928125,8.26625,2022,5,96,99,-83,1651363200000
2018,6,179,5129,74482.5,62496.0,5653.37,12.184831351140573,1.1022363033729772,2018,6,179,11766,-6637,1527811200000
2016,4,21,91,1571.88,1326.11,115.23,14.572637362637362,1.2662637362637363,2016,4,21,1453,-1362,1459468800000
2019,1,41,28911,373962.84,307022.56,30588.16,10.61957593995365,1.058011137629276,2019,1,41,49658,-20747,1546300800000
2020,4,49,133,2676.75,2252.36,217.74,16.935037593984962,1.6371428571428572,2020,4,49,355,-222,1585699200000
2020,5,10,256,9397.23,7963.13,410.32,31.1059765625,1.6028125,2020,5,10,431,-175,1588291200000
2022,4,229,75439,1254446.2300000002,810175.55,163931.44,10.739478916740678,2.1730330465674252,2022,4,229,73990,1449,1648771200000
2018,11,207,531,5424.91,4401.59,407.73,8.28924670433145,0.7678531073446329,2018,11,207,544,-13,1541030400000
2019,8,251,14,666.74,391.31,162.88,27.950714285714287,11.634285714285713,2019,8,251,121,-107,1564617600000
2016,6,166,48890,745864.34,601496.22,80960.25,12.303052157905501,1.6559674780118634,2016,6,166,74277,-25387,1464739200000
2021,5,79,61063,1051443.3699999999,687906.49,136435.25999999998,11.265520691744591,2.234336013625272,2021,5,79,51375,9688,1619827200000
2022,10,61,717,21647.9,18327.69,2120.21,25.561631799163177,2.9570571827057184,2022,10,61,5927,-5210,1664582400000
2023,9,192,54,2100.2799999999997,1856.1399999999999,133.82,34.37296296296296,2.478148148148148,2023,9,192,335,-281,1693526400000
2018,2,53,43,948.88,839.5,34.54,19.523255813953487,0.8032558139534883,2018,2,53,756,-713,1517443200000
2024,11,118,12,612.39,441.11,49.99,36.759166666666665,4.1658333333333335,2024,11,118,75,-63,1730419200000
2023,4,78,112,3985.16,3450.2,51.11,30.80535714285714,0.4563392857142857,2023,4,78,344,-232,1680307200000
2023,5,245,1,98.72,77.79,12.88,77.79,12.88,2023,5,245,35,-34,1682899200000
2020,4,240,22,729.79,625.24,39.31,28.42,1.7868181818181819,2020,4,240,54,-32,1585699200000
2022,6,246,55472,1080563.05,727319.88,138902.62,13.111477502163254,2.5040131958465532,2022,6,246,67469,-11997,1654041600000
2021,12,158,21663,418382.34,278482.02,56937.52,12.855191801689518,2.6283303328255547,2021,12,158,28560,-6897,1638316800000
2017,6,219,598,39570.74,32435.94,4002.57,54.24070234113712,6.693260869565218,2017,6,219,1979,-1381,1496275200000
2017,6,204,3,276.72,231.0,32.82,77.0,10.94,2017,6,204,36,-33,1496275200000
2018,11,168,1728,34800.06,30159.63,1450.3,17.453489583333333,0.8392939814814815,2018,11,168,6091,-4363,1541030400000
2020,7,69,511,16207.3,14203.37,605.54,27.795244618395305,1.185009784735812,2020,7,69,1419,-908,1593561600000
2016,5,196,1124,25717.04,21018.84,2232.47,18.700035587188612,1.986183274021352,2016,5,196,4636,-3512,1462060800000
2021,5,226,2672,64066.97,50669.909999999996,5502.88,18.963289670658682,2.059461077844311,2021,5,226,5512,-2840,1619827200000
2017,8,156,4,367.38,312.0,30.16,78.0,7.54,2017,8,156,85,-81,1501545600000
2021,12,157,184,8704.09,6647.3,1035.53,36.12663043478261,5.627880434782608,2021,12,157,1016,-832,1638316800000
2016,10,169,153,2458.39,2135.22,99.28,13.955686274509803,0.6488888888888888,2016,10,169,1770,-1617,1475280000000
2023,7,241,120,4322.92,3877.91,54.46,32.315916666666666,0.45383333333333337,2023,7,241,484,-364,1688169600000
2018,8,224,17013,244977.82,196829.26,26986.83,11.569344618820903,1.5862475753835303,2018,8,224,31081,-14068,1533081600000
2019,3,70,1353,44675.62,38750.62,2348.21,28.640517368810055,1.7355580192165558,2019,3,70,4216,-2863,1551398400000
2018,8,86,100,5675.49,5231.87,81.67,52.3187,0.8167,2018,8,86,656,-556,1533081600000
2020,12,27,16,1388.96,1211.8500000000001,48.11,75.74062500000001,3.006875,2020,12,27,20,-4,1606780800000
2021,2,132,24113,1236520.88,1016852.8,124086.17,42.17031476796749,5.146027868784473,2021,2,132,2893,21220,1612137600000
2019,7,26,541,13802.78,12374.58,84.41,22.873530499075784,0.15602587800369686,2019,7,26,1681,-1140,1561939200000
2023,11,211,25385,644901.25,440937.36,81877.05,17.36999645459917,3.2254106755958243,2023,11,211,28196,-2811,1698796800000
2020,3,45,5197,108668.88,78745.39,11101.31,15.15208581874158,2.1360996728882045,2020,3,45,6803,-1606,1583020800000
2020,8,201,84,4588.45,4070.79,172.65,48.46178571428571,2.055357142857143,2020,8,201,152,-68,1596240000000
2025,6,231,61894,1626000.78,1120251.01,156629.7,18.099508999256795,2.5306120140886033,2025,6,231,71611,-9717,1748736000000
2020,3,126,140,3521.73,3116.7,46.06,22.262142857142855,0.329,2020,3,126,624,-484,1583020800000
2020,10,147,257,8394.83,6983.16,698.55,27.171828793774317,2.7180933852140075,2020,10,147,591,-334,1601510400000
2022,6,80,1155,36619.25,27671.62,5199.62,23.958112554112553,4.501835497835498,2022,6,80,4935,-3780,1654041600000
2020,6,140,19604,347760.49,240554.07,36514.719999999994,12.270662619873496,1.862615792695368,2020,6,140,16640,2964,1590969600000
2016,3,188,2132,35723.42,29900.21,3309.35,14.024488742964353,1.5522279549718574,2016,3,188,10640,-8508,1456790400000
2020,2,158,65167,1148565.57,755640.61,147852.41,11.595448770083017,2.2688233308269523,2020,2,158,62256,2911,1580515200000
2018,9,241,208,5304.58,4730.71,202.54,22.743798076923078,0.97375,2018,9,241,1391,-1183,1535760000000
2020,12,258,193,6797.97,5822.31,542.69,30.167409326424874,2.8118652849740937,2020,12,258,549,-356,1606780800000
2022,10,37,618,19405.98,15303.03,2442.21,24.76218446601942,3.9517961165048545,2022,10,37,4728,-4110,1664582400000
2023,1,194,83,5793.08,4254.29,779.49,51.25650602409638,9.39144578313253,2023,1,194,191,-108,1672531200000
2023,7,238,47736,1033082.05,684186.74,132196.59,14.33272037874979,2.769326923076923,2023,7,238,56172,-8436,1688169600000
2025,7,191,1154,35522.8,31523.08,185.0,27.316360485268632,0.16031195840554593,2025,7,191,1985,-831,1751328000000
2024,1,141,73946,1477074.18,943985.42,188823.35,12.765875368512159,2.5535302788521355,2024,1,141,83562,-9616,1704067200000
2025,10,86,907,44297.65,42343.24,40.84,46.684939360529214,0.04502756339581037,2025,10,86,1374,-467,1759276800000
2016,5,185,73,1509.85,1318.0,102.87,18.054794520547944,1.409178082191781,2016,5,185,1689,-1616,1462060800000
2019,2,171,223,9429.59,8286.87,212.20999999999998,37.16085201793722,0.9516143497757846,2019,2,171,1180,-957,1548979200000
2018,2,120,30,892.16,689.5,107.89,22.983333333333334,3.5963333333333334,2018,2,120,309,-279,1517443200000
2020,9,66,290,7643.89,6392.86,711.71,22.044344827586205,2.4541724137931036,2020,9,66,1314,-1024,1598918400000
2021,4,34,72,1865.36,1528.88,137.02,21.234444444444446,1.9030555555555557,2021,4,34,333,-261,1617235200000
2022,10,10,1350,89156.22,68705.24,10063.2,50.89277037037037,7.4542222222222225,2022,10,10,3345,-1995,1664582400000
2023,4,147,59,1720.21,1491.6100000000001,42.35,25.281525423728816,0.7177966101694916,2023,4,147,332,-273,1680307200000
2016,7,79,333160,4884068.85,3895247.88,563927.2,11.691823388161843,1.6926617841277463,2016,7,79,271684,61476,1467331200000
2023,11,260,634,21524.39,17434.42,1911.71,27.499085173501573,3.0153154574132492,2023,11,260,2292,-1658,1698796800000
2017,1,58,3,101.89,83.04,16.45,27.680000000000003,5.483333333333333,2017,1,58,202,-199,1483228800000
2018,5,59,5,196.01999999999998,180.5,0.0,36.1,0.0,2018,5,59,45,-40,1525132800000
2024,7,7,2225,53428.45,44694.87,2808.24,20.08758202247191,1.2621303370786516,2024,7,7,7272,-5047,1719792000000
2025,4,166,24181,541632.97,397954.13,45810.81,16.45730656300401,1.8944960919730365,2025,4,166,31189,-7008,1743465600000
2021,6,73,37,1229.17,1078.65,9.620000000000001,29.152702702702705,0.26,2021,6,73,209,-172,1622505600000
2016,9,172,3,71.91,54.51,15.0,18.169999999999998,5.0,2016,9,172,126,-123,1472688000000
2018,5,159,622,10691.03,9488.93,305.56,15.255514469453377,0.4912540192926045,2018,5,159,2935,-2313,1525132800000
2024,10,237,191012,3974800.29,2556088.66,517595.56,13.38182239859276,2.709754151571629,2024,10,237,170702,20310,1727740800000
2025,5,256,8438,201693.37,163190.84,5122.67,19.33999051908035,0.6070952832424745,2025,5,256,12006,-3568,1746057600000
2020,6,101,68,4945.8099999999995,4255.25,525.6,62.57720588235294,7.729411764705882,2020,6,101,81,-13,1590969600000
2020,5,158,377,6450.64,4361.48,705.55,11.5689124668435,1.8714854111405834,2020,5,158,1030,-653,1588291200000
2016,5,212,131,2296.39,1969.32,159.67000000000002,15.032977099236641,1.2188549618320612,2016,5,212,1534,-1403,1462060800000
2017,6,84,2,177.76000000000002,148.0,28.16,74.0,14.08,2017,6,84,50,-48,1496275200000
2021,6,182,271,9851.95,8180.83,42.25,30.187564575645755,0.1559040590405904,2021,6,182,590,-319,1622505600000
2018,6,138,253528,11012685.669999998,8312123.67,1454967.4900000002,32.78582117162601,5.738882845287306,2018,6,138,107566,145962,1527811200000
2022,12,153,39,1249.8,1104.79,58.71,28.32794871794872,1.5053846153846153,2022,12,153,158,-119,1669852800000
2021,11,147,126,5045.6,4288.52,46.39,34.03587301587302,0.36817460317460315,2021,11,147,365,-239,1635724800000
2017,7,76,282,8034.139999999999,6597.21,706.89,23.39436170212766,2.5067021276595742,2017,7,76,2377,-2095,1498867200000
2024,4,223,849,35045.79,27387.52,3313.25,32.258563015312134,3.9025323910482923,2024,4,223,4103,-3254,1711929600000
2020,1,31,30,1095.42,922.3000000000001,39.11,30.743333333333336,1.3036666666666668,2020,1,31,265,-235,1577836800000
2021,6,156,4,420.26,339.74,42.32,84.935,10.58,2021,6,156,50,-46,1622505600000
2023,4,236,138316,2911676.13,1872771.56,385393.58999999997,13.53980421643194,2.7863268891523756,2023,4,236,145914,-7598,1680307200000
2024,5,135,221,8424.63,7558.54,193.69,34.20153846153846,0.8764253393665158,2024,5,135,1054,-833,1714521600000
2024,8,37,1017,30816.46,27744.92,865.76,27.281140609636182,0.8512881022615536,2024,8,37,3838,-2821,1722470400000
2021,4,172,4,229.68,186.26,20.0,46.565,5.0,2021,4,172,35,-31,1617235200000
2022,9,188,381,12389.69,10943.81,656.88,28.723910761154855,1.7240944881889764,2022,9,188,2682,-2301,1661990400000
2025,8,29,593,18649.23,17172.24,52.49,28.958246205733563,0.08851602023608769,2025,8,29,1218,-625,1754006400000
2019,11,50,58196,1023497.05,689692.13,115337.17000000001,11.85119475565331,1.981874527458932,2019,11,50,76406,-18210,1572566400000
2025,8,213,1394,38632.31,34292.95,200.29,24.600394548063125,0.14368005738880918,2025,8,213,1909,-515,1754006400000
2018,10,17,1592,29711.51,25717.92,1625.52,16.154472361809045,1.0210552763819096,2018,10,17,11286,-9694,1538352000000
2016,9,239,241393,3273106.21,2609875.28,361019.27,10.811727266325038,1.4955664414461067,2016,9,239,229474,11919,1472688000000
2023,4,17,488,14946.24,12820.67,934.12,26.27186475409836,1.9141803278688525,2023,4,17,3856,-3368,1680307200000
2019,1,259,369,12973.56,11749.43,117.83,31.841273712737127,0.3193224932249322,2019,1,259,961,-592,1546300800000
2024,11,82,1231,40459.15,33789.28,2610.02,27.448643379366366,2.1202437043054427,2024,11,82,2287,-1056,1730419200000
2017,4,30,4,39.519999999999996,30.0,0.0,7.5,0.0,2017,4,30,39,-35,1491004800000
2021,6,86,191,10711.24,9512.61,83.63,49.80424083769634,0.43785340314136123,2021,6,86,727,-536,1622505600000
2021,10,32,115,5121.78,4349.04,2.15,37.81773913043478,0.018695652173913044,2021,10,32,326,-211,1633046400000
2016,6,119,395,7644.76,6535.14,570.65,16.544658227848103,1.4446835443037973,2016,6,119,2667,-2272,1464739200000
2023,12,67,130,6542.33,5382.2,392.15,41.40153846153846,3.0165384615384614,2023,12,67,698,-568,1701388800000
2024,2,131,185,6188.7699999999995,5674.42,38.66,30.672540540540542,0.20897297297297296,2024,2,131,588,-403,1706745600000
2025,4,56,871,27947.579999999998,24119.28,533.33,27.691481056257174,0.6123191733639495,2025,4,56,2019,-1148,1743465600000
2018,2,156,8,549.98,478.0,31.14,59.75,3.8925,2018,2,156,72,-64,1517443200000
2023,3,167,206,6569.36,5802.83,181.93,28.16907766990291,0.8831553398058253,2023,3,167,522,-316,1677628800000
2020,9,111,3,135.72,113.08,5.5,37.693333333333335,1.8333333333333333,2020,9,111,22,-19,1598918400000
2025,5,100,61025,1468533.7,962776.32,159111.83,15.776752478492421,2.6073220811142974,2025,5,100,54395,6630,1746057600000
2025,3,125,22088,516688.82,339098.02,55028.46,15.352137812386816,2.4913283230713508,2025,3,125,22904,-816,1740787200000
2017,10,147,77,1544.08,1326.71,98.21000000000001,17.23,1.2754545454545456,2017,10,147,865,-788,1506816000000
2018,1,36,892,15170.15,12375.47,1555.1,13.87384529147982,1.743385650224215,2018,1,36,6820,-5928,1514764800000
2018,5,74,37492,490760.7,405679.21,34379.92,10.820420623066255,0.9169934919449482,2018,5,74,74043,-36551,1525132800000
2020,12,125,4817,80192.56,52607.13,10288.8,10.921139713514636,2.1359352293958893,2020,12,125,4252,565,1606780800000
2016,6,105,16,388.56,318.5,45.72,19.90625,2.8575,2016,6,105,8,8,1464739200000
2022,6,51,276,10811.14,9719.5,151.82,35.21557971014493,0.5500724637681159,2022,6,51,574,-298,1654041600000
2021,9,29,122,7796.66,6940.2300000000005,143.56,56.887131147540984,1.1767213114754098,2021,9,29,519,-397,1630454400000
2019,12,221,9,512.32,400.90999999999997,37.0,44.54555555555555,4.111111111111111,2019,12,221,117,-108,1575158400000
2022,10,181,1271,34789.74,27223.14,4545.0,21.4186782061369,3.5759244689221084,2022,10,181,9881,-8610,1664582400000
2023,3,219,336,21273.37,17954.21,1643.11,53.43514880952381,4.890208333333333,2023,3,219,1426,-1090,1677628800000
2016,11,116,11155,179669.01,149126.89,16134.89,13.368614074406096,1.4464267144778127,2016,11,116,28055,-16900,1477958400000
2017,11,180,75,3057.18,2546.3,220.26,33.95066666666667,2.9368,2017,11,180,614,-539,1509494400000
2020,5,45,316,7712.26,6260.7300000000005,461.02,19.812436708860762,1.4589240506329113,2020,5,45,725,-409,1588291200000
2021,5,20,207,6944.36,5951.76,164.04,28.752463768115945,0.792463768115942,2021,5,20,513,-306,1619827200000
2025,6,84,3,17.64,10.700000000000003,2.94,3.5666666666666678,0.98,2025,6,84,38,-35,1748736000000
2025,5,83,1564,41531.99,34333.01,1449.33,21.95205242966752,0.9266815856777493,2025,5,83,1870,-306,1746057600000
2022,10,235,204,8888.76,7887.2300000000005,87.33,38.662892156862746,0.42808823529411766,2022,10,235,559,-355,1664582400000
2018,9,193,4558,52090.07,44338.6,2409.69,9.727643703378675,0.5286726634488811,2018,9,193,6446,-1888,1535760000000
2022,11,65,2239,59093.3,45921.96,7320.97,20.510031263957124,3.2697498883430103,2022,11,65,4693,-2454,1667260800000
2019,1,16,261,8349.05,7676.16,91.45,29.410574712643676,0.3503831417624521,2019,1,16,1137,-876,1546300800000
2025,5,56,1416,39641.8,33390.09,906.87,23.580572033898303,0.6404449152542373,2025,5,56,2788,-1372,1746057600000
2018,4,89,999,24019.8,21201.07,966.85,21.22229229229229,0.9678178178178178,2018,4,89,7711,-6712,1522540800000
2018,5,131,178,4717.4800000000005,4177.01,192.69,23.466348314606744,1.0825280898876404,2018,5,131,1273,-1095,1525132800000
2018,10,251,24,826.29,643.0,63.97,26.791666666666668,2.6654166666666668,2018,10,251,138,-114,1538352000000
2021,7,17,711,23145.66,19318.7,1322.18,27.17116736990155,1.8596061884669481,2021,7,17,3459,-2748,1625097600000
2020,7,148,3984,76523.86,55133.82,7201.25,13.838810240963856,1.807542670682731,2020,7,148,4479,-495,1593561600000
2025,9,204,1,128.92,105.36,0.0,105.36,0.0,2025,9,204,20,-19,1756684800000
2019,4,13,67077,1545531.4300000002,1084557.83,196443.44,16.16884818939428,2.928625907539097,2019,4,13,71414,-4337,1554076800000
2023,10,141,80341,1711243.89,1115734.51,216308.75,13.887485966069628,2.6923830920700516,2023,10,141,91269,-10928,1696118400000
2017,4,20,58,1195.34,988.8,124.22,17.048275862068966,2.1417241379310346,2017,4,20,1083,-1025,1491004800000
2024,2,137,33140,710817.45,471106.83,80959.9,14.215655703077852,2.4429662039831017,2024,2,137,39783,-6643,1706745600000
2019,4,40,3632,68558.18,51695.57,8090.62,14.23336178414097,2.2275936123348017,2019,4,40,8609,-4977,1554076800000
2017,5,202,456,8584.18,7116.56,849.76,15.606491228070176,1.8635087719298244,2017,5,202,4213,-3757,1493596800000
2018,3,87,68763,1427865.11,1150852.03,179777.47,16.736501170687724,2.6144506493317627,2018,3,87,75153,-6390,1519862400000
2022,3,146,2082,39819.27,30536.9,4040.02,14.667098943323728,1.9404514889529298,2022,3,146,3725,-1643,1646092800000
2021,4,79,46359,773086.5399999999,504526.24,97300.33,10.88302681248517,2.098844453072758,2021,4,79,41255,5104,1617235200000
2016,4,107,305811,4223795.5600000005,3329228.69,499115.77,10.886556369783952,1.6321053526524554,2016,4,107,255881,49930,1459468800000
2017,7,20,62,1258.45,1111.67,58.36,17.93016129032258,0.9412903225806452,2017,7,20,860,-798,1498867200000
2024,9,25,2555,75399.04,64630.4,3941.2799999999997,25.295655577299414,1.5425753424657533,2024,9,25,6545,-3990,1725148800000
2016,5,168,2304,35949.8,30360.84,2366.36,13.177447916666667,1.0270659722222222,2016,5,168,9252,-6948,1462060800000
2025,5,50,33305,741518.11,499012.48,58466.4,14.983110043537005,1.7554841615373067,2025,5,50,48110,-14805,1746057600000
2016,11,165,173,3208.51,2641.11,304.04,15.266531791907514,1.757456647398844,2016,11,165,1851,-1678,1477958400000
2023,2,247,320,9353.19,8099.58,293.61,25.3111875,0.91753125,2023,2,247,908,-588,1675209600000
2019,11,247,775,15122.67,13095.54,422.53,16.89747096774194,0.5452,2019,11,247,2325,-1550,1572566400000
2022,10,177,217,6363.04,5704.72,258.21999999999997,26.289032258064516,1.1899539170506912,2022,10,177,949,-732,1664582400000
2016,2,257,570,11021.34,8663.1,1296.68,15.198421052631579,2.2748771929824563,2016,2,257,6179,-5609,1454284800000
2018,11,228,773,20557.18,17669.52,1236.41,22.85836998706339,1.5994954721862873,2018,11,228,4608,-3835,1541030400000
2019,5,222,353,15916.35,14764.9,109.05,41.826912181303115,0.30892351274787533,2019,5,222,649,-296,1556668800000
2017,10,206,6,210.01999999999998,171.5,22.2,28.583333333333332,3.6999999999999997,2017,10,206,177,-171,1506816000000
2016,12,118,5,349.93,322.77,0.0,64.554,0.0,2016,12,118,203,-198,1480550400000
2021,11,68,85997,1608183.48,1075637.08,204478.24000000002,12.507844227124203,2.3777368977987607,2021,11,68,83270,2727,1635724800000
2024,11,71,1081,30127.39,28172.88,60.58,26.061868640148013,0.05604070305272895,2024,11,71,1359,-278,1730419200000
2025,2,189,1302,32806.27,27694.51,870.47,21.27074500768049,0.6685637480798772,2025,2,189,3118,-1816,1738368000000
2018,8,74,30421,392106.94,326118.29,24786.9,10.720169948390913,0.814795700338582,2018,8,74,63885,-33464,1533081600000
2021,11,232,5445,125234.9,90889.8,14144.17,16.692341597796144,2.597643709825528,2021,11,232,17329,-11884,1635724800000
2023,6,82,390,12837.08,10445.92,1059.21,26.784410256410258,2.715923076923077,2023,6,82,1943,-1553,1685577600000
2024,10,251,12,828.11,735.64,35.77,61.303333333333335,2.9808333333333334,2024,10,251,50,-38,1727740800000
2025,9,155,896,26345.35,24633.96,89.47,27.49325892857143,0.09985491071428572,2025,9,155,1930,-1034,1756684800000
2022,12,206,11,645.0899999999999,544.3,3.09,49.48181818181818,0.2809090909090909,2022,12,206,88,-77,1669852800000
2023,9,152,1942,47750.56,37218.47,4300.04,19.16502059732235,2.2142327497425334,2023,9,152,3842,-1900,1693526400000
2023,9,256,1144,37130.5,29263.9,3820.88,25.580332167832168,3.33993006993007,2023,9,256,6524,-5380,1693526400000
2019,3,144,77172,1364875.5300000003,919003.83,159444.12,11.908513839216296,2.0660877002021456,2019,3,144,68783,8389,1551398400000
2019,5,192,126,4152.77,3698.2400000000002,112.84,29.351111111111113,0.8955555555555555,2019,5,192,631,-505,1556668800000
2022,4,189,464,12647.77,9877.05,1835.37,21.28674568965517,3.955538793103448,2022,4,189,3200,-2736,1648771200000
2021,2,186,44296,709680.65,466707.28,82738.28,10.536104388658119,1.8678499187285533,2021,2,186,23968,20328,1612137600000
2018,10,111,19,328.34000000000003,279.0,24.69,14.68421052631579,1.2994736842105263,2018,10,111,113,-94,1538352000000
2024,9,127,472,14787.27,13371.16,240.6,28.328728813559323,0.5097457627118644,2024,9,127,3492,-3020,1725148800000
2021,9,148,29619,606004.2,416883.08,78209.8,14.074853303622675,2.6405280394341473,2021,9,148,30964,-1345,1630454400000
2020,10,164,29711,475004.96,307884.16,56535.6,10.362632021810104,1.9028507960014809,2020,10,164,25835,3876,1601510400000
2025,5,97,6566,162504.86,134807.21,4961.16,20.53110112701797,0.7555833079500457,2025,5,97,7919,-1353,1746057600000
2016,5,6,57,1756.19,1247.0,110.82,21.87719298245614,1.9442105263157894,2016,5,6,265,-208,1462060800000
2019,10,129,3033,60290.7,50423.55,3468.95,16.624975272007912,1.1437355753379492,2019,10,129,14703,-11670,1569888000000
2025,8,20,482,13110.8,11599.51,150.45,24.065373443983404,0.3121369294605809,2025,8,20,1125,-643,1754006400000
2023,4,48,89514,2122578.16,1413693.15,263048.72000000003,15.792983779073664,2.938632169269612,2023,4,48,81982,7532,1680307200000
2019,9,169,286,8939.13,7910.64,51.42,27.659580419580422,0.1797902097902098,2019,9,169,1146,-860,1567296000000
2016,9,250,94,1779.44,1580.49,66.75,16.81372340425532,0.7101063829787234,2016,9,250,857,-763,1472688000000
2016,9,63,99,3296.74,2764.5,272.9,27.924242424242426,2.756565656565656,2016,9,63,1230,-1131,1472688000000
2016,7,205,38,1037.97,858.8,123.34,22.599999999999998,3.245789473684211,2016,7,205,1415,-1377,1467331200000
2017,4,63,109,2244.14,1856.01,241.3,17.02761467889908,2.2137614678899085,2017,4,63,1146,-1037,1491004800000
2017,11,95,1243,25875.37,21539.51,1915.54,17.328648431214802,1.5410619469026547,2017,11,95,10213,-8970,1509494400000
2019,7,240,52,1667.52,1465.23,44.69,28.177500000000002,0.8594230769230768,2019,7,240,269,-217,1561939200000
2022,12,72,184,6404.19,5766.8,240.89,31.34130434782609,1.3091847826086955,2022,12,72,705,-521,1669852800000
2016,4,182,131,2409.33,2060.3,162.51,15.727480916030535,1.2405343511450382,2016,4,182,1522,-1391,1459468800000
2023,10,190,90,2852.66,2401.29,234.55,26.681,2.6061111111111113,2023,10,190,563,-473,1696118400000
2023,10,151,26952,589967.0399999999,411130.07,73846.74,15.254158132977144,2.7399354407836154,2023,10,151,31357,-4405,1696118400000
2024,6,124,280,11864.21,10664.51,481.5,38.087535714285714,1.7196428571428573,2024,6,124,770,-490,1717200000000
2022,5,71,110,3047.71,2711.08,160.78,24.646181818181816,1.4616363636363636,2022,5,71,831,-721,1651363200000
2020,5,75,13809,223060.31,176886.16,12043.19,12.809483670070245,0.8721261496125715,2020,5,75,14504,-695,1588291200000
2020,10,167,418,11971.12,10044.22,902.82,24.029234449760764,2.1598564593301437,2020,10,167,940,-522,1601510400000
2024,4,125,18213,445007.48,303956.41,53478.55,16.688980947674736,2.9362845220446934,2024,4,125,19112,-899,1711929600000
2025,5,139,526,17887.19,16474.81,99.75999999999999,31.320931558935364,0.18965779467680607,2025,5,139,1341,-815,1746057600000
2017,5,209,19701,380886.68,311722.73,43032.38,15.822685650474595,2.184273894726156,2017,5,209,26125,-6424,1493596800000
2018,5,10,3273,201655.56,161258.38,21051.31,49.269288114879316,6.43180873816071,2018,5,10,4142,-869,1525132800000
2022,8,220,126,3674.67,3203.05,177.07,25.421031746031748,1.4053174603174603,2022,8,220,1346,-1220,1659312000000
2025,8,186,120562,2867123.83,1869283.4100000001,349482.9,15.5047478475805,2.8987815397886565,2025,8,186,83405,37157,1754006400000
2018,11,38,186,8300.6,7601.78,119.43,40.86978494623656,0.6420967741935484,2018,11,38,776,-590,1541030400000
2021,10,186,110092,1984970.08,1325463.59,249485.71,12.039599516767796,2.266156578134651,2021,10,186,76498,33594,1633046400000
2024,4,143,40519,855290.27,572162.99,95683.82,14.120856635158814,2.3614556134159286,2024,4,143,52411,-11892,1711929600000
2022,8,227,56,2299.42,2021.3400000000001,148.33,36.09535714285715,2.64875,2022,8,227,622,-566,1659312000000
2019,8,12,4290,100501.15,76486.93,8150.6,17.829121212121212,1.89990675990676,2019,8,12,5420,-1130,1564617600000
2016,11,257,422,8248.880000000001,6610.9,865.4,15.665639810426539,2.0507109004739337,2016,11,257,5398,-4976,1477958400000
2020,10,153,111,3430.59,3010.38,239.83,27.120540540540542,2.1606306306306307,2020,10,153,193,-82,1601510400000
2024,4,184,9,451.25,406.63,11.74,45.18111111111111,1.3044444444444445,2024,4,184,29,-20,1711929600000
2025,5,1,532,49039.62,42272.96,4800.17,79.46045112781955,9.022875939849625,2025,5,1,8474,-7942,1746057600000
2017,3,234,341632,4805533.88,3765823.55,590369.46,11.02304102074747,1.7280859521356313,2017,3,234,291463,50169,1488326400000
2019,11,201,44,2056.3,1790.4,28.09,40.690909090909095,0.6384090909090909,2019,11,201,367,-323,1572566400000
2016,5,118,20,664.15,558.5,56.99,27.925,2.8495,2016,5,118,230,-210,1462060800000
2019,12,142,223621,3687545.48,2414501.65,440294.67,10.797293858805746,1.968932568944777,2019,12,142,195113,28508,1575158400000
2018,3,215,837,51948.01,42027.58,5314.62,50.21216248506571,6.349605734767025,2018,3,215,977,-140,1519862400000
2020,12,164,25720,407247.02999999997,264476.02,47865.43,10.282893468118196,1.861019828926905,2020,12,164,22336,3384,1606780800000
2018,1,82,2500,45311.73,37837.6,3124.15,15.13504,1.24966,2018,1,82,7701,-5201,1514764800000
2022,7,206,5,344.09999999999997,181.10000000000002,95.55,36.220000000000006,19.11,2022,7,206,68,-63,1656633600000
2023,2,265,2609,193556.53,174075.67,13672.68,66.72122269068609,5.240582598696819,2023,2,265,9971,-7362,1675209600000
2024,6,256,2674,82631.55,70137.87,3952.38,26.229569932685113,1.4780777860882572,2024,6,256,7457,-4783,1717200000000
2025,9,192,268,7211.15,6268.99,135.74,23.391753731343282,0.5064925373134329,2025,9,192,701,-433,1756684800000
2022,4,87,20365,506726.75,359626.64,67158.98,17.65905425975939,3.297764792536214,2022,4,87,25432,-5067,1648771200000
2025,9,42,12949,332658.9,279725.97,4211.44,21.602129121939917,0.325232836512472,2025,9,42,21157,-8208,1756684800000
2019,6,95,1397,36694.1,31055.44,1751.65,22.230093056549748,1.25386542591267,2019,6,95,9786,-8389,1559347200000
2025,9,217,791,21151.52,18611.03,221.73,23.528482932996205,0.28031605562579015,2025,9,217,1840,-1049,1756684800000
2018,2,34,173,2699.32,2169.1,287.47,12.53815028901734,1.6616763005780348,2018,2,34,1015,-842,1517443200000
2019,5,191,344,14520.92,13416.2,48.29,39.00058139534884,0.14037790697674418,2019,5,191,1231,-887,1556668800000
2025,10,47,828,25949.2,23773.9,96.37,28.712439613526573,0.11638888888888889,2025,10,47,1033,-205,1759276800000
2022,9,73,11,282.3,247.7,15.25,22.518181818181816,1.3863636363636365,2022,9,73,239,-228,1661990400000
2019,12,27,5,230.38,211.10000000000002,0.0,42.220000000000006,0.0,2019,12,27,106,-101,1575158400000
2017,4,144,117218,1780399.2,1440638.24,195297.15,12.29024757289836,1.6661020491733352,2017,4,144,98597,18621,1491004800000
2017,12,109,6,158.35,149.0,3.05,24.833333333333332,0.5083333333333333,2017,12,109,102,-96,1512086400000
2019,2,143,84025,1313692.07,869415.84,151029.67,10.347109074680155,1.7974373103243084,2019,2,143,99136,-15111,1548979200000
2024,11,144,38957,944674.3599999999,656643.7499999999,106663.67,16.85560361424134,2.737984701080679,2024,11,144,35640,3317,1730419200000
2022,10,135,171,5696.46,5010.75,157.01,29.30263157894737,0.9181871345029239,2022,10,135,916,-745,1664582400000
2024,2,213,337,12292.7,11044.73,75.68,32.77367952522255,0.22456973293768548,2024,2,213,580,-243,1706745600000
2021,11,91,282,11498.59,9927.78,91.51,35.20489361702128,0.3245035460992908,2021,11,91,844,-562,1635724800000
2021,2,42,5448,95876.99,79563.19,4349.17,14.604109765051396,0.7983058002936858,2021,2,42,11823,-6375,1612137600000
2019,1,64,77,3125.2599999999998,2807.39,79.83,36.45961038961039,1.0367532467532468,2019,1,64,654,-577,1546300800000
2016,1,60,81,1646.27,1384.8,112.89,17.096296296296295,1.3937037037037037,2016,1,60,630,-549,1451606400000
2023,11,259,105,4632.64,4228.74,9.0,40.273714285714284,0.08571428571428572,2023,11,259,333,-228,1698796800000
2017,4,210,46,1005.21,825.57,81.96000000000001,17.94717391304348,1.7817391304347827,2017,4,210,1122,-1076,1491004800000
2018,2,66,3539,64116.520000000004,52115.5,7777.35,14.726052557219553,2.1976123198643687,2018,2,66,12039,-8500,1517443200000
2023,8,198,137,4461.06,3720.58,298.5,27.157518248175183,2.178832116788321,2023,8,198,1802,-1665,1690848000000
2016,8,46,7,162.1,140.5,15.0,20.071428571428573,2.142857142857143,2016,8,46,161,-154,1470009600000
2021,8,195,196,7383.88,5958.85,412.47,30.402295918367347,2.104438775510204,2021,8,195,864,-668,1627776000000
2016,2,117,54,5783.02,4583.5,1046.86,84.87962962962963,19.386296296296294,2016,2,117,371,-317,1454284800000
2019,12,85,486,14786.98,12726.15,169.45000000000002,26.185493827160492,0.34866255144032926,2019,12,85,1265,-779,1575158400000
2024,5,253,20,1196.3700000000001,1009.14,86.68,50.457,4.3340000000000005,2024,5,253,55,-35,1714521600000
2021,11,11,61,2988.71,2434.21,195.5,39.905081967213114,3.2049180327868854,2021,11,11,244,-183,1635724800000
2024,6,136,191,6410.93,5921.38,33.67,31.00198952879581,0.17628272251308902,2024,6,136,402,-211,1717200000000
2025,9,227,793,24319.05,21475.42,140.81,27.08123581336696,0.17756620428751577,2025,9,227,1762,-969,1756684800000
2025,10,190,349,9033.34,7439.63,250.76,21.31699140401146,0.718510028653295,2025,10,190,761,-412,1759276800000
2022,6,135,151,4674.51,4145.67,109.84,27.45476821192053,0.7274172185430464,2022,6,135,954,-803,1654041600000
2017,1,134,421,11376.87,9245.68,1064.49,21.9612351543943,2.528479809976247,2017,1,134,2173,-1752,1483228800000
2017,3,161,377499,5565706.9,4365232.09,662879.84,11.563559347177078,1.7559777376893713,2017,3,161,366233,11266,1488326400000
2019,4,229,138181,2211385.22,1439049.22,258072.61,10.414233650067665,1.8676417886684855,2019,4,229,136346,1835,1554076800000
2024,7,159,407,12058.13,10934.2,152.49,26.86535626535627,0.3746683046683047,2024,7,159,874,-467,1719792000000
2025,3,87,25947,747124.47,529768.77,69270.63,20.41734188923575,2.669697074806336,2025,3,87,38142,-12195,1740787200000
2025,4,22,588,15373.55,13798.64,99.39,23.46707482993197,0.16903061224489796,2025,4,22,1158,-570,1743465600000
2022,1,41,8381,128744.68000000001,97703.42,13237.92,11.657728194726166,1.579515570934256,2022,1,41,18428,-10047,1640995200000
2019,5,82,2386,66258.83,55180.5,3721.29,23.126781223805533,1.5596353730092205,2019,5,82,6074,-3688,1556668800000
2018,3,132,215798,12338773.389999999,10080393.47,1341376.6400000001,46.712172819025206,6.215890045320161,2018,3,132,78317,137481,1519862400000
2022,6,222,114,5322.21,4732.56,37.3,41.51368421052632,0.3271929824561403,2022,6,222,312,-198,1654041600000
2019,3,148,102271,1874040.5599999998,1270590.59,221562.94,12.423762259095932,2.166429779702946,2019,3,148,80772,21499,1551398400000
2017,4,59,5,50.010000000000005,47.510000000000005,0.0,9.502,0.0,2017,4,59,66,-61,1491004800000
2025,3,196,1329,39909.5,34006.9,1032.57,25.588337095560572,0.7769525959367946,2025,3,196,1918,-589,1740787200000
2020,9,11,108,3319.84,2836.36,268.06,26.262592592592593,2.482037037037037,2020,9,11,205,-97,1598918400000
2016,8,162,347765,5167497.95,4081792.95,595359.68,11.73721607982402,1.7119597429298523,2016,8,162,322163,25602,1470009600000
2021,12,101,48,1827.04,1647.8700000000001,30.72,34.330625000000005,0.64,2021,12,101,307,-259,1638316800000
2025,8,128,161,4566.43,3603.65,105.14,22.382919254658386,0.6530434782608696,2025,8,128,587,-426,1754006400000
2018,7,45,19286,1057354.55,1003837.7300000001,29792.33,52.05007414704968,1.5447645960800582,2018,7,45,24215,-4929,1530403200000
2017,7,144,100109,1515820.85,1232025.93,161037.65,12.306844839125352,1.608623100820106,2017,7,144,89803,10306,1498867200000
2025,4,27,14,399.93,320.97,16.34,22.926428571428573,1.167142857142857,2025,4,27,77,-63,1743465600000
2019,1,133,552,14222.16,12163.75,847.97,22.035778985507246,1.5361775362318841,2019,1,133,2362,-1810,1546300800000
2018,5,166,52781,811848.07,650828.38,91093.6,12.330732271082397,1.725878630567818,2018,5,166,74018,-21237,1525132800000
2020,10,59,9,221.78,178.26,19.25,19.806666666666665,2.138888888888889,2020,10,59,24,-15,1601510400000
2025,4,6,90,2502.8,1290.05,30.06,14.333888888888888,0.33399999999999996,2025,4,6,108,-18,1743465600000
2018,10,66,5143,100299.01000000001,82696.36,11347.1,16.07940112774645,2.206319268909197,2018,10,66,13913,-8770,1538352000000
2020,2,179,2749,43960.04,35086.92,3474.59,12.763521280465623,1.2639468897781012,2020,2,179,6986,-4237,1580515200000
2023,2,217,86,2321.73,1841.34,263.24,21.41093023255814,3.06093023255814,2023,2,217,1434,-1348,1675209600000
2017,4,226,17172,304360.21,256067.01,25109.48,14.911892033542978,1.462233869089215,2017,4,226,26891,-9719,1491004800000
2018,3,178,130,2301.42,1970.5,158.35999999999999,15.157692307692308,1.2181538461538461,2018,3,178,744,-614,1519862400000
2016,7,83,1780,27048.190000000002,23243.81,1420.59,13.058320224719102,0.7980842696629213,2016,7,83,5509,-3729,1467331200000
2023,12,246,57814,1465293.0799999998,999981.74,181275.05,17.296532673746842,3.1354870792541596,2023,12,246,62508,-4694,1701388800000
2018,1,84,8,473.9,410.08,18.88,51.26,2.36,2018,1,84,53,-45,1514764800000
2020,7,125,2278,41181.58,28504.1,4439.48,12.512774363476733,1.948849868305531,2020,7,125,2365,-87,1593561600000
2023,12,148,36003,930887.0499999999,644047.12,113339.4,17.888707052190096,3.148054328805933,2023,12,148,34811,1192,1701388800000
2019,11,83,619,13375.97,11399.96,688.26,18.416736672051695,1.1118901453957997,2019,11,83,2354,-1735,1572566400000
2022,6,226,3058,88853.38,70144.52,9748.95,22.938037933289735,3.1880150425114455,2022,6,226,7375,-4317,1654041600000
2024,10,254,402,16463.76,15252.79,10.1,37.94226368159204,0.025124378109452734,2024,10,254,571,-169,1727740800000
2022,8,15,49,1362.27,1248.72,21.55,25.484081632653062,0.43979591836734694,2022,8,15,432,-383,1659312000000
2017,1,182,88,1376.31,1225.5,40.25,13.926136363636363,0.45738636363636365,2017,1,182,1095,-1007,1483228800000
2018,9,255,8305,138909.89,112341.78,15406.84,13.527005418422636,1.8551282360024082,2018,9,255,22956,-14651,1535760000000
2019,10,130,1585,89716.9,69976.17,8460.7,44.14900315457413,5.3379810725552055,2019,10,130,4742,-3157,1569888000000
2020,1,43,95857,1522552.08,1002195.48,179314.25,10.455110007615511,1.870643249840909,2020,1,43,78985,16872,1577836800000
2020,8,117,422,28725.37,25846.82,651.7,61.24838862559242,1.544312796208531,2020,8,117,533,-111,1596240000000
2017,4,102,93,1617.89,1341.6,124.38,14.425806451612901,1.3374193548387097,2017,4,102,1527,-1434,1491004800000
2019,9,195,744,27578.23,23083.51,1691.92,31.026223118279567,2.2740860215053766,2019,9,195,3418,-2674,1567296000000
2021,8,229,61977,975157.31,622870.2,122780.22,10.050021782274069,1.9810610387724479,2021,8,229,60577,1400,1627776000000
2016,8,29,96,2996.66,2564.63,277.56,26.714895833333333,2.89125,2016,8,29,1077,-981,1470009600000
2022,12,180,57,2778.63,2411.8,226.78,42.31228070175439,3.9785964912280702,2022,12,180,360,-303,1669852800000
2017,5,118,8,451.23,313.51,15.0,39.18875,1.875,2017,5,118,161,-153,1493596800000
2019,3,236,283127,4261088.3100000005,2732135.75,501681.83999999997,9.649859427041575,1.771932171781568,2019,3,236,300238,-17111,1551398400000
2017,11,251,3,196.54000000000002,132.75,29.61,44.25,9.87,2017,11,251,118,-115,1509494400000
2018,6,250,158,3798.53,3309.72,101.45,20.94759493670886,0.6420886075949367,2018,6,250,883,-725,1527811200000
2019,9,74,24667,370464.46,289450.39,25955.95,11.734316698422996,1.052254023594276,2019,9,74,51553,-26886,1567296000000
2017,4,65,14136,252548.74,210142.67,26109.7,14.86578027730617,1.847035936615733,2017,4,65,20235,-6099,1491004800000
2022,10,76,351,12894.43,11219.1,923.76,31.963247863247865,2.6317948717948716,2022,10,76,1392,-1041,1664582400000
2023,2,25,1003,28412.17,22617.53,2910.04,22.54988035892323,2.9013359920239283,2023,2,25,4653,-3650,1675209600000
2024,7,63,379,11990.9,10955.72,287.99,28.906912928759894,0.759868073878628,2024,7,63,873,-494,1719792000000
2020,2,256,3142,61328.42,47321.79,6651.77,15.061040738383197,2.1170496499045197,2020,2,256,13964,-10822,1580515200000
2023,4,42,2976,70131.41,56604.76,4609.75,19.020416666666666,1.5489751344086022,2023,4,42,12737,-9761,1680307200000
2017,1,42,14884,188973.5,157204.07,13439.49,10.56195041655469,0.9029488040849234,2017,1,42,41324,-26440,1483228800000
2016,1,186,356337,4925741.25,3958728.9,529806.1,11.109508414787125,1.4868119224217524,2016,1,186,294303,62034,1451606400000
2025,5,117,701,30396.34,27753.15,58.120000000000005,39.590798858773184,0.08291012838801712,2025,5,117,976,-275,1746057600000
2019,3,76,2180,74476.85,68223.56,553.21,31.29521100917431,0.2537660550458716,2019,3,76,3956,-1776,1551398400000
2018,6,134,582,19387.62,15850.3,1785.8,27.234192439862543,3.0683848797250857,2018,6,134,2133,-1551,1527811200000
2021,12,191,207,12602.539999999999,11781.76,16.13,56.91671497584541,0.07792270531400966,2021,12,191,690,-483,1638316800000
2023,11,231,43412,1189351.46,824613.87,153530.73,18.995067492859118,3.5365965631622593,2023,11,231,50760,-7348,1698796800000
2018,9,51,403,17142.02,15486.72,339.51,38.42858560794045,0.8424565756823821,2018,9,51,1275,-872,1535760000000
2023,2,131,109,4028.0699999999997,3535.67,52.1,32.437339449541284,0.4779816513761468,2023,2,131,588,-479,1675209600000
2019,11,202,276,7745.31,6415.42,539.05,23.24427536231884,1.9530797101449273,2019,11,202,2685,-2409,1572566400000
2024,6,151,27854,593054.72,420706.5,66905.68,15.103988655130323,2.4020133553529113,2024,6,151,30502,-2648,1717200000000
2021,4,212,315,9908.97,8325.83,6.6,26.43120634920635,0.02095238095238095,2021,4,212,605,-290,1617235200000
2018,4,137,114808,1561737.35,1238658.71,176193.6,10.788958173646435,1.5346805100689849,2018,4,137,131880,-17072,1522540800000
2024,5,134,525,28476.04,24177.89,2741.04,46.05312380952381,5.221028571428572,2024,5,134,1153,-628,1714521600000
2019,8,149,242,8156.66,7226.26,113.18,29.860578512396696,0.4676859504132232,2019,8,149,910,-668,1564617600000
2020,5,222,89,3246.35,2951.88,77.0,33.16719101123596,0.8651685393258427,2020,5,222,145,-56,1588291200000
2023,1,135,175,5682.96,4967.43,100.88,28.385314285714287,0.5764571428571428,2023,1,135,1085,-910,1672531200000
2020,8,231,8286,168955.88,122276.51,17258.69,14.757000965483948,2.082873521602703,2020,8,231,10145,-1859,1596240000000
2020,9,46,46,1961.24,1729.8,93.5,37.60434782608696,2.032608695652174,2020,9,46,92,-46,1598918400000
2022,5,253,21,1143.98,885.15,147.28,42.15,7.013333333333334,2022,5,253,37,-16,1651363200000
2017,8,18,68,1258.95,1136.06,41.78,16.706764705882353,0.6144117647058823,2017,8,18,1282,-1214,1501545600000
2017,7,86,14,803.69,655.0,119.36,46.785714285714285,8.525714285714285,2017,7,86,447,-433,1498867200000
2025,4,229,60087,1341702.32,846660.62,166965.62,14.090578993792334,2.7787311731322912,2025,4,229,76813,-16726,1743465600000
2024,1,212,123,4081.31,3750.83,0.0,30.494552845528453,0.0,2024,1,212,303,-180,1704067200000
2023,10,119,149,4620.1,4132.87,68.33,27.73738255033557,0.45859060402684565,2023,10,119,483,-334,1696118400000
2016,6,164,269789,4055221.27,3210982.68,444103.97,11.901829503797412,1.6461159276323347,2016,6,164,238305,31484,1464739200000
2020,2,182,301,10425.42,8693.94,261.95,28.88352159468439,0.870265780730897,2020,2,182,845,-544,1580515200000
2022,3,158,25218,480839.62,316874.2,66920.85,12.565397731778889,2.653693790149893,2022,3,158,33314,-8096,1646092800000
2022,9,243,561,18777.38,15075.39,2124.54,26.87235294117647,3.787058823529412,2022,9,243,6342,-5781,1661990400000
2018,5,170,290655,4344226.75,3411877.7,516408.75,11.73858251191275,1.7767069205759405,2018,5,170,284738,5917,1525132800000
2021,4,148,12556,232441.02000000002,158883.0,27516.6,12.653950302644153,2.1915100350430072,2021,4,148,15603,-3047,1617235200000
2018,11,119,398,10544.08,9278.6,386.35,23.31306532663317,0.9707286432160804,2018,11,119,1604,-1206,1541030400000
2021,4,59,15,546.8199999999999,456.73,2.85,30.448666666666668,0.19,2021,4,59,37,-22,1617235200000
2019,9,241,228,7296.34,6451.17,92.35,28.294605263157894,0.40504385964912276,2019,9,241,1163,-935,1567296000000
2023,5,97,1475,41608.68,33046.86,4174.37,22.404650847457628,2.830081355932203,2023,5,97,4709,-3234,1682899200000
2023,9,32,77,2878.25,2590.43,25.96,33.64194805194805,0.33714285714285713,2023,9,32,258,-181,1693526400000
2017,11,236,357203,4566743.14,3626929.88,526892.86,10.153693781967116,1.4750516093089923,2017,11,236,374798,-17595,1509494400000
2018,3,36,1026,18025.920000000002,14646.27,1862.91,14.275116959064327,1.815701754385965,2018,3,36,7114,-6088,1519862400000
2024,7,209,7374,224509.61,163537.01,24868.89,22.177516951451047,3.3725101708706267,2024,7,209,9281,-1907,1719792000000
2024,7,26,327,11119.17,10388.71,127.02,31.769755351681955,0.388440366972477,2024,7,26,1003,-676,1719792000000
2018,12,75,61237,813369.34,663579.46,71906.5,10.836250306187434,1.1742328984110912,2018,12,75,101342,-40105,1543622400000
2016,12,251,5,144.67000000000002,114.5,15.09,22.9,3.018,2016,12,251,196,-191,1480550400000
2021,3,241,256,8966.25,7546.74,318.3,29.479453125,1.243359375,2021,3,241,817,-561,1614556800000
2023,5,154,18,1365.46,996.65,147.10999999999999,55.36944444444444,8.172777777777776,2023,5,154,40,-22,1682899200000
2023,8,235,192,7269.75,6572.84,54.77,34.23354166666667,0.2852604166666667,2023,8,235,522,-330,1690848000000
2024,2,250,125,4431.5,3968.05,3.87,31.744400000000002,0.03096,2024,2,250,267,-142,1706745600000
2025,4,192,223,5607.73,4869.14,78.91,21.834708520179372,0.3538565022421524,2025,4,192,584,-361,1743465600000
2025,5,130,5373,143581.41,124080.26,3131.86,23.09329238786525,0.5828885166573609,2025,5,130,5920,-547,1746057600000
2021,2,26,439,13045.61,11125.18,132.98,25.342095671981777,0.3029157175398633,2021,2,26,882,-443,1612137600000
2023,12,120,13,791.0699999999999,645.61,84.89,49.66230769230769,6.53,2023,12,120,178,-165,1701388800000
2020,12,36,265,8502.32,7288.86,615.36,27.505132075471696,2.32211320754717,2020,12,36,860,-595,1606780800000
2024,11,151,29116,615151.3899999999,435742.96,71653.69,14.965756285204012,2.46097300453359,2024,11,151,32236,-3120,1730419200000
2022,9,212,54,1728.9099999999999,1537.5,61.410000000000004,28.47222222222222,1.1372222222222224,2022,9,212,269,-215,1661990400000
2019,10,205,676,28558.9,25200.31,51.14,37.2785650887574,0.0756508875739645,2019,10,205,1564,-888,1569888000000
2016,2,72,193,3680.7200000000003,3021.81,423.49,15.657046632124352,2.1942487046632126,2016,2,72,1837,-1644,1454284800000
2024,12,151,28931,611181.06,427006.93,74586.18,14.759494314057585,2.5780712730289306,2024,12,151,31835,-2904,1733011200000
2017,6,136,102,1767.92,1536.0,90.76,15.058823529411764,0.8898039215686275,2017,6,136,1064,-962,1496275200000
2025,11,89,4436,104963.82,86589.02,869.95,19.51961677186655,0.19611136158701534,2025,11,89,6624,-2188,1761955200000
2020,1,247,781,16512.87,14046.81,570.83,17.985672215108835,0.7308962868117799,2020,1,247,2255,-1474,1577836800000
2025,3,212,925,27837.0,24244.97,40.89,26.21077837837838,0.04420540540540541,2025,3,212,710,215,1740787200000
2018,6,209,18496,365332.14999999997,300254.3,39322.09,16.233472102076124,2.125978049307958,2018,6,209,23397,-4901,1527811200000
2017,1,147,102,2083.9900000000002,1787.0,146.84,17.519607843137255,1.439607843137255,2017,1,147,1013,-911,1483228800000
2025,6,122,555,17038.67,15551.73,20.2,28.021135135135136,0.03639639639639639,2025,6,122,755,-200,1748736000000
2021,11,123,100,3904.46,3417.83,36.46,34.1783,0.36460000000000004,2021,11,123,586,-486,1635724800000
2017,7,12,6577,132678.8,114639.51,10299.93,17.43036490801277,1.566052911661852,2017,7,12,8700,-2123,1498867200000
2018,4,106,1503,25661.46,20869.18,2568.12,13.885016633399868,1.7086626746506985,2018,4,106,4740,-3237,1522540800000
2024,12,265,2153,188827.08,165518.39,16745.16,76.8780260102183,7.7775940548072455,2024,12,265,16646,-14493,1733011200000
2016,7,41,33835,466699.43,381563.5,41285.77,11.27718338998079,1.2202089552238804,2016,7,41,62226,-28391,1467331200000
2017,8,150,31,1398.19,1230.5,65.91,39.693548387096776,2.1261290322580644,2017,8,150,484,-453,1501545600000
2021,11,125,17870,344994.88,230796.97,46709.05,12.915331281477336,2.6138248461108002,2021,11,125,15567,2303,1635724800000
2025,7,19,536,18551.23,16807.0,188.6,31.35634328358209,0.35186567164179106,2025,7,19,991,-455,1751328000000
2017,7,73,26,544.49,419.5,95.19,16.134615384615383,3.661153846153846,2017,7,73,604,-578,1498867200000
2019,5,48,235154,4129737.2600000002,2771218.68,453716.93,11.784697177169004,1.9294459375558144,2019,5,48,201194,33960,1556668800000
2016,2,11,60,2098.19,1830.8,111.97,30.513333333333332,1.8661666666666668,2016,2,11,847,-787,1454284800000
2018,4,210,159,5231.31,4710.8,164.02,29.627672955974845,1.0315723270440251,2018,4,210,1147,-988,1522540800000
2020,11,132,22031,1127132.78,926100.26,111905.44,42.03623348917434,5.079453497344651,2020,11,132,3153,18878,1604188800000
2023,12,245,5,359.49,209.64,100.34,41.928,20.068,2023,12,245,36,-31,1701388800000
2020,5,176,4,229.91,187.49,0.0,46.8725,0.0,2020,5,176,10,-6,1588291200000
2016,10,148,173997,2806949.0100000002,2273254.08,314035.34,13.064903877653064,1.8048319223894667,2016,10,148,120680,53317,1475280000000
2023,4,7,1736,40524.91,32285.54,3399.12,18.59766129032258,1.9580184331797235,2023,4,7,9951,-8215,1680307200000
2016,6,183,22,488.62,440.0,22.32,20.0,1.0145454545454546,2016,6,183,587,-565,1464739200000
2025,1,111,3,120.18,95.2,0.0,31.733333333333334,0.0,2025,1,111,24,-21,1735689600000
2022,4,126,52,1838.62,1638.3,52.92,31.50576923076923,1.0176923076923077,2022,4,126,345,-293,1648771200000
2018,6,231,152310,2520535.94,2024322.92,300937.97000000003,13.290807694832907,1.975825421837043,2018,6,231,141921,10389,1527811200000
2023,10,58,10,319.24,278.58,3.28,27.857999999999997,0.32799999999999996,2023,10,58,87,-77,1696118400000
2017,1,222,18,568.5600000000001,462.5,47.75,25.694444444444443,2.6527777777777777,2017,1,222,269,-251,1483228800000
2020,2,219,513,30866.54,25717.89,1978.99,50.13233918128655,3.8576803118908383,2020,2,219,2495,-1982,1580515200000
2021,1,60,207,6232.61,5242.61,305.6,25.32661835748792,1.476328502415459,2021,1,60,447,-240,1609459200000
2023,8,71,235,7490.04,6855.23,74.32,29.1711914893617,0.3162553191489361,2023,8,71,888,-653,1690848000000
2023,10,34,133,4591.49,3746.51,394.22,28.169248120300754,2.96406015037594,2023,10,34,389,-256,1696118400000
2024,5,106,319,9882.57,8474.25,521.8000000000001,26.565047021943574,1.6357366771159876,2024,5,106,1162,-843,1714521600000
2024,6,178,96,3408.0299999999997,3137.33,22.96,32.68052083333333,0.23916666666666667,2024,6,178,279,-183,1717200000000
2025,8,45,9118,215674.93,151336.03,15211.12,16.59750274182935,1.6682518096073702,2025,8,45,12599,-3481,1754006400000
2018,7,82,2420,44931.47,37913.68,2857.1,15.666809917355373,1.1806198347107437,2018,7,82,7087,-4667,1530403200000
2022,11,79,77923,1449101.82,963621.72,192949.69999999998,12.36633240506654,2.4761585154575667,2022,11,79,63634,14289,1667260800000
2023,8,181,938,29558.68,24213.56,2470.44,25.81402985074627,2.633731343283582,2023,8,181,7451,-6513,1690848000000
2025,8,197,3016,105705.95,93212.59,4897.84,30.90603116710875,1.6239522546419098,2025,8,197,3581,-565,1754006400000
2020,6,8,6,117.05000000000001,91.06,5.57,15.176666666666668,0.9283333333333333,2020,6,8,22,-16,1590969600000
2025,5,113,64576,1431698.44,914787.9400000001,158178.82,14.166066959861249,2.4494985753221012,2025,5,113,56203,8373,1746057600000
2016,9,265,6542,466385.33,397178.05,48754.01,60.712022317334146,7.452462549678997,2016,9,265,27324,-20782,1472688000000
2018,10,51,529,21879.58,19569.87,450.92,36.994083175803404,0.8524007561436673,2018,10,51,1478,-949,1538352000000
2021,10,22,162,6522.5599999999995,5682.24,60.45,35.07555555555555,0.3731481481481482,2021,10,22,656,-494,1633046400000
2019,4,120,49,1895.21,1588.07,130.73,32.40959183673469,2.667959183673469,2019,4,120,345,-296,1554076800000
2018,2,135,187,4140.82,3589.8,214.67,19.19679144385027,1.1479679144385027,2018,2,135,1752,-1565,1517443200000
2021,9,30,2,101.86,97.51,0.0,48.755,0.0,2021,9,30,16,-14,1630454400000
2023,1,187,2,149.0,106.4,0.0,53.2,0.0,2023,1,187,17,-15,1672531200000
2024,3,197,716,28011.79,24326.21,1618.53,33.97515363128492,2.2605167597765363,2024,3,197,1494,-778,1709251200000
2016,4,7,22773,325873.83,270053.2,27654.11,11.858481535151276,1.2143375927633602,2016,4,7,59533,-36760,1459468800000
2019,3,2,3,122.16,90.5,20.0,30.166666666666668,6.666666666666667,2019,3,2,14,-11,1551398400000
2016,4,36,3065,46755.24,37378.55,5319.27,12.195285481239805,1.735487765089723,2016,4,36,15033,-11968,1459468800000
2022,8,147,35,1071.8799999999999,919.86,17.07,26.281714285714287,0.4877142857142857,2022,8,147,283,-248,1659312000000
2020,3,90,53591,843858.2200000001,541418.63,104096.73,10.10279020731093,1.942429325819634,2020,3,90,44328,9263,1583020800000
2023,9,238,54698,1235873.25,825570.9,158074.83,15.093255694906578,2.889956305532195,2023,9,238,61418,-6720,1693526400000
2025,3,264,7687,230317.89,157993.06,29645.05,20.5532795628984,3.8565174970729803,2025,3,264,9987,-2300,1740787200000
2025,4,65,4942,137474.93,113248.77,6415.85,22.915574666127075,1.298229461756374,2025,4,65,6306,-1364,1743465600000
2023,1,44,45,2865.5,2481.8,0.0,55.15111111111111,0.0,2023,1,44,58,-13,1672531200000
2022,1,5,29,2966.3,2695.25,0.0,92.9396551724138,0.0,2022,1,5,32,-3,1640995200000
2025,4,2,9,619.77,453.0,108.26,50.333333333333336,12.02888888888889,2025,4,2,11,-2,1743465600000
2020,6,122,85,3665.09,3405.06,87.71000000000001,40.05952941176471,1.0318823529411765,2020,6,122,106,-21,1590969600000
2021,4,264,15288,325492.11,234401.19,38716.91,15.332364599686029,2.532503270538985,2021,4,264,13551,1737,1617235200000
2024,9,69,601,18446.19,16790.36,82.11,27.937371048252913,0.13662229617304492,2024,9,69,1191,-590,1725148800000
2025,11,182,1202,36710.93,32645.47,286.08,27.159292845257905,0.23800332778702163,2025,11,182,1424,-222,1761955200000
2022,8,124,78,3370.11,2910.91,250.25,37.31935897435897,3.2083333333333335,2022,8,124,834,-756,1659312000000
2022,9,59,2,70.35,62.2,0.0,31.1,0.0,2022,9,59,36,-34,1661990400000
2016,8,254,76,1600.55,1404.8,83.26,18.48421052631579,1.0955263157894737,2016,8,254,1040,-964,1470009600000
2023,9,254,220,7593.71,6846.32,89.55,31.119636363636364,0.40704545454545454,2023,9,254,540,-320,1693526400000
2017,4,91,136,2676.13,2308.46,185.81,16.973970588235293,1.36625,2017,4,91,1795,-1659,1491004800000
2019,9,71,587,17437.43,15500.87,83.8,26.406933560477004,0.14275979557069846,2019,9,71,1461,-874,1567296000000
2017,3,87,78223,1653772.08,1332304.78,209035.16,17.032136072510642,2.6722979174922976,2017,3,87,82208,-3985,1488326400000
2024,10,177,811,24855.66,23214.6,106.84,28.62466091245376,0.13173859432799015,2024,10,177,1229,-418,1727740800000
2024,11,122,146,5383.09,4962.51,22.119999999999997,33.989794520547946,0.15150684931506847,2024,11,122,335,-189,1730419200000
2019,6,256,4504,88280.76,68725.02,9090.44,15.258663410301954,2.018303730017762,2019,6,256,15807,-11303,1559347200000
2021,1,67,118,3682.77,3215.49,189.33,27.249915254237287,1.6044915254237289,2021,1,67,270,-152,1609459200000
2022,1,244,1981,42153.36,33931.3,3859.51,17.12836951034831,1.9482635032811713,2022,1,244,9000,-7019,1640995200000
2020,6,52,165,4210.73,3285.9,514.73,19.914545454545454,3.119575757575758,2020,6,52,319,-154,1590969600000
2018,2,37,1407,21807.69,18089.76,1921.95,12.856972281449892,1.3659914712153518,2018,2,37,9683,-8276,1517443200000
2021,6,41,13626,225533.31999999998,172032.05,21583.33,12.625278878614413,1.5839813591663,2021,6,41,22955,-9329,1622505600000
2021,8,154,16,775.39,658.29,45.55,41.143125,2.846875,2021,8,154,61,-45,1627776000000
2022,7,217,103,2651.11,2203.9900000000002,240.17000000000002,21.397961165048546,2.331747572815534,2022,7,217,1031,-928,1656633600000
2022,9,228,204,7720.6,6115.24,1005.16,29.976666666666667,4.927254901960784,2022,9,228,1841,-1637,1661990400000
2022,7,111,3,124.39999999999999,40.5,80.0,13.5,26.666666666666668,2022,7,111,31,-28,1656633600000
2020,12,34,122,4163.43,3251.82,599.18,26.654262295081967,4.9113114754098355,2020,12,34,261,-139,1606780800000
2022,5,19,40,1069.8,1000.3,16.95,25.0075,0.42374999999999996,2022,5,19,328,-288,1651363200000
2018,5,76,723,23814.23,21233.99,1024.92,29.369280774550486,1.4175933609958506,2018,5,76,2737,-2014,1525132800000
2019,9,85,419,12318.06,10694.4,256.96,25.5236276849642,0.6132696897374701,2019,9,85,1250,-831,1567296000000
2023,6,112,832,27036.6,20642.93,3189.77,24.811213942307692,3.8338581730769232,2023,6,112,7437,-6605,1685577600000
2017,11,184,8,289.31,233.0,44.65,29.125,5.58125,2017,11,184,57,-49,1509494400000
2019,12,187,13,1271.3400000000001,1024.51,112.05,78.80846153846154,8.61923076923077,2019,12,187,67,-54,1575158400000
2022,5,43,61581,1096370.23,729961.34,142694.9,11.853677920137704,2.3171903671587013,2022,5,43,47545,14036,1651363200000
2019,1,90,132189,1676026.97,1306733.81,204079.97000000003,9.885344544553632,1.5438498664790568,2019,1,90,113465,18724,1546300800000
2016,4,124,93,8178.49,7107.0,596.53,76.41935483870968,6.414301075268817,2016,4,124,1189,-1096,1459468800000
2017,9,145,11059,199141.8,159815.96,18571.280000000002,14.451212587033185,1.6792910751424182,2017,9,145,28025,-16966,1504224000000
2024,7,154,73,2294.21,1976.4,154.41,27.073972602739726,2.115205479452055,2024,7,154,273,-200,1719792000000
2023,7,69,221,7225.72,6426.87,99.5,29.080859728506788,0.4502262443438914,2023,7,69,1072,-851,1688169600000
2025,7,189,2031,52556.55,44414.18,1292.2,21.868133924175282,0.6362383062530773,2025,7,189,4097,-2066,1751328000000
2018,6,206,13,790.8399999999999,603.0,100.87,46.38461538461539,7.759230769230769,2018,6,206,184,-171,1527811200000
2024,8,79,65514,1446533.1500000001,970919.3300000001,167339.31,14.820028238239155,2.5542526788167415,2024,8,79,61555,3959,1722470400000
2017,2,174,80,1642.38,1449.6399999999999,93.31,18.1205,1.166375,2017,2,174,1093,-1013,1485907200000
2023,4,209,5579,172103.6,123797.6,20912.35,22.189926510127265,3.7484047320308296,2023,4,209,8547,-2968,1680307200000
2024,7,264,9589,301927.34,215118.65,36585.6,22.43389821670664,3.815371780164772,2024,7,264,13679,-4090,1719792000000
2023,2,147,56,1597.23,1414.05,18.03,25.250892857142855,0.32196428571428576,2023,2,147,256,-200,1675209600000
2022,8,17,340,9712.53,8049.9,939.38,23.676176470588235,2.7628823529411766,2022,8,17,3792,-3452,1659312000000
2021,6,37,676,22240.01,18243.92,1579.57,26.988047337278104,2.3366420118343196,2021,6,37,3241,-2565,1622505600000
2023,10,83,194,6949.12,5752.14,592.48,29.65020618556701,3.054020618556701,2023,10,83,844,-650,1696118400000
2025,4,59,25,765.33,665.5,0.0,26.62,0.0,2025,4,59,30,-5,1743465600000
2024,9,152,3095,73273.6,60164.75,3743.17,19.439337641357028,1.2094248788368336,2024,9,152,5554,-2459,1725148800000
2023,4,113,44575,1005462.43,659277.84,132029.05,14.790304879416713,2.961952888390353,2023,4,113,42175,2400,1680307200000
2021,3,251,7,647.03,562.36,0.0,80.33714285714287,0.0,2021,3,251,33,-26,1614556800000
2017,9,61,1690,28284.1,23540.68,2331.17,13.929396449704143,1.3793905325443787,2017,9,61,15531,-13841,1504224000000
2017,6,133,482,9745.33,8053.87,909.35,16.70927385892116,1.8866182572614107,2017,6,133,3038,-2556,1496275200000
2022,12,165,124,3622.23,3204.73,136.3,25.844596774193548,1.099193548387097,2022,12,165,873,-749,1669852800000
2016,4,20,84,1739.56,1468.35,163.65,17.48035714285714,1.9482142857142857,2016,4,20,1196,-1112,1459468800000
2017,1,176,2,30.3,19.0,8.7,9.5,4.35,2017,1,176,75,-73,1483228800000
2017,2,220,245,4876.22,4068.96,449.11,16.608,1.8331020408163266,2017,2,220,3719,-3474,1485907200000
2017,2,240,39,1111.61,1001.0,59.83,25.666666666666668,1.534102564102564,2017,2,240,269,-230,1485907200000
2017,4,153,109,1494.92,1218.0,126.5,11.174311926605505,1.1605504587155964,2017,4,153,455,-346,1491004800000
2017,10,132,239035,13527663.149999999,11121986.25,1402899.39,46.528693496768255,5.869012445876127,2017,10,132,88797,150238,1506816000000
2021,11,84,4,473.55,442.5,10.0,110.625,2.5,2021,11,84,11,-7,1635724800000
2016,8,184,11,452.39,344.0,79.22,31.272727272727273,7.201818181818182,2016,8,184,88,-77,1470009600000
2022,10,166,20170,382540.09,275401.46,51487.35,13.654013882002976,2.55266980664353,2022,10,166,27590,-7420,1664582400000
2017,10,89,747,13668.210000000001,11454.76,1209.34,15.334350736278447,1.618929049531459,2017,10,89,7655,-6908,1506816000000
2018,12,197,926,37399.81,32117.4,1785.78,34.68401727861771,1.928488120950324,2018,12,197,2553,-1627,1543622400000
2017,2,213,91,2356.14,1964.7,235.16,21.59010989010989,2.584175824175824,2017,2,213,1215,-1124,1485907200000
2023,2,141,73947,1502842.01,960743.48,192223.97,12.992325314076298,2.599483008100396,2023,2,141,80675,-6728,1675209600000
2022,1,223,604,20746.99,15942.66,2275.2,26.395132450331126,3.766887417218543,2022,1,223,4134,-3530,1640995200000
2024,11,18,299,10255.0,9324.35,1.0,31.18511705685619,0.0033444816053511705,2024,11,18,563,-264,1730419200000
2024,10,185,178,6261.99,5670.61,0.11,31.857359550561796,0.0006179775280898876,2024,10,185,426,-248,1727740800000
2018,1,236,345717,4130640.3499999996,3252891.02,484181.93000000005,9.409115027609287,1.40051524802078,2018,1,236,360467,-14750,1514764800000
2017,5,66,4845,92173.3,75864.96,10576.77,15.658402476780187,2.18302786377709,2017,5,66,14832,-9987,1493596800000
2021,8,220,246,8687.18,7361.72,291.11,29.92569105691057,1.1833739837398374,2021,8,220,1407,-1161,1627776000000
2016,8,240,25,499.06,439.5,28.61,17.58,1.1444,2016,8,240,383,-358,1470009600000
2022,1,82,305,8071.68,6728.67,513.66,22.0612131147541,1.6841311475409835,2022,1,82,1705,-1400,1640995200000
2025,1,8,22,1040.74,769.84,139.81,34.99272727272727,6.355,2025,1,8,37,-15,1735689600000
2025,1,178,137,3490.61,3160.7,9.0,23.07080291970803,0.06569343065693431,2025,1,178,356,-219,1735689600000
2025,2,194,120,6140.98,4632.26,580.02,38.60216666666667,4.8335,2025,2,194,219,-99,1738368000000
2019,12,36,536,13085.11,10632.74,962.05,19.837201492537314,1.7948694029850745,2019,12,36,5057,-4521,1575158400000
2020,3,161,121069,2123511.0199999996,1380518.71,270079.89,11.402743146470195,2.2307931014545423,2020,3,161,108558,12511,1583020800000
2021,3,212,366,12150.07,10158.42,86.74,27.755245901639345,0.23699453551912567,2021,3,212,616,-250,1614556800000
2016,3,250,140,2550.93,2266.0,73.45,16.185714285714287,0.5246428571428572,2016,3,250,1093,-953,1456790400000
2022,10,226,3042,98844.56999999999,79095.25,11144.79,26.001068376068375,3.663639053254438,2022,10,226,7452,-4410,1664582400000
2020,8,46,52,2264.77,1973.26,123.5,37.94730769230769,2.375,2020,8,46,67,-15,1596240000000
2018,12,143,98131,1292357.53,1026969.98,149402.52,10.465296185710937,1.5224803578889443,2018,12,143,111994,-13863,1543622400000
2023,1,68,75123,1781399.72,1186001.45,227263.41,15.787461230249058,3.025217443392836,2023,1,68,72914,2209,1672531200000
2022,5,6,2,29.6,21.45,0.0,10.725,0.0,2022,5,6,57,-55,1651363200000
2016,8,167,222,3136.86,2623.55,219.86,11.817792792792794,0.9903603603603605,2016,8,167,1564,-1342,1470009600000
2019,4,143,86875,1396969.94,916044.91,162550.99000000002,10.54440184172662,1.871090532374101,2019,4,143,100220,-13345,1554076800000
2023,7,78,107,4198.55,3708.03,35.87,34.65448598130841,0.33523364485981305,2023,7,78,357,-250,1688169600000
2024,8,235,311,12048.56,11177.03,65.33,35.939003215434084,0.21006430868167203,2024,8,235,583,-272,1722470400000
2016,8,129,6660,100781.78,84953.57,6202.55,12.755791291291292,0.9313138138138138,2016,8,129,19579,-12919,1470009600000
2022,4,219,340,19849.17,16627.56,1652.12,48.90458823529412,4.859176470588235,2022,4,219,1176,-836,1648771200000
2023,12,242,195,6487.72,5884.51,43.81,30.17697435897436,0.22466666666666668,2023,12,242,466,-271,1701388800000
2021,8,45,3926,84896.08,61731.27,8548.63,15.72370606214977,2.177440142638818,2021,8,45,7408,-3482,1627776000000
2025,10,91,1985,55777.97,51716.21,92.1,26.05350629722922,0.04639798488664987,2025,10,91,2517,-532,1759276800000
2018,12,227,372,12869.45,11339.54,357.48,30.482634408602152,0.960967741935484,2018,12,227,1906,-1534,1543622400000
2016,3,223,8757,164288.65,129551.54,16176.3,14.79405504168094,1.847242206235012,2016,3,223,29106,-20349,1456790400000
2022,10,259,90,3474.21,3081.82,122.99000000000001,34.242444444444445,1.3665555555555557,2022,10,259,402,-312,1664582400000
2017,11,15,37,996.39,858.5,107.78999999999999,23.2027027027027,2.913243243243243,2017,11,15,746,-709,1509494400000
2022,10,52,888,21952.39,16603.02,3145.27,18.697094594594596,3.5419707207207205,2022,10,52,2306,-1418,1664582400000
2019,8,257,276,7330.08,6041.54,357.7,21.88963768115942,1.2960144927536232,2019,8,257,2739,-2463,1564617600000
2025,1,171,175,5116.69,4421.1,43.760000000000005,25.263428571428573,0.25005714285714287,2025,1,171,633,-458,1735689600000
2020,11,15,92,3242.43,2759.2999999999997,235.2,29.992391304347823,2.5565217391304347,2020,11,15,202,-110,1604188800000
2023,4,51,302,12842.289999999999,11604.65,53.76,38.425993377483444,0.17801324503311258,2023,4,51,501,-199,1680307200000
2023,6,181,1226,40417.7,31992.75,4499.55,26.095228384991845,3.6701060358890705,2023,6,181,9116,-7890,1685577600000
2023,3,183,31,1189.01,1086.53,5.58,35.049354838709675,0.18,2023,3,183,136,-105,1677628800000
2022,1,40,338,8317.33,6156.54,1181.94,18.214615384615385,3.4968639053254438,2022,1,40,1883,-1545,1640995200000
2019,7,97,4772,86919.04000000001,71063.0,6772.57,14.891659681475273,1.4192309304274937,2019,7,97,9719,-4947,1561939200000
2016,1,221,15,628.55,570.5,31.55,38.03333333333333,2.1033333333333335,2016,1,221,182,-167,1451606400000
2021,9,258,112,4568.62,3859.08,125.59,34.45607142857143,1.1213392857142856,2021,9,258,894,-782,1630454400000
2022,10,78,113,3559.94,3125.1800000000003,53.160000000000004,27.656460176991153,0.4704424778761062,2022,10,78,341,-228,1664582400000
2018,6,30,4,109.52,102.0,0.0,25.5,0.0,2018,6,30,27,-23,1527811200000
2024,7,75,19057,401609.56,299328.83,34757.41,15.70702786377709,1.8238657711077295,2024,7,75,34905,-15848,1719792000000
2024,7,181,1305,39408.96,34119.64,2195.06,26.145318007662834,1.6820383141762452,2024,7,181,7725,-6420,1719792000000
2022,5,242,133,4402.34,3927.08,56.4,29.526917293233083,0.42406015037593986,2022,5,242,520,-387,1651363200000
2025,3,235,1138,31859.74,28791.1,37.08,25.299736379613357,0.03258347978910369,2025,3,235,1232,-94,1740787200000
2016,11,102,87,2320.97,1876.0,269.82,21.563218390804597,3.1013793103448277,2016,11,102,1392,-1305,1477958400000
2016,2,244,10872,199060.65,165909.65,18582.99,15.260269499632082,1.709252207505519,2016,2,244,42252,-31380,1454284800000
2021,11,7,2261,41515.99,33749.61,2974.86,14.92685095090668,1.3157275541795665,2021,11,7,11022,-8761,1635724800000
2022,12,233,44108,972211.72,652754.77,121668.7,14.799010837036366,2.7584270427133397,2022,12,233,50929,-6821,1669852800000
2021,3,34,53,1458.59,1184.1,109.86,22.341509433962262,2.0728301886792453,2021,3,34,292,-239,1614556800000
2023,4,158,28161,720195.24,485160.3,94139.8,17.228092042186002,3.3429139590213417,2023,4,158,31937,-3776,1680307200000
2020,8,137,21283,375072.01,259587.76,37111.1,12.196953437015459,1.743696847248978,2020,8,137,18653,2630,1596240000000
2020,9,106,276,7578.58,6476.76,703.59,23.466521739130435,2.5492391304347826,2020,9,106,568,-292,1598918400000
2016,11,221,185,3799.9700000000003,3136.5,365.75,16.954054054054055,1.977027027027027,2016,11,221,338,-153,1477958400000
2025,11,178,243,6026.52,5593.92,1.66,23.020246913580248,0.006831275720164609,2025,11,178,524,-281,1761955200000
2020,3,1,339,31304.97,26563.72,3530.67,78.35905604719764,10.41495575221239,2020,3,1,5237,-4898,1583020800000
2019,5,258,285,10163.38,9000.75,123.18,31.58157894736842,0.4322105263157895,2019,5,258,1658,-1373,1556668800000
2023,2,61,566,17048.31,14361.99,1341.92,25.374540636042404,2.3708833922261485,2023,2,61,4567,-4001,1675209600000
2025,7,13,27834,818989.83,573153.23,81794.25,20.59183839908026,2.9386451821513258,2025,7,13,31447,-3613,1751328000000
2020,11,121,306,10780.54,9443.26,749.6,30.86032679738562,2.4496732026143793,2020,11,121,532,-226,1604188800000
2025,1,27,4,270.52,234.94,13.2,58.735,3.3,2025,1,27,50,-46,1735689600000
2017,10,158,109489,1659933.96,1322776.4,194403.03999999998,12.081363424636264,1.775548593922677,2017,10,158,106538,2951,1506816000000
2020,3,214,23,1170.47,946.3,0.86,41.143478260869564,0.03739130434782609,2020,3,214,78,-55,1583020800000
2023,6,153,24,850.3100000000001,763.54,7.97,31.814166666666665,0.33208333333333334,2023,6,153,127,-103,1685577600000
2018,6,64,69,2808.93,2396.0,227.01,34.72463768115942,3.29,2018,6,64,775,-706,1527811200000
2023,6,155,126,5550.14,4948.83,106.91000000000001,39.27642857142857,0.8484920634920636,2023,6,155,645,-519,1685577600000
2023,4,3,55,2276.94,1958.35,71.19,35.60636363636363,1.2943636363636364,2023,4,3,261,-206,1680307200000
2016,3,168,2518,36596.0,30701.51,2313.38,12.192815726767275,0.9187370929308976,2016,3,168,9584,-7066,1456790400000
2019,1,121,399,12397.06,11113.72,99.86,27.85393483709273,0.25027568922305765,2019,1,121,1411,-1012,1546300800000
2024,11,247,756,24204.34,21509.68,455.58,28.451957671957672,0.6026190476190476,2024,11,247,1076,-320,1730419200000
2022,10,20,59,2130.87,1794.48,137.49,30.41491525423729,2.3303389830508476,2022,10,20,362,-303,1664582400000
2021,9,97,1763,43179.15,34985.32,3936.38,19.844197390811118,2.2327736812251846,2021,9,97,4028,-2265,1630454400000
2018,4,126,170,4207.7300000000005,3756.0,79.25,22.094117647058823,0.4661764705882353,2018,4,126,1276,-1106,1522540800000
2017,1,107,238708,3127727.94,2460751.91,372360.38,10.308627737654373,1.5598990398310908,2017,1,107,211603,27105,1483228800000
2022,9,5,54,5209.03,3598.1000000000004,0.0,66.63148148148149,0.0,2022,9,5,61,-7,1661990400000
2016,5,231,227627,3805836.0500000003,3082114.34,437257.54,13.540196637481493,1.9209388165727264,2016,5,231,207292,20335,1462060800000
2017,1,251,3,204.78,203.88,0.0,67.96,0.0,2017,1,251,154,-151,1483228800000
2016,1,109,1,3.3,2.5,0.0,2.5,0.0,2016,1,109,87,-86,1451606400000
2016,6,29,85,2359.94,1997.0,243.23000000000002,23.49411764705882,2.861529411764706,2016,6,29,1058,-973,1464739200000
2018,12,208,228,8587.960000000001,7600.38,237.28,33.335,1.040701754385965,2018,12,208,1241,-1013,1543622400000
2021,10,50,28128,510449.9,341974.75,63052.37,12.157805389647326,2.241622937997725,2021,10,50,38977,-10849,1633046400000
2022,11,259,63,2321.83,2087.7400000000002,104.14,33.13873015873016,1.653015873015873,2022,11,259,354,-291,1667260800000
2022,11,225,305,9500.21,8012.25,903.26,26.26967213114754,2.9615081967213115,2022,11,225,3360,-3055,1667260800000
2016,8,19,40,2157.62,1877.5,240.21999999999997,46.9375,6.0055,2016,8,19,595,-555,1470009600000
2017,10,46,5,124.05999999999999,115.5,3.06,23.1,0.612,2017,10,46,126,-121,1506816000000
2017,12,130,750,39190.9,31598.97,3917.93,42.13196,5.223906666666666,2017,12,130,2151,-1401,1512086400000
2018,8,89,1021,25315.73,22168.03,1114.1299999999999,21.7120763956905,1.0912144955925562,2018,8,89,6988,-5967,1533081600000
2022,1,234,64169,1010183.34,637146.91,135041.0,9.929201171905438,2.1044585391700044,2022,1,234,56050,8119,1640995200000
2022,6,188,459,14091.1,12160.92,1011.48,26.49437908496732,2.2036601307189545,2022,6,188,2989,-2530,1654041600000
2016,11,66,3741,70731.18000000001,58007.1,8427.15,15.505773857257417,2.252646351242983,2016,11,66,14120,-10379,1477958400000
2020,11,206,23,1478.97,1279.94,52.11,55.649565217391306,2.2656521739130433,2020,11,206,68,-45,1604188800000
2024,6,126,244,8193.59,7223.1,161.65,29.602868852459018,0.6625,2024,6,126,417,-173,1717200000000
2024,10,24,9655,213844.13,155071.32,23379.42,16.061244950802692,2.4214831693423093,2024,10,24,11636,-1981,1727740800000
2018,9,59,11,345.55,314.25,9.98,28.568181818181817,0.9072727272727273,2018,9,59,57,-46,1535760000000
2020,12,163,34177,536071.5,344545.59,67045.41,10.0812122187436,1.9617113848494603,2020,12,163,28661,5516,1606780800000
2024,3,44,3,387.9,235.51999999999998,135.0,78.50666666666666,45.0,2024,3,44,15,-12,1709251200000
2022,6,113,44415,806944.73,531058.3,108988.23,11.956733085669256,2.4538608578183045,2022,6,113,40721,3694,1654041600000
2017,6,67,68,1664.81,1282.2,227.39,18.855882352941176,3.343970588235294,2017,6,67,1434,-1366,1496275200000
2021,10,228,237,8563.8,6813.07,780.34,28.747130801687764,3.2925738396624475,2021,10,228,1877,-1640,1633046400000
2021,11,43,62551,1078398.56,713505.4,140989.43,11.406778468769485,2.2539916228357657,2021,11,43,48598,13953,1635724800000
2022,3,226,3248,79245.55,62329.72,8179.11,19.19018472906404,2.5181988916256155,2022,3,226,7913,-4665,1646092800000
2022,8,105,3,86.87,60.5,14.469999999999999,20.166666666666668,4.823333333333333,2022,8,105,2,1,1659312000000
2023,3,95,433,14555.15,12430.12,788.63,28.706974595842958,1.8213163972286375,2023,3,95,4319,-3886,1677628800000
2016,1,131,101,2331.88,2018.5,156.72,19.985148514851485,1.5516831683168317,2016,1,131,1458,-1357,1451606400000
2016,9,126,92,1927.49,1670.5,107.26,18.157608695652176,1.1658695652173914,2016,9,126,1201,-1109,1472688000000
2016,8,161,386388,5651592.12,4494711.28,610584.47,11.632636831371576,1.5802366274314936,2016,8,161,387702,-1314,1470009600000
2024,1,40,356,11216.14,8649.73,1097.06,24.296994382022472,3.081629213483146,2024,1,40,2249,-1893,1704067200000
2019,5,126,173,4688.78,4096.2,85.48,23.67745664739884,0.4941040462427746,2019,5,126,953,-780,1556668800000
2018,6,139,143,5437.45,4988.51,97.73,34.88468531468531,0.6834265734265734,2018,6,139,818,-675,1527811200000
2016,9,184,16,552.74,492.0,23.869999999999997,30.75,1.4918749999999998,2016,9,184,94,-78,1472688000000
2017,5,178,160,1784.42,1522.8,70.34,9.5175,0.43962500000000004,2017,5,178,764,-604,1493596800000
2018,11,96,24,748.65,653.31,57.370000000000005,27.221249999999998,2.390416666666667,2018,11,96,142,-118,1541030400000
2024,5,194,159,10209.63,7636.74,1084.07,48.02981132075472,6.818050314465409,2024,5,194,556,-397,1714521600000
2017,11,188,889,13863.51,11800.85,963.18,13.27429696287964,1.0834420697412823,2017,11,188,6387,-5498,1509494400000
2018,9,41,31082,417731.10000000003,342702.72,36089.26,11.02576153400682,1.1610983849173155,2018,9,41,52594,-21512,1535760000000
2018,4,41,37718,487023.12,397615.25,42893.56,10.541790391855347,1.1372172437562966,2018,4,41,62271,-24553,1522540800000
2020,11,205,514,20217.97,17753.46,1322.49,34.53980544747082,2.5729377431906615,2020,11,205,880,-366,1604188800000
2025,8,77,1426,36252.09,33388.86,0.0,23.414347826086956,0.0,2025,8,77,1959,-533,1754006400000
2016,11,200,64,1916.21,1555.5,230.83,24.3046875,3.60671875,2016,11,200,3328,-3264,1477958400000
2018,4,113,150694,2039521.0200000003,1611160.45,244581.71,10.691603182608464,1.6230354891369265,2018,4,113,132074,18620,1522540800000
2019,2,114,93510,1571203.63,1039506.21,193567.76,11.116524542829643,2.070022029729441,2019,2,114,71748,21762,1548979200000
2019,6,115,24,1396.04,1124.63,26.869999999999997,46.85958333333334,1.1195833333333332,2019,6,115,100,-76,1559347200000
2020,5,243,324,7883.62,6764.99,378.41,20.8795987654321,1.1679320987654322,2020,5,243,1432,-1108,1588291200000
2016,1,181,16191,270564.46,219279.3,30765.38,13.543283305540115,1.9001531715150393,2016,1,181,41665,-25474,1451606400000
2016,2,144,137981,2014953.32,1614839.15,231532.74,11.703344301026952,1.6780045078670252,2016,2,144,114810,23171,1454284800000
2022,9,253,28,1226.67,1015.86,84.26,36.28071428571429,3.0092857142857143,2022,9,253,67,-39,1661990400000
2023,2,22,95,3760.1,3074.77,103.07,32.366,1.0849473684210527,2023,2,22,461,-366,1675209600000
2025,1,158,33282,757747.9,491985.05,83594.65000000001,14.78231626705126,2.5117075295955775,2025,1,158,35358,-2076,1735689600000
2017,4,101,33,1373.91,1174.0,90.02,35.57575757575758,2.7278787878787876,2017,4,101,595,-562,1491004800000
2022,1,115,5,223.01,178.86,30.0,35.772000000000006,6.0,2022,1,115,35,-30,1640995200000
2022,1,55,123,6183.91,5663.37,72.09,46.04365853658536,0.5860975609756098,2022,1,55,400,-277,1640995200000
2016,11,140,179963,2642585.0,2141647.38,289096.67,11.900487211260092,1.606422820246384,2016,11,140,186191,-6228,1477958400000
2017,3,258,151,4141.83,3476.07,375.11,23.020331125827816,2.4841721854304635,2017,3,258,1771,-1620,1488326400000
2018,3,61,1970,35403.090000000004,30599.0,2303.09,15.53248730964467,1.1690812182741117,2018,3,61,14511,-12541,1519862400000
2019,10,213,560,19964.09,16622.55,174.29,29.683125,0.31123214285714285,2019,10,213,1358,-798,1569888000000
2021,1,35,1155,38330.07,32634.93,1783.28,28.25535064935065,1.543965367965368,2021,1,35,1664,-509,1609459200000
2022,10,237,176659,2805847.6399999997,1788192.67,372459.43,10.122284570839867,2.1083524190672427,2022,10,237,154384,22275,1664582400000
2022,12,152,2706,55302.82,42793.85,5347.21,15.814430894308943,1.9760569105691057,2022,12,152,5503,-2797,1669852800000
2021,2,197,560,22863.829999999998,19991.85,220.87,35.69973214285714,0.3944107142857143,2021,2,197,1034,-474,1612137600000
2018,12,257,467,12490.0,10519.04,636.5,22.52471092077088,1.3629550321199144,2018,12,257,3905,-3438,1543622400000
2023,4,265,2160,210375.42,186666.05,17510.55,86.41946759259258,8.106736111111111,2023,4,265,13083,-10923,1680307200000
2022,10,22,110,4102.45,3681.5,30.75,33.46818181818182,0.27954545454545454,2022,10,22,581,-471,1664582400000
2022,3,195,124,3970.04,3047.68,401.71,24.578064516129032,3.239596774193548,2022,3,195,917,-793,1646092800000
2017,4,180,64,2045.03,1715.5,179.38,26.8046875,2.8028125,2017,4,180,715,-651,1491004800000
2024,1,106,161,5136.81,4346.63,318.64,26.997701863354038,1.9791304347826086,2024,1,106,766,-605,1704067200000
2019,7,239,152788,2435002.35,1581466.89,284834.02,10.350727085896798,1.864243396078226,2019,7,239,146833,5955,1561939200000
2021,1,122,111,4740.69,4113.57,162.89,37.05918918918918,1.4674774774774773,2021,1,122,243,-132,1609459200000
2021,11,156,3,235.65,221.0,0.0,73.66666666666667,0.0,2021,11,156,32,-29,1635724800000
2025,10,221,76,2334.84,1649.32,0.0,21.70157894736842,0.0,2025,10,221,119,-43,1759276800000
2019,8,1,769,73757.73,61810.44,8887.449999999999,80.37768530559168,11.557152145643691,2019,8,1,13671,-12902,1564617600000
2017,2,53,59,1490.06,1268.5,100.45,21.5,1.702542372881356,2017,2,53,783,-724,1485907200000
2017,8,209,18341,345763.47000000003,282742.23,38873.83,15.415856823510168,2.11950438907366,2017,8,209,22962,-4621,1501545600000
2023,5,10,1049,76577.64,60889.92,7721.95,58.04568160152526,7.361248808388941,2023,5,10,3369,-2320,1682899200000
2021,9,263,66439,1141769.7,748084.57,144374.13,11.259720495492104,2.1730328572073634,2021,9,263,63919,2520,1630454400000
2023,1,2,2,0.0,0.0,0.0,0.0,0.0,2023,1,2,23,-21,1672531200000
2024,2,181,1083,32961.91,27424.08,2519.79,25.322326869806094,2.3266759002770083,2024,2,181,7778,-6695,1706745600000
2016,8,9,67,1139.38,928.5,132.16,13.85820895522388,1.9725373134328357,2016,8,9,706,-639,1470009600000
2018,2,167,207,3128.1,2793.35,103.87,13.494444444444444,0.5017874396135266,2018,2,167,1222,-1015,1517443200000
2022,8,91,209,7445.349999999999,6762.47,88.13,32.35631578947368,0.4216746411483253,2022,8,91,960,-751,1659312000000
2022,12,10,1306,89991.97,69326.1,10493.91,53.08277182235835,8.035153139356815,2022,12,10,4013,-2707,1669852800000
2020,2,123,226,6902.48,6019.61,118.28,26.635442477876104,0.523362831858407,2020,2,123,1079,-853,1580515200000
2016,9,189,3735,59691.99,48465.81,6557.82,12.97612048192771,1.7557751004016064,2016,9,189,11775,-8040,1472688000000
2017,10,113,162784,2237294.89,1774035.49,264615.26,10.898094960192648,1.6255606202083743,2017,10,113,142190,20594,1506816000000
2018,2,25,8209,128314.00000000001,104835.61,13932.619999999999,12.770813741015958,1.6972371787062979,2018,2,25,15143,-6934,1517443200000
2016,12,260,7122,107387.77,92024.49,6266.6,12.921158382476833,0.8798932884021343,2016,12,260,14077,-6955,1480550400000
2020,10,264,10479,192091.17,140371.36,22156.11,13.395491936253459,2.1143343830518178,2020,10,264,10459,20,1601510400000
2022,3,168,464,12055.55,10417.0,537.1,22.450431034482758,1.157543103448276,2022,3,168,2263,-1799,1646092800000
2022,5,137,41472,737542.05,486311.87,91708.55,11.726270013503086,2.2113365644290126,2022,5,137,44533,-3061,1651363200000
2018,11,243,1505,34021.4,28988.47,2402.55,19.261441860465116,1.5963787375415284,2018,11,243,13780,-12275,1541030400000
2021,2,126,193,5595.39,4707.76,131.05,24.392538860103627,0.6790155440414508,2021,2,126,510,-317,1612137600000
2018,7,202,335,6896.35,5574.37,870.14,16.639910447761192,2.5974328358208956,2018,7,202,3936,-3601,1530403200000
2016,7,55,131,4260.99,3694.11,349.1,28.199312977099236,2.6648854961832065,2016,7,55,1328,-1197,1467331200000
2019,3,228,812,22683.93,19916.83,941.44,24.5281157635468,1.159408866995074,2019,3,228,4711,-3899,1551398400000
2022,8,9,48,1465.59,1315.23,83.66,27.400625,1.7429166666666667,2022,8,9,410,-362,1659312000000
2022,11,43,55184,965686.9500000001,640742.43,127321.75,11.611018229921717,2.3072222020875617,2022,11,43,41227,13957,1667260800000
2019,12,159,636,13338.61,11408.62,184.9,17.93808176100629,0.2907232704402516,2019,12,159,2226,-1590,1575158400000
2025,7,51,1167,40385.94,36810.5,106.77000000000001,31.542844901456725,0.09149100257069409,2025,7,51,1692,-525,1751328000000
2024,9,188,1682,50378.23,46464.95,589.67,27.624821640903683,0.350576694411415,2024,9,188,3458,-1776,1725148800000
2023,7,107,58593,1285323.36,836088.67,163977.58000000002,14.269429283361495,2.7985865205741303,2023,7,107,55535,3058,1688169600000
2024,12,122,112,5067.55,4723.67,0.0,42.175625000000004,0.0,2024,12,122,302,-190,1733011200000
2023,7,81,76,3027.13,2817.43,1.1,37.07144736842105,0.014473684210526317,2023,7,81,295,-219,1688169600000
2017,6,112,6678,110279.34,89031.6,12223.15,13.332075471698115,1.830360886492962,2017,6,112,25869,-19191,1496275200000
2017,12,102,73,1739.51,1442.3,197.04,19.757534246575343,2.699178082191781,2017,12,102,1226,-1153,1512086400000
2018,9,48,255258,3755298.5,3019098.24,395234.92,11.827634158380933,1.5483742723048837,2018,9,48,222762,32496,1535760000000
2021,6,226,2772,65224.44,51024.15,6036.4,18.40698051948052,2.1776334776334774,2021,6,226,5755,-2983,1622505600000
2018,2,32,64,1204.35,1069.5,43.85,16.7109375,0.68515625,2018,2,32,596,-532,1517443200000
2022,11,156,5,570.94,491.6,32.32,98.32000000000001,6.464,2022,11,156,40,-35,1667260800000
2020,5,206,22,1537.37,1242.24,2.75,56.46545454545455,0.125,2020,5,206,75,-53,1588291200000
2023,8,238,47445,1037062.43,688141.83,132692.13,14.503990515333543,2.7967568763831805,2023,8,238,54083,-6638,1690848000000
2024,11,167,423,13097.65,11755.05,102.94,27.789716312056736,0.24335697399527187,2024,11,167,522,-99,1730419200000
2017,10,176,2,224.6,203.0,20.0,101.5,10.0,2017,10,176,63,-61,1506816000000
2018,9,142,233552,3212037.58,2550798.55,373871.98000000004,10.921758537713227,1.6008082996506132,2018,9,142,210437,23115,1535760000000
2023,8,217,105,2982.57,2563.53,149.57,24.41457142857143,1.4244761904761905,2023,8,217,1149,-1044,1690848000000
2022,6,174,104,3391.4,3008.19,87.35,28.924903846153846,0.8399038461538461,2022,6,174,420,-316,1654041600000
2025,9,81,628,22379.05,20560.1,10.84,32.7390127388535,0.017261146496815285,2025,9,81,916,-288,1756684800000
2023,4,242,177,5710.94,5078.6,130.64000000000001,28.69265536723164,0.7380790960451978,2023,4,242,490,-313,1680307200000
2023,11,174,156,5563.71,5052.92,62.95,32.39051282051282,0.40352564102564104,2023,11,174,391,-235,1698796800000
2019,7,76,1602,52347.49,47584.51,511.87,29.703189762796505,0.31951935081148564,2019,7,76,3365,-1763,1561939200000
2020,2,124,226,9762.08,8415.22,306.72,37.23548672566371,1.3571681415929204,2020,2,124,1074,-848,1580515200000
2020,6,134,109,3684.24,3086.2400000000002,271.38,28.314128440366975,2.489724770642202,2020,6,134,250,-141,1590969600000
2018,5,262,110931,1506835.45,1195137.67,174099.02,10.773703202891888,1.569435234515149,2018,5,262,118672,-7741,1525132800000
2022,12,197,443,21741.4,18635.79,1695.59,42.0672460496614,3.8275169300225733,2022,12,197,1311,-868,1669852800000
2018,2,22,100,3360.35,3146.0,90.53,31.46,0.9053,2018,2,22,1386,-1286,1517443200000
2016,11,19,53,1313.1,1154.05,97.53,21.774528301886793,1.840188679245283,2016,11,19,544,-491,1477958400000
2019,4,83,755,14386.16,12075.98,649.28,15.99467549668874,0.8599735099337747,2019,4,83,2924,-2169,1554076800000
2023,2,55,162,8795.07,7955.46,53.01,49.10777777777778,0.3272222222222222,2023,2,55,423,-261,1675209600000
2024,4,1,509,48703.75,41555.13,5593.63,81.64072691552062,10.989449901768173,2024,4,1,9565,-9056,1711929600000
2016,1,259,142,2211.96,1857.35,201.45,13.079929577464789,1.4186619718309859,2016,1,259,1462,-1320,1451606400000
2018,4,177,352,8727.72,7939.8,219.77,22.556250000000002,0.624346590909091,2018,4,177,1885,-1533,1522540800000
2018,4,82,2250,43541.61,36584.39,2990.67,16.259728888888887,1.3291866666666667,2018,4,82,7364,-5114,1522540800000
2016,3,2,31,971.09,767.0,98.35,24.741935483870968,3.17258064516129,2016,3,2,29,2,1456790400000
2017,3,215,634,41088.94,32509.04,4644.4,51.27608832807571,7.325552050473186,2017,3,215,919,-285,1488326400000
2018,12,8,86,3501.48,2722.0,416.39,31.651162790697676,4.841744186046512,2018,12,8,125,-39,1543622400000
2025,8,211,31023,711420.39,468414.83,72207.37,15.098953357186604,2.3275431131740967,2025,8,211,32408,-1385,1754006400000
2017,2,160,146,3541.01,2874.68,350.74,19.68958904109589,2.402328767123288,2017,2,160,2733,-2587,1485907200000
2018,1,79,240162,3240622.2199999997,2556224.39,390766.47000000003,10.643750426795247,1.6270953356484374,2018,1,79,202948,37214,1514764800000
2021,5,127,419,12964.39,10984.73,546.12,26.216539379474938,1.3033890214797137,2021,5,127,2132,-1713,1619827200000
2019,7,132,237736,13039853.8,10502328.71,1335727.4300000002,44.17643398559747,5.618532447757176,2019,7,132,61804,175932,1561939200000
2022,10,193,3383,20423.86,16542.54,1308.72,4.889902453443689,0.3868519065917824,2022,10,193,4592,-1209,1664582400000
2018,4,183,43,1370.65,1217.0,25.61,28.302325581395348,0.5955813953488373,2018,4,183,487,-444,1522540800000
2021,9,256,1750,45583.52,34747.52,5876.94,19.85572571428571,3.358251428571428,2021,9,256,6897,-5147,1630454400000
2022,10,23,129,8314.76,6793.29,52.16,52.661162790697674,0.4043410852713178,2022,10,23,214,-85,1664582400000
2018,3,133,458,8588.55,7278.9,636.07,15.892794759825327,1.3887991266375548,2018,3,133,2779,-2321,1519862400000
2021,1,6,2,135.34,121.0,0.0,60.5,0.0,2021,1,6,29,-27,1609459200000
2016,8,224,32488,465136.03,373655.67,52667.58,11.501344188623492,1.6211394976606748,2016,8,224,42788,-10300,1470009600000
2018,5,181,9109,145556.03,118160.65,15434.52,12.971857503567898,1.6944252936656055,2018,5,181,30456,-21347,1525132800000
2021,11,26,181,6041.69,5015.09,147.4,27.70767955801105,0.814364640883978,2021,11,26,1092,-911,1635724800000
2023,4,28,271,15014.06,12257.89,1314.48,45.232066420664204,4.850479704797048,2023,4,28,1231,-960,1680307200000
2023,6,88,9241,315497.79,229705.15,38014.590000000004,24.857174548209066,4.1136879125635755,2023,6,88,12203,-2962,1685577600000
2019,7,27,38,1622.67,1392.96,27.82,36.65684210526316,0.7321052631578947,2019,7,27,151,-113,1561939200000
2025,2,108,336,9983.96,9310.4,13.969999999999999,27.70952380952381,0.04157738095238095,2025,2,108,487,-151,1738368000000
2018,9,202,301,6609.88,5559.44,534.64,18.46990033222591,1.7762126245847176,2018,9,202,3669,-3368,1535760000000
2024,2,245,5,110.22,73.4,8.0,14.680000000000001,1.6,2024,2,245,28,-23,1706745600000
2025,5,134,1453,61227.53,52171.1,4771.43,35.905781142463866,3.283847212663455,2025,5,134,2167,-714,1746057600000
2025,7,230,125785,3312110.81,2197452.34,361451.62,17.46990769964622,2.8735669594943754,2025,7,230,126212,-427,1751328000000
2023,7,131,112,3911.35,3489.01,101.03999999999999,31.151875,0.902142857142857,2023,7,131,745,-633,1688169600000
2020,10,52,526,11405.79,8793.2,1479.61,16.717110266159697,2.8129467680608364,2020,10,52,954,-428,1601510400000
2021,9,10,874,52249.549999999996,41969.88,4238.04,48.02045766590389,4.849016018306636,2021,9,10,2110,-1236,1630454400000
2025,5,200,568,18167.35,14815.84,217.85,26.084225352112675,0.3835387323943662,2025,5,200,1730,-1162,1746057600000
2021,1,204,7,731.85,653.0,2.75,93.28571428571429,0.39285714285714285,2021,1,204,15,-8,1609459200000
2021,11,4,4167,89041.24,62350.31,11004.78,14.962877369810414,2.6409359251259903,2021,11,4,13772,-9605,1635724800000
2016,4,190,948,16595.3,13719.3,1742.58,14.471835443037975,1.8381645569620253,2016,4,190,2877,-1929,1459468800000
2018,5,57,29,914.9,818.0,40.71,28.20689655172414,1.4037931034482758,2018,5,57,517,-488,1525132800000
2019,8,172,5,264.8,214.73,1.1,42.946,0.22000000000000003,2019,8,172,110,-105,1564617600000
2021,5,18,263,9662.97,8258.45,81.8,31.400950570342207,0.31102661596958175,2021,5,18,793,-530,1619827200000
2024,8,183,56,2377.13,2172.94,10.0,38.8025,0.17857142857142858,2024,8,183,180,-124,1722470400000
2025,3,232,9623,238236.75,175728.2,11367.64,18.261269874259586,1.1812989712147979,2025,3,232,22281,-12658,1740787200000
2016,10,198,472,8250.48,6879.1,725.25,14.574364406779662,1.5365466101694916,2016,10,198,7287,-6815,1475280000000
2017,4,147,83,1646.93,1480.5,56.56,17.837349397590362,0.6814457831325301,2017,4,147,1169,-1086,1491004800000
2025,8,22,792,19625.06,17929.89,91.82,22.638749999999998,0.11593434343434343,2025,8,22,1585,-793,1754006400000
2016,4,188,2002,33732.72,28562.58,2818.34,14.267022977022977,1.4077622377622379,2016,4,188,10174,-8172,1459468800000
2023,10,248,129,4313.37,3876.3,4.37,30.048837209302327,0.03387596899224806,2023,10,248,294,-165,1696118400000
2024,2,2,3,56.5,19.8,30.0,6.6000000000000005,10.0,2024,2,2,6,-3,1706745600000
2025,1,67,225,6699.25,5667.75,116.24,25.19,0.5166222222222222,2025,1,67,537,-312,1735689600000
2025,6,211,36225,873967.16,592071.74,81774.96,16.344285438233264,2.257417805383023,2025,6,211,37842,-1617,1748736000000
2017,8,41,26147,340469.48,276737.6,30044.5,10.583914024553485,1.149061077752706,2017,8,41,49920,-23773,1501545600000
2016,8,2,5,333.68,263.5,49.56,52.7,9.912,2016,8,2,4,1,1470009600000
2019,5,63,313,10172.33,9248.87,117.84,29.549105431309908,0.3764856230031949,2019,5,63,1140,-827,1556668800000
2020,9,151,20288,299485.43,215223.27,32869.0,10.608402503943218,1.6201202681388012,2020,9,151,17577,2711,1598918400000
2022,4,94,49,1424.45,1273.43,56.519999999999996,25.988367346938777,1.1534693877551019,2022,4,94,233,-184,1648771200000
2016,3,69,590,8589.81,7350.21,439.38,12.457983050847458,0.7447118644067796,2016,3,69,5247,-4657,1456790400000
2025,5,193,3177,62996.47,52075.87,1179.48,16.391523449795404,0.3712559017941454,2025,5,193,3610,-433,1746057600000
2020,2,122,131,5329.3099999999995,4700.4,62.660000000000004,35.88091603053435,0.4783206106870229,2020,2,122,356,-225,1580515200000
2023,9,54,82,2847.84,2298.0,294.83,28.024390243902438,3.5954878048780485,2023,9,54,626,-544,1693526400000
2023,10,20,88,2721.5,2425.8,53.98,27.56590909090909,0.6134090909090909,2023,10,20,383,-295,1696118400000
2023,2,224,3881,91745.29,61407.55,11509.27,15.822610152022675,2.965542385982994,2023,2,224,12025,-8144,1675209600000
2018,11,94,151,3672.64,3287.04,99.63,21.768476821192053,0.6598013245033112,2018,11,94,624,-473,1541030400000
2023,4,156,7,231.34,179.5,29.19,25.642857142857142,4.17,2023,4,156,67,-60,1680307200000
2017,10,207,560,6641.55,5419.07,577.76,9.676910714285714,1.0317142857142858,2017,10,207,587,-27,1506816000000
2016,3,176,3,193.39999999999998,191.0,0.0,63.666666666666664,0.0,2016,3,176,64,-61,1456790400000
2017,1,100,192103,2596307.08,2082615.11,265037.8,10.841137879158577,1.3796650755063689,2017,1,100,146787,45316,1483228800000
2018,3,16,116,2725.87,2419.2,137.91,20.855172413793102,1.1888793103448276,2018,3,16,1333,-1217,1519862400000
2020,6,144,1559,29277.58,20758.59,3012.07,13.31532392559333,1.932052597819115,2020,6,144,2074,-515,1590969600000
2024,5,265,2183,193110.71,167938.08,17100.97,76.92994961062757,7.833701328447091,2024,5,265,15425,-13242,1714521600000
2016,2,45,26349,421400.9,348202.46,41886.47,13.21501612964439,1.589679684238491,2016,2,45,31081,-4732,1454284800000
2021,10,63,123,4772.34,4104.1,101.57000000000001,33.36666666666667,0.8257723577235773,2021,10,63,583,-460,1633046400000
2024,8,166,12434,295118.30000000005,220063.58,30996.530000000002,17.698534663020748,2.492884831912498,2024,8,166,18603,-6169,1722470400000
2021,10,96,12,450.40999999999997,378.46999999999997,6.79,31.539166666666663,0.5658333333333333,2021,10,96,93,-81,1633046400000
2017,1,236,363673,4330922.25,3429711.56,484727.44,9.430756641268392,1.3328661737329963,2017,1,236,372537,-8864,1483228800000
2024,10,263,69757,1473799.68,973263.7,172797.33,13.952201212781512,2.477132474160299,2024,10,263,76239,-6482,1727740800000
2018,3,7,16430,212369.87999999998,177030.99,15298.97,10.77486244674376,0.9311606816798539,2018,3,7,44420,-27990,1519862400000
2024,4,258,240,8451.51,7615.7699999999995,123.86,31.732374999999998,0.5160833333333333,2024,4,258,889,-649,1711929600000
2023,1,237,148074,2888515.19,1812363.51,376088.15,12.239579602090847,2.5398662155408784,2023,1,237,132363,15711,1672531200000
2020,11,85,361,11516.33,9896.03,862.88,27.412825484764547,2.390249307479224,2020,11,85,597,-236,1604188800000
2021,4,118,33,2218.32,1904.89,71.6,57.723939393939396,2.1696969696969695,2021,4,118,63,-30,1617235200000
2022,11,262,43966,797685.42,525832.34,106102.39,11.959976800254742,2.4132827639539642,2022,11,262,52255,-8289,1667260800000
2018,4,244,9892,172182.09,144608.73,14466.36,14.618755560048525,1.462430246663971,2018,4,244,32069,-22177,1522540800000
2022,3,72,167,5691.07,5298.09,70.97999999999999,31.725089820359283,0.4250299401197604,2022,3,72,748,-581,1646092800000
2023,1,262,43760,956140.51,626697.02,122954.74,14.321229890310786,2.809751828153565,2023,1,262,51502,-7742,1672531200000
2025,1,201,134,6269.27,5633.66,85.32,42.04223880597015,0.6367164179104478,2025,1,201,348,-214,1735689600000
2024,8,51,503,22711.57,20865.48,96.96,41.482067594433396,0.19276341948310138,2024,8,51,759,-256,1722470400000
2016,12,68,250085,3714977.18,2970038.67,412114.08,11.876116800287901,1.6478960353479817,2016,12,68,231159,18926,1480550400000
2018,6,66,5472,105178.06,86331.43,12112.27,15.776942616959063,2.213499634502924,2018,6,66,14123,-8651,1527811200000
2018,8,180,137,4255.13,3748.55,205.62,27.36167883211679,1.5008759124087592,2018,8,180,744,-607,1533081600000
2024,4,111,3,71.87,66.37,0.0,22.123333333333335,0.0,2024,4,111,38,-35,1711929600000
2018,11,206,36,1382.24,1147.5,52.28,31.875,1.4522222222222223,2018,11,206,183,-147,1541030400000
2019,10,206,12,402.44,272.27,67.46,22.689166666666665,5.621666666666666,2019,10,206,135,-123,1569888000000
2021,3,66,397,10818.37,8701.45,1020.81,21.91801007556675,2.5713098236775815,2021,3,66,1920,-1523,1614556800000
2021,7,264,19401,502089.37,371773.28,60452.8,19.162583371991136,3.115963094685841,2021,7,264,17885,1516,1625097600000
2019,9,224,12134,213152.47999999998,145624.07,23251.45,12.001324377781442,1.9162230097247404,2019,9,224,25339,-13205,1567296000000
2022,3,161,152357,2699828.03,1741159.84,360933.16,11.42815781355632,2.3689962390963326,2022,3,161,134942,17415,1646092800000
2024,1,165,256,8123.15,7491.3,91.46,29.262890625,0.357265625,2024,1,165,910,-654,1704067200000
2024,3,209,7205,208768.35,153377.04,21575.37,21.287583622484387,2.9944996530187367,2024,3,209,10537,-3332,1709251200000
2017,2,170,292069,4071996.4,3192458.55,485523.71,10.930494335242699,1.6623596136529382,2017,2,170,289732,2337,1485907200000
2017,12,83,1238,19097.34,16202.26,1090.25,13.087447495961229,0.880654281098546,2017,12,83,3957,-2719,1512086400000
2019,7,32,233,7955.79,6904.7300000000005,25.86,29.63403433476395,0.11098712446351931,2019,7,32,780,-547,1561939200000
2018,5,36,934,17869.25,14885.2,1659.42,15.937044967880086,1.7766809421841543,2018,5,36,6840,-5906,1525132800000
2021,3,113,26932,427974.72000000003,275508.59,55014.57,10.22978575672063,2.0427212980840634,2021,3,113,23888,3044,1614556800000
2022,6,93,485,31831.67,24349.1,4014.17,50.20432989690721,8.276639175257731,2022,6,93,971,-486,1654041600000
2022,4,12,1611,38202.56,28380.47,4115.39,17.616679081315954,2.55455617628802,2022,4,12,2351,-740,1648771200000
2021,9,130,521,23716.64,19709.54,1362.29,37.83021113243762,2.6147600767754318,2021,9,130,1869,-1348,1630454400000
2019,2,201,47,3006.22,2677.23,114.76,56.96234042553191,2.4417021276595747,2019,2,201,388,-341,1548979200000
2018,1,174,120,2128.12,1872.0,90.11,15.6,0.7509166666666667,2018,1,174,1100,-980,1514764800000
2021,6,254,348,14461.25,12378.62,96.76,35.570747126436785,0.27804597701149425,2021,6,254,770,-422,1622505600000
2023,6,95,561,20285.43,16921.33,1612.7,30.16279857397505,2.8746880570409985,2023,6,95,4359,-3798,1685577600000
2017,6,162,331577,4975409.65,3902833.55,598574.57,11.770519517336847,1.805235495827515,2017,6,162,296905,34672,1496275200000
2020,7,238,23445,364567.94,248558.13,39708.06,10.601754318618042,1.6936685860524632,2020,7,238,21127,2318,1593561600000
2023,3,261,16170,520025.62,372083.16,64288.38,23.010708719851575,3.97578107606679,2023,3,261,14893,1277,1677628800000
2023,4,248,70,2623.85,2333.75,24.9,33.339285714285715,0.3557142857142857,2023,4,248,333,-263,1680307200000
2024,8,260,1016,35320.29,29395.09,2684.6,28.932175196850395,2.642322834645669,2024,8,260,2410,-1394,1722470400000
2016,9,256,15183,251185.02,204822.93,26915.15,13.490280576961075,1.7727161957452415,2016,9,256,34239,-19056,1472688000000
2021,7,120,29,1130.99,944.82,76.02,32.58,2.6213793103448273,2021,7,120,185,-156,1625097600000
2021,10,84,3,324.8,286.9,0.0,95.63333333333333,0.0,2021,10,84,26,-23,1633046400000
2018,9,53,112,4600.4,4057.47,276.52,36.22741071428571,2.468928571428571,2018,9,53,889,-777,1535760000000
2022,10,154,47,1315.23,1024.84,167.59,21.80510638297872,3.565744680851064,2022,10,154,178,-131,1664582400000
2025,6,119,990,31974.59,27391.86,838.78,27.668545454545455,0.8472525252525253,2025,6,119,1750,-760,1748736000000
2016,4,251,5,331.78999999999996,288.01,30.2,57.602,6.04,2016,4,251,170,-165,1459468800000
2016,7,131,80,1801.49,1556.29,134.83,19.453625,1.685375,2016,7,131,1480,-1400,1467331200000
2025,3,91,2323,61193.54,56397.36,135.42,24.27781317262161,0.05829530779164872,2025,3,91,2655,-332,1740787200000
2019,3,128,68,1908.02,1653.67,64.5,24.318676470588237,0.9485294117647058,2019,3,128,496,-428,1551398400000
2023,9,42,2673,66537.83,54897.1,3872.32,20.537635615413393,1.4486793864571643,2023,9,42,10333,-7660,1693526400000
2025,4,127,1120,31930.55,27938.28,350.33,24.944892857142857,0.31279464285714287,2025,4,127,4642,-3522,1743465600000
2020,6,157,150,4989.92,4218.84,158.93,28.125600000000002,1.0595333333333334,2020,6,157,388,-238,1590969600000
2018,5,40,5167,91010.76,72355.82,11112.74,14.003448809754211,2.1507141474743565,2018,5,40,10673,-5506,1525132800000
2020,1,105,2,54.64,37.0,10.04,18.5,5.02,2020,1,105,3,-1,1577836800000
2021,12,59,7,272.62,227.84,12.33,32.54857142857143,1.7614285714285713,2021,12,59,19,-12,1638316800000
2021,1,222,428,13965.02,11952.07,645.04,27.92539719626168,1.5071028037383176,2021,1,222,530,-102,1609459200000
2023,7,252,26,1302.96,1134.24,61.12,43.62461538461538,2.3507692307692305,2023,7,252,677,-651,1688169600000
2016,5,92,617,13554.27,11726.44,799.49,19.00557536466775,1.2957698541329012,2016,5,92,5210,-4593,1462060800000
2023,8,19,83,2968.75,2670.87,89.32000000000001,32.17915662650602,1.076144578313253,2023,8,19,489,-406,1690848000000
2025,2,48,85686,1861038.92,1182639.3099999998,206800.46,13.80201328104941,2.4134684779310507,2025,2,48,85317,369,1738368000000
2025,8,141,70450,1393333.03,879872.64,155872.47,12.489320652945352,2.212526188786373,2025,8,141,77262,-6812,1754006400000
2022,6,205,227,8567.539999999999,7797.56,277.63,34.3504845814978,1.2230396475770924,2022,6,205,940,-713,1654041600000
2018,10,120,51,2373.92,1933.5,231.61,37.911764705882355,4.541372549019608,2018,10,120,312,-261,1538352000000
2021,6,133,163,5626.03,4665.06,268.45,28.62,1.6469325153374232,2021,6,133,785,-622,1622505600000
2022,1,206,3,149.95999999999998,138.15,2.86,46.050000000000004,0.9533333333333333,2022,1,206,58,-55,1640995200000
2016,8,12,6148,128812.87,111392.24,9873.95,18.118451528952505,1.6060426154847105,2016,8,12,9746,-3598,1470009600000
2020,2,40,2648,49822.91,36596.79,6415.72,13.82054003021148,2.42285498489426,2020,2,40,6419,-3771,1580515200000
2017,10,189,2363,37892.88,30673.75,4244.9,12.980850613626746,1.7964028776978416,2017,10,189,10457,-8094,1506816000000
2021,7,6,11,528.15,431.68,26.63,39.24363636363636,2.420909090909091,2021,7,6,65,-54,1625097600000
2022,9,191,172,7285.61,6608.56,69.45,38.42186046511628,0.4037790697674419,2022,9,191,737,-565,1661990400000
2016,4,181,18218,309978.96,250642.29,36102.76,13.757947634207927,1.9817082006806457,2016,4,181,46549,-28331,1459468800000
2025,9,95,2881,88704.71,74289.81,2640.49,25.786119402985072,0.9165185699409927,2025,9,95,7502,-4621,1756684800000
2020,4,133,46,1131.73,956.48,98.02,20.79304347826087,2.1308695652173912,2020,4,133,101,-55,1585699200000
2025,3,190,336,8611.26,7339.68,187.97,21.844285714285714,0.5594345238095239,2025,3,190,540,-204,1740787200000
2025,10,52,1642,38159.95,28339.82,1954.1200000000001,17.259330085261876,1.1900852618757614,2025,10,52,3212,-1570,1759276800000
2018,5,156,17,1791.59,1552.5,103.47999999999999,91.32352941176471,6.087058823529411,2018,5,156,96,-79,1525132800000
2020,6,4,690,16872.0,12874.25,1468.02,18.658333333333335,2.127565217391304,2020,6,4,3003,-2313,1590969600000
2016,12,89,1108,21902.34,18306.19,1979.1,16.521832129963897,1.786191335740072,2016,12,89,9590,-8482,1480550400000
2024,7,165,406,11939.45,11300.77,119.63,27.834408866995076,0.2946551724137931,2024,7,165,984,-578,1719792000000
2017,3,132,236720,13307409.48,10936292.47,1407275.23,46.199275388644814,5.944893671848598,2017,3,132,88412,148308,1488326400000
2025,10,37,6200,143408.94,115249.43,1715.64,18.588617741935483,0.27671612903225806,2025,10,37,9733,-3533,1759276800000
2019,1,114,94724,1294810.38,1014932.9,161475.55000000002,10.714633039145307,1.7046952197964615,2019,1,114,73668,21056,1546300800000
2016,2,221,207,3157.0,2622.38,300.36,12.668502415458939,1.4510144927536233,2016,2,221,394,-187,1454284800000
2024,7,122,101,3988.13,3747.39,16.76,37.102871287128714,0.16594059405940595,2024,7,122,346,-245,1719792000000
2023,3,131,178,6004.2699999999995,5374.9,42.17,30.196067415730337,0.23691011235955056,2023,3,131,730,-552,1677628800000
2021,6,98,83,3073.21,2634.4,14.34,31.73975903614458,0.1727710843373494,2021,6,98,488,-405,1622505600000
2023,3,54,51,1802.23,1386.21,244.87,27.180588235294117,4.801372549019608,2023,3,54,721,-670,1677628800000
2019,10,136,349,10882.0,9605.19,110.52,27.522034383954157,0.31667621776504296,2019,10,136,1112,-763,1569888000000
2022,1,227,41,1297.6,1179.72,57.730000000000004,28.773658536585366,1.408048780487805,2022,1,227,397,-356,1640995200000
2020,8,144,5128,92121.54000000001,63850.91,9859.36,12.451425507020282,1.9226521060842434,2020,8,144,5906,-778,1596240000000
2024,6,46,38,1710.83,1590.05,0.0,41.84342105263158,0.0,2024,6,46,109,-71,1717200000000
2017,12,9,42,992.53,807.81,112.10000000000001,19.233571428571427,2.6690476190476193,2017,12,9,470,-428,1512086400000
2021,4,70,4939,198685.24,148007.97,22193.52,29.967193763919823,4.493525005061754,2021,4,70,1133,3806,1617235200000
2018,4,44,1,96.3,2.5,93.0,2.5,93.0,2018,4,44,39,-38,1522540800000
2025,6,128,167,4141.57,3321.35,26.53,19.888323353293412,0.1588622754491018,2025,6,128,651,-484,1748736000000
2017,4,145,12653,223816.37,182073.55,19583.7,14.3897534181617,1.5477515213783293,2017,4,145,32914,-20261,1491004800000
2024,8,43,44925,1017559.86,687010.63,123517.45000000001,15.29239020589872,2.7494145798553147,2024,8,43,30627,14298,1722470400000
2021,2,262,24167,374043.7,242457.6,46625.12,10.032589895311789,1.9292886994662144,2021,2,262,25449,-1282,1612137600000
2019,7,1,702,72340.37,60941.1,8259.51,86.81068376068376,11.76568376068376,2019,7,1,13353,-12651,1561939200000
2024,12,130,1424,54720.77,46613.14,3087.6800000000003,32.733946629213484,2.168314606741573,2024,12,130,2228,-804,1733011200000
2024,2,111,5,139.37,124.93,0.0,24.986,0.0,2024,2,111,19,-14,1706745600000
2016,4,58,5,80.0,74.0,0.0,14.8,0.0,2016,4,58,262,-257,1459468800000
2024,4,92,309,11072.97,9699.37,279.01,31.389546925566346,0.9029449838187702,2024,4,92,2169,-1860,1711929600000
2016,5,208,84,2696.26,2264.9,244.89,26.96309523809524,2.9153571428571428,2016,5,208,1624,-1540,1462060800000
2024,7,102,170,5458.71,4972.46,138.58,29.249764705882352,0.8151764705882354,2024,7,102,658,-488,1719792000000
2019,1,229,148965,1879959.8,1476743.99,224042.18000000002,9.91336213204444,1.5039920786761993,2019,1,229,146657,2308,1546300800000
2017,6,83,1318,19668.75,16716.54,1113.38,12.683262518968133,0.8447496206373294,2017,6,83,4339,-3021,1496275200000
2018,2,233,108975,1591222.31,1243514.78,190710.63,11.411009681119523,1.7500401927047489,2018,2,233,123077,-14102,1517443200000
2019,9,163,163775,3085623.01,2086462.16,359474.38,12.739808639902304,2.1949282857578996,2019,9,163,149197,14578,1567296000000
2019,7,194,517,28611.350000000002,21103.89,3335.62,40.81990328820116,6.4518762088974855,2019,7,194,919,-402,1561939200000
2020,9,30,1,42.83,36.99,2.75,36.99,2.75,2020,9,30,11,-10,1598918400000
2020,11,237,82172,1180037.26,741005.22,147590.2,9.017733777929221,1.796113031202843,2020,11,237,71481,10691,1604188800000
2021,3,85,370,12416.9,10483.65,95.98,28.33418918918919,0.2594054054054054,2021,3,85,714,-344,1614556800000
2021,7,1,257,23498.56,19386.43,2938.1,75.43357976653697,11.432295719844358,2021,7,1,5519,-5262,1625097600000
2021,12,9,67,2285.17,1995.61,15.36,29.785223880597012,0.22925373134328358,2021,12,9,356,-289,1638316800000
2022,1,124,57,3306.89,2852.64,255.6,50.04631578947368,4.484210526315789,2022,1,124,460,-403,1640995200000
2018,2,8,64,2770.13,2120.0,330.57,33.125,5.16515625,2018,2,8,112,-48,1517443200000
2022,1,233,30239,498806.58,320675.21,62610.16,10.604689639207647,2.0705102681966996,2022,1,233,37599,-7360,1640995200000
2017,5,40,6277,113072.95,90163.16,13515.73,14.364052891508683,2.1532149115819657,2017,5,40,11970,-5693,1493596800000
2023,3,197,374,16547.829999999998,14456.630000000001,653.5,38.65409090909091,1.7473262032085561,2023,3,197,1379,-1005,1677628800000
2024,9,6,65,2024.02,936.83,47.29,14.412769230769232,0.7275384615384616,2024,9,6,109,-44,1725148800000
2018,1,8,71,2986.61,2329.5,329.67,32.809859154929576,4.6432394366197185,2018,1,8,130,-59,1514764800000
2017,7,262,89606,1226355.68,977396.42,139214.45,10.90771176037319,1.553628663259157,2017,7,262,93819,-4213,1498867200000
2025,5,147,789,19760.03,17294.24,66.72,21.91918884664132,0.08456273764258555,2025,5,147,834,-45,1746057600000
2025,9,212,734,21926.59,19304.02,72.71000000000001,26.299754768392372,0.0990599455040872,2025,9,212,893,-159,1756684800000
2021,12,114,35969,647797.97,427485.1,86278.75,11.884820261892184,2.3986974895048516,2021,12,114,28733,7236,1638316800000
2021,4,216,627,27148.1,23355.32,561.49,37.24931419457735,0.895518341307815,2021,4,216,1713,-1086,1617235200000
2019,5,85,403,13542.8,12288.34,81.75,30.492158808933002,0.20285359801488834,2019,5,85,1328,-925,1556668800000
2022,4,133,93,2844.81,2368.04,232.17,25.46279569892473,2.4964516129032255,2022,4,133,1022,-929,1648771200000
2020,4,112,51,1076.82,851.5600000000001,96.27000000000001,16.697254901960786,1.8876470588235297,2020,4,112,325,-274,1585699200000
2016,7,157,559,17854.83,14567.41,1636.82,26.059767441860465,2.928121645796064,2016,7,157,4134,-3575,1467331200000
2022,4,167,122,3298.79,2840.52,107.07,23.28295081967213,0.8776229508196721,2022,4,167,506,-384,1648771200000
2022,6,87,23410,595854.04,424873.52,78235.3,18.149231952157198,3.3419607005553185,2022,6,87,27606,-4196,1654041600000
2016,7,139,23,821.26,685.0,90.78999999999999,29.782608695652176,3.9473913043478257,2016,7,139,872,-849,1467331200000
2019,1,42,13239,197526.13,169299.88,9502.98,12.787965858448525,0.7178019487876728,2019,1,42,33250,-20011,1546300800000
2022,1,241,111,4094.62,3735.67,66.8,33.65468468468468,0.6018018018018018,2022,1,241,501,-390,1640995200000
2022,5,227,45,1599.26,1386.68,135.18,30.81511111111111,3.004,2022,5,227,673,-628,1651363200000
2024,1,105,1,18.48,11.4,3.08,11.4,3.08,2024,1,105,1,0,1704067200000
2023,6,93,367,26263.36,20290.92,3378.79,55.28861035422343,9.20651226158038,2023,6,93,973,-606,1685577600000
2017,10,120,40,1006.38,859.5,64.39,21.4875,1.60975,2017,10,120,314,-274,1506816000000
2024,10,200,173,6871.5199999999995,6158.87,75.67,35.60040462427746,0.43739884393063583,2024,10,200,1140,-967,1727740800000
2020,12,95,609,18131.31,15034.05,1612.25,24.68645320197044,2.6473727422003286,2020,12,95,1880,-1271,1606780800000
2021,8,20,164,6599.26,5516.68,202.59,33.63829268292683,1.2353048780487805,2021,8,20,509,-345,1627776000000
2024,3,229,65119,1393604.4,916936.58,169417.18,14.08093766796173,2.601655123696617,2024,3,229,74939,-9820,1709251200000
2023,6,86,164,9041.38,8241.86,124.22,50.25524390243903,0.7574390243902439,2023,6,86,667,-503,1685577600000
2016,6,222,38,1027.48,818.8,111.37,21.54736842105263,2.930789473684211,2016,6,222,375,-337,1464739200000
2022,4,132,161343,9828195.61,7529789.83,1148918.48,46.6694547020943,7.120968867567853,2022,4,132,45881,115462,1648771200000
2018,2,137,109188,1422138.5,1122924.94,163137.49000000002,10.284325566912115,1.4940972451185113,2018,2,137,123961,-14773,1517443200000
2016,1,79,361127,5164390.3,4110128.32,604882.28,11.38139302793754,1.6749849222018847,2016,1,79,297018,64109,1451606400000
2016,8,42,14870,196723.02,163416.01,14238.27,10.989644250168125,0.9575164761264291,2016,8,42,42947,-28077,1470009600000
2019,5,121,283,10179.53,8878.12,80.21000000000001,31.371448763250886,0.2834275618374559,2019,5,121,1364,-1081,1556668800000
2019,4,80,2696,55814.58,44434.0,5238.05,16.48145400593472,1.942896884272997,2019,4,80,11372,-8676,1554076800000
2022,5,140,69968,1277235.19,852778.14,163183.8,12.188116567573749,2.3322633203750285,2022,5,140,71612,-1644,1651363200000
2021,10,77,141,5861.4,5089.43,54.8,36.09524822695035,0.38865248226950355,2021,10,77,463,-322,1633046400000
2023,10,239,98155,2209966.6399999997,1445304.8900000001,292296.34,14.724719983699252,2.9779057612959097,2023,10,239,99738,-1583,1696118400000
2024,8,92,454,17809.05,15807.27,424.42,34.81777533039648,0.9348458149779736,2024,8,92,2800,-2346,1722470400000
2018,10,128,69,2107.65,1817.3,139.44,26.33768115942029,2.0208695652173914,2018,10,128,519,-450,1538352000000
2019,10,90,123957,2079581.16,1363835.49,248698.36,11.002488685592585,2.006327678146454,2019,10,90,102118,21839,1569888000000
2024,3,154,64,2338.5099999999998,1640.86,311.69,25.6384375,4.87015625,2024,3,154,295,-231,1709251200000
2024,6,55,536,24805.739999999998,23323.43,204.06,43.51386194029851,0.3807089552238806,2024,6,55,989,-453,1717200000000
2022,2,185,68,2360.61,2080.94,38.87,30.60205882352941,0.5716176470588235,2022,2,185,341,-273,1643673600000
2025,1,42,5983,128153.72,107721.96,2781.07,18.004673240849073,0.4648286812635802,2025,1,42,14868,-8885,1735689600000
2025,4,107,73447,1622782.22,1032390.96,184447.46,14.056271324900948,2.5113001211758137,2025,4,107,72992,455,1743465600000
2020,12,89,936,30519.51,26100.329999999998,2506.8,27.884967948717946,2.6782051282051285,2020,12,89,1848,-912,1606780800000
2024,8,225,1142,34089.99,31488.81,593.65,27.573388791593697,0.5198336252189142,2024,8,225,3250,-2108,1722470400000
2016,12,142,313793,4298661.8100000005,3433842.29,472888.77,10.943017498796978,1.5070086649479115,2016,12,142,271196,42597,1480550400000
2018,8,11,111,3967.19,3368.66,270.86,30.348288288288288,2.4401801801801803,2018,8,11,639,-528,1533081600000
2025,7,74,16713,381206.35,306734.38,10905.78,18.35304134506073,0.6525327589301742,2025,7,74,30084,-13371,1751328000000
2024,5,184,21,921.8299999999999,825.0600000000001,0.0,39.28857142857143,0.0,2024,5,184,41,-20,1714521600000
2024,6,237,159529,3218237.46,2063821.88,406262.07,12.936969955305932,2.546634593083389,2024,6,237,143015,16514,1717200000000
2017,6,26,257,4507.76,3682.11,314.06,14.32727626459144,1.222023346303502,2017,6,26,2143,-1886,1496275200000
2021,6,173,105,3142.91,2645.16,83.59,25.192,0.7960952380952381,2021,6,173,690,-585,1622505600000
2021,1,250,335,12770.61,10675.39,513.36,31.86683582089552,1.5324179104477613,2021,1,250,573,-238,1609459200000
2022,6,115,7,377.16,334.90999999999997,24.549999999999997,47.84428571428571,3.5071428571428567,2022,6,115,52,-45,1654041600000
2025,10,77,1202,34717.01,31835.4,52.66,26.485357737104827,0.043810316139767054,2025,10,77,1497,-295,1759276800000
2020,2,215,1103,66919.27,52294.71,6446.04,47.41134179510426,5.844097914777879,2020,2,215,2356,-1253,1580515200000
2022,5,13,22402,572885.6,406519.87,77563.83,18.146588251049014,3.4623618426926166,2022,5,13,28143,-5741,1651363200000
2020,1,83,584,12779.59,10739.19,621.67,18.38902397260274,1.0645034246575342,2020,1,83,2458,-1874,1577836800000
2020,7,115,20,1238.95,982.09,50.8,49.1045,2.54,2020,7,115,53,-33,1593561600000
2023,12,44,1,15.0,13.5,0.0,13.5,0.0,2023,12,44,15,-14,1701388800000
2016,4,114,179536,2630718.99,2102674.21,302352.14,11.711713583905178,1.6840752829516086,2016,4,114,142390,37146,1459468800000
2019,10,190,263,5692.19,4745.99,454.33,18.045589353612165,1.7274904942965779,2019,10,190,1185,-922,1569888000000
2021,9,220,207,7710.3099999999995,6537.54,190.77,31.58231884057971,0.9215942028985508,2021,9,220,1320,-1113,1630454400000
2021,10,47,137,5114.35,4355.67,42.63,31.79321167883212,0.3111678832116789,2021,10,47,444,-307,1633046400000
2017,5,250,110,2456.63,2153.02,106.33,19.57290909090909,0.9666363636363636,2017,5,250,820,-710,1493596800000
2018,1,89,690,13546.37,11579.59,1009.74,16.782014492753625,1.4633913043478262,2018,1,89,6662,-5972,1514764800000
2016,4,171,65,1901.28,1635.63,174.03,25.16353846153846,2.6773846153846153,2016,4,171,1601,-1536,1459468800000
2021,12,67,70,3317.74,2738.3,153.94,39.11857142857143,2.1991428571428573,2021,12,67,609,-539,1638316800000
2018,9,228,842,21715.93,18752.89,1142.41,22.271840855106888,1.3567814726840857,2018,9,228,4996,-4154,1535760000000
2021,3,78,475,15247.81,12679.48,245.61,26.69364210526316,0.5170736842105264,2021,3,78,858,-383,1614556800000
2023,4,73,21,809.1,685.19,42.61,32.62809523809524,2.029047619047619,2023,4,73,238,-217,1680307200000
2018,12,91,943,31311.74,28256.170000000002,416.33,29.964125132555676,0.4414952279957582,2018,12,91,2152,-1209,1543622400000
2024,4,234,92762,2084289.95,1371635.61,256777.92,14.786611004506156,2.7681369526314654,2024,4,234,82282,10480,1711929600000
2017,2,152,9706,137280.88,114125.3,11242.35,11.758221718524624,1.1582886874098497,2017,2,152,16769,-7063,1485907200000
2018,8,6,33,1074.79,476.0,5.42,14.424242424242424,0.16424242424242425,2018,8,6,164,-131,1533081600000
2022,1,225,267,8000.86,7045.76,433.2,26.38861423220974,1.6224719101123595,2022,1,225,2223,-1956,1640995200000
2020,8,53,147,6668.06,6041.32,207.76,41.097414965986395,1.4133333333333333,2020,8,53,210,-63,1596240000000
2024,12,157,878,36012.2,29279.51,3072.28,33.347961275626425,3.4991799544419138,2024,12,157,1513,-635,1733011200000
2025,4,93,1115,56815.12,46088.73,4693.76,41.33518385650225,4.209650224215247,2025,4,93,2906,-1791,1743465600000
2025,4,18,801,22264.75,20238.99,25.08,25.267153558052435,0.031310861423220974,2025,4,18,1151,-350,1743465600000
2016,10,106,2422,41376.13,33119.11,4753.35,13.674281585466558,1.9625722543352602,2016,10,106,6562,-4140,1475280000000
2017,8,108,45,3592.07,3367.0,114.70000000000002,74.82222222222222,2.5488888888888894,2017,8,108,487,-442,1501545600000
2018,6,171,103,3129.05,2668.5,204.92000000000002,25.90776699029126,1.9895145631067963,2018,6,171,1266,-1163,1527811200000
2016,3,91,214,7858.81,6703.3,891.49,31.323831775700935,4.165841121495327,2016,3,91,2064,-1850,1456790400000
2017,4,127,1138,21047.01,17596.06,1749.62,15.462267135325133,1.537451669595782,2017,4,127,7950,-6812,1491004800000
2018,12,261,49975,1020149.95,846598.01,104489.46,16.940430415207604,2.0908346173086545,2018,12,261,40230,9745,1543622400000
2022,6,233,49101,947208.1599999999,623582.21,122270.47,12.699990020569846,2.490182888332213,2022,6,233,54523,-5422,1654041600000
2025,7,70,11570,666715.63,440260.65,86842.65,38.051914433880725,7.505847018150388,2025,7,70,2975,8595,1751328000000
2023,8,252,57,2360.31,2145.45,39.27,37.63947368421052,0.6889473684210526,2023,8,252,713,-656,1690848000000
2018,6,185,112,3099.25,2690.3,135.35,24.020535714285717,1.2084821428571428,2018,6,185,1045,-933,1527811200000
2016,1,41,31578,418272.02,339310.34,39283.33,10.74514978782697,1.2440094369497752,2016,1,41,65329,-33751,1451606400000
2016,12,129,6892,101099.49,85098.36,5941.03,12.347411491584445,0.8620182820661636,2016,12,129,19547,-12655,1480550400000
2022,2,124,56,2233.52,1898.98,164.24,33.910357142857144,2.932857142857143,2022,2,124,486,-430,1643673600000
2025,9,251,22,1049.64,872.78,79.2,39.67181818181818,3.6,2025,9,251,72,-50,1756684800000
2024,2,205,321,12861.7,11953.18,14.5,37.23732087227415,0.045171339563862926,2024,2,205,974,-653,1706745600000
2024,1,113,40530,876063.36,568730.07,115815.53,14.032323464100665,2.85752603010116,2024,1,113,38552,1978,1704067200000
2023,2,151,24094,516222.91,357107.98,65991.59,14.821448493400846,2.7389221382916906,2023,2,151,27117,-3023,1675209600000
2022,7,82,422,14212.89,11250.07,1353.47,26.6589336492891,3.2072748815165877,2022,7,82,2190,-1768,1656633600000
2019,8,38,192,7796.63,6921.09,182.56,36.04734375,0.9508333333333333,2019,8,38,909,-717,1564617600000
2023,11,246,58010,1462223.75,987400.08,188308.77,17.021204619893123,3.246143251163592,2023,11,246,65037,-7027,1698796800000
2023,7,210,85,4206.41,3780.02,20.79,44.47082352941177,0.24458823529411763,2023,7,210,535,-450,1688169600000
2022,8,85,98,2786.72,2418.77,163.2,24.681326530612246,1.6653061224489796,2022,8,85,719,-621,1659312000000
2022,9,145,3396,79712.65,60841.55,9287.43,17.915650765606596,2.734814487632509,2022,9,145,10107,-6711,1661990400000
2020,9,6,7,134.3,109.96000000000001,6.5,15.70857142857143,0.9285714285714286,2020,9,6,19,-12,1598918400000
2025,9,131,700,21802.89,19330.86,251.14,27.615514285714287,0.3587714285714286,2025,9,131,1403,-703,1756684800000
2016,3,113,215808,2909156.81,2298885.82,341836.62,10.652458759638197,1.583984931049822,2016,3,113,181121,34687,1456790400000
2019,12,89,1227,36275.31,30904.48,871.34,25.187025264873675,0.7101385493072535,2019,12,89,6020,-4793,1575158400000
2023,2,208,56,1983.21,1732.9,62.96,30.94464285714286,1.1242857142857143,2023,2,208,358,-302,1675209600000
2023,9,234,76659,1802269.74,1189192.48,232136.69,15.512757536623226,3.028172686833901,2023,9,234,67376,9283,1693526400000
2024,1,51,408,18409.32,16753.66,65.58,41.062892156862745,0.16073529411764706,2024,1,51,565,-157,1704067200000
2024,8,150,136,5291.47,4963.93,55.54,36.49948529411765,0.4083823529411765,2024,8,150,370,-234,1722470400000
2020,1,251,9,822.34,593.65,0.0,65.96111111111111,0.0,2020,1,251,102,-93,1577836800000
2020,5,154,6,232.57,219.42000000000002,8.25,36.57,1.375,2020,5,154,18,-12,1588291200000
2021,11,143,45222,768761.35,504433.54,98640.33,11.154604838353013,2.1812465171819024,2021,11,143,55033,-9811,1635724800000
2024,11,91,1166,33754.77,31843.29,9.85,27.30985420240137,0.008447684391080618,2024,11,91,1454,-288,1730419200000
2025,6,100,59730,1447139.78,955157.39,153020.42,15.991250460405157,2.561868742675373,2025,6,100,53745,5985,1748736000000
2020,3,74,16536,221096.45,175097.83,13724.01,10.588886671504595,0.8299473875181422,2020,3,74,30078,-13542,1583020800000
2017,5,254,63,1200.95,985.3,116.78999999999999,15.63968253968254,1.8538095238095236,2017,5,254,873,-810,1493596800000
2017,3,52,6547,119283.75,96296.8,15446.83,14.708538261799298,2.3593752863907134,2017,3,52,9407,-2860,1488326400000
2020,1,191,472,21641.96,19495.25,175.52,41.30349576271186,0.37186440677966104,2020,1,191,1137,-665,1577836800000
2017,5,237,420878,5124131.03,4068031.39,561774.71,9.66558335194522,1.334768531498439,2017,5,237,366815,54063,1493596800000
2019,8,162,224412,3934243.8,2580010.75,476972.55,11.496759308771367,2.1254324635046253,2019,8,162,192602,31810,1564617600000
2021,3,222,502,18378.92,15777.49,111.98,31.42926294820717,0.22306772908366534,2021,3,222,659,-157,1614556800000
2020,4,178,5,156.0,143.5,5.5,28.7,1.1,2020,4,178,19,-14,1585699200000
2021,10,225,533,18752.35,15993.77,921.43,30.007073170731708,1.728761726078799,2021,10,225,3037,-2504,1633046400000
2022,12,56,263,13477.41,10842.49,1188.99,41.22619771863118,4.520874524714829,2022,12,56,1012,-749,1669852800000
2016,2,259,60,1337.16,1151.5,76.86,19.191666666666666,1.281,2016,2,259,1329,-1269,1454284800000
2024,11,238,71944,1543438.71,1037617.5399999999,189522.66999999998,14.422572278438784,2.634308211942622,2024,11,238,80271,-8327,1730419200000
2017,9,154,14,1424.4299999999998,1116.5,177.87,79.75,12.705,2017,9,154,59,-45,1504224000000
2023,5,162,121530,2989402.8,1968978.4799999997,389795.08,16.201583806467536,3.2073980087221265,2023,5,162,98223,23307,1682899200000
2024,6,144,38311,922015.13,643146.64,99666.23,16.787518989324216,2.6015042677037927,2024,6,144,35616,2695,1717200000000
2022,5,62,176,5634.09,4771.47,543.22,27.110625000000002,3.0864772727272727,2022,5,62,1593,-1417,1651363200000
2016,2,119,367,5061.54,4322.02,292.34,11.776621253405995,0.796566757493188,2016,2,119,2384,-2017,1454284800000
2023,2,117,124,7786.45,6867.9,21.200000000000003,55.38629032258064,0.1709677419354839,2023,2,117,292,-168,1675209600000
2023,12,34,95,2879.03,2421.93,190.78,25.494,2.0082105263157897,2023,12,34,347,-252,1701388800000
2023,6,146,1745,43611.42,33701.54,3940.79,19.313203438395416,2.258332378223496,2023,6,146,3421,-1676,1685577600000
2024,12,94,143,5110.66,4654.21,28.12,32.54692307692308,0.19664335664335664,2024,12,94,250,-107,1733011200000
2018,7,244,7437,135470.93,113764.31,11523.04,15.297070055129756,1.5494204652413608,2018,7,244,27142,-19705,1530403200000
2018,8,19,136,4538.25,4063.47,234.41,29.878455882352938,1.7236029411764706,2018,8,19,703,-567,1533081600000
2024,5,185,156,5742.24,5298.96,21.26,33.96769230769231,0.1362820512820513,2024,5,185,421,-265,1714521600000
2016,7,126,102,2302.35,2031.51,90.56,19.916764705882354,0.8878431372549019,2016,7,126,1327,-1225,1467331200000
2021,4,180,103,3615.1,3101.27,48.41,30.109417475728154,0.47,2021,4,180,307,-204,1617235200000
2018,4,78,186,4419.94,3823.3,196.68,20.55537634408602,1.0574193548387096,2018,4,78,998,-812,1522540800000
2017,12,6,25,1054.3700000000001,647.01,81.56,25.880399999999998,3.2624,2017,12,6,188,-163,1512086400000
2016,6,59,10,150.32,104.0,33.32,10.4,3.332,2016,6,59,70,-60,1464739200000
2018,6,145,10112,197149.33,156871.42,19602.52,15.513392009493673,1.938540348101266,2018,6,145,26599,-16487,1527811200000
2024,7,114,41223,920896.94,618347.1900000001,106668.17,15.000053125682266,2.5875887247410425,2024,7,114,30282,10941,1719792000000
2018,4,168,1901,32678.32,28489.04,1416.83,14.98634402945818,0.7453077327722251,2018,4,168,7230,-5329,1522540800000
2023,9,61,894,32491.25,28624.29,1781.49,32.01822147651007,1.992718120805369,2023,9,61,4675,-3781,1693526400000
2019,6,185,231,6727.54,6039.01,58.28,26.142900432900433,0.2522943722943723,2019,6,185,919,-688,1559347200000
2025,2,172,25,936.79,725.89,44.620000000000005,29.0356,1.7848000000000002,2025,2,172,44,-19,1738368000000
2023,4,43,55841,1266934.3499999999,843884.7,162582.62000000002,15.112277717089594,2.9115277305205858,2023,4,43,41379,14462,1680307200000
2019,6,242,454,11329.39,10137.16,78.42,22.32854625550661,0.17273127753303966,2019,6,242,1142,-688,1559347200000
2020,2,132,188491,9911486.979999999,7979102.42,1058900.52,42.33147694054358,5.617777612724215,2020,2,132,49483,139008,1580515200000
2021,1,16,182,8157.95,7264.61,299.39,39.91543956043956,1.645,2021,1,16,377,-195,1609459200000
2021,5,232,3581,82141.36,61207.42,7506.47,17.092270315554313,2.0961938006143535,2021,5,232,12657,-9076,1619827200000
2019,8,21,198,6480.23,5781.4800000000005,34.66,29.199393939393943,0.17505050505050504,2019,8,21,1029,-831,1564617600000
2023,10,165,136,4816.26,4392.06,96.57000000000001,32.294558823529414,0.7100735294117647,2023,10,165,832,-696,1696118400000
2017,3,39,177,5158.87,4255.12,461.36,24.040225988700563,2.6065536723163842,2017,3,39,1835,-1658,1488326400000
2025,5,71,2605,61390.66,55325.72,113.66,21.238280230326296,0.04363147792706334,2025,5,71,2988,-383,1746057600000
2023,3,185,100,2967.97,2664.85,82.12,26.6485,0.8212,2023,3,185,386,-286,1677628800000
2023,11,150,58,2513.26,2216.68,135.25,38.21862068965517,2.331896551724138,2023,11,150,212,-154,1698796800000
2025,7,80,6325,173408.55,144319.42,3214.96,22.817299604743084,0.508294071146245,2025,7,80,8018,-1693,1751328000000
2023,11,137,33779,758562.1,505828.63,89172.81,14.974647858136713,2.639888984280174,2023,11,137,39734,-5955,1698796800000
2020,3,209,5971,134058.35,97189.08,14902.72,16.276851448668566,2.495849941383353,2020,3,209,8161,-2190,1583020800000
2019,8,95,1152,31358.4,26544.34,1434.43,23.041961805555555,1.2451649305555557,2019,8,95,8199,-7047,1564617600000
2021,10,107,84640,1455047.1500000001,945313.81,189708.87,11.168641422495275,2.24136188563327,2021,10,107,70130,14510,1633046400000
2025,4,46,45,2023.21,1806.27,20.08,40.13933333333333,0.4462222222222222,2025,4,46,134,-89,1743465600000
2025,2,95,2286,59893.94,51344.68,875.42,22.460489938757654,0.38294838145231846,2025,2,95,4843,-2557,1738368000000
2019,1,227,347,11378.82,10266.9,61.940000000000005,29.587608069164265,0.17850144092219022,2019,1,227,1677,-1330,1546300800000
2022,12,143,39901,763610.08,504201.13,98302.03,12.636303100172928,2.463648279491742,2022,12,143,50486,-10585,1669852800000
2025,3,2,5,93.81,85.0,0.0,17.0,0.0,2025,3,2,6,-1,1740787200000
2018,10,39,802,30482.8,27811.93,666.77,34.67821695760598,0.8313840399002493,2018,10,39,2262,-1460,1538352000000
2023,8,33,1497,46779.37,36278.42,5432.73,24.234081496325985,3.629078156312625,2023,8,33,7183,-5686,1690848000000
2023,9,69,239,7161.14,6408.49,164.15,26.813765690376567,0.6868200836820084,2023,9,69,969,-730,1693526400000
2018,11,262,100098,1352010.34,1072139.1,159827.17,10.71089432356291,1.596706927211333,2018,11,262,110268,-10170,1541030400000
2021,5,146,1692,31915.7,24779.76,2782.57,14.645248226950354,1.6445449172576834,2021,5,146,2425,-733,1619827200000
2022,6,131,114,3520.4,3223.12,40.53,28.27298245614035,0.3555263157894737,2022,6,131,699,-585,1654041600000
2025,10,235,1230,38851.27,35271.43,641.49,28.675959349593498,0.5215365853658537,2025,10,235,1801,-571,1759276800000
2019,10,47,261,7365.25,6409.28,48.98,24.55662835249042,0.18766283524904212,2019,10,47,752,-491,1569888000000
2020,1,196,917,38187.2,30161.72,3467.31,32.891733914940026,3.781145038167939,2020,1,196,2962,-2045,1577836800000
2018,8,51,381,14113.77,12713.79,343.99,33.36952755905512,0.9028608923884515,2018,8,51,1444,-1063,1533081600000
2020,12,91,619,19360.29,16698.92,1600.45,26.97725363489499,2.585541195476575,2020,12,91,1061,-442,1606780800000
2020,5,28,127,4417.74,3773.58,208.16,29.71322834645669,1.6390551181102362,2020,5,28,370,-243,1588291200000
2020,7,173,139,4720.23,4110.5,207.74,29.571942446043167,1.4945323741007195,2020,7,173,422,-283,1593561600000
2016,3,170,397566,5639849.24,4417871.11,663372.41,11.112296096748716,1.6685843608356852,2016,3,170,393844,3722,1456790400000
2019,11,137,75775,1269805.79,843596.89,140507.29,11.132918376773342,1.8542697459584296,2019,11,137,87379,-11604,1572566400000
2019,3,88,30891,767423.63,555399.98,89109.0,17.979346087857305,2.8846265902690105,2019,3,88,29795,1096,1551398400000
2016,11,58,8,130.16,110.5,7.720000000000001,13.8125,0.9650000000000001,2016,11,58,224,-216,1477958400000
2017,11,250,97,2216.7000000000003,2015.26,74.84,20.775876288659795,0.7715463917525773,2017,11,250,651,-554,1509494400000
2019,10,50,64779,1165338.4600000002,790646.73,128011.64,12.20529384522762,1.9761286836783525,2019,10,50,85866,-21087,1569888000000
2020,10,192,128,4391.6,3836.53,337.33,29.972890625,2.635390625,2020,10,192,230,-102,1601510400000
2022,11,186,104002,2000467.59,1349490.77,259854.62,12.975623257245052,2.4985540662679564,2022,11,186,72147,31855,1667260800000
2020,11,32,314,11620.630000000001,9696.94,881.32,30.881974522292996,2.806751592356688,2020,11,32,543,-229,1604188800000
2016,5,54,950,17167.08,13659.6,2244.16,14.378526315789474,2.362273684210526,2016,5,54,3906,-2956,1462060800000
2023,9,72,283,9674.3,8987.24,49.52,31.757031802120142,0.17498233215547704,2023,9,72,735,-452,1693526400000
2016,10,247,1735,30908.68,26126.26,2243.69,15.05836311239193,1.293193083573487,2016,10,247,4152,-2417,1475280000000
2018,3,250,155,2829.34,2489.5,105.46,16.061290322580646,0.6803870967741935,2018,3,250,819,-664,1519862400000
2023,12,145,2932,89131.28,70335.74,8467.6,23.98899727148704,2.8879945429740794,2023,12,145,8473,-5541,1701388800000
2018,11,165,628,19225.0,17055.84,430.14,27.158980891719747,0.6849363057324841,2018,11,165,2040,-1412,1541030400000
2016,7,233,143282,2174856.95,1726259.55,242999.58,12.047986139221955,1.6959532949009644,2016,7,233,151069,-7787,1467331200000
2020,3,265,1864,129139.11,110150.32,12043.18,59.093519313304725,6.46093347639485,2020,3,265,6675,-4811,1583020800000
2022,12,251,6,754.96,664.81,58.0,110.80166666666666,9.666666666666666,2022,12,251,49,-43,1669852800000
2018,12,138,209693,8871096.309999999,6659952.61,1181654.36,31.76049086044837,5.635163596305075,2018,12,138,87313,122380,1543622400000
2019,3,49,2439,47649.96,40760.43,2667.06,16.711943419434196,1.0935055350553506,2019,3,49,13041,-10602,1551398400000
2019,11,211,55154,979465.1799999999,659085.13,116434.58,11.949906262465097,2.111081335895855,2019,11,211,56734,-1580,1572566400000
2025,7,26,1031,25909.59,23767.86,76.23,23.05321047526673,0.07393792434529584,2025,7,26,2025,-994,1751328000000
2025,7,35,2884,77394.13,71570.8,38.7,24.816504854368933,0.013418862690707353,2025,7,35,3606,-722,1751328000000
2019,1,172,9,346.74,293.35,8.0,32.59444444444445,0.8888888888888888,2019,1,172,116,-107,1546300800000
2023,12,73,30,1200.04,1109.46,10.379999999999999,36.982,0.346,2023,12,73,227,-197,1701388800000
2017,2,38,32,1283.33,1163.0,54.269999999999996,36.34375,1.6959374999999999,2017,2,38,637,-605,1485907200000
2021,1,149,258,9863.18,8706.79,402.46,33.74724806201551,1.559922480620155,2021,1,149,529,-271,1609459200000
2022,9,143,38342,683027.77,451275.0,89139.38,11.76973032184028,2.3248495122841795,2022,9,143,47686,-9344,1661990400000
2025,11,185,560,18610.18,16610.79,105.55,29.662125000000003,0.18848214285714285,2025,11,185,1327,-767,1761955200000
2023,1,56,290,18118.32,14402.92,1913.97,49.665241379310345,6.599896551724138,2023,1,56,909,-619,1672531200000
2019,8,153,108,2326.3,2049.14,67.66,18.973518518518517,0.6264814814814814,2019,8,153,294,-186,1564617600000
2022,8,130,475,22900.89,18535.88,1932.9099999999999,39.022905263157895,4.069284210526315,2022,8,130,2232,-1757,1659312000000
2023,12,71,280,8643.17,8080.59,21.82,28.85925,0.07792857142857143,2023,12,71,788,-508,1701388800000
2025,11,265,1897,192595.06,168535.87,16654.42,88.84336847654191,8.779346336320506,2025,11,265,19252,-17355,1761955200000
2021,1,160,102,3735.81,3066.7,243.22,30.0656862745098,2.3845098039215684,2021,1,160,537,-435,1609459200000
2018,10,227,298,9512.17,8497.65,255.18,28.515604026845637,0.8563087248322148,2018,10,227,2005,-1707,1538352000000
2017,8,169,131,1863.9,1575.31,99.02,12.025267175572518,0.7558778625954198,2017,8,169,1544,-1413,1501545600000
2019,5,65,9607,204056.53,160508.0,20620.739999999998,16.70740085354429,2.1464286457791193,2019,5,65,13708,-4101,1556668800000
2022,3,222,118,5695.73,5214.3,57.08,44.18898305084746,0.483728813559322,2022,3,222,269,-151,1646092800000
2018,1,262,109308,1399007.71,1108636.17,162780.31999999998,10.142315018113953,1.4891894463351263,2018,1,262,118040,-8732,1514764800000
2024,8,11,100,3644.49,3402.85,24.0,34.0285,0.24,2024,8,11,305,-205,1722470400000
2016,1,43,125495,1623701.69,1313299.23,166384.78,10.464952627594725,1.3258279612733574,2016,1,43,112570,12925,1451606400000
2020,11,52,493,10386.47,7998.84,1397.16,16.224827586206896,2.8339959432048683,2020,11,52,864,-371,1604188800000
2022,4,250,58,1971.09,1748.8,16.439999999999998,30.151724137931033,0.28344827586206894,2022,4,250,311,-253,1648771200000
2019,12,132,229793,12394076.89,9975907.55,1287201.11,43.412582411126536,5.601567976396148,2019,12,132,67677,162116,1575158400000
2017,12,50,80796,1171320.23,941117.45,127269.42000000001,11.648069830189613,1.5751945640873313,2017,12,50,98599,-17803,1512086400000
2016,5,94,70,907.27,797.0,25.83,11.385714285714286,0.369,2016,5,94,859,-789,1462060800000
2020,11,14,444,16005.15,13952.06,1149.22,31.423558558558558,2.5883333333333334,2020,11,14,1377,-933,1604188800000
2025,2,171,242,6355.23,5584.38,31.4,23.07595041322314,0.12975206611570247,2025,2,171,722,-480,1738368000000
2023,11,28,268,14013.26,11683.1,1154.8700000000001,43.59365671641791,4.309216417910449,2023,11,28,997,-729,1698796800000
2025,4,11,223,6286.79,5775.56,31.42,25.899372197309418,0.1408968609865471,2025,4,11,458,-235,1743465600000
2020,11,152,1885,30588.31,24842.79,2383.58,13.179198938992043,1.264498673740053,2020,11,152,3598,-1713,1604188800000
2023,5,101,59,2972.75,2797.1,28.2,47.40847457627118,0.47796610169491527,2023,5,101,350,-291,1682899200000
2019,3,209,15685,362477.0,265120.24,37738.21,16.90278865157794,2.406006375518011,2019,3,209,22323,-6638,1551398400000
2021,4,225,1023,33064.12,28562.33,475.88,27.920166177908115,0.4651808406647116,2021,4,225,2406,-1383,1617235200000
2023,1,52,585,17725.69,13495.52,2349.32,23.06926495726496,4.015931623931624,2023,1,52,1929,-1344,1672531200000
2018,5,239,239810,3183258.73,2510398.26,375557.63000000006,10.468280138442934,1.5660632584129104,2018,5,239,229360,10450,1525132800000
2016,6,202,700,13537.51,11332.3,1298.59,16.189,1.8551285714285712,2016,6,202,5366,-4666,1464739200000
2018,10,93,1067,64884.5,51568.43,7134.22,48.330299906279286,6.686241799437676,2018,10,93,971,96,1538352000000
2020,2,120,38,1146.78,938.5699999999999,65.87,24.699210526315788,1.733421052631579,2020,2,120,300,-262,1580515200000
2025,5,254,1234,35763.43,32315.52,33.93,26.187617504051865,0.027495948136142624,2025,5,254,1666,-432,1746057600000
2018,12,130,1436,68293.09,56953.97,5188.38,39.661538997214485,3.6130779944289695,2018,12,130,2762,-1326,1543622400000
2020,1,37,1263,30543.14,25851.09,1234.17,20.468004750593824,0.9771733966745844,2020,1,37,6904,-5641,1577836800000
2021,5,230,43824,757875.0,499739.46,88758.29,11.403328313253013,2.0253352044541804,2021,5,230,37234,6590,1619827200000
2021,11,196,216,8753.37,7158.07,671.48,33.139212962962965,3.108703703703704,2021,11,196,1187,-971,1635724800000
2022,9,1,961,100041.42,83591.46,11935.47,86.98382934443289,12.41984391259105,2022,9,1,10096,-9135,1661990400000
2021,5,37,750,23494.09,19627.82,1032.82,26.170426666666668,1.3770933333333333,2021,5,37,2954,-2204,1619827200000
2023,2,6,32,871.85,347.5,48.65,10.859375,1.5203125,2023,2,6,68,-36,1675209600000
2023,8,255,1040,32185.83,25326.21,3189.12,24.352125,3.0664615384615383,2023,8,255,6999,-5959,1690848000000
2019,11,160,197,6676.8,5486.71,384.55,27.851319796954314,1.952030456852792,2019,11,160,1922,-1725,1572566400000
2016,9,81,20,462.21,416.5,23.71,20.825,1.1855,2016,9,81,451,-431,1472688000000
2021,3,194,95,4507.06,3401.64,333.84,35.80673684210526,3.5141052631578944,2021,3,194,360,-265,1614556800000
2023,8,74,6242,132190.08,101399.55,9925.08,16.244721243191286,1.590048061518744,2023,8,74,19433,-13191,1690848000000
2021,2,172,14,947.86,685.26,124.96000000000001,48.94714285714286,8.925714285714287,2021,2,172,31,-17,1612137600000
2020,1,137,74925,1209091.8900000001,793393.78,132459.45,10.589172906239574,1.767893893893894,2020,1,137,85493,-10568,1577836800000
2017,10,149,53,1251.45,1083.84,98.74000000000001,20.449811320754716,1.8630188679245285,2017,10,149,961,-908,1506816000000
2022,4,31,43,1905.8,1510.4,243.1,35.12558139534884,5.653488372093023,2022,4,31,351,-308,1648771200000
2017,11,23,10,645.67,559.3199999999999,64.05,55.931999999999995,6.404999999999999,2017,11,23,172,-162,1509494400000
2019,2,224,14740,244886.66,166001.49,27365.17,11.261973541383988,1.856524423337856,2019,2,224,30243,-15503,1548979200000
2023,1,11,40,1748.65,1580.9,32.75,39.5225,0.81875,2023,1,11,196,-156,1672531200000
2024,3,155,337,12309.17,11069.34,288.15,32.84670623145401,0.8550445103857566,2024,3,155,853,-516,1709251200000
2024,10,18,258,9035.27,8341.19,25.04,32.33019379844961,0.09705426356589147,2024,10,18,529,-271,1727740800000
2025,5,120,105,2863.8,2396.3,70.16,22.821904761904765,0.6681904761904761,2025,5,120,405,-300,1746057600000
2017,3,134,587,17433.05,14167.45,1714.14,24.13534923339012,2.9201703577512776,2017,3,134,2410,-1823,1488326400000
2020,4,78,115,2477.15,2097.2,169.67,18.236521739130435,1.475391304347826,2020,4,78,283,-168,1585699200000
2021,1,77,414,14053.49,11964.27,633.63,28.899202898550726,1.5305072463768117,2021,1,77,654,-240,1609459200000
2017,8,171,63,1391.12,1176.56,117.07,18.675555555555555,1.858253968253968,2017,8,171,1351,-1288,1501545600000
2018,5,208,149,5289.2300000000005,4651.0,173.25,31.21476510067114,1.162751677852349,2018,5,208,1346,-1197,1525132800000
2019,6,22,499,14616.12,13077.68,141.05,26.207775551102205,0.28266533066132266,2019,6,22,1632,-1133,1559347200000
2018,3,227,169,3656.63,3125.3,235.28,18.492899408284025,1.392189349112426,2018,3,227,2027,-1858,1519862400000
2021,4,12,371,8581.55,6280.97,915.3,16.929838274932614,2.4671159029649594,2021,4,12,698,-327,1617235200000
2016,8,180,99,3087.11,2585.0,247.23,26.11111111111111,2.497272727272727,2016,8,180,1042,-943,1470009600000
2018,3,124,109,6152.87,4946.5,696.37,45.38073394495413,6.388715596330275,2018,3,124,888,-779,1519862400000
2017,7,163,232007,3477235.56,2784260.95,371864.18,12.000762692504969,1.60281448404574,2017,7,163,215020,16987,1498867200000
2018,6,228,963,20901.91,17670.63,1586.21,18.34956386292835,1.6471547248182763,2018,6,228,5361,-4398,1527811200000
2020,7,177,543,21887.81,20149.29,721.15,37.10734806629834,1.3280847145488028,2020,7,177,696,-153,1593561600000
2018,6,202,461,10691.6,8803.86,1188.38,19.097310195227767,2.577830802603037,2018,6,202,4065,-3604,1527811200000
2021,10,252,57,2932.89,2553.59,50.2,44.79982456140351,0.880701754385965,2021,10,252,599,-542,1633046400000
2025,9,145,9254,295036.91,234240.39,15853.72,25.31233952885239,1.7131748433110006,2025,9,145,13393,-4139,1756684800000
2023,5,254,214,8527.68,7600.02,170.06,35.514112149532714,0.7946728971962617,2023,5,254,636,-422,1682899200000
2021,2,71,444,14103.67,11844.27,155.0,26.676283783783784,0.3490990990990991,2021,2,71,839,-395,1612137600000
2021,10,161,130499,2282670.1999999997,1483940.78,295617.36000000004,11.37128085272684,2.265284484938582,2021,10,161,116190,14309,1633046400000
2017,9,5,2,224.8,223.5,0.7,111.75,0.35,2017,9,5,48,-46,1504224000000
2017,10,226,15217,275830.85,231509.24,23046.28,15.213855556285733,1.5145087730827362,2017,10,226,23312,-8095,1506816000000
2018,12,61,2459,58090.82,51555.04,2351.71,20.96585603904026,0.956368442456283,2018,12,61,13472,-11013,1543622400000
2019,8,105,8,197.02,148.0,21.619999999999997,18.5,2.7024999999999997,2019,8,105,7,1,1564617600000
2024,5,174,220,8464.94,7821.82,14.2,35.55372727272727,0.06454545454545454,2024,5,174,484,-264,1714521600000
2023,9,167,169,5098.64,4574.88,76.76,27.070295857988167,0.4542011834319527,2023,9,167,465,-296,1693526400000
2017,2,242,153,2599.93,2186.03,188.51,14.287777777777778,1.2320915032679738,2017,2,242,935,-782,1485907200000
2019,2,16,301,9501.83,8695.19,57.879999999999995,28.887674418604654,0.1922923588039867,2019,2,16,1229,-928,1548979200000
2025,9,54,510,14079.75,10564.03,393.68,20.71378431372549,0.771921568627451,2025,9,54,1016,-506,1756684800000
2024,10,101,122,4348.38,4005.04,54.54,32.82819672131148,0.44704918032786883,2024,10,101,349,-227,1727740800000
2024,3,113,53730,1173981.96,779920.68,141458.08,14.515553322166388,2.632757863391029,2024,3,113,47901,5829,1709251200000
2024,7,134,463,24483.49,20870.44,2265.67,45.07654427645788,4.893455723542117,2024,7,134,1211,-748,1719792000000
2020,9,124,136,4962.44,4199.59,325.67,30.879338235294117,2.3946323529411764,2020,9,124,328,-192,1598918400000
2018,4,248,108,2351.59,2110.0,46.85,19.537037037037038,0.4337962962962963,2018,4,248,1055,-947,1522540800000
2021,8,117,193,11410.74,9769.34,18.62,50.61834196891192,0.09647668393782384,2021,8,117,568,-375,1627776000000
2025,11,194,163,7829.66,5635.95,812.23,34.57638036809816,4.983006134969325,2025,11,194,588,-425,1761955200000
2024,3,244,3417,97044.2,81661.41,5025.36,23.898568920105358,1.4706935908691834,2024,3,244,12682,-9265,1709251200000
2022,4,159,192,4122.12,3684.1,86.42,19.188020833333333,0.4501041666666667,2022,4,159,902,-710,1648771200000
2025,5,135,753,19767.72,17053.04,345.62,22.646799468791503,0.4589907038512616,2025,5,135,1655,-902,1746057600000
2017,7,205,57,1407.69,1076.0,135.57,18.87719298245614,2.378421052631579,2017,7,205,1346,-1289,1498867200000
2024,4,63,262,8337.33,7651.36,40.05,29.203664122137404,0.1528625954198473,2024,4,63,707,-445,1711929600000
2022,8,225,306,9367.07,7950.76,892.81,25.982875816993463,2.917679738562091,2022,8,225,3307,-3001,1659312000000
2020,1,193,5057,52230.81,42808.79,2459.82,8.465254103223256,0.4864188253905478,2020,1,193,6007,-950,1577836800000
2022,10,252,46,1852.47,1607.31,101.66,34.94152173913044,2.21,2022,10,252,624,-578,1664582400000
2024,5,246,66121,1649459.15,1126186.27,197601.01,17.03220262851439,2.988475824624552,2024,5,246,76094,-9973,1714521600000
2024,7,51,469,20206.62,18813.08,0.0,40.11317697228145,0.0,2024,7,51,710,-241,1719792000000
2024,12,96,20,419.14,357.05,13.71,17.8525,0.6855,2024,12,96,127,-107,1733011200000
2025,4,96,71,2372.77,2047.8600000000001,120.08,28.843098591549296,1.6912676056338027,2025,4,96,219,-148,1743465600000
2024,3,71,676,19425.82,17828.66,72.03,26.373757396449705,0.10655325443786982,2024,3,71,990,-314,1709251200000
2020,2,88,21671,533921.38,382543.3,63767.02,17.652314152554105,2.942504729823266,2020,2,88,22237,-566,1580515200000
2017,7,235,187,3330.27,2846.21,227.86,15.220374331550802,1.2185026737967914,2017,7,235,1731,-1544,1498867200000
2022,6,247,399,10531.67,8722.44,859.08,21.86075187969925,2.1530827067669174,2022,6,247,1779,-1380,1654041600000
2019,9,166,33599,554489.74,406903.47,63931.68,12.110582755439149,1.902785201940534,2019,9,166,48631,-15032,1567296000000
2020,11,37,703,21170.15,17921.87,1796.55,25.493413940256044,2.555547652916074,2020,11,37,2010,-1307,1604188800000
2016,5,132,274902,15317269.89,12697215.19,1494884.14,46.188151377581825,5.437880190031357,2016,5,132,118112,156790,1462060800000
2016,7,151,81165,1113988.44,898276.49,115804.91,11.067288732828189,1.4267838353970308,2016,7,151,72964,8201,1467331200000
2019,7,21,233,7383.12,6708.76,25.39,28.792961373390558,0.10896995708154507,2019,7,21,971,-738,1561939200000
2016,8,21,73,2495.9900000000002,2048.3,328.01,28.058904109589044,4.493287671232877,2016,8,21,1430,-1357,1470009600000
2022,9,18,109,4216.7,3800.0,61.150000000000006,34.862385321100916,0.5610091743119267,2022,9,18,462,-353,1661990400000
2023,12,124,157,8050.84,7039.33,479.21999999999997,44.83649681528662,3.052356687898089,2023,12,124,661,-504,1701388800000
2024,9,102,239,6796.87,6054.31,108.19,25.331841004184103,0.4526778242677824,2024,9,102,835,-596,1725148800000
2019,5,204,9,623.4,572.39,16.05,63.59888888888889,1.7833333333333334,2019,5,204,45,-36,1556668800000
2020,10,11,114,3733.77,3210.43,281.1,28.161666666666665,2.4657894736842105,2020,10,11,238,-124,1601510400000
2025,1,174,291,9864.39,8846.07,3.0,30.39886597938144,0.010309278350515464,2025,1,174,628,-337,1735689600000
2022,2,184,2,89.31,63.11,11.0,31.555,5.5,2022,2,184,22,-20,1643673600000
2024,9,109,3,199.59,160.16,18.05,53.38666666666666,6.016666666666667,2024,9,109,37,-34,1725148800000
2018,2,6,23,619.41,300.5,5.97,13.065217391304348,0.25956521739130434,2018,2,6,145,-122,1517443200000
2016,10,118,7,414.82,345.38,52.76,49.339999999999996,7.5371428571428565,2016,10,118,171,-164,1475280000000
2021,8,7,2485,46238.66,37292.9,3464.56,15.007203219315896,1.394189134808853,2021,8,7,10218,-7733,1627776000000
2018,4,92,410,11731.18,10356.31,541.0600000000001,25.259292682926827,1.319658536585366,2018,4,92,3848,-3438,1522540800000
2023,12,253,5,40.8,36.3,0.0,7.26,0.0,2023,12,253,36,-31,1701388800000
2018,9,61,2016,42997.31,37890.54,2104.68,18.794910714285713,1.043988095238095,2018,9,61,13431,-11415,1535760000000
2017,7,111,20,395.78999999999996,329.0,44.79,16.45,2.2395,2017,7,111,97,-77,1498867200000
2018,2,197,281,10020.22,8112.01,1147.91,28.868362989323845,4.08508896797153,2018,2,197,1668,-1387,1517443200000
2020,2,34,140,2855.92,2175.35,331.06,15.538214285714284,2.3647142857142858,2020,2,34,803,-663,1580515200000
2021,1,9,169,5979.9,5331.04,237.7,31.544615384615383,1.406508875739645,2021,1,9,258,-89,1609459200000
2017,10,61,1668,27263.97,22819.93,2286.77,13.681013189448441,1.3709652278177458,2017,10,61,15804,-14136,1506816000000
2017,5,188,1324,21450.63,18282.99,1538.47,13.80890483383686,1.1619864048338369,2017,5,188,7800,-6476,1493596800000
2017,5,102,92,2383.02,1962.1,230.84,21.327173913043477,2.509130434782609,2017,5,102,1572,-1480,1493596800000
2017,2,82,2667,43882.76,36939.28,2842.39,13.850498687664041,1.0657630296212972,2017,2,82,8471,-5804,1485907200000
2019,2,54,193,3970.34,3185.23,373.27,16.50378238341969,1.934041450777202,2019,2,54,1767,-1574,1548979200000
2024,4,217,214,6412.41,5640.06,218.69,26.355420560747664,1.0219158878504673,2024,4,217,999,-785,1711929600000
2018,4,143,106433,1381087.27,1095607.33,161225.89,10.29386872492554,1.5148111018199244,2018,4,143,122135,-15702,1522540800000
2017,3,197,345,11208.0,9287.03,1005.96,26.918927536231887,2.915826086956522,2017,3,197,2333,-1988,1488326400000
2024,8,219,677,41629.25,35069.3,3563.85,51.80103397341212,5.264180206794682,2024,8,219,1900,-1223,1722470400000
2025,6,16,398,10669.93,9421.07,41.72,23.67103015075377,0.10482412060301508,2025,6,16,1372,-974,1748736000000
2017,8,45,20570,341847.83,285062.14,31215.65,13.858149732620321,1.517532814778804,2017,8,45,25889,-5319,1501545600000
2016,11,207,377,4049.81,3302.0,314.5,8.758620689655173,0.8342175066312998,2016,11,207,431,-54,1477958400000
2016,3,14,610,16485.43,12851.93,2449.1,21.068737704918032,4.014918032786885,2016,3,14,10571,-9961,1456790400000
2024,2,82,541,21794.29,17849.18,1633.96,32.99293900184843,3.0202587800369685,2024,2,82,1687,-1146,1706745600000
2020,9,27,21,1742.8799999999999,1537.68,49.5,73.22285714285715,2.357142857142857,2020,9,27,38,-17,1598918400000
2023,12,79,81355,1911498.2,1279825.33,240218.18,15.731366603158996,2.9527156290332495,2023,12,79,68840,12515,1701388800000
2021,8,59,6,234.34,197.89000000000001,0.0,32.98166666666667,0.0,2021,8,59,25,-19,1627776000000
2020,6,171,95,4427.46,3506.43,171.28,36.90978947368421,1.8029473684210526,2020,6,171,176,-81,1590969600000
2019,6,248,260,9122.53,8037.09,89.83,30.911884615384615,0.3455,2019,6,248,896,-636,1559347200000
2018,11,46,31,1536.08,1379.45,30.700000000000003,44.498387096774195,0.9903225806451614,2018,11,46,139,-108,1541030400000
2025,6,36,5371,153165.23,129546.16,1477.57,24.11956060323962,0.27510147086203685,2025,6,36,7410,-2039,1748736000000
2020,9,210,367,13164.78,11509.14,866.29,31.360054495912806,2.3604632152588554,2020,9,210,673,-306,1598918400000
2024,10,25,2577,74557.54,63296.61,4382.92,24.562130384167638,1.7007838571982927,2024,10,25,6885,-4308,1727740800000
2018,11,220,442,12630.12,11191.76,345.61,25.320723981900453,0.7819230769230769,2018,11,220,3291,-2849,1541030400000
2022,3,166,20006,371825.65,268013.86,49028.1,13.39667399780066,2.450669799060282,2022,3,166,27882,-7876,1646092800000
2024,11,95,969,29401.57,25520.43,927.86,26.33687306501548,0.9575438596491228,2024,11,95,4158,-3189,1730419200000
2022,10,24,11124,205012.56,145482.24,27368.87,13.078230852211433,2.4603443006112906,2022,10,24,13768,-2644,1664582400000
2020,12,113,20325,320662.86,207665.99,40582.59,10.217268880688806,1.9966833948339482,2020,12,113,17725,2600,1606780800000
2023,9,18,147,5042.06,4585.44,29.18,31.193469387755098,0.19850340136054423,2023,9,18,381,-234,1693526400000
2025,3,193,2346,43646.81,37601.1,815.87,16.02774936061381,0.34777067348678603,2025,3,193,2888,-542,1740787200000
2019,10,168,1433,28191.170000000002,23916.04,863.9,16.689490579204467,0.6028611304954641,2019,10,168,5264,-3831,1569888000000
2016,9,119,330,5882.36,4999.37,395.67,15.149606060606061,1.199,2016,9,119,2267,-1937,1472688000000
2023,8,16,57,2334.91,2061.83,129.0,36.172456140350874,2.263157894736842,2023,8,16,690,-633,1690848000000
2022,11,196,198,9139.93,7292.26,1025.66,36.82959595959596,5.18010101010101,2022,11,196,1203,-1005,1667260800000
2023,9,263,51161,1121247.49,734772.2,139645.2,14.361959304939308,2.729524442446395,2023,9,263,54557,-3396,1693526400000
2018,9,76,1007,33730.66,30457.15,849.14,30.245431976166834,0.8432373386295928,2018,9,76,2660,-1653,1535760000000
2019,1,40,3368,56437.53,44285.06,6962.19,13.148770783847981,2.0671585510688835,2019,1,40,7551,-4183,1546300800000
2022,3,120,10,1020.9200000000001,837.87,141.5,83.787,14.15,2022,3,120,153,-143,1646092800000
2017,2,228,921,16260.36,13266.8,1603.95,14.404777415852333,1.7415309446254073,2017,2,228,6105,-5184,1485907200000
2023,3,162,125221,2988078.23,1940153.87,393248.96,15.49383785467294,3.1404393831705546,2023,3,162,97393,27828,1677628800000
2023,3,127,186,6978.93,5888.33,434.5,31.65768817204301,2.336021505376344,2023,3,127,2321,-2135,1677628800000
2024,10,140,73851,1694222.5799999998,1147879.98,200478.72999999998,15.543188040784823,2.71463798729875,2024,10,140,76357,-2506,1727740800000
2022,9,226,2842,89038.86,71337.54,9654.66,25.101175228712172,3.3971358198451793,2022,9,226,6603,-3761,1661990400000
2018,1,61,1532,23752.81,19942.39,1967.9,13.01722584856397,1.2845300261096606,2018,1,61,13398,-11866,1514764800000
2017,6,14,595,14239.73,11697.89,1321.2,19.66031932773109,2.220504201680672,2017,6,14,7904,-7309,1496275200000
2016,11,52,6110,115554.17,93911.81,14688.96,15.370181669394436,2.4040851063829787,2016,11,52,8552,-2442,1477958400000
2020,8,10,504,24193.38,21151.67,1380.49,41.967599206349206,2.7390674603174605,2020,8,10,954,-450,1596240000000
2020,6,183,108,4253.57,3529.54,210.82,32.680925925925926,1.952037037037037,2020,6,183,149,-41,1590969600000
2024,10,98,103,3540.5299999999997,3310.11,18.7,32.13699029126214,0.1815533980582524,2024,10,98,500,-397,1727740800000
2016,10,158,136590,2080298.3800000001,1666774.26,235005.45,12.20275466725236,1.7205172413793104,2016,10,158,123672,12918,1475280000000
2021,8,246,37013,647668.25,425927.7,81148.56,11.507516278064465,2.192434009672277,2021,8,246,45997,-8984,1627776000000
2023,12,147,107,4013.95,3626.93,51.2,33.896542056074765,0.4785046728971963,2023,12,147,263,-156,1701388800000
2024,10,52,917,26903.28,22105.18,1804.04,24.105976008724102,1.967328244274809,2024,10,52,2483,-1566,1727740800000
2018,8,225,899,18731.170000000002,16646.92,667.38,18.517152391546162,0.7423581757508343,2018,8,225,7902,-7003,1533081600000
2025,9,30,13,529.4,458.63,0.0,35.27923076923077,0.0,2025,9,30,49,-36,1756684800000
2017,1,43,118941,1531658.2,1234303.45,160333.68,10.377443017966892,1.3480101899260977,2017,1,43,104581,14360,1483228800000
2020,2,71,534,17319.920000000002,15159.26,35.379999999999995,28.38812734082397,0.06625468164794007,2020,2,71,1274,-740,1580515200000
2022,3,20,62,2417.9,2099.8,76.45,33.86774193548387,1.2330645161290323,2022,3,20,407,-345,1646092800000
2023,3,210,117,5677.89,5200.5,4.64,44.44871794871795,0.039658119658119655,2023,3,210,526,-409,1677628800000
2017,9,101,39,1380.43,1173.0,103.48,30.076923076923077,2.6533333333333333,2017,9,101,513,-474,1504224000000
2021,1,45,1273,28342.25,21762.31,2285.02,17.095294579732915,1.7949882168106834,2021,1,45,2577,-1304,1609459200000
2021,12,145,2968,59734.38,45513.7,6158.41,15.334804582210241,2.0749359838274932,2021,12,145,9511,-6543,1638316800000
2024,4,141,79588,1623839.26,1059711.73,193140.29,13.314968713876464,2.4267513946826154,2024,4,141,91498,-11910,1711929600000
2025,6,90,65324,1469767.94,949932.27,153645.90000000002,14.541857051007288,2.3520589676076176,2025,6,90,58330,6994,1748736000000
2021,3,261,5723,121299.51,85997.91,13173.77,15.026718504280971,2.301899353485934,2021,3,261,5352,371,1614556800000
2024,4,9,74,2597.33,2222.33,157.9,30.031486486486486,2.133783783783784,2024,4,9,330,-256,1711929600000
2021,12,234,81837,1408793.59,914777.22,185105.45,11.178039517577623,2.2618797121106593,2021,12,234,71095,10742,1638316800000
2021,2,121,284,9952.55,8410.62,294.21,29.61485915492958,1.035950704225352,2021,2,121,533,-249,1612137600000
2017,1,35,153,3454.16,2718.96,474.54,17.77098039215686,3.1015686274509804,2017,1,35,1259,-1106,1483228800000
2017,10,202,479,9672.53,8130.69,880.04,16.9743006263048,1.8372442588726512,2017,10,202,4604,-4125,1506816000000
2017,9,140,147021,2083959.7600000002,1673382.97,232876.26,11.38193162881493,1.5839659640459527,2017,9,140,150468,-3447,1504224000000
2020,8,204,6,668.51,567.91,32.06,94.65166666666666,5.343333333333334,2020,8,204,10,-4,1596240000000
2021,11,220,172,6244.0199999999995,5327.4800000000005,120.3,30.97372093023256,0.6994186046511628,2021,11,220,1476,-1304,1635724800000
2017,6,42,16684,215466.54,178771.65,15189.18,10.715155238551906,0.9104039798609447,2017,6,42,42697,-26013,1496275200000
2016,2,180,101,4503.15,3944.5,304.67,39.054455445544555,3.0165346534653468,2016,2,180,845,-744,1454284800000
2016,10,229,205779,2822519.47,2264665.56,308037.34,11.005328823640896,1.4969328259929342,2016,10,229,186129,19650,1475280000000
2022,2,209,4053,91864.23,65378.39,11608.07,16.130863557858376,2.8640685911670367,2022,2,209,6874,-2821,1643673600000
2023,2,88,6745,222741.43,161706.43,26311.43,23.974266864343956,3.9008791697553744,2023,2,88,8955,-2210,1675209600000
2020,6,240,48,2459.57,2136.86,30.02,44.51791666666667,0.6254166666666666,2020,6,240,92,-44,1590969600000
2024,2,76,921,32313.579999999998,30045.69,122.83,32.6228990228013,0.1333659066232356,2024,2,76,1641,-720,1706745600000
2017,6,74,37817,508771.83,418564.98,37866.28,11.068169870693074,1.0013031176455034,2017,6,74,76455,-38638,1496275200000
2017,3,47,170,2602.11,2291.41,70.34,13.478882352941175,0.413764705882353,2017,3,47,1061,-891,1488326400000
2018,1,92,353,9654.72,8272.2,673.34,23.43399433427762,1.9074787535410767,2018,1,92,3130,-2777,1514764800000
2022,10,54,82,2180.8,1680.69,314.46,20.496219512195122,3.8348780487804874,2022,10,54,787,-705,1664582400000
2020,2,35,841,25676.25,22563.1,50.49,26.82889417360285,0.06003567181926278,2020,2,35,1425,-584,1580515200000
2018,5,49,2743,42751.99,35412.7,3877.22,12.910207801676995,1.413496172074371,2018,5,49,16125,-13382,1525132800000
2020,7,77,437,20878.27,19182.04,400.16,43.894828375286046,0.9156979405034326,2020,7,77,498,-61,1593561600000
2017,12,89,693,13218.39,11262.1,1015.7,16.25122655122655,1.4656565656565657,2017,12,89,8021,-7328,1512086400000
2019,8,224,11951,209621.54,142311.56,23305.359999999997,11.90792067609405,1.9500761442557106,2019,8,224,23627,-11676,1564617600000
2017,8,78,73,1405.92,1100.7,181.04,15.078082191780823,2.48,2017,8,78,799,-726,1501545600000
2017,8,231,148104,2381792.53,1918519.73,272866.97000000003,12.953868430292227,1.842401083022741,2017,8,231,142049,6055,1501545600000
2018,10,147,192,6307.38,5595.59,64.84,29.143697916666667,0.33770833333333333,2018,10,147,919,-727,1538352000000
2020,1,256,3011,62242.51,48519.89,6284.92,16.114211225506477,2.0873198272999005,2020,1,256,13338,-10327,1577836800000
2025,4,214,32,1065.61,821.79,48.7,25.6809375,1.521875,2025,4,214,100,-68,1743465600000
2020,8,170,33442,536454.8,353961.08,59844.86,10.58432749237486,1.7895119909096346,2020,8,170,30354,3088,1596240000000
2024,7,219,599,36608.71,31361.59,2713.18,52.3565776293823,4.529515859766277,2024,7,219,1817,-1218,1719792000000
2017,1,41,32519,408641.53,331804.16,36843.66,10.203393708293612,1.1329887142901074,2017,1,41,60591,-28072,1483228800000
2018,11,200,263,8996.23,7762.05,385.15,29.513498098859316,1.4644486692015208,2018,11,200,2746,-2483,1541030400000
2018,6,140,147378,2080553.4500000002,1667565.68,232625.05000000002,11.314888789371548,1.5784245274057187,2018,6,140,152978,-5600,1527811200000
2016,1,24,31505,436654.11,353713.32,44928.48,11.227212188541502,1.4260745913347088,2016,1,24,34822,-3317,1451606400000
2016,2,43,129107,1689807.75,1363080.42,175014.94,10.557757673867412,1.3555805649577481,2016,2,43,114945,14162,1454284800000
2020,11,239,49567,743634.25,471721.36,97707.17,9.516843060907458,1.971214114229225,2020,11,239,46152,3415,1604188800000
2025,2,120,30,1127.29,959.14,66.29,31.971333333333334,2.2096666666666667,2025,2,120,233,-203,1738368000000
2020,5,93,42,2231.96,1778.59,194.77,42.34738095238095,4.637380952380953,2020,5,93,98,-56,1588291200000
2022,4,160,55,2493.39,2062.11,251.48,37.492909090909095,4.572363636363636,2022,4,160,1091,-1036,1648771200000
2018,5,50,89290,1337963.7400000002,1075774.93,145884.43000000002,12.048100907156456,1.63382719229477,2018,5,50,106896,-17606,1525132800000
2019,11,209,13631,312777.19,226331.8,34880.91,16.604196317218104,2.5589399163671045,2019,11,209,19495,-5864,1572566400000
2023,10,85,156,5147.65,4593.78,162.95,29.447307692307692,1.044551282051282,2023,10,85,673,-517,1696118400000
2018,1,44,1,89.8,89.0,0.0,89.0,0.0,2018,1,44,26,-25,1514764800000
2017,4,8,107,3829.69,3009.0,387.73,28.121495327102803,3.6236448598130844,2017,4,8,181,-74,1491004800000
2023,9,4,3520,90758.22,64769.81,9717.85,18.400514204545455,2.760752840909091,2023,9,4,10523,-7003,1693526400000
2024,9,9,89,3239.57,2865.86,145.89,32.200674157303375,1.6392134831460672,2024,9,9,426,-337,1725148800000
2016,11,166,50725,784264.12,628037.04,89134.99,12.381213208477083,1.757220108427797,2016,11,166,78074,-27349,1477958400000
2021,4,2,3,178.56,156.79,10.0,52.26333333333333,3.3333333333333335,2021,4,2,6,-3,1617235200000
2021,7,246,38389,666318.54,439282.41,82186.52,11.442924014691707,2.1408872333220454,2021,7,246,47280,-8891,1625097600000
2023,12,159,288,8024.35,7290.1,73.07,25.312847222222224,0.25371527777777775,2023,12,159,683,-395,1701388800000
2024,9,55,521,22533.65,21191.98,132.47,40.67558541266794,0.25426103646833015,2024,9,55,984,-463,1725148800000
2025,8,241,673,20375.49,18419.15,119.28,27.368722139673107,0.17723625557206538,2025,8,241,1405,-732,1754006400000
2024,6,152,2835,63226.28,51579.06,3501.83,18.193671957671956,1.2352134038800706,2024,6,152,5039,-2204,1717200000000
2025,10,134,1002,48613.68,41595.42,3994.99,41.51239520958084,3.987015968063872,2025,10,134,1915,-913,1759276800000
2022,6,155,136,5405.5199999999995,4920.37,101.75,36.17919117647059,0.7481617647058824,2022,6,155,669,-533,1654041600000
2018,5,95,1390,32145.260000000002,26635.0,2221.94,19.16187050359712,1.5985179856115108,2018,5,95,10825,-9435,1525132800000
2022,9,10,1269,81399.24,62590.12,9205.31,49.32239558707644,7.253987391646966,2022,9,10,2985,-1716,1661990400000
2019,9,37,1164,26311.36,22097.28,1474.48,18.983917525773194,1.2667353951890035,2019,9,37,7740,-6576,1567296000000
2025,7,125,19703,480412.96,321237.47,48455.09,16.303987717606454,2.4592747297365882,2025,7,125,21029,-1326,1751328000000
2016,7,189,3489,54588.2,44506.6,5738.89,12.756262539409573,1.6448523932358843,2016,7,189,11598,-8109,1467331200000
2017,1,154,21,1367.96,1131.0,139.42,53.857142857142854,6.639047619047618,2017,1,154,78,-57,1483228800000
2021,8,251,1,106.75,87.35,0.0,87.35,0.0,2021,8,251,51,-50,1627776000000
2025,10,92,1101,32975.93,28132.35,558.09,25.551634877384195,0.5068937329700273,2025,10,92,4022,-2921,1759276800000
2018,4,257,322,6884.91,5728.11,527.33,17.789161490683227,1.6376708074534163,2018,4,257,4414,-4092,1522540800000
2020,12,21,211,7321.97,6403.01,511.55,30.346018957345972,2.4244075829383887,2020,12,21,369,-158,1606780800000
2018,3,164,230470,3327390.9200000004,2608150.91,384214.37,11.316661214040874,1.6670905974747254,2018,3,164,203075,27395,1519862400000
2019,11,238,140771,2207257.2499999995,1459120.92,264475.96,10.365209595726393,1.878767359754495,2019,11,238,151230,-10459,1572566400000
2025,3,136,603,17855.36,16273.05,68.92,26.98681592039801,0.11429519071310117,2025,3,136,810,-207,1740787200000
2021,6,9,132,3930.11,3420.05,12.49,25.909469696969698,0.09462121212121212,2021,6,9,394,-262,1622505600000
2020,2,227,190,5690.52,4932.12,160.66,25.958526315789474,0.845578947368421,2020,2,227,1348,-1158,1580515200000
2025,3,78,957,27447.89,24413.54,136.93,25.510491118077326,0.14308254963427378,2025,3,78,1060,-103,1740787200000
2025,3,202,331,10906.22,9233.48,356.28,27.89570996978852,1.0763746223564954,2025,3,202,1866,-1535,1740787200000
2022,12,36,241,8355.56,6569.77,1063.34,27.26045643153527,4.412199170124481,2022,12,36,2594,-2353,1669852800000
2016,2,248,79,1535.85,1335.5,93.03,16.90506329113924,1.1775949367088607,2016,2,248,1251,-1172,1454284800000
2024,6,42,5334,129954.17,112651.67,3816.56,21.119548181477317,0.7155155605549306,2024,6,42,14879,-9545,1717200000000
2024,10,33,3178,96775.68,80388.1,6544.71,25.295185651353055,2.0593801132787917,2024,10,33,10336,-7158,1727740800000
2024,4,129,1238,41955.47,34496.48,2680.66,27.864684975767368,2.1653150242326333,2024,4,129,4321,-3083,1711929600000
2025,5,206,25,1024.42,781.62,28.41,31.2648,1.1364,2025,5,206,107,-82,1746057600000
2016,6,36,2798,44511.73,35843.85,4878.36,12.810525375268048,1.7435167977126518,2016,6,36,13957,-11159,1464739200000
2022,3,25,1647,37594.38,30092.53,4268.75,18.271117182756527,2.591833636915604,2022,3,25,6101,-4454,1646092800000
2023,5,257,96,3565.37,2807.81,424.81,29.24802083333333,4.425104166666666,2023,5,257,1496,-1400,1682899200000
2024,2,223,628,26257.72,20670.16,2495.22,32.91426751592357,3.9732802547770696,2024,2,223,3510,-2882,1706745600000
2025,8,48,85426,1892654.92,1219360.26,198823.07,14.273877508018636,2.3274304076042425,2025,8,48,85873,-447,1754006400000
2024,4,153,59,1773.46,1606.95,13.25,27.2364406779661,0.2245762711864407,2024,4,153,153,-94,1711929600000
2018,9,114,110245,1608508.87,1281050.39,189583.66,11.620031656764478,1.7196576715497303,2018,9,114,88363,21882,1535760000000
2019,1,52,3811,66262.93000000001,53577.64,8493.75,14.058682760430333,2.2287457360272893,2019,1,52,5786,-1975,1546300800000
2020,2,242,352,10303.27,8988.55,93.24000000000001,25.53565340909091,0.26488636363636364,2020,2,242,862,-510,1580515200000
2022,11,219,364,22918.66,18552.81,2351.27,50.96925824175825,6.459532967032967,2022,11,219,1345,-981,1667260800000
2018,5,146,8711,129992.71,108916.51,10906.87,12.503330272069796,1.2520801285730687,2018,5,146,11428,-2717,1525132800000
2023,1,208,79,3001.65,2628.0,76.30000000000001,33.265822784810126,0.9658227848101267,2023,1,208,433,-354,1672531200000
2016,1,203,59,2985.42,2526.8,324.94,42.8271186440678,5.507457627118644,2016,1,203,838,-779,1451606400000
2016,1,242,119,2337.9700000000003,2074.99,106.5,17.436890756302518,0.8949579831932774,2016,1,242,1145,-1026,1451606400000
2017,4,185,67,1335.98,1151.76,94.68,17.19044776119403,1.413134328358209,2017,4,185,1252,-1185,1491004800000
2019,4,43,122408,2037390.58,1369096.75,225726.74,11.184699937912555,1.8440521861316252,2019,4,43,107496,14912,1554076800000
2022,10,59,2,85.58,64.66,10.27,32.33,5.135,2022,10,59,16,-14,1664582400000
2024,1,46,7,283.94,266.5,0.0,38.07142857142857,0.0,2024,1,46,64,-57,1704067200000
2023,3,221,2,588.21,474.2,82.66,237.1,41.33,2023,3,221,78,-76,1677628800000
2024,10,202,268,9420.86,8027.73,633.45,29.954216417910445,2.363619402985075,2024,10,202,1906,-1638,1727740800000
2018,7,172,5,173.01999999999998,155.5,0.0,31.1,0.0,2018,7,172,106,-101,1530403200000
2022,6,53,57,2849.71,2429.2200000000003,132.24,42.61789473684211,2.3200000000000003,2022,6,53,417,-360,1654041600000
2021,4,174,518,18140.3,15556.82,133.49,30.03247104247104,0.25770270270270274,2021,4,174,988,-470,1617235200000
2021,9,131,184,7238.29,6312.71,23.01,34.30820652173913,0.12505434782608696,2021,9,131,741,-557,1630454400000
2019,5,115,16,872.3000000000001,687.0799999999999,15.0,42.942499999999995,0.9375,2019,5,115,120,-104,1556668800000
2018,3,135,251,7207.08,6152.0,433.43,24.50996015936255,1.7268127490039842,2018,3,135,1932,-1681,1519862400000
2025,8,172,14,823.52,638.47,85.62,45.605000000000004,6.115714285714286,2025,8,172,74,-60,1754006400000
2025,3,131,724,21449.81,19214.92,48.879999999999995,26.539944751381213,0.06751381215469612,2025,3,131,1204,-480,1740787200000
2025,1,7,3192,72028.87,58074.11,2977.34,18.193643483709273,0.932750626566416,2025,1,7,7376,-4184,1735689600000
2019,5,112,2303,43460.49,34346.9,4099.63,14.913981762917933,1.7801259227095094,2019,5,112,15655,-13352,1556668800000
2025,8,111,12,362.38,293.46000000000004,13.850000000000001,24.455000000000002,1.1541666666666668,2025,8,111,34,-22,1754006400000
2017,4,170,315606,4532746.07,3564032.61,531029.23,11.29266430296002,1.6825701349150524,2017,4,170,314949,657,1491004800000
2024,3,129,1311,43373.66,36036.02,2612.15,27.48742944317315,1.9924866514111366,2024,3,129,4445,-3134,1709251200000
2016,1,39,295,6694.7300000000005,5532.17,611.16,18.753118644067797,2.071728813559322,2016,1,39,2030,-1735,1451606400000
2016,8,174,80,1734.01,1520.52,100.61,19.0065,1.257625,2016,8,174,1315,-1235,1470009600000
2024,10,187,4,237.83,215.95,0.0,53.9875,0.0,2024,10,187,33,-29,1727740800000
2020,8,34,92,4421.19,4166.19,61.48,45.28467391304348,0.6682608695652174,2020,8,34,146,-54,1596240000000
2018,11,4,15209,229916.34,187555.4,23111.24,12.331869287921625,1.5195765665066738,2018,11,4,36728,-21519,1541030400000
2018,1,129,4849,74055.20000000001,63372.78,4081.67,13.06924726747783,0.8417550010311404,2018,1,129,14741,-9892,1514764800000
2021,5,44,61,5710.599999999999,5280.65,0.0,86.56803278688524,0.0,2021,5,44,80,-19,1619827200000
2022,10,239,105759,1872380.83,1217852.95,255147.42,11.51535992208701,2.4125362380506625,2022,10,239,102480,3279,1664582400000
2025,1,163,95905,2223431.47,1400304.85,283845.01,14.600957718575675,2.9596476721755907,2025,1,163,84632,11273,1735689600000
2017,1,215,622,40029.58,31916.89,4663.78,51.313327974276525,7.498038585209003,2017,1,215,927,-305,1483228800000
2017,7,238,140378,1866170.07,1484554.98,208062.28,10.575410534414225,1.4821573180982774,2017,7,238,150748,-10370,1498867200000
2017,9,181,9959,161994.66,131042.42,18331.17,13.158190581383673,1.8406637212571542,2017,9,181,31193,-21234,1504224000000
2018,3,46,15,718.52,666.5,22.5,44.43333333333333,1.5,2018,3,46,153,-138,1519862400000
2020,10,239,53671,812291.3900000001,516014.23,105687.03,9.61439566991485,1.969164539509232,2020,10,239,49513,4158,1601510400000
2021,1,86,200,11378.68,10171.15,353.25,50.85575,1.76625,2021,1,86,522,-322,1609459200000
2022,1,192,22,740.46,656.76,54.55,29.85272727272727,2.4795454545454545,2022,1,192,225,-203,1640995200000
2022,3,203,85,4019.29,3693.1800000000003,83.86,43.44917647058824,0.9865882352941177,2022,3,203,493,-408,1646092800000
2019,2,168,1899,41662.33,36815.3,722.36,19.38667719852554,0.3803896787783044,2019,2,168,6010,-4111,1548979200000
2018,2,75,58007,717912.8200000001,583979.09,63711.97,10.067389970176013,1.098349681934939,2018,2,75,101217,-43210,1517443200000
2025,4,49,2799,71628.7,60995.4,1306.68,21.791854233654878,0.46683815648445876,2025,4,49,6086,-3287,1743465600000
2019,1,7,11425,153103.95,129471.26,9181.71,11.33227658643326,0.8036507658643325,2019,1,7,28246,-16821,1546300800000
2019,8,96,66,2323.95,2121.84,7.359999999999999,32.14909090909091,0.11151515151515151,2019,8,96,142,-76,1564617600000
2025,4,171,289,8238.14,7342.45,24.79,25.406401384083043,0.08577854671280276,2025,4,171,895,-606,1743465600000
2020,6,92,198,6643.11,5720.4,363.7,28.89090909090909,1.8368686868686868,2020,6,92,514,-316,1590969600000
2021,2,209,1629,35901.07,26180.41,3693.82,16.071461019030078,2.2675383670963782,2021,2,209,2550,-921,1612137600000
2017,9,174,68,1634.32,1434.0,55.16,21.08823529411765,0.8111764705882353,2017,9,174,1050,-982,1504224000000
2020,12,9,126,4244.42,3713.0499999999997,331.51,29.46865079365079,2.631031746031746,2020,12,9,224,-98,1606780800000
2016,11,234,323327,4573676.67,3614675.87,542828.08,11.179628889638044,1.6788826172883797,2016,11,234,272367,50960,1477958400000
2020,11,56,214,7241.21,6133.55,519.26,28.661448598130843,2.426448598130841,2020,11,56,729,-515,1604188800000
2023,7,236,100548,2099594.3,1357664.63,271178.52,13.502651768309661,2.6970056092612484,2023,7,236,106858,-6310,1688169600000
2024,12,10,1359,89496.19,73056.87,9244.03,53.75781456953642,6.802082413539368,2024,12,10,3254,-1895,1733011200000
2020,5,44,66,6454.67,5625.9,191.0,85.24090909090908,2.893939393939394,2020,5,44,63,3,1588291200000
2017,5,65,15070,278332.77,231240.12,29639.25,15.344400796284008,1.9667717319177174,2017,5,65,20511,-5441,1493596800000
2021,9,153,72,2673.23,2320.57,33.57,32.23013888888889,0.46625,2021,9,153,191,-119,1630454400000
2017,7,134,519,15889.13,13031.59,1418.84,25.1090366088632,2.733795761078998,2017,7,134,2254,-1735,1498867200000
2025,11,148,51709,1114874.55,721987.92,106966.55,13.962519484035662,2.06862538436249,2025,11,148,48510,3199,1761955200000
2016,10,18,114,2534.96,2186.18,167.56,19.177017543859648,1.4698245614035088,2016,10,18,1555,-1441,1475280000000
2016,11,62,511,8016.5,6647.52,714.42,13.008845401174169,1.398082191780822,2016,11,62,4841,-4330,1477958400000
2018,9,129,4407,74416.56,63770.23,3843.63,14.470213297027456,0.8721647379169504,2018,9,129,14156,-9749,1535760000000
2020,10,41,11568,1168476.25,1131639.18,14900.61,97.82496369294606,1.2880886929460582,2020,10,41,17858,-6290,1601510400000
2021,2,225,737,23972.64,20450.3,449.32,27.748032564450472,0.6096607869742198,2021,2,225,1686,-949,1612137600000
2024,8,221,12,899.37,764.42,63.43,63.70166666666666,5.285833333333334,2024,8,221,103,-91,1722470400000
2018,10,83,829,14394.130000000001,12420.09,699.18,14.982014475271411,0.8434016887816645,2018,10,83,3074,-2245,1538352000000
2025,4,153,151,4042.71,3655.65,14.08,24.209602649006623,0.09324503311258278,2025,4,153,275,-124,1743465600000
2016,6,177,337,6420.04,5374.55,563.6800000000001,15.948219584569733,1.6726409495548964,2016,6,177,2709,-2372,1464739200000
2025,11,181,4949,108186.2,83915.92,3905.85,16.956136593251163,0.7892200444534249,2025,11,181,11954,-7005,1761955200000
2016,4,131,122,2465.0,2109.0,221.92,17.28688524590164,1.819016393442623,2016,4,131,1515,-1393,1459468800000
2016,9,53,77,1308.53,1092.5,87.26,14.188311688311689,1.1332467532467534,2016,9,53,1093,-1016,1472688000000
2017,6,124,129,12526.6,11046.04,877.0500000000001,85.62821705426357,6.798837209302326,2017,6,124,1018,-889,1496275200000
2022,12,231,44619,1029914.2,718973.9,131312.29,16.11362648199198,2.9429680181088775,2022,12,231,45990,-1371,1669852800000
2023,8,202,135,4454.0,3712.21,379.4,27.497851851851852,2.81037037037037,2023,8,202,1947,-1812,1690848000000
2021,8,124,112,5262.74,4227.13,310.51,37.74223214285714,2.7724107142857144,2021,8,124,702,-590,1627776000000
2022,2,19,41,2235.85,2089.07,59.58,50.9529268292683,1.453170731707317,2022,2,19,255,-214,1643673600000
2022,8,113,41347,721801.84,471535.19,95581.88,11.404338646092825,2.3117004861295865,2022,8,113,37334,4013,1659312000000
2017,5,86,8,305.24,282.01,11.71,35.25125,1.46375,2017,5,86,492,-484,1493596800000
2016,11,121,84,1703.99,1492.8,103.07000000000001,17.771428571428572,1.2270238095238095,2016,11,121,1496,-1412,1477958400000
2019,7,90,108331,1750292.1400000001,1137197.57,206699.57,10.497434437049414,1.9080371269535037,2019,7,90,87892,20439,1561939200000
2020,1,6,12,595.36,301.2,218.35,25.099999999999998,18.195833333333333,2020,1,6,90,-78,1577836800000
2020,11,189,308,7967.79,6533.03,871.3100000000001,21.211136363636363,2.8289285714285715,2020,11,189,1011,-703,1604188800000
2022,1,19,52,1959.35,1824.39,28.26,35.08442307692308,0.5434615384615384,2022,1,19,235,-183,1640995200000
2023,11,147,90,3079.93,2758.82,37.69,30.653555555555556,0.41877777777777775,2023,11,147,281,-191,1698796800000
2023,12,3,87,3331.84,2997.7,15.7,34.45632183908046,0.18045977011494252,2023,12,3,265,-178,1701388800000
2016,3,34,382,6037.68,4938.5,624.0,12.928010471204189,1.6335078534031413,2016,3,34,1512,-1130,1456790400000
2024,2,22,179,6397.05,5872.89,33.7,32.80944134078212,0.18826815642458103,2024,2,22,411,-232,1706745600000
2025,1,215,954,39311.909999999996,33596.52,2214.02,35.21647798742138,2.320775681341719,2025,1,215,1426,-472,1735689600000
2024,7,235,298,11144.18,9827.95,573.07,32.979697986577186,1.923053691275168,2024,7,235,534,-236,1719792000000
2024,2,96,6,257.98,213.85,26.19,35.641666666666666,4.365,2024,2,96,74,-68,1706745600000
2016,9,84,3,310.4,192.5,115.0,64.16666666666667,38.333333333333336,2016,9,84,81,-78,1472688000000
2021,10,256,1515,38911.69,29603.88,5018.86,19.54051485148515,3.3127788778877885,2021,10,256,7630,-6115,1633046400000
2025,2,220,450,13990.57,12178.98,120.9,27.0644,0.26866666666666666,2025,2,220,1267,-817,1738368000000
2016,11,252,68,3613.36,2646.0,731.88,38.911764705882355,10.762941176470589,2016,11,252,1302,-1234,1477958400000
2025,2,75,25720,514933.71,377750.5,38550.44,14.687033437013996,1.498850699844479,2025,2,75,41924,-16204,1738368000000
2025,7,219,1238,60481.659999999996,52338.62,3762.32,42.27675282714055,3.039030694668821,2025,7,219,2595,-1357,1751328000000
2019,3,111,18,343.39,291.31,18.28,16.183888888888887,1.0155555555555555,2019,3,111,106,-88,1551398400000
2025,7,48,93432,2133658.54,1396584.83,216010.9,14.94760713674116,2.3119584296600735,2025,7,48,93996,-564,1751328000000
2021,1,263,38870,569544.5,364034.45,68732.47,9.365434782608697,1.7682652431180859,2021,1,263,35363,3507,1609459200000
2019,10,160,188,5997.73,5013.91,217.35,26.66973404255319,1.1561170212765957,2019,10,160,1936,-1748,1569888000000
2020,8,177,594,21605.22,19636.87,900.02,33.0587037037037,1.5151851851851852,2020,8,177,855,-261,1596240000000
2020,5,124,49,1708.95,1530.39,68.7,31.23244897959184,1.4020408163265308,2020,5,124,98,-49,1588291200000
2017,2,150,25,933.2,763.34,104.5,30.5336,4.18,2017,2,150,381,-356,1485907200000
2020,5,163,3757,57910.15,37934.28,6514.120000000001,10.096960340697365,1.7338621240351346,2020,5,163,3529,228,1588291200000
2021,5,193,2202,23047.78,19379.64,703.67,8.80092643051771,0.31955949137148043,2021,5,193,2630,-428,1619827200000
2016,1,238,200094,2563088.19,2047253.39,277878.57,10.231458164662609,1.3887401421331975,2016,1,238,212312,-12218,1451606400000
2020,10,250,303,10731.2,8988.17,721.31,29.663927392739275,2.3805610561056105,2020,10,250,577,-274,1601510400000
2024,10,22,312,10165.63,9308.08,43.26,29.833589743589744,0.13865384615384616,2024,10,22,689,-377,1727740800000
2022,7,178,22,776.63,717.78,0.0,32.626363636363635,0.0,2022,7,178,265,-243,1656633600000
2018,2,218,121,3019.8,2796.0,101.03,23.107438016528924,0.8349586776859504,2018,2,218,851,-730,1517443200000
2020,12,98,83,2908.54,2559.73,167.75,30.840120481927713,2.0210843373493974,2020,12,98,230,-147,1606780800000
2023,9,7,1586,37674.35,30341.68,2830.32,19.13094577553594,1.784564943253468,2023,9,7,7503,-5917,1693526400000
2024,2,27,6,211.31,186.21,13.4,31.035,2.2333333333333334,2024,2,27,47,-41,1706745600000
2017,1,95,1527,30381.49,24968.59,2482.29,16.351401440733465,1.625599214145383,2017,1,95,11202,-9675,1483228800000
2019,4,95,1525,41923.89,35618.95,1489.91,23.35668852459016,0.9769901639344263,2019,4,95,10092,-8567,1554076800000
2025,9,35,2645,75806.78,70703.37,65.07000000000001,26.730952741020793,0.024601134215500947,2025,9,35,3314,-669,1756684800000
2018,5,257,330,7610.33,6437.1,442.11,19.506363636363638,1.3397272727272729,2018,5,257,4523,-4193,1525132800000
2018,11,204,2,237.92000000000002,201.8,34.52,100.9,17.26,2018,11,204,53,-51,1541030400000
2020,3,127,357,8168.08,6919.21,527.62,19.3815406162465,1.4779271708683475,2020,3,127,2498,-2141,1583020800000
2017,10,23,8,298.99,215.0,29.05,26.875,3.63125,2017,10,23,207,-199,1506816000000
2023,12,77,205,6898.58,6426.7,18.32,31.349756097560974,0.08936585365853658,2023,12,77,429,-224,1701388800000
2024,1,149,126,4413.67,4112.69,26.2,32.64039682539682,0.20793650793650792,2024,1,149,488,-362,1704067200000
2019,11,132,221053,11969940.42,9612847.58,1260781.6300000001,43.48661895563507,5.703526439360697,2019,11,132,64063,156990,1572566400000
2017,11,164,222524,3358522.6,2657097.36,378547.8,11.940722618683827,1.7011549316028833,2017,11,164,200934,21590,1509494400000
2022,2,128,16,566.61,467.77,64.49000000000001,29.235625,4.030625000000001,2022,2,128,181,-165,1643673600000
2024,5,54,160,5328.46,4345.35,279.37,27.1584375,1.7460625,2024,5,54,723,-563,1714521600000
2024,9,228,647,22982.02,20094.85,683.28,31.058500772797526,1.0560741885625966,2024,9,228,2101,-1454,1725148800000
2016,8,75,56853,775700.46,635627.35,67952.13,11.180190139482525,1.1952250540868556,2016,8,75,106330,-49477,1470009600000
2023,5,80,897,31034.81,24351.63,3249.68,27.147859531772575,3.6228316610925306,2023,5,80,4746,-3849,1682899200000
2025,7,130,7045,198705.5,173587.67,3780.77,24.639839602555007,0.5366600425833925,2025,7,130,6663,382,1751328000000
2019,8,262,65079,1083367.56,714470.63,125820.1,10.978512730681173,1.933344089491234,2019,8,262,67983,-2904,1564617600000
2021,6,242,427,16310.98,14145.18,84.53999999999999,33.12688524590164,0.19798594847775175,2021,6,242,687,-260,1622505600000
2024,4,11,94,4442.62,4041.84,102.39,42.99829787234043,1.0892553191489363,2024,4,11,248,-154,1711929600000
2019,10,200,201,7698.41,6498.51,299.94,32.33089552238806,1.4922388059701492,2019,10,200,2248,-2047,1569888000000
2016,10,74,36069,490293.26,403895.74,36233.76,11.1978635393274,1.0045679115029527,2016,10,74,80004,-43935,1475280000000
2020,9,126,198,6752.56,5782.72,395.33,29.205656565656568,1.9966161616161615,2020,9,126,513,-315,1598918400000
2021,11,127,239,7758.86,6522.45,466.71,27.290585774058577,1.9527615062761505,2021,11,127,2462,-2223,1635724800000
2017,10,145,11285,340515.18,298563.9,19423.96,26.45670358883474,1.721219317678334,2017,10,145,29035,-17750,1506816000000
2023,10,193,2340,28082.99,23057.65,1272.85,9.853696581196582,0.5439529914529914,2023,10,193,3113,-773,1696118400000
2024,2,46,15,670.55,579.92,20.0,38.66133333333333,1.3333333333333333,2024,2,46,69,-54,1706745600000
2025,7,158,39643,935570.3,619894.06,92240.53,15.636910930050703,2.3267797593522186,2025,7,158,39897,-254,1751328000000
2022,7,182,80,2534.67,2241.63,55.69,28.020375,0.696125,2022,7,182,471,-391,1656633600000
2020,8,22,270,10482.63,9423.96,424.12,34.90355555555555,1.5708148148148149,2020,8,22,506,-236,1596240000000
2022,11,222,85,3566.7,3315.58,79.42,39.00682352941176,0.9343529411764706,2022,11,222,232,-147,1667260800000
2024,2,143,34029,706930.13,462417.68,86914.44,13.588929442534308,2.554128537423962,2024,2,143,46630,-12601,1706745600000
2024,2,116,2326,59467.26,48285.88,4317.38,20.75919174548581,1.856139294926913,2024,2,116,6788,-4462,1706745600000
2024,7,40,459,13658.75,10835.61,980.96,23.606993464052287,2.1371677559912854,2024,7,40,2469,-2010,1719792000000
2025,2,230,114529,2867782.85,1843365.8099999998,343460.74,16.09518820560731,2.998897571794043,2025,2,230,103343,11186,1738368000000
2017,7,222,23,633.38,493.0,64.32000000000001,21.434782608695652,2.796521739130435,2017,7,222,328,-305,1498867200000
2021,8,260,889,22261.9,18056.57,1661.6,20.311102362204725,1.8690663667041618,2021,8,260,2878,-1989,1627776000000
2018,12,29,252,8981.26,8081.28,150.95000000000002,32.068571428571424,0.5990079365079366,2018,12,29,935,-683,1543622400000
2021,6,247,626,16099.6,13469.93,602.12,21.517460063897765,0.96185303514377,2021,6,247,1560,-934,1622505600000
2019,8,120,56,1794.02,1263.81,316.23,22.568035714285713,5.646964285714286,2019,8,120,262,-206,1564617600000
2023,5,27,2,131.9,115.0,0.0,57.5,0.0,2023,5,27,55,-53,1682899200000
2018,6,93,1001,55416.06,44039.53,5970.97,43.99553446553446,5.965004995004995,2018,6,93,1651,-650,1527811200000
2020,1,84,4,243.32,234.0,0.0,58.5,0.0,2020,1,84,58,-54,1577836800000
2023,11,181,1122,35838.73,28886.14,3624.96,25.745222816399288,3.2308021390374333,2023,11,181,8385,-7263,1698796800000
2017,2,93,950,52855.17,41961.07,6127.84,44.16954736842105,6.450357894736842,2017,2,93,849,101,1485907200000
2020,1,88,21792,538620.2699999999,387929.01,62510.61,17.801441354625553,2.8685118392070486,2020,1,88,22705,-913,1577836800000
2017,4,62,512,7849.2,6597.21,637.28,12.88517578125,1.2446875,2017,4,62,4795,-4283,1491004800000
2020,2,238,129762,1991756.93,1301431.57,243220.77,10.029373545413913,1.8743605215702592,2020,2,238,138654,-8892,1580515200000
2019,5,91,703,24868.78,22447.2,68.83,31.930583214793742,0.09790896159317211,2019,5,91,1927,-1224,1556668800000
2024,6,223,1044,43340.54,35163.9,3277.44,33.68189655172414,3.139310344827586,2024,6,223,3992,-2948,1717200000000
2021,2,207,48,910.0600000000001,713.64,46.18,14.8675,0.9620833333333333,2021,2,207,61,-13,1612137600000
2025,3,5,1,11.71,-11.69,0.0,-11.69,0.0,2025,3,5,7,-6,1740787200000
2024,8,227,192,6733.1,6266.62,62.16,32.638645833333335,0.32375,2024,8,227,646,-454,1722470400000
2018,12,225,1504,38325.23,34327.11,1219.92,22.823876329787236,0.8111170212765958,2018,12,225,8254,-6750,1543622400000
2022,12,24,10625,225945.52,162704.55,28607.17,15.313369411764706,2.6924395294117645,2022,12,24,12824,-2199,1669852800000
2023,5,153,27,959.96,827.75,43.51,30.65740740740741,1.6114814814814815,2023,5,153,136,-109,1682899200000
2017,4,16,40,1051.5,895.5,89.77,22.3875,2.24425,2017,4,16,1490,-1450,1491004800000
2024,11,196,469,18441.41,15657.1,1048.35,33.38400852878465,2.235287846481876,2024,11,196,1247,-778,1730419200000
2017,12,186,327258,4932895.96,3996251.36,528270.2100000001,12.211317553734363,1.6142316154226943,2017,12,186,260354,66904,1512086400000
2021,4,107,53081,856960.73,555251.69,105560.53,10.46046024001055,1.9886688268872101,2021,4,107,42898,10183,1617235200000
2018,7,201,19,865.11,750.48,40.56,39.49894736842106,2.1347368421052635,2018,7,201,395,-376,1530403200000
2019,11,76,1395,45032.49,40043.66,402.43,28.705132616487457,0.28848028673835124,2019,11,76,3036,-1641,1572566400000
2025,10,166,26899,565892.3,403417.65,45980.17,14.997496189449423,1.7093635451132012,2025,10,166,35336,-8437,1759276800000
2020,1,132,214217,11342125.69,9120758.77,1220904.91,42.57719401354701,5.699383849087607,2020,1,132,52823,161394,1577836800000
2021,6,141,85751,1342973.4100000001,860629.02,168657.54,10.036372986903944,1.9668288416461617,2021,6,141,84554,1197,1622505600000
2019,5,10,2892,180170.68,140207.36,17876.44,48.48110650069156,6.18134163208852,2019,5,10,5887,-2995,1556668800000
2022,11,205,151,5015.92,4655.34,41.83,30.830066225165563,0.27701986754966884,2022,11,205,853,-702,1667260800000
2022,11,14,175,7594.37,6144.79,589.63,35.11308571428572,3.3693142857142857,2022,11,14,2143,-1968,1667260800000
2022,10,175,23,826.75,755.7,23.45,32.856521739130436,1.0195652173913043,2022,10,175,360,-337,1664582400000
2023,4,77,108,3770.52,3503.67,12.75,32.44138888888889,0.11805555555555555,2023,4,77,404,-296,1680307200000
2025,8,57,214,7227.02,6013.78,354.16,28.101775700934578,1.6549532710280375,2025,8,57,217,-3,1754006400000
2022,9,254,174,7106.32,6395.68,42.74,36.75678160919541,0.24563218390804598,2022,9,254,507,-333,1661990400000
2020,9,93,105,5822.2,4665.52,524.22,44.43352380952381,4.992571428571429,2020,9,93,198,-93,1598918400000
2019,9,135,402,15397.52,13349.11,276.23,33.20674129353234,0.6871393034825871,2019,9,135,1676,-1274,1567296000000
2024,11,10,1361,88093.31,71086.53,9548.32,52.231102130786184,7.015664952240999,2024,11,10,3153,-1792,1730419200000
2016,8,121,76,1920.13,1653.3,160.42,21.753947368421052,2.1107894736842105,2016,8,121,1817,-1741,1470009600000
2017,7,143,82513,1085217.46,864543.85,123463.22,10.477668367408771,1.4962881000569608,2017,7,143,95152,-12639,1498867200000
2017,9,83,1130,17669.13,15054.61,977.21,13.32266371681416,0.8647876106194691,2017,9,83,4056,-2926,1504224000000
2017,11,138,270023,11921053.98,9010272.1,1591418.47,33.36853564326002,5.893640430629984,2017,11,138,111556,158467,1509494400000
2023,11,98,56,1970.98,1811.96,10.0,32.35642857142857,0.17857142857142858,2023,11,98,410,-354,1698796800000
2023,12,195,516,29810.23,24909.88,2047.05,48.27496124031008,3.9671511627906977,2023,12,195,1241,-725,1701388800000
2025,5,11,402,9726.34,8390.27,6.52,20.8713184079602,0.016218905472636814,2025,5,11,663,-261,1746057600000
2018,1,91,162,3668.08,3247.6,231.54,20.046913580246912,1.4292592592592592,2018,1,91,1230,-1068,1514764800000
2016,12,198,437,7020.07,5802.65,617.57,13.27837528604119,1.4132036613272312,2016,12,198,6915,-6478,1480550400000
2020,5,22,153,5113.03,4491.46,233.75,29.355947712418303,1.5277777777777777,2020,5,22,265,-112,1588291200000
2016,10,38,24,1045.6399999999999,973.8,23.08,40.574999999999996,0.9616666666666666,2016,10,38,631,-607,1475280000000
2017,6,28,601,27486.05,22053.11,3137.77,36.69402662229617,5.2209151414309485,2017,6,28,2282,-1681,1496275200000
2018,7,146,8917,127314.11,107134.04,9859.52,12.014583380060557,1.1056992261971517,2018,7,146,10999,-2082,1530403200000
2021,7,134,289,12494.97,10320.8,875.8,35.712110726643594,3.0304498269896194,2021,7,134,1012,-723,1625097600000
2022,6,38,84,3693.2799999999997,3399.3,88.68,40.46785714285714,1.0557142857142858,2022,6,38,642,-558,1654041600000
2022,7,61,583,17434.67,14873.22,1574.26,25.511526586620924,2.7002744425385936,2022,7,61,5429,-4846,1656633600000
2020,6,29,203,6119.55,5535.24,219.21,27.2671921182266,1.0798522167487685,2020,6,29,296,-93,1590969600000
2016,1,83,1895,29837.100000000002,25330.65,1786.48,13.367097625329816,0.9427335092348285,2016,1,83,5515,-3620,1451606400000
2024,5,197,931,38204.22,33119.13,2539.25,35.573716433941996,2.7274436090225564,2024,5,197,1779,-848,1714521600000
2025,3,42,11286,243315.84,204293.87,4268.34,18.10153021442495,0.3781977671451356,2025,3,42,22244,-10958,1740787200000
2018,3,153,154,2970.49,2707.5,62.9,17.58116883116883,0.40844155844155844,2018,3,153,364,-210,1519862400000
2018,2,51,86,2466.67,2199.51,138.14000000000001,25.575697674418606,1.606279069767442,2018,2,51,613,-527,1517443200000
2017,6,64,24,559.19,471.95,54.54,19.664583333333333,2.2725,2017,6,64,712,-688,1496275200000
2017,3,17,3484,47200.33,38822.0,3841.83,11.142939150401837,1.102706659012629,2017,3,17,18141,-14657,1488326400000
2019,1,225,1466,37810.8,34430.16,544.83,23.485784447476128,0.37164392905866306,2019,1,225,6946,-5480,1546300800000
2019,8,207,456,4963.0,3839.53,499.43,8.420021929824562,1.0952412280701755,2019,8,207,514,-58,1564617600000
2024,4,167,378,11891.36,10689.95,85.8,28.28029100529101,0.22698412698412698,2024,4,167,504,-126,1711929600000
2016,2,214,7,393.51,280.92,72.25,40.13142857142857,10.321428571428571,2016,2,214,185,-178,1454284800000
2025,10,186,136065,3432386.58,2248297.12,435067.83999999997,16.523699114393857,3.1975000183735713,2025,10,186,92388,43677,1759276800000
2024,9,19,165,5772.0199999999995,5280.3,94.39,32.00181818181818,0.572060606060606,2024,9,19,557,-392,1725148800000
2016,2,51,48,2031.0900000000001,1831.8,114.27,38.1625,2.3806249999999998,2016,2,51,820,-772,1454284800000
2024,12,228,538,18900.88,16550.83,729.7,30.763624535315987,1.3563197026022307,2024,12,228,1903,-1365,1733011200000
2023,9,132,159348,12450591.07,9717063.440000001,1376777.98,60.98014057283431,8.640070662951528,2023,9,132,36865,122483,1693526400000
2024,11,244,3277,93305.21,79200.4,4472.01,24.168568812938663,1.3646658529142508,2024,11,244,11878,-8601,1730419200000
2020,4,176,2,216.23000000000002,184.64999999999998,5.5,92.32499999999999,2.75,2020,4,176,3,-1,1585699200000
2022,3,79,96449,1722163.55,1127755.49,233023.3,11.692764984603262,2.4160260863254153,2022,3,79,79449,17000,1646092800000
2022,3,220,127,3903.0,3364.31,146.04,26.490629921259842,1.1499212598425197,2022,3,220,1463,-1336,1646092800000
2021,6,211,17894,330422.75,221748.81,42468.03,12.392355538169218,2.373311165753884,2021,6,211,23460,-5566,1622505600000
2023,11,235,231,8901.78,8122.74,71.54,35.16337662337662,0.30969696969696975,2023,11,235,465,-234,1698796800000
2020,2,183,138,6035.78,5252.39,10.0,38.060797101449275,0.07246376811594203,2020,2,183,352,-214,1580515200000
2024,12,95,785,25965.77,22605.75,835.19,28.797133757961785,1.0639363057324842,2024,12,95,4272,-3487,1733011200000
2018,5,30,2,84.25,79.0,3.65,39.5,1.825,2018,5,30,25,-23,1525132800000
2018,11,121,271,8827.0,7787.48,311.51,28.73608856088561,1.1494833948339482,2018,11,121,1366,-1095,1541030400000
2020,11,19,83,3063.85,2693.13,207.0,32.447349397590365,2.4939759036144578,2020,11,19,191,-108,1604188800000
2018,1,13,75621,1423201.7,1136789.65,184215.98,15.032724375504158,2.4360426336599623,2018,1,13,76771,-1150,1514764800000
2016,1,61,4272,68708.7,55829.83,7556.09,13.06878043071161,1.76874765917603,2016,1,61,24570,-20298,1451606400000
2024,9,48,88528,2123089.79,1446915.36,246226.52000000002,16.344155069582506,2.781340592806796,2024,9,48,85921,2607,1725148800000
2025,1,150,139,4158.93,3820.13,56.19,27.48294964028777,0.40424460431654674,2025,1,150,345,-206,1735689600000
2022,2,12,721,16978.47,12537.14,1864.58,17.388543689320386,2.5861026352288485,2022,2,12,1043,-322,1643673600000
2017,7,208,63,2434.79,2053.88,222.12,32.60126984126984,3.525714285714286,2017,7,208,1270,-1207,1498867200000
2016,8,148,158625,2558426.21,2072422.39,283807.85,13.064916564223797,1.789174783293932,2016,8,148,114460,44165,1470009600000
2023,2,226,2368,68467.5,54506.83,6206.11,23.018086993243244,2.6208234797297294,2023,2,226,5701,-3333,1675209600000
2021,1,142,42114,623803.8300000001,396202.36,79028.54,9.407853920311535,1.8765384432730208,2021,1,142,38251,3863,1609459200000
2025,7,17,4848,124988.3,108641.72,1150.95,22.409595709570958,0.23740717821782178,2025,7,17,7018,-2170,1751328000000
2020,3,241,176,5031.76,4544.32,29.32,25.819999999999997,0.1665909090909091,2020,3,241,675,-499,1583020800000
2019,2,177,699,19995.85,18346.29,106.42,26.24648068669528,0.15224606580829758,2019,2,177,1804,-1105,1548979200000
2018,10,205,490,19783.15,17975.28,401.53,36.68424489795918,0.8194489795918367,2018,10,205,1551,-1061,1538352000000
2021,5,144,18286,334581.39,226303.82,41359.28,12.375796784425244,2.2618002843705565,2021,5,144,21009,-2723,1619827200000
2016,11,226,17289,297703.51,251426.67,24192.75,14.542580253340274,1.3993145930938746,2016,11,226,26652,-9363,1477958400000
2017,5,226,17151,304831.44,255544.45,25467.38,14.899682234272055,1.4848918430412221,2017,5,226,26095,-8944,1493596800000
2023,11,59,5,34.56,27.3,5.76,5.46,1.152,2023,11,59,18,-13,1698796800000
2021,4,192,119,4018.64,3521.76,79.51,29.594621848739497,0.6681512605042017,2021,4,192,290,-171,1617235200000
2022,3,29,87,4434.86,3880.7000000000003,156.66,44.60574712643678,1.8006896551724139,2022,3,29,452,-365,1646092800000
2021,6,164,57618,978441.8,634698.48,121657.25,11.015628449442882,2.111445208094693,2021,6,164,53181,4437,1622505600000
2024,1,247,326,9502.01,8499.97,140.58,26.07352760736196,0.4312269938650307,2024,1,247,750,-424,1704067200000
2017,12,175,63,1492.83,1256.5,159.99,19.944444444444443,2.5395238095238097,2017,12,175,685,-622,1512086400000
2021,6,118,24,1548.85,1329.35,40.0,55.38958333333333,1.6666666666666667,2021,6,118,71,-47,1622505600000
2019,9,191,341,14264.33,12914.49,83.18,37.872404692082114,0.24392961876832847,2019,9,191,1218,-877,1567296000000
2020,11,138,14091,531162.01,400854.23,59816.17,28.44753601589667,4.24499112908949,2020,11,138,3425,10666,1604188800000
2024,9,57,40,1891.12,1596.12,81.33,39.903,2.03325,2024,9,57,97,-57,1725148800000
2022,3,57,8,189.42999999999998,151.9,15.58,18.9875,1.9475,2022,3,57,65,-57,1646092800000
2024,9,237,166033,3454591.78,2236603.04,439087.54,13.470834352207092,2.6445799329049042,2024,9,237,150963,15070,1725148800000
2018,12,84,6,205.79999999999998,199.0,0.0,33.166666666666664,0.0,2018,12,84,100,-94,1543622400000
2020,4,216,89,2828.36,2422.21,145.69,27.215842696629213,1.6369662921348314,2020,4,216,191,-102,1585699200000
2021,1,49,561,15100.43,12817.67,921.28,22.84789661319073,1.6422103386809268,2021,1,49,1910,-1349,1609459200000
2022,9,202,149,4820.54,3849.42,569.67,25.83503355704698,3.8232885906040264,2022,9,202,1741,-1592,1661990400000
2016,11,136,135,2755.55,2354.3,206.20999999999998,17.43925925925926,1.5274814814814814,2016,11,136,1185,-1050,1477958400000
2020,7,111,2,82.45,76.9,3.95,38.45,1.975,2020,7,111,13,-11,1593561600000
2023,4,241,116,4227.07,3795.13,130.14,32.716637931034484,1.1218965517241377,2023,4,241,530,-414,1680307200000
2016,8,61,3251,54562.14,45206.07,5031.04,13.905281451860965,1.5475361427253154,2016,8,61,21640,-18389,1470009600000
2019,1,245,7,294.62,257.5,20.0,36.785714285714285,2.857142857142857,2019,1,245,64,-57,1546300800000
2017,5,96,21,618.81,505.5,61.73,24.071428571428573,2.939523809523809,2017,5,96,183,-162,1493596800000
2016,12,56,532,13275.37,11045.02,940.3,20.761315789473684,1.7674812030075187,2016,12,56,3042,-2510,1480550400000
2022,1,2,2,144.07,104.0,20.369999999999997,52.0,10.184999999999999,2022,1,2,5,-3,1640995200000
2022,5,70,13298,601812.93,427838.69,78791.99,32.17316062565799,5.925100767032637,2022,5,70,1882,11416,1651363200000
2018,2,182,78,1328.64,1165.01,53.93,14.93602564102564,0.6914102564102564,2018,2,182,881,-803,1517443200000
2022,8,41,8314,142155.44,107801.11,14542.93,12.966214818378639,1.7492097666586481,2022,8,41,20318,-12004,1659312000000
2022,12,45,4821,124522.9,91060.49,13846.67,18.888299108068868,2.8721572287907073,2022,12,45,9225,-4404,1669852800000
2023,2,17,335,9604.98,8006.85,710.12,23.901044776119406,2.119761194029851,2023,2,17,3321,-2986,1675209600000
2018,8,78,169,4984.82,4444.91,116.31,26.301242603550296,0.6882248520710059,2018,8,78,978,-809,1533081600000
2019,1,140,151178,2050643.55,1638150.79,229362.27,10.835907274868037,1.5171669819682758,2019,1,140,152393,-1215,1546300800000
2021,11,155,123,6120.59,5362.5,110.79,43.59756097560975,0.9007317073170732,2021,11,155,671,-548,1635724800000
2021,1,83,146,4462.38,3796.12,197.62,26.000821917808217,1.3535616438356164,2021,1,83,545,-399,1609459200000
2018,11,260,4206,81782.45,67246.69,7088.54,15.988276271992392,1.6853399904897766,2018,11,260,8540,-4334,1541030400000
2017,3,148,147443,2329676.36,1874933.75,269138.01,12.71632936117686,1.8253698717470481,2017,3,148,108357,39086,1488326400000
2021,8,12,1302,29977.54,22075.75,2985.9,16.95526113671275,2.2933179723502306,2021,8,12,1538,-236,1627776000000
2022,4,113,48368,861719.18,564181.45,117125.82,11.664353498180615,2.4215559874297057,2022,4,113,44893,3475,1648771200000
2016,2,227,142,2771.37,2267.9,312.17,15.971126760563381,2.1983802816901408,2016,2,227,2754,-2612,1454284800000
2018,3,59,6,101.7,94.0,1.4,15.666666666666666,0.2333333333333333,2018,3,59,46,-40,1519862400000
2019,12,75,52064,790256.7000000001,578116.16,73829.02,11.103952059004303,1.4180435617701292,2019,12,75,83576,-31512,1575158400000
2020,10,214,14,443.4,237.32999999999998,154.65,16.952142857142857,11.046428571428573,2020,10,214,40,-26,1601510400000
2022,12,42,3378,71995.31,58102.14,5434.42,17.200159857904087,1.6087685020722322,2022,12,42,14146,-10768,1669852800000
2024,2,191,267,11575.49,10430.07,200.5,39.063932584269665,0.7509363295880149,2024,2,191,698,-431,1706745600000
2017,7,118,5,153.96,142.0,7.46,28.4,1.492,2017,7,118,153,-148,1498867200000
2018,2,153,93,1267.07,1132.5,32.22,12.17741935483871,0.3464516129032258,2018,2,153,386,-293,1517443200000
2023,4,66,1002,32160.12,24869.5,3683.57,24.81986027944112,3.6762175648702597,2023,4,66,4521,-3519,1680307200000
2016,2,107,289785,3877930.5,3047204.96,462400.06,10.515399209758959,1.5956659592456477,2016,2,107,248634,41151,1454284800000
2017,5,111,36,650.53,551.0,50.519999999999996,15.305555555555555,1.4033333333333333,2017,5,111,158,-122,1493596800000
2023,5,76,435,16381.97,14847.09,234.13,34.131241379310346,0.5382298850574713,2023,5,76,1401,-966,1682899200000
2024,1,227,102,3860.96,3520.14,81.6,34.51117647058823,0.7999999999999999,2024,1,227,485,-383,1704067200000
2016,12,207,373,3757.31,3123.5299999999997,212.13,8.374075067024128,0.5687131367292225,2016,12,207,429,-56,1480550400000
2024,4,10,1346,88198.61,71129.45,8842.45,52.84505943536404,6.5694279346211,2024,4,10,3044,-1698,1711929600000
2019,3,1,637,61227.36,51263.48,7379.52,80.47642072213502,11.584803767660912,2019,3,1,14544,-13907,1551398400000
2017,12,82,2909,49769.32,41858.92,3103.71,14.389453420419388,1.066933654176693,2017,12,82,8498,-5589,1512086400000
2021,8,106,206,5680.4800000000005,4502.06,610.35,21.85466019417476,2.962864077669903,2021,8,106,1096,-890,1627776000000
2018,10,53,136,4592.45,4154.12,184.53,30.544999999999998,1.3568382352941177,2018,10,53,928,-792,1538352000000
2022,4,56,108,4983.08,3955.2,433.37,36.62222222222222,4.012685185185185,2022,4,56,927,-819,1648771200000
2022,5,213,188,6730.16,5738.58,160.88,30.52436170212766,0.8557446808510638,2022,5,213,708,-520,1651363200000
2016,8,225,1697,27960.13,22904.3,2752.13,13.496935769004125,1.6217619328226283,2016,8,225,13791,-12094,1470009600000
2025,4,263,69377,1425162.2999999998,915613.4,161089.77000000002,13.19765051818326,2.3219477636680748,2025,4,263,74619,-5242,1743465600000
2023,5,227,72,3057.64,2664.36,155.13,37.005,2.154583333333333,2023,5,227,681,-609,1682899200000
2017,12,240,30,1053.07,969.5,35.95,32.31666666666667,1.1983333333333335,2017,12,240,212,-182,1512086400000
2020,1,30,1,39.8,37.0,2.0,37.0,2.0,2020,1,30,43,-42,1577836800000
2016,6,127,1500,29862.05,24737.05,2768.48,16.491366666666668,1.8456533333333334,2016,6,127,9513,-8013,1464739200000
2020,4,265,261,12797.34,10947.8,622.3,41.945593869731795,2.3842911877394632,2020,4,265,767,-506,1585699200000
2020,3,14,335,10736.31,9483.11,469.56,28.30779104477612,1.4016716417910449,2020,3,14,2422,-2087,1583020800000
2024,5,138,127134,8602051.24,5565485.12,1152362.76,43.776528072742146,9.064158761621597,2024,5,138,45941,81193,1714521600000
2018,10,109,7,355.64,332.5,5.0200000000000005,47.5,0.7171428571428572,2018,10,109,109,-102,1538352000000
2025,1,40,813,21207.11,16030.19,1034.17,19.717330873308732,1.2720418204182042,2025,1,40,2689,-1876,1735689600000
2020,6,106,152,4366.68,3759.65,330.41,24.73453947368421,2.17375,2020,6,106,278,-126,1590969600000
2025,11,29,565,19576.69,18210.16,71.92,32.23037168141593,0.12729203539823009,2025,11,29,1011,-446,1761955200000
2022,11,170,95212,1794972.12,1182650.45,236110.67,12.42123314288115,2.4798415115741714,2022,11,170,92206,3006,1667260800000
2021,4,219,403,18827.53,16287.55,481.61,40.41575682382134,1.195062034739454,2021,4,219,920,-517,1617235200000
2018,4,93,1048,62672.17,49510.53,7347.13,47.24287213740458,7.010620229007634,2018,4,93,1187,-139,1522540800000
2021,11,111,2,56.5,39.849999999999994,3.0,19.924999999999997,1.5,2021,11,111,42,-40,1635724800000
2025,5,236,182316,3825034.63,2446440.16,465902.36,13.418680532701464,2.555466113780469,2025,5,236,188078,-5762,1746057600000
2017,9,155,46,1657.18,1456.8,60.04,31.669565217391302,1.3052173913043479,2017,9,155,1003,-957,1504224000000
2020,7,225,710,25787.91,23056.49,1259.56,32.473929577464794,1.7740281690140844,2020,7,225,1503,-793,1593561600000
2024,8,33,2060,65442.74,54409.91,4857.63,26.412577669902916,2.3580728155339807,2024,8,33,7266,-5206,1722470400000
2025,6,171,433,10893.94,9627.81,46.63,22.235127020785217,0.1076905311778291,2025,6,171,1189,-756,1748736000000
2025,10,63,1012,26566.39,23644.75,94.01,23.36437747035573,0.09289525691699606,2025,10,63,1728,-716,1759276800000
2016,6,204,1,21.8,20.5,0.0,20.5,0.0,2016,6,204,51,-50,1464739200000
2018,1,47,111,1783.6100000000001,1565.89,66.98,14.107117117117118,0.6034234234234235,2018,1,47,722,-611,1514764800000
2018,10,217,717,11883.39,10133.95,714.95,14.13382147838215,0.9971408647140866,2018,10,217,2913,-2196,1538352000000
2020,3,219,369,17454.83,15216.87,741.97,41.23813008130082,2.010758807588076,2020,3,219,1648,-1279,1583020800000
2018,5,19,155,5436.62,4983.2,119.53,32.14967741935484,0.7711612903225806,2018,5,19,667,-512,1525132800000
2021,9,142,93782,1588208.02,1031722.53,207678.81,11.001285214646733,2.214484762534388,2021,9,142,80655,13127,1630454400000
2024,9,93,7349,442523.23,340047.84,55637.56,46.27130766090625,7.570766090624574,2024,9,93,3069,4280,1725148800000
2016,5,157,591,19299.600000000002,15710.17,1710.95,26.582351945854484,2.8950084602368866,2016,5,157,4451,-3860,1462060800000
2024,10,143,42876,922456.12,621162.2899999999,105367.27,14.487412305252354,2.457488338464409,2024,10,143,54449,-11573,1727740800000
2019,8,229,112339,1767442.52,1146855.67,204148.72,10.20888266763991,1.8172559841194955,2019,8,229,109834,2505,1564617600000
2018,6,3,82,2636.33,2338.0,82.81,28.51219512195122,1.009878048780488,2018,6,3,623,-541,1527811200000
2024,9,39,1565,48595.55,45458.76,264.84,29.047130990415337,0.16922683706070285,2024,9,39,2242,-677,1725148800000
2025,11,107,80669,1671370.84,1029226.8,190970.85,12.758640865760082,2.367338754664121,2025,11,107,76330,4339,1761955200000
2024,12,261,20771,672316.54,498148.98,74633.06,23.98290790043811,3.5931375475422462,2024,12,261,19840,931,1733011200000
2020,11,47,394,12009.09,10164.53,927.43,25.798299492385787,2.3538832487309644,2020,11,47,759,-365,1604188800000
2022,9,100,50834,992683.11,667574.33,120290.05,13.13243754180273,2.3663306055002558,2022,9,100,43888,6946,1661990400000
2018,10,74,31916,427473.92,354164.96,30110.03,11.096784058152652,0.9434149016167439,2018,10,74,66992,-35076,1538352000000
2023,10,201,62,3148.61,2814.65,13.72,45.39758064516129,0.22129032258064518,2023,10,201,392,-330,1696118400000
2024,9,137,38310,856639.96,592497.77,84782.63,15.465877577655965,2.2130678673975464,2024,9,137,44861,-6551,1725148800000
2016,7,256,15736,251809.13,204675.17,27187.8,13.006810498220641,1.7277452974072192,2016,7,256,34482,-18746,1467331200000
2024,4,76,1491,50401.38,46434.68,214.02,31.143313212608987,0.14354124748490946,2024,4,76,2321,-830,1711929600000
2018,8,186,291159,4251715.649999999,3422486.53,464113.47,11.754699425399867,1.594020689726232,2018,8,186,221894,69265,1533081600000
2016,6,235,368,6352.76,5298.51,481.46999999999997,14.398125,1.3083423913043477,2016,6,235,2286,-1918,1464739200000
2019,4,223,4014,126222.97,97240.96,12347.87,24.225450921773792,3.076200797209766,2019,4,223,13686,-9672,1554076800000
2019,9,24,18863,301873.2,217241.98,34305.28,11.516830832847374,1.8186545088268038,2019,9,24,21845,-2982,1567296000000
2021,9,26,165,6019.44,5150.38,96.66,31.214424242424244,0.5858181818181818,2021,9,26,873,-708,1630454400000
2025,4,262,54091,1161901.22,759307.84,128801.15,14.037600340167495,2.3811937290861693,2025,4,262,56294,-2203,1743465600000
2025,5,79,114008,2488340.29,1624512.98,235821.04,14.249113921830046,2.068460458915164,2025,5,79,97563,16445,1746057600000
2021,1,128,60,2282.9,1969.57,92.09,32.826166666666666,1.5348333333333335,2021,1,128,129,-69,1609459200000
2025,11,252,262,6429.39,5300.38,90.56,20.230458015267175,0.34564885496183206,2025,11,252,949,-687,1761955200000
2016,1,35,348,8396.38,6271.96,1700.16,18.02287356321839,4.88551724137931,2016,1,35,1607,-1259,1451606400000
2020,8,189,275,7178.7300000000005,6187.16,531.33,22.498763636363634,1.932109090909091,2020,8,189,703,-428,1596240000000
2016,4,42,18293,244616.27000000002,202718.83,18592.26,11.08177062264254,1.016359263106106,2016,4,42,52057,-33764,1459468800000
2016,5,76,415,10700.1,8889.59,1102.14,21.420698795180723,2.6557590361445786,2016,5,76,3090,-2675,1462060800000
2017,8,246,132231,1890435.64,1500337.53,218972.88,11.34633731878304,1.6559874764616467,2017,8,246,163270,-31039,1501545600000
2018,3,4,21624,313613.69,254672.9,32747.01,11.777326119126895,1.5143826304106547,2018,3,4,46886,-25262,1519862400000
2020,1,219,657,39580.93,32918.94,2593.39,50.10493150684932,3.9473211567732114,2020,1,219,2909,-2252,1577836800000
2023,6,8,15,979.54,735.5,99.04,49.03333333333333,6.602666666666667,2023,6,8,82,-67,1685577600000
2021,10,140,69835,1247703.45,836242.99,153358.99,11.974554163385122,2.1960190448915298,2021,10,140,71001,-1166,1633046400000
2017,2,127,1024,18012.34,15017.6,1564.79,14.665625,1.528115234375,2017,2,127,7519,-6495,1485907200000
2019,4,255,5796,105292.62000000001,80772.74,12058.23,13.935945479641132,2.0804399585921325,2019,4,255,19198,-13402,1554076800000
2019,9,242,366,9767.22,8525.85,133.91,23.294672131147543,0.3658743169398907,2019,9,242,961,-595,1567296000000
2021,9,260,963,24507.41,19749.43,2111.57,20.50823468328141,2.19269989615784,2021,9,260,2938,-1975,1630454400000
2020,7,210,203,8206.92,7333.24,381.52,36.12433497536946,1.8794088669950737,2020,7,210,423,-220,1593561600000
2023,12,51,383,15677.44,14371.5,98.89999999999999,37.523498694516974,0.25822454308093995,2023,12,51,538,-155,1701388800000
2016,7,223,8208,153195.32,121807.76,14306.83,14.84012670565302,1.7430348440545809,2016,7,223,24787,-16579,1467331200000
2017,11,108,35,886.91,755.8,65.94,21.594285714285714,1.884,2017,11,108,415,-380,1509494400000
2024,9,193,1744,30371.7,26456.53,924.11,15.17002866972477,0.5298795871559633,2024,9,193,2472,-728,1725148800000
2025,5,61,8083,197181.03,173441.16,1712.83,21.45752319683286,0.211905233205493,2025,5,61,12194,-4111,1746057600000
2024,10,130,1350,55290.01,47630.35,3096.17,35.28174074074074,2.2934592592592593,2024,10,130,2535,-1185,1727740800000
2025,6,123,894,20708.3,18752.61,39.9,20.976073825503356,0.04463087248322147,2025,6,123,1432,-538,1748736000000
2018,10,206,34,1907.35,1653.78,42.57,48.64058823529412,1.2520588235294117,2018,10,206,216,-182,1538352000000
2020,10,61,1468,44409.42,37883.94,3502.57,25.806498637602182,2.3859468664850136,2020,10,61,3608,-2140,1601510400000
2019,10,33,7468,158639.89,123397.83,17591.37,16.523544456347082,2.3555664167113015,2019,10,33,20708,-13240,1569888000000
2025,10,25,4997,120265.17,97047.05,4634.63,19.42106263758255,0.9274824894936963,2025,10,25,8600,-3603,1759276800000
2022,1,69,164,4631.43,4189.38,88.35,25.545,0.5387195121951219,2022,1,69,1169,-1005,1640995200000
2016,3,39,213,5643.02,4639.34,631.4399999999999,21.78093896713615,2.964507042253521,2016,3,39,2203,-1990,1456790400000
2016,5,56,382,11098.54,8935.51,1114.39,23.391387434554975,2.9172513089005236,2016,5,56,3454,-3072,1462060800000
2025,3,231,57888,1468973.74,992373.43,154192.0,17.142990429795468,2.6636263128800444,2025,3,231,69014,-11126,1740787200000
2017,9,3,30,801.01,680.5,51.129999999999995,22.683333333333334,1.7043333333333333,2017,9,3,469,-439,1504224000000
2019,6,55,412,16895.19,15734.31,130.32,38.19007281553398,0.3163106796116505,2019,6,55,1301,-889,1559347200000
2017,6,131,54,1205.44,1034.86,74.35,19.164074074074072,1.3768518518518518,2017,6,131,1289,-1235,1496275200000
2020,2,15,93,3084.11,2713.1,20.08,29.17311827956989,0.21591397849462363,2020,2,15,669,-576,1580515200000
2020,7,176,1,26.76,20.5,4.46,20.5,4.46,2020,7,176,13,-12,1593561600000
2017,4,203,32,1517.48,1285.0,174.94,40.15625,5.466875,2017,4,203,900,-868,1491004800000
2019,7,236,212336,3263711.89,2110149.51,376115.16000000003,9.937784972873182,1.771320736945219,2019,7,236,219227,-6891,1561939200000
2021,12,122,45,1943.24,1701.8500000000001,59.089999999999996,37.81888888888889,1.3131111111111111,2021,12,122,243,-198,1638316800000
2024,10,11,132,4664.13,4267.57,94.88,32.330075757575756,0.7187878787878788,2024,10,11,277,-145,1727740800000
2018,4,162,326646,4806215.68,3755053.38,590038.1,11.495788651935122,1.8063533611310103,2018,4,162,280177,46469,1522540800000
2016,4,142,332510,4545625.14,3629703.79,502945.23,10.916074072960212,1.5125717422032419,2016,4,142,292019,40491,1459468800000
2016,6,23,8,443.54,281.5,105.98,35.1875,13.2475,2016,6,23,238,-230,1464739200000
2020,11,174,514,18115.670000000002,15521.16,1251.17,30.1968093385214,2.434182879377432,2020,11,174,744,-230,1604188800000
2023,2,213,194,7112.84,6108.4,127.64,31.486597938144328,0.657938144329897,2023,2,213,518,-324,1675209600000
2017,10,201,3,118.96,109.5,7.06,36.5,2.353333333333333,2017,10,201,351,-348,1506816000000
2021,4,242,842,26071.4,22420.65,117.95,26.627850356294537,0.140083135391924,2021,4,242,1150,-308,1617235200000
2024,1,108,119,5171.1,4787.04,24.020000000000003,40.2272268907563,0.20184873949579835,2024,1,108,274,-155,1704067200000
2018,3,85,263,5188.01,4697.1,128.73,17.859695817490497,0.489467680608365,2018,3,85,1304,-1041,1519862400000
2019,10,202,256,8269.85,6800.4,664.36,26.5640625,2.59515625,2019,10,202,2828,-2572,1569888000000
2023,4,100,53315,1316905.0699999998,889703.3,153904.45,16.687673262684047,2.8867007408796774,2023,4,100,44285,9030,1680307200000
2020,7,71,457,18336.36,16809.91,621.02,36.783172866520786,1.35890590809628,2020,7,71,663,-206,1593561600000
2017,4,107,239588,3293057.0300000003,2594369.69,392577.11,10.828462569076915,1.6385508038799939,2017,4,107,212189,27399,1491004800000
2020,11,23,30,2023.21,1664.27,93.06,55.47566666666667,3.102,2020,11,23,74,-44,1604188800000
2023,11,177,219,7330.37,6716.91,91.72,30.67082191780822,0.41881278538812783,2023,11,177,783,-564,1698796800000
2017,9,18,87,1469.5,1216.61,93.38,13.984022988505746,1.0733333333333333,2017,9,18,1198,-1111,1504224000000
2021,8,81,169,10627.02,9063.47,51.68,53.629999999999995,0.30579881656804736,2021,8,81,488,-319,1627776000000
2025,3,170,110585,2501349.49,1585116.11,292741.73,14.333916082651355,2.6472101098702354,2025,3,170,117726,-7141,1740787200000
2018,4,222,134,5333.67,4863.0,164.78,36.291044776119406,1.2297014925373135,2018,4,222,415,-281,1522540800000
2017,7,105,8,269.99,186.0,68.83,23.25,8.60375,2017,7,105,7,1,1498867200000
2017,7,28,645,28330.58,23079.07,2699.29,35.781503875968994,4.184945736434108,2017,7,28,2318,-1673,1498867200000
2017,9,55,41,1573.8,1348.8,124.14999999999999,32.89756097560976,3.0280487804878047,2017,9,55,827,-786,1504224000000
2024,7,46,37,1836.5,1683.1200000000001,31.6,45.48972972972973,0.8540540540540541,2024,7,46,106,-69,1719792000000
2024,10,146,1896,50448.48,40748.28,3639.1,21.491708860759495,1.9193565400843882,2024,10,146,2885,-989,1727740800000
2023,7,155,114,5796.8,5155.18,106.82,45.22087719298246,0.9370175438596491,2023,7,155,675,-561,1688169600000
2017,9,51,57,1689.53,1408.22,188.71,24.70561403508772,3.310701754385965,2017,9,51,701,-644,1504224000000
2021,4,190,102,3041.19,2538.25,181.21,24.88480392156863,1.7765686274509804,2021,4,190,425,-323,1617235200000
2022,9,35,165,5565.83,5080.36,140.37,30.790060606060603,0.8507272727272728,2022,9,35,601,-436,1661990400000
2023,3,106,166,5308.33,4230.79,585.19,25.486686746987953,3.525240963855422,2023,3,106,1105,-939,1677628800000
2024,5,183,93,3306.7,2975.16,40.16,31.99096774193548,0.43182795698924725,2024,5,183,187,-94,1714521600000
2022,5,238,77137,1373206.94,911028.0,183012.27,11.810518946808925,2.3725614167001567,2022,5,238,83578,-6441,1651363200000
2025,8,125,17126,403624.2,264186.64,43747.74,15.426056288683874,2.5544633889991823,2025,8,125,18452,-1326,1754006400000
2025,10,82,2047,50832.97,42528.4,1707.71,20.77596482657548,0.8342501221299463,2025,10,82,5088,-3041,1759276800000
2019,6,165,502,15148.94,13597.960000000001,163.91,27.08756972111554,0.3265139442231076,2019,6,165,1666,-1164,1559347200000
2022,12,19,79,2359.64,2074.25,64.0,26.25632911392405,0.810126582278481,2022,12,19,324,-245,1669852800000
2023,1,98,35,1609.85,1408.7,56.550000000000004,40.24857142857143,1.6157142857142859,2023,1,98,305,-270,1672531200000
2018,2,31,20,447.98,381.0,29.96,19.05,1.498,2018,2,31,209,-189,1517443200000
2023,11,189,350,11606.69,9349.22,1291.83,26.71205714285714,3.690942857142857,2023,11,189,2868,-2518,1698796800000
2025,7,195,1879,72277.45,58797.67,3317.87,31.292001064395954,1.7657637040979244,2025,7,195,2483,-604,1751328000000
2020,12,112,321,9681.81,7753.9800000000005,1096.48,24.15570093457944,3.4158255451713395,2020,12,112,2049,-1728,1606780800000
2017,8,247,1687,30718.100000000002,25839.4,2361.51,15.316775340841732,1.3998280972139894,2017,8,247,4553,-2866,1501545600000
2025,4,9,134,3610.75,3167.66,71.26,23.63925373134328,0.5317910447761195,2025,4,9,471,-337,1743465600000
2024,1,13,15877,500294.27,352192.44,65340.41,22.182555898469484,4.115412861371796,2024,1,13,20071,-4194,1704067200000
2017,4,113,167988,2342186.99,1861410.25,274424.17,11.080614389123033,1.6335938876586422,2017,4,113,148366,19622,1491004800000
2016,7,75,60398,826143.38,676839.95,73324.33,11.206330507632702,1.214019172820292,2016,7,75,111020,-50622,1467331200000
2017,3,19,42,1777.0,1643.5,80.03,39.13095238095238,1.9054761904761905,2017,3,19,558,-516,1488326400000
2017,12,122,31,736.16,686.5,10.42,22.14516129032258,0.3361290322580645,2017,12,122,328,-297,1512086400000
2019,2,21,361,10875.91,9766.09,51.97,27.052880886426593,0.1439612188365651,2019,2,21,1142,-781,1548979200000
2020,9,233,18613,292110.7,190461.24,33764.1,10.232699725997957,1.8140063396550796,2020,9,233,20479,-1866,1598918400000
2021,2,181,892,22429.58,18442.1,1322.4,20.674999999999997,1.482511210762332,2021,2,181,2878,-1986,1612137600000
2019,1,190,222,4760.27,4165.34,263.42,18.762792792792794,1.1865765765765766,2019,1,190,960,-738,1546300800000
2023,5,141,80930,1721964.3,1116092.31,218497.91,13.790835413320155,2.699838255282343,2023,5,141,90289,-9359,1682899200000
2024,3,56,341,12843.27,10963.74,516.69,32.15173020527859,1.5152199413489738,2024,3,56,947,-606,1709251200000
2020,8,24,4964,77225.47,56863.07,8254.8,11.455090652699436,1.6629331184528604,2020,8,24,5438,-474,1596240000000
2019,1,57,26,761.64,651.47,57.58,25.056538461538462,2.2146153846153847,2019,1,57,243,-217,1546300800000
2024,3,18,226,8050.25,7375.26,22.58,32.63389380530973,0.09991150442477875,2024,3,18,477,-251,1709251200000
2023,8,243,468,17514.8,14473.99,1395.33,30.92732905982906,2.9814743589743586,2023,8,243,4891,-4423,1690848000000
2025,8,166,18513,395323.86,287777.59,29453.39,15.544622157402907,1.5909571652352401,2025,8,166,23952,-5439,1754006400000
2019,12,18,278,9494.58,8251.32,64.01,29.681007194244604,0.2302517985611511,2019,12,18,1185,-907,1575158400000
2025,10,258,903,22674.21,19186.89,115.22,21.24794019933555,0.1275968992248062,2025,10,258,1813,-910,1759276800000
2021,7,2,3,156.41,127.5,15.46,42.5,5.153333333333333,2021,7,2,7,-4,1625097600000
2019,4,94,167,5388.04,4757.15,36.53,28.485928143712574,0.2187425149700599,2019,4,94,611,-444,1554076800000
2025,9,50,32582,786927.06,546300.77,60173.57,16.766950156528146,1.8468347553864097,2025,9,50,46883,-14301,1756684800000
2018,4,61,1866,34599.78,29823.21,2327.56,15.982427652733119,1.247352625937835,2018,4,61,14728,-12862,1522540800000
2022,12,214,19,1222.8999999999999,1056.88,12.82,55.62526315789474,0.6747368421052632,2022,12,214,46,-27,1669852800000
2019,8,126,162,4391.91,3807.92,115.75,23.50567901234568,0.7145061728395061,2019,8,126,934,-772,1564617600000
2017,4,137,124836,1694203.07,1344102.39,191118.99,10.76694535230222,1.53096054022878,2017,4,137,141661,-16825,1491004800000
2023,12,233,40675,1073192.68,725269.78,132588.58,17.830848924400737,3.2597069452980945,2023,12,233,49166,-8491,1701388800000
2016,12,261,63154,1274287.51,1060493.5,126132.98,16.79218260126041,1.9972286791018778,2016,12,261,55286,7868,1480550400000
2017,4,106,2001,31246.22,24898.9,3590.1,12.443228385807098,1.7941529235382307,2017,4,106,5761,-3760,1491004800000
2023,4,65,2088,67476.83,52238.89,7603.09,25.018625478927202,3.6413266283524903,2023,4,65,5108,-3020,1680307200000
2017,7,213,138,3239.73,2647.72,274.55,19.1863768115942,1.9894927536231886,2017,7,213,1443,-1305,1498867200000
2020,9,202,120,3641.4,3070.97,313.41,25.591416666666664,2.6117500000000002,2020,9,202,898,-778,1598918400000
2016,4,11,62,1180.35,996.5,82.51,16.072580645161292,1.3308064516129032,2016,4,11,886,-824,1459468800000
2022,3,179,743,13919.03,11456.5,1043.38,15.419246298788694,1.4042799461641993,2022,3,179,4093,-3350,1646092800000
2018,3,91,303,8129.31,7433.8,186.03,24.533993399339934,0.613960396039604,2018,3,91,1540,-1237,1519862400000
2018,11,75,60328,815079.79,665726.35,73732.60999999999,11.035113877469831,1.2221954979445695,2018,11,75,101236,-40908,1541030400000
2017,5,119,295,5629.67,4834.5,362.5,16.38813559322034,1.228813559322034,2017,5,119,2206,-1911,1493596800000
2018,9,111,10,219.72,159.43,23.0,15.943000000000001,2.3,2018,9,111,113,-103,1535760000000
2023,3,217,113,2724.54,2282.36,172.38,20.19787610619469,1.5254867256637168,2023,3,217,1475,-1362,1677628800000
2022,10,202,155,5071.0599999999995,4066.73,629.13,26.236967741935484,4.058903225806452,2022,10,202,2034,-1879,1664582400000
2018,12,56,636,23628.26,19689.93,1626.25,30.959009433962265,2.556996855345912,2018,12,56,2382,-1746,1543622400000
2023,4,198,152,4952.82,4079.12,452.65,26.836315789473684,2.977960526315789,2023,4,198,1817,-1665,1680307200000
2023,1,253,8,476.45,399.6,29.9,49.95,3.7375,2023,1,253,28,-20,1672531200000
2022,8,195,384,15486.96,12123.57,1620.22,31.571796875,4.219322916666667,2022,8,195,1405,-1021,1659312000000
2017,8,76,230,6540.0,5549.85,413.03,24.129782608695653,1.795782608695652,2017,8,76,2341,-2111,1501545600000
2018,4,114,125102,1784509.98,1416748.3,211220.79,11.324745407747278,1.6883885949065562,2018,4,114,100407,24695,1522540800000
2022,6,2,3,228.57999999999998,156.0,38.08,52.0,12.693333333333333,2022,6,2,3,0,1654041600000
2017,7,131,81,2228.94,1981.77,124.38,24.466296296296296,1.5355555555555556,2017,7,131,1340,-1259,1498867200000
2020,5,70,253,9419.4,8223.23,210.15,32.50288537549407,0.8306324110671937,2020,5,70,462,-209,1588291200000
2025,3,76,5494,156957.37,145441.7,442.15999999999997,26.472824899890792,0.08048052420822716,2025,3,76,6268,-774,1740787200000
2016,7,67,75,2649.49,1380.0,1131.56,18.4,15.087466666666666,2016,7,67,1819,-1744,1467331200000
2024,9,255,4008,116988.4,97017.43,5869.87,24.205945608782432,1.4645384231536926,2024,9,255,10268,-6260,1725148800000
2024,11,206,8,554.59,438.32,35.0,54.79,4.375,2024,11,206,62,-54,1730419200000
2018,12,146,7402,109812.43000000001,92044.47,8815.59,12.435081059173196,1.1909740610645771,2018,12,146,10539,-3137,1543622400000
2020,6,244,1891,42598.17,34986.46,3057.3,18.501565309360128,1.6167636171337918,2020,6,244,4803,-2912,1590969600000
2021,9,132,112323,6561273.97,5101790.94,729306.52,45.42071472449988,6.492940181441023,2021,9,132,26144,86179,1630454400000
2018,8,122,78,3111.77,2758.39,104.33,35.36397435897436,1.3375641025641025,2018,8,122,545,-467,1533081600000
2022,9,11,54,2924.54,2673.83,22.86,49.51537037037037,0.42333333333333334,2022,9,11,270,-216,1661990400000
2025,10,252,242,7343.71,6123.39,189.34,25.303264462809917,0.782396694214876,2025,10,252,1019,-777,1759276800000
2018,9,181,7448,123562.24,101174.77,12349.77,13.584152792696026,1.6581323845327605,2018,9,181,26384,-18936,1535760000000
2018,9,154,30,1522.59,1242.74,107.92,41.42466666666667,3.5973333333333333,2018,9,154,109,-79,1535760000000
2024,5,240,25,926.77,838.8299999999999,0.0,33.5532,0.0,2024,5,240,126,-101,1714521600000
2025,10,105,2,64.00999999999999,47.3,10.46,23.65,5.23,2025,10,105,1,1,1759276800000
2018,12,245,13,570.56,468.15,27.48,36.01153846153846,2.1138461538461537,2018,12,245,99,-86,1543622400000
2017,11,96,15,447.63,354.52,56.33,23.634666666666664,3.755333333333333,2017,11,96,146,-131,1509494400000
2020,2,23,32,2440.42,2222.37,13.69,69.4490625,0.4278125,2020,2,23,136,-104,1580515200000
2020,10,170,52436,838704.55,544723.29,101068.55,10.388345602257992,1.9274649096040888,2020,10,170,49655,2781,1601510400000
2022,4,251,5,499.6,434.45,30.1,86.89,6.0200000000000005,2022,4,251,52,-47,1648771200000
2021,7,80,1070,31511.16,24558.96,3641.11,22.95229906542056,3.402906542056075,2021,7,80,4179,-3109,1625097600000
2018,1,182,150,2518.39,2199.8,116.61,14.665333333333335,0.7774,2018,1,182,996,-846,1514764800000
2019,8,208,216,8848.86,7487.01,137.47,34.662083333333335,0.6364351851851852,2019,8,208,1126,-910,1564617600000
2020,5,111,1,20.89,20.09,0.0,20.09,0.0,2020,5,111,3,-2,1588291200000
2023,1,154,29,1279.88,1105.92,96.4,38.13517241379311,3.3241379310344827,2023,1,154,75,-46,1672531200000
2022,2,136,143,6000.099999999999,5312.360000000001,66.14,37.14937062937064,0.46251748251748254,2022,2,136,411,-268,1643673600000
2018,10,241,257,8343.06,7355.16,344.24,28.61929961089494,1.339455252918288,2018,10,241,1289,-1032,1538352000000
2020,5,260,345,6829.31,5605.41,221.23,16.247565217391305,0.6412463768115941,2020,5,260,708,-363,1588291200000
2018,6,123,262,6347.57,5791.5,121.4,22.10496183206107,0.4633587786259542,2018,6,123,1266,-1004,1527811200000
2024,11,222,583,20386.99,19226.05,104.85,32.977787307032585,0.17984562607204116,2024,11,222,676,-93,1730419200000
2018,5,96,22,718.92,569.5,81.02,25.886363636363637,3.6827272727272726,2018,5,96,141,-119,1525132800000
2020,8,173,160,5172.08,4528.5,204.51,28.303125,1.2781875,2020,8,173,502,-342,1596240000000
2018,2,58,5,142.21,125.0,7.45,25.0,1.49,2018,2,58,150,-145,1517443200000
2016,11,231,189459,3086221.09,2494911.37,356310.67,13.16860835325849,1.8806742883684595,2016,11,231,178586,10873,1477958400000
2018,11,158,77549,1194220.83,949805.22,144174.55,12.24780745077306,1.859141317102735,2018,11,158,80575,-3026,1541030400000
2020,9,17,816,22994.97,19881.9,1775.85,24.365073529411767,2.1762867647058823,2020,9,17,2315,-1499,1598918400000
2021,3,191,312,14458.3,12748.11,210.15,40.85932692307693,0.6735576923076924,2021,3,191,669,-357,1614556800000
2022,4,112,1026,26183.2,19641.28,3415.52,19.143547758284598,3.3289668615984405,2022,4,112,8206,-7180,1648771200000
2024,10,220,259,9913.68,8797.81,147.19,33.968378378378375,0.5683011583011582,2024,10,220,1279,-1020,1727740800000
2017,3,89,1048,20061.420000000002,16673.14,1741.17,15.909484732824428,1.661421755725191,2017,3,89,9092,-8044,1488326400000
2016,9,170,322388,4800931.66,3794822.62,550852.43,11.770979751107362,1.708662946511657,2016,9,170,317377,5011,1472688000000
2016,12,174,114,2629.7,2301.6,178.6,20.189473684210526,1.5666666666666667,2016,12,174,1354,-1240,1480550400000
2018,7,260,4462,76805.84,64627.13,5679.36,14.483892873151053,1.2728283281039892,2018,7,260,9211,-4749,1530403200000
2019,11,216,1218,64768.5,53270.0,5608.1,43.735632183908045,4.604351395730706,2019,11,216,4526,-3308,1572566400000
2020,10,155,443,14621.41,12706.3,1106.6,28.6823927765237,2.497968397291196,2020,10,155,672,-229,1601510400000
2023,8,131,124,4134.92,3747.19,78.82,30.219274193548387,0.6356451612903226,2023,8,131,760,-636,1690848000000
2020,9,147,208,7194.59,6027.46,498.65,28.978173076923078,2.397355769230769,2020,9,147,539,-331,1598918400000
2018,12,97,7544,128567.8,107933.51,10916.07,14.307199098621421,1.4469870095440085,2018,12,97,13454,-5910,1543622400000
2020,9,219,334,16767.68,14449.0,911.27,43.26047904191617,2.7283532934131736,2020,9,219,659,-325,1598918400000
2024,3,70,14158,897029.78,582583.43,118932.18,41.148709563497675,8.400351744596694,2024,3,70,1914,12244,1709251200000
2024,9,1,528,46560.21,40585.9,4574.34,76.86723484848486,8.663522727272728,2024,9,1,9614,-9086,1725148800000
2018,5,104,1,6.8,5.0,0.0,5.0,0.0,2018,5,104,1,0,1525132800000
2018,3,89,899,19272.06,16970.95,957.11,18.877586206896552,1.064638487208009,2018,3,89,7390,-6491,1519862400000
2019,5,182,428,13607.65,11933.12,84.88,27.881121495327104,0.19831775700934579,2019,5,182,1214,-786,1556668800000
2021,11,74,10815,186173.75,144003.43,14927.09,13.315157651410077,1.3802209893666204,2021,11,74,26888,-16073,1635724800000
2022,3,145,3248,64070.21,47819.58,7507.17,14.72277709359606,2.3113208128078817,2022,3,145,11508,-8260,1646092800000
2022,10,185,61,1828.84,1627.31,66.63000000000001,26.677213114754096,1.0922950819672133,2022,10,185,367,-306,1664582400000
2021,1,210,352,12797.41,11147.0,525.48,31.667613636363637,1.4928409090909092,2021,1,210,618,-266,1609459200000
2023,9,109,1,62.81,54.37,0.0,54.37,0.0,2023,9,109,31,-30,1693526400000
2023,9,205,293,11236.28,10336.2,44.56,35.27713310580205,0.15208191126279863,2023,9,205,979,-686,1693526400000
2020,5,74,7196,94514.99,76324.91,5007.24,10.606574485825458,0.6958365758754863,2020,5,74,9800,-2604,1588291200000
2022,6,224,5659,116004.0,78772.24,15125.38,13.919816221947341,2.6728008482063967,2022,6,224,13562,-7903,1654041600000
2023,2,187,1,16.0,15.0,0.0,15.0,0.0,2023,2,187,13,-12,1675209600000
2024,6,118,13,712.93,634.41,5.0,48.80076923076923,0.38461538461538464,2024,6,118,55,-42,1717200000000
2025,3,208,612,17913.46,15618.98,70.4,25.521209150326797,0.1150326797385621,2025,3,208,1109,-497,1740787200000
2022,4,192,26,820.02,743.6,39.02,28.6,1.5007692307692309,2022,4,192,306,-280,1648771200000
2019,7,47,297,8733.24,7770.1,57.87,26.161952861952862,0.19484848484848483,2019,7,47,886,-589,1561939200000
2018,11,244,7759,148436.53,125436.81,11740.79,16.166620698543625,1.5131833999226705,2018,11,244,26548,-18789,1541030400000
2016,7,123,103,1559.2,1317.11,103.98,12.78747572815534,1.009514563106796,2016,7,123,1313,-1210,1467331200000
2019,5,136,361,13322.03,11996.18,102.01,33.23041551246538,0.2825761772853186,2019,5,136,1239,-878,1556668800000
2019,5,119,425,12956.37,11258.91,361.97,26.49155294117647,0.8516941176470589,2019,5,119,1701,-1276,1556668800000
2017,7,113,138596,1869890.3800000001,1485107.46,215993.94,10.715370284856705,1.5584428122023724,2017,7,113,118983,19613,1498867200000
2017,11,222,37,851.09,783.0,22.78,21.16216216216216,0.6156756756756757,2017,11,222,267,-230,1509494400000
2016,12,87,75980,1601838.82,1300189.69,193084.8,17.112262305869965,2.5412582258489076,2016,12,87,80495,-4515,1480550400000
2019,12,231,108656,2155538.0300000003,1487201.38,258455.57,13.68724580326903,2.378658978795465,2019,12,231,106633,2023,1575158400000
2017,5,232,20229,341665.15,280217.97,36139.9,13.852289781996143,1.786539126995897,2017,5,232,48368,-28139,1493596800000
2017,6,49,4023,59624.270000000004,48681.89,5770.54,12.100892368878945,1.4343872731792195,2017,6,49,18946,-14923,1496275200000
2017,3,221,13,659.82,589.0,41.41,45.30769230769231,3.1853846153846153,2017,3,221,222,-209,1488326400000
2023,11,106,157,5121.03,4269.24,358.93,27.192611464968152,2.286178343949045,2023,11,106,1000,-843,1698796800000
2017,4,254,62,1377.46,1174.0,102.33,18.93548387096774,1.6504838709677419,2017,4,254,931,-869,1491004800000
2020,9,73,49,1491.39,1323.5,96.3,27.010204081632654,1.9653061224489796,2020,9,73,119,-70,1598918400000
2023,9,81,88,3808.92,3461.66,76.28,39.33704545454545,0.8668181818181818,2023,9,81,254,-166,1693526400000
2017,1,4,27602,392919.74,318506.29,41649.67,11.5392467937106,1.508936671255706,2017,1,4,51137,-23535,1483228800000
2018,11,164,190315,2867261.35,2262762.57,330068.96,11.889565036912487,1.7343297165226073,2018,11,164,171180,19135,1541030400000
2022,9,224,4590,94412.97,64492.81,12097.52,14.050721132897603,2.6356252723311546,2022,9,224,11909,-7319,1661990400000
2022,9,167,115,3412.68,3107.7,41.33,27.023478260869563,0.35939130434782607,2022,9,167,464,-349,1661990400000
2017,12,217,699,9784.22,8211.8,683.69,11.747925608011444,0.9780972818311875,2017,12,217,2826,-2127,1512086400000
2022,10,218,234,8731.83,7950.55,160.57999999999998,33.9767094017094,0.6862393162393162,2022,10,218,1224,-990,1664582400000
2023,12,204,1,54.9,53.4,0.0,53.4,0.0,2023,12,204,12,-11,1701388800000
2016,3,253,16,973.61,818.0,114.11,51.125,7.131875,2016,3,253,56,-40,1456790400000
2023,9,174,127,4801.63,4334.06,100.43,34.126456692913386,0.7907874015748032,2023,9,174,449,-322,1693526400000
2018,10,133,600,14797.08,12720.68,738.96,21.201133333333335,1.2316,2018,10,133,2694,-2094,1538352000000
2024,9,79,85585,1955356.6300000001,1338448.07,217730.11000000002,15.638816030846527,2.544021849623182,2024,9,79,78303,7282,1725148800000
2018,5,90,160827,2203813.7,1735184.53,263552.64,10.789136960833691,1.6387337946986513,2018,5,90,132756,28071,1525132800000
2016,10,185,52,905.16,737.0,103.57,14.173076923076923,1.991730769230769,2016,10,185,1286,-1234,1475280000000
2020,8,18,361,13433.52,11830.89,595.13,32.77254847645429,1.6485595567867035,2020,8,18,743,-382,1596240000000
2016,4,233,156998,2379529.69,1874531.82,274546.6,11.93984522095823,1.748726735372425,2016,4,233,161767,-4769,1459468800000
2016,9,147,82,1587.49,1414.7,58.68,17.252439024390245,0.715609756097561,2016,9,147,1128,-1046,1472688000000
2018,8,40,3806,67185.98,53326.07,8115.42,14.011053599579611,2.132270099842354,2018,8,40,8484,-4678,1533081600000
2016,11,239,266778,3575805.06,2850691.22,400573.25,10.685630824130927,1.5015228017302775,2016,11,239,248204,18574,1477958400000
2021,5,115,15,912.52,709.66,16.090000000000003,47.31066666666666,1.0726666666666669,2021,5,115,61,-46,1619827200000
2018,5,162,313598,4737954.489999999,3715633.78,577990.84,11.848397566311009,1.8430947901453452,2018,5,162,277017,36581,1525132800000
2016,11,262,129834,1857398.1500000001,1494381.71,207042.12,11.509941232650924,1.5946679606266463,2016,11,262,133129,-3295,1477958400000
2024,11,50,20791,481497.18,335444.3,50137.07,16.13411091337598,2.4114794863161944,2024,11,50,35542,-14751,1730419200000
2025,2,16,222,6155.03,5369.14,48.21,24.185315315315318,0.21716216216216216,2025,2,16,772,-550,1738368000000
2025,5,47,884,22733.03,20237.19,81.67999999999999,22.89274886877828,0.09239819004524887,2025,5,47,1188,-304,1746057600000
2019,3,156,15,1010.72,856.45,24.0,57.09666666666667,1.6,2019,3,156,86,-71,1551398400000
2018,2,84,1,49.3,48.0,0.0,48.0,0.0,2018,2,84,52,-51,1517443200000
2016,2,108,35,727.13,638.3,48.63,18.237142857142857,1.3894285714285715,2016,2,108,558,-523,1454284800000
2022,3,116,3410,68655.89,54138.48,7046.69,15.876387096774195,2.0664780058651027,2022,3,116,9661,-6251,1646092800000
2023,11,14,289,12524.56,10541.63,479.49,36.47622837370242,1.6591349480968858,2023,11,14,2069,-1780,1698796800000
2018,12,166,42423,633048.2200000001,504318.19,71769.2,11.887848336987012,1.691752115597671,2018,12,166,58013,-15590,1543622400000
2021,12,209,5461,131925.03,94962.11,16181.51,17.389143014099982,2.963103827137887,2021,12,209,8341,-2880,1638316800000
2022,11,61,637,21083.77,17676.25,2444.52,27.749215070643643,3.837551020408163,2022,11,61,5352,-4715,1667260800000
2020,2,234,193038,3166531.9400000004,2028799.77,407881.29000000004,10.50984661051192,2.112958536661176,2020,2,234,168097,24941,1580515200000
2024,12,39,1433,45754.23,43207.1,117.92999999999999,30.15150034891835,0.08229588276343335,2024,12,39,2074,-641,1733011200000
2017,7,89,750,14252.73,11777.47,1276.6200000000001,15.703293333333333,1.7021600000000001,2017,7,89,7233,-6483,1498867200000
2021,12,127,220,6552.95,5474.87,478.08,24.885772727272727,2.173090909090909,2021,12,127,2398,-2178,1638316800000
2022,7,195,202,7516.7699999999995,5899.46,757.99,29.205247524752476,3.7524257425742573,2022,7,195,1148,-946,1656633600000
2023,11,226,2343,85394.41,69291.81,8284.84,29.57396927016645,3.5359965855740505,2023,11,226,5292,-2949,1698796800000
2023,5,168,476,14998.06,12518.9,897.96,26.300210084033612,1.8864705882352941,2023,5,168,2037,-1561,1682899200000
2017,1,8,125,4545.15,3636.33,481.08,29.09064,3.84864,2017,1,8,161,-36,1483228800000
2021,4,185,350,11403.31,9650.65,170.07,27.573285714285714,0.4859142857142857,2021,4,185,687,-337,1617235200000
2017,1,132,227171,12660835.9,10411100.88,1353331.24,45.82935709223449,5.9573239542019,2017,1,132,72183,154988,1483228800000
2019,12,146,5451,90637.68000000001,71428.24,7408.92,13.103694734911027,1.3591854705558613,2019,12,146,8724,-3273,1575158400000
2024,2,121,213,7636.67,6803.51,154.66,31.94136150234742,0.7261032863849766,2024,2,121,605,-392,1706745600000
2025,9,84,6,238.0,220.5,15.0,36.75,2.5,2025,9,84,43,-37,1756684800000
2019,11,20,144,5152.39,4413.7,83.94,30.650694444444444,0.5829166666666666,2019,11,20,604,-460,1572566400000
2017,11,41,30670,395802.08,321841.28,36032.6,10.493683730029346,1.174848386044995,2017,11,41,55885,-25215,1509494400000
2020,4,107,5735,90014.91,59855.3,9436.17,10.436843940714908,1.6453653007846556,2020,4,107,4161,1574,1585699200000
2018,3,211,71537,1045171.6000000001,835562.42,122189.28,11.680143422284972,1.7080570893383844,2018,3,211,76264,-4727,1519862400000
2025,11,238,78391,1530838.39,977685.51,178525.35,12.471910168259111,2.2773704889591917,2025,11,238,85887,-7496,1761955200000
2018,2,57,23,800.18,666.5,84.24000000000001,28.97826086956522,3.662608695652174,2018,2,57,290,-267,1517443200000
2020,12,228,619,21593.96,17999.35,1935.81,29.078109854604197,3.1273182552504037,2020,12,228,1043,-424,1606780800000
2016,1,214,12,383.94,298.89,60.87,24.9075,5.0725,2016,1,214,170,-158,1451606400000
2016,3,265,7148,495111.43,417117.24,55521.93,58.35439843312815,7.7674776161163965,2016,3,265,28445,-21297,1456790400000
2018,3,182,174,4160.4800000000005,3723.51,138.15,21.399482758620692,0.7939655172413793,2018,3,182,1112,-938,1519862400000
2024,3,64,64,2850.2,2553.08,103.46000000000001,39.891875,1.6165625000000001,2024,3,64,431,-367,1709251200000
2024,6,23,23,1128.42,926.46,49.22,40.280869565217394,2.14,2024,6,23,75,-52,1717200000000
2025,9,13,28609,871601.18,610677.66,90919.47,21.345648572127654,3.17800237687441,2025,9,13,33536,-4927,1756684800000
2019,9,96,50,2030.83,1839.78,31.189999999999998,36.7956,0.6237999999999999,2019,9,96,172,-122,1567296000000
2018,7,47,181,4740.78,4139.1,227.85,22.867955801104973,1.2588397790055248,2018,7,47,795,-614,1530403200000
2025,4,184,31,1106.6299999999999,920.03,36.91,29.67838709677419,1.1906451612903224,2025,4,184,60,-29,1743465600000
2023,5,120,23,1267.32,1005.44,130.48,43.71478260869566,5.673043478260869,2023,5,120,180,-157,1682899200000
2017,9,74,31649,417609.08,343469.2,30704.55,10.852450314385921,0.970158614806155,2017,9,74,66998,-35349,1504224000000
2016,2,62,664,9962.15,8264.12,891.02,12.445963855421688,1.3418975903614458,2016,2,62,6048,-5384,1454284800000
2019,1,115,19,832.78,665.8,0.0,35.04210526315789,0.0,2019,1,115,154,-135,1546300800000
2023,2,41,6932,141108.98,105240.25,13784.26,15.18180178880554,1.9884968263127525,2023,2,41,17398,-10466,1675209600000
2023,4,75,18818,402416.48,287997.58,42191.53,15.304367095334255,2.242083643320225,2023,4,75,38219,-19401,1680307200000
2025,3,247,2116,58583.47,51482.3,457.26,24.330009451795842,0.21609640831758034,2025,3,247,1872,244,1740787200000
2025,3,57,77,2198.67,1942.58,21.82,25.22831168831169,0.2833766233766234,2025,3,57,111,-34,1740787200000
2016,12,124,98,6749.54,5288.33,1061.69,53.96255102040816,10.83357142857143,2016,12,124,965,-867,1480550400000
2020,9,253,13,939.3100000000001,832.2,54.61,64.01538461538462,4.200769230769231,2020,9,253,19,-6,1598918400000
2021,2,149,238,9639.32,8394.34,242.33,35.270336134453785,1.0181932773109243,2021,2,149,481,-243,1612137600000
2019,9,156,10,1309.53,1075.09,159.96,107.50899999999999,15.996,2019,9,156,93,-83,1567296000000
2021,11,174,178,7447.7699999999995,6451.34,71.17999999999999,36.24348314606742,0.39988764044943814,2021,11,174,525,-347,1635724800000
2023,5,45,4982,146122.86,106289.73,15944.64,21.334751103974305,3.2004496186270575,2023,5,45,9175,-4193,1682899200000
2017,6,101,45,1200.09,1071.31,71.77,23.80688888888889,1.5948888888888888,2017,6,101,597,-552,1496275200000
2022,5,248,66,2343.54,2083.12,46.07,31.562424242424242,0.698030303030303,2022,5,248,340,-274,1651363200000
2024,9,66,2375,73604.22,61657.07,4050.79,25.96087157894737,1.7055957894736842,2024,9,66,4901,-2526,1725148800000
2022,1,111,2,57.72,38.0,9.57,19.0,4.785,2022,1,111,15,-13,1640995200000
2019,12,179,3364,54344.090000000004,44118.69,3899.92,13.114949464922711,1.1593103448275863,2019,12,179,8156,-4792,1575158400000
2019,2,189,1528,29085.12,23904.55,2314.54,15.6443390052356,1.5147513089005236,2019,2,189,6338,-4810,1548979200000
2019,12,45,13014,273243.39,197929.46,27077.57,15.208964192408175,2.080649300753035,2019,12,45,18834,-5820,1575158400000
2020,3,175,45,1590.42,1460.13,14.88,32.44733333333333,0.33066666666666666,2020,3,175,265,-220,1583020800000
2024,5,30,7,183.9,154.7,0.0,22.099999999999998,0.0,2024,5,30,27,-20,1714521600000
2018,3,259,130,4452.49,3812.2,430.2,29.324615384615385,3.309230769230769,2018,3,259,1084,-954,1519862400000
2025,4,82,2576,67688.15,58322.89,1732.15,22.640873447204967,0.6724184782608696,2025,4,82,4029,-1453,1743465600000
2019,5,107,171531,2900501.7,1897078.97,350015.87,11.05968582938361,2.040540019005311,2019,5,107,153861,17670,1556668800000
2018,11,56,508,21101.02,17279.36,1601.71,34.01448818897638,3.152972440944882,2018,11,56,2152,-1644,1541030400000
2022,8,134,317,14748.76,12183.43,1484.67,38.43353312302839,4.683501577287067,2022,8,134,1215,-898,1659312000000
2025,4,147,564,15036.89,13236.61,74.75,23.469166666666666,0.1325354609929078,2025,4,147,651,-87,1743465600000
2020,6,34,70,2970.42,2805.7,16.54,40.08142857142857,0.23628571428571427,2020,6,34,77,-7,1590969600000
2017,9,233,111981,1779407.48,1408150.82,204147.76,12.574908421964441,1.8230571257624062,2017,9,233,126150,-14169,1504224000000
2019,12,143,81008,1291253.86,841420.19,152775.28,10.386877715781157,1.885928303377444,2019,12,143,93536,-12528,1575158400000
2018,4,202,352,8266.06,7140.3,652.35,20.284943181818182,1.8532670454545455,2018,4,202,3841,-3489,1522540800000
2018,11,115,10,334.68,273.82,33.08,27.381999999999998,3.308,2018,11,115,136,-126,1541030400000
2016,8,136,116,2171.21,1852.2,141.89000000000001,15.967241379310344,1.223189655172414,2016,8,136,1342,-1226,1470009600000
2022,7,264,40122,1214430.22,874934.24,153749.41,21.80684512237675,3.8320475051094163,2022,7,264,23422,16700,1656633600000
2018,3,119,309,5413.01,4737.32,222.5,15.33113268608414,0.7200647249190939,2018,3,119,1988,-1679,1519862400000
2019,3,69,1159,32227.09,29165.6,277.6,25.164452113891283,0.2395168248490078,2019,3,69,4118,-2959,1551398400000
2022,12,7,1916,37400.12,30145.28,3442.14,15.733444676409185,1.7965240083507306,2022,12,7,11782,-9866,1669852800000
2023,5,225,460,15262.43,13220.99,896.84,28.741282608695652,1.9496521739130435,2023,5,225,3423,-2963,1682899200000
2025,1,82,1520,42223.2,35427.21,1655.1200000000001,23.307375,1.0888947368421054,2025,1,82,2789,-1269,1735689600000
2020,1,61,1901,52730.98,45614.63,1348.94,23.995071015255128,0.709594950026302,2020,1,61,9255,-7354,1577836800000
2025,2,53,308,9663.87,8188.53,260.67,26.586136363636363,0.8463311688311689,2025,2,53,749,-441,1738368000000
2019,12,54,213,5269.87,4005.61,592.21,18.80568075117371,2.780328638497653,2019,12,54,1890,-1677,1575158400000
2023,5,84,3,187.31,146.7,0.0,48.9,0.0,2023,5,84,21,-18,1682899200000
2016,12,98,68,2206.96,1882.3,230.15,27.680882352941175,3.384558823529412,2016,12,98,880,-812,1480550400000
2018,1,122,35,801.32,656.5,109.37,18.757142857142856,3.124857142857143,2018,1,122,357,-322,1514764800000
2024,8,237,119450,2360486.78,1502409.67,299049.22,12.5777285056509,2.503551444118878,2024,8,237,106818,12632,1722470400000
2017,6,243,2188,42718.21,34795.86,4549.5,15.903043875685558,2.079296160877514,2017,6,243,18771,-16583,1496275200000
2018,11,226,11962,237904.19,199580.8,19467.44,16.684567798027086,1.6274402273867246,2018,11,226,18333,-6371,1541030400000
2019,10,92,498,16662.16,14424.87,329.9,28.965602409638556,0.6624497991967871,2019,10,92,3221,-2723,1569888000000
2021,6,189,486,13757.92,10880.49,1606.43,22.38783950617284,3.305411522633745,2021,6,189,2333,-1847,1622505600000
2020,9,158,5261,90888.88,59338.85,12095.13,11.27900589241589,2.2990172970918077,2020,9,158,9240,-3979,1598918400000
2017,1,76,250,7197.4800000000005,5767.52,924.92,23.07008,3.69968,2017,1,76,2100,-1850,1483228800000
2019,1,55,336,13936.08,12900.29,40.269999999999996,38.39372023809524,0.11985119047619046,2019,1,55,1358,-1022,1546300800000
2024,9,91,1011,29636.72,27843.65,46.23,27.540702274975274,0.04572700296735905,2024,9,91,1510,-499,1725148800000
2016,12,246,131854,1998518.4100000001,1590935.4,234226.44,12.065886510837744,1.7764075416748828,2016,12,246,163440,-31586,1480550400000
2022,7,98,53,1440.67,1213.51,143.51,22.896415094339623,2.7077358490566037,2022,7,98,678,-625,1656633600000
2024,8,241,213,9221.37,8479.75,96.08,39.81103286384977,0.4510798122065728,2024,8,241,565,-352,1722470400000
2025,8,11,286,6973.89,6212.28,35.7,21.72125874125874,0.12482517482517483,2025,8,11,641,-355,1754006400000
2022,8,183,21,805.03,736.49,21.09,35.070952380952384,1.0042857142857142,2022,8,183,189,-168,1659312000000
2016,2,77,106,4107.75,3801.88,177.49,35.86679245283019,1.674433962264151,2016,2,77,917,-811,1454284800000
2023,10,69,323,9630.81,8788.29,101.16,27.208328173374614,0.31318885448916406,2023,10,69,1002,-679,1696118400000
2017,4,109,6,235.16,198.0,18.84,33.0,3.14,2017,4,109,95,-89,1491004800000
2018,6,11,104,3784.36,3280.5,228.98,31.54326923076923,2.2017307692307693,2018,6,11,657,-553,1527811200000
2019,4,112,2327,43338.45,33939.73,4274.97,14.58518693596906,1.8371164589600344,2019,4,112,15242,-12915,1554076800000
2017,3,34,374,6104.87,4932.0,697.44,13.18716577540107,1.864812834224599,2017,3,34,1578,-1204,1488326400000
2021,5,117,249,14010.56,12018.460000000001,93.44,48.26690763052209,0.3752610441767068,2021,5,117,752,-503,1619827200000
2023,1,132,160025,11926657.11,9384168.01,1326331.3,58.641887267614436,8.288275581940322,2023,1,132,33189,126836,1672531200000
2022,1,162,74528,1186958.0,748513.31,156422.34000000003,10.043383828896523,2.098839899098326,2022,1,162,57212,17316,1640995200000
2021,7,194,147,7581.55,5580.42,721.99,37.96204081632653,4.911496598639456,2021,7,194,399,-252,1625097600000
2025,4,238,73208,1535682.13,1004994.27,179673.09,13.727929597858157,2.4542821822751613,2025,4,238,82583,-9375,1743465600000
2024,8,68,84429,2096865.15,1430435.14,252853.33,16.942462187163176,2.9948634947707538,2024,8,68,79207,5222,1722470400000
2019,2,147,263,9093.2,8037.17,63.96,30.55958174904943,0.24319391634980989,2019,2,147,888,-625,1548979200000
2021,1,230,20202,313170.36,202663.13,35076.08,10.031834966834968,1.7362676962676964,2021,1,230,15583,4619,1609459200000
2019,6,207,460,5966.26,4623.5,587.5600000000001,10.05108695652174,1.277304347826087,2019,6,207,458,2,1559347200000
2021,4,108,231,8803.27,7576.79,109.33,32.79995670995671,0.47329004329004326,2021,4,108,388,-157,1617235200000
2022,11,100,51484,1003855.09,678835.61,121430.39,13.185370406339834,2.3586044207909254,2022,11,100,45370,6114,1667260800000
2025,6,95,3284,92076.4,78554.8,1574.2,23.920462850182705,0.47935444579780756,2025,6,95,7241,-3957,1748736000000
2020,9,7,1851,34023.090000000004,28015.38,2464.33,15.135267423014588,1.3313506212857915,2020,9,7,5086,-3235,1598918400000
2024,8,178,107,3096.15,2908.16,25.59,27.179065420560747,0.2391588785046729,2024,8,178,285,-178,1722470400000
2016,6,243,2866,54202.11,44622.19,5331.28,15.569501046755061,1.8601814375436148,2016,6,243,22455,-19589,1464739200000
2021,3,172,8,361.89,281.02,53.36,35.1275,6.67,2021,3,172,28,-20,1614556800000
2023,12,200,110,4901.77,4348.13,127.41,39.528454545454544,1.1582727272727273,2023,12,200,1076,-966,1701388800000
2025,9,138,111700,7442555.74,4809168.75,1029510.52,43.05433079677708,9.216745926589079,2025,9,138,41035,70665,1756684800000
2016,8,28,748,34439.12,28408.31,3068.21,37.97902406417113,4.101885026737968,2016,8,28,2942,-2194,1470009600000
2024,3,189,529,15875.04,13639.62,843.27,25.783780718336484,1.5940831758034026,2024,3,189,3047,-2518,1709251200000
2019,7,208,259,10521.19,8669.33,228.97,33.4723166023166,0.884054054054054,2019,7,208,1053,-794,1561939200000
2022,11,44,31,2289.1,1935.3000000000002,30.06,62.429032258064524,0.9696774193548386,2022,11,44,47,-16,1667260800000
2019,6,15,134,4115.67,3659.26,54.46,27.307910447761195,0.4064179104477612,2019,6,15,772,-638,1559347200000
2016,5,136,162,2854.83,2407.32,244.1,14.860000000000001,1.5067901234567902,2016,5,136,1551,-1389,1462060800000
2021,11,209,5523,133004.1,95720.75,16329.78,17.33129639688575,2.9566865833785987,2021,11,209,8693,-3170,1635724800000
2024,4,148,37662,941655.53,666081.61,98862.88,17.685773724178215,2.625003451755085,2024,4,148,37323,339,1711929600000
2024,12,119,392,13431.35,12206.06,108.83,31.137908163265305,0.27762755102040815,2024,12,119,669,-277,1733011200000
2023,4,44,61,4483.61,3721.1000000000004,80.0,61.0016393442623,1.3114754098360655,2023,4,44,72,-11,1680307200000
2020,6,150,46,1406.8,1205.27,126.38,26.201521739130435,2.747391304347826,2020,6,150,136,-90,1590969600000
2020,11,219,323,16211.29,14308.45,813.34,44.29860681114551,2.5180804953560374,2020,11,219,630,-307,1604188800000
2023,3,205,297,10419.99,9628.28,65.61,32.41845117845118,0.22090909090909092,2023,3,205,988,-691,1677628800000
2016,4,168,2189,35088.87,29686.26,2241.23,13.56156235724075,1.0238602101416172,2016,4,168,8965,-6776,1459468800000
2019,4,10,2645,162956.62,128246.56,14676.58,48.48641209829868,5.548801512287334,2019,4,10,4975,-2330,1554076800000
2021,4,41,14124,216781.06,168462.69,17960.82,11.927406542056074,1.2716525063721325,2021,4,41,21247,-7123,1617235200000
2025,2,157,1546,45482.83,37116.08,1960.15,24.007813712807245,1.2678848641655887,2025,2,157,2034,-488,1738368000000
2019,11,235,464,13582.33,11981.04,52.72,25.821206896551725,0.11362068965517241,2019,11,235,1370,-906,1572566400000
2016,3,86,62,8692.44,7442.52,1158.6,120.04064516129033,18.687096774193545,2016,3,86,533,-471,1456790400000
2024,10,9,93,2933.81,2668.01,48.58,28.688279569892476,0.5223655913978494,2024,10,9,357,-264,1727740800000
2022,1,174,102,3419.41,3065.8,93.50999999999999,30.05686274509804,0.9167647058823528,2022,1,174,350,-248,1640995200000
2023,11,135,120,4278.63,3796.8,128.27,31.64,1.0689166666666667,2023,11,135,804,-684,1698796800000
2020,9,261,4540,98209.82,71265.45,9935.2,15.697235682819382,2.1883700440528635,2020,9,261,4106,434,1598918400000
2025,6,65,6878,195930.4,162627.8,6794.59,23.644635068333816,0.9878729281767956,2025,6,65,7775,-897,1748736000000
2022,1,70,9092,370915.01,264822.13,47396.88,29.126939067311923,5.213031236251649,2022,1,70,1231,7861,1640995200000
2019,1,214,25,1377.79,1137.91,25.07,45.516400000000004,1.0028,2019,1,214,148,-123,1546300800000
2016,5,155,77,2105.14,1691.02,290.62,21.961298701298702,3.7742857142857145,2016,5,155,1559,-1482,1462060800000
2019,10,142,229409,3778006.42,2473343.43,449174.75999999995,10.78137052164475,1.9579648575252058,2019,10,142,204579,24830,1569888000000
2022,7,244,2508,60216.4,48153.2,5969.6,19.199840510366826,2.3802232854864434,2022,7,244,11177,-8669,1656633600000
2018,1,40,4709,77561.21,61461.5,9454.82,13.0519218517732,2.0078190698662137,2018,1,40,9773,-5064,1514764800000
2019,9,209,15401,357832.61,259330.56,39334.98,16.83855334069216,2.554053632880982,2019,9,209,20234,-4833,1567296000000
2020,2,252,128,6081.61,4922.05,383.18,38.453515625,2.99359375,2020,2,252,1083,-955,1580515200000
2020,6,115,40,2274.87,1853.6499999999999,66.0,46.341249999999995,1.65,2020,6,115,83,-43,1590969600000
2022,3,202,121,3447.19,2713.4,475.29,22.42479338842975,3.92801652892562,2022,3,202,1902,-1781,1646092800000
2023,12,50,20465,495710.05,343690.74,54399.07,16.79407476178842,2.6581514781333984,2023,12,50,33547,-13082,1701388800000
2016,2,38,29,1080.99,977.0,54.230000000000004,33.689655172413794,1.87,2016,2,38,541,-512,1454284800000
2016,4,167,287,4941.13,4323.5,219.85,15.064459930313589,0.7660278745644599,2016,4,167,1924,-1637,1459468800000
2024,2,264,9660,271929.47,190077.18,34509.5,19.676726708074533,3.5724120082815736,2024,2,264,14795,-5135,1706745600000
2024,3,264,11567,335942.01,237198.55,42125.9,20.50648828564018,3.641903691536267,2024,3,264,17590,-6023,1709251200000
2025,3,81,615,21767.54,19857.58,77.85,32.28874796747968,0.12658536585365854,2025,3,81,642,-27,1740787200000
2016,12,230,340665,5719342.9,4626095.84,563380.0,13.579604127221756,1.65376542938077,2016,12,230,324720,15945,1480550400000
2023,12,217,154,4579.75,3967.39,228.97,25.762272727272727,1.4868181818181818,2023,12,217,1117,-963,1701388800000
2016,12,40,6383,110670.51,87602.56,13227.82,13.724355318815604,2.0723515588281374,2016,12,40,12402,-6019,1480550400000
2018,6,78,181,4216.99,3739.5,117.72,20.66022099447514,0.6503867403314917,2018,6,78,928,-747,1527811200000
2016,11,158,122308,1854742.61,1483924.97,212078.76,12.132689358014193,1.7339729208228407,2016,11,158,111500,10808,1477958400000
2016,3,194,586,31788.31,24501.25,3769.85,41.81100682593857,6.433191126279863,2016,3,194,891,-305,1456790400000
2022,4,120,35,1619.27,1324.56,130.76,37.84457142857143,3.7359999999999998,2022,4,120,145,-110,1648771200000
2025,4,79,93035,2036181.64,1324134.03,206221.44,14.232643951201162,2.2166006341699362,2025,4,79,81550,11485,1743465600000
2018,5,43,147560,2081473.5800000003,1677284.74,225594.99,11.366798183789644,1.5288356600704798,2018,5,43,121657,25903,1525132800000
2018,6,172,5,283.04,255.5,0.0,51.1,0.0,2018,6,172,115,-110,1527811200000
2020,8,7,1820,33754.7,28445.29,2000.58,15.62928021978022,1.0992197802197803,2020,8,7,4247,-2427,1596240000000
2022,8,216,654,37766.09,31228.45,4401.08,47.74992354740061,6.7294801223241585,2022,8,216,3534,-2880,1659312000000
2017,10,232,18080,310545.7,256448.23,31684.31,14.184083517699115,1.7524507743362832,2017,10,232,46656,-28576,1506816000000
2021,5,15,103,3961.89,3448.03,8.0,33.47601941747573,0.07766990291262135,2021,5,15,420,-317,1619827200000
2024,12,183,107,4394.05,3832.74,141.2,35.82,1.319626168224299,2024,12,183,207,-100,1733011200000
2021,12,189,395,11244.05,9002.95,1286.9,22.79227848101266,3.257974683544304,2021,12,189,2556,-2161,1638316800000
2017,12,151,86851,1141432.73,912750.58,125710.38,10.509384808465072,1.4474258212340676,2017,12,151,81547,5304,1512086400000
2016,11,227,127,2517.66,2139.51,218.37,16.84653543307087,1.7194488188976378,2016,11,227,2294,-2167,1477958400000
2025,2,121,530,14780.6,13023.19,110.76,24.572056603773586,0.2089811320754717,2025,2,121,1169,-639,1738368000000
2016,2,49,5858,85014.08,69213.42,8727.76,11.815196312734722,1.4898873335609424,2016,2,49,24312,-18454,1454284800000
2024,6,143,39368,838785.54,568263.47,91107.79,14.434654287746392,2.3142600589311115,2024,6,143,50959,-11591,1717200000000
2017,3,153,129,2181.04,1896.5,83.73,14.7015503875969,0.6490697674418605,2017,3,153,532,-403,1488326400000
2020,7,169,506,18043.83,16062.01,560.89,31.74310276679842,1.1084782608695651,2020,7,169,819,-313,1593561600000
2022,11,116,2828,62189.82,48841.3,6661.97,17.270615275813295,2.355717821782178,2022,11,116,8485,-5657,1667260800000
2023,5,186,112590,2841494.77,1936866.7899999998,358816.11,17.20283142374989,3.1869269917399414,2023,5,186,72494,40096,1682899200000
2022,11,133,65,2564.15,2063.94,276.51,31.75292307692308,4.254,2022,11,133,870,-805,1667260800000
2023,6,195,415,22375.44,18402.82,1728.22,44.344144578313255,4.164385542168675,2023,6,195,1248,-833,1685577600000
2021,6,10,910,53997.09,42756.49,4647.91,46.98515384615384,5.1075934065934065,2021,6,10,2126,-1216,1622505600000
2022,3,76,330,12172.01,10996.79,219.65,33.32360606060606,0.6656060606060606,2022,3,76,1458,-1128,1646092800000
2017,2,180,60,1836.05,1528.84,150.33,25.480666666666664,2.5055,2017,2,180,675,-615,1485907200000
2020,4,246,862,14659.73,10046.47,1392.49,11.65483758700696,1.615417633410673,2020,4,246,1791,-929,1585699200000
2021,9,255,1874,48975.46,36774.92,6994.57,19.623756670224118,3.732427961579509,2021,9,255,7731,-5857,1630454400000
2022,6,18,103,3871.0099999999998,3459.4100000000003,84.5,33.58650485436893,0.8203883495145631,2022,6,18,523,-420,1654041600000
2021,7,189,433,12197.1,9669.1,1451.55,22.330484988452657,3.352309468822171,2021,7,189,2454,-2021,1625097600000
2016,11,85,266,5467.6,4654.24,467.8,17.497142857142855,1.7586466165413535,2016,11,85,1573,-1307,1477958400000
2017,7,254,52,1025.19,903.5,35.3,17.375,0.6788461538461538,2017,7,254,822,-770,1498867200000
2016,5,156,5,142.26,99.0,13.18,19.8,2.636,2016,5,156,83,-78,1462060800000
2021,11,149,157,8175.2,7234.3,39.8,46.07834394904459,0.2535031847133758,2021,11,149,513,-356,1635724800000
2020,4,212,64,1644.05,1419.53,59.0,22.18015625,0.921875,2020,4,212,142,-78,1585699200000
2019,9,158,72548,1335237.78,895032.83,163373.72,12.337112394552571,2.25193968131444,2019,9,158,70768,1780,1567296000000
2022,4,225,407,11839.64,10034.87,1095.57,24.65570024570025,2.6918181818181814,2022,4,225,3295,-2888,1648771200000
2020,7,46,37,1706.74,1483.48,82.5,40.094054054054055,2.22972972972973,2020,7,46,65,-28,1593561600000
2019,4,183,142,5551.84,4821.94,60.14,33.95732394366197,0.42352112676056336,2019,4,183,443,-301,1554076800000
2017,7,45,21192,346925.15,290303.76,31107.48,13.698742921857304,1.4678878822197055,2017,7,45,25939,-4747,1498867200000
2018,5,182,228,6717.54,6011.5,140.88,26.36622807017544,0.6178947368421053,2018,5,182,1261,-1033,1525132800000
2020,7,247,679,17313.51,15164.78,708.15,22.3339911634757,1.0429307805596466,2020,7,247,1133,-454,1593561600000
2018,10,221,46,1801.42,1526.07,33.24,33.1754347826087,0.722608695652174,2018,10,221,210,-164,1538352000000
2022,11,124,87,4023.5499999999997,3381.81,372.74,38.87137931034483,4.2843678160919545,2022,11,124,622,-535,1667260800000
2025,7,63,1683,46374.97,42465.98,130.69,25.232311348781938,0.07765300059417707,2025,7,63,2291,-608,1751328000000
2020,1,3,206,7942.37,6616.17,253.32,32.11733009708738,1.2297087378640776,2020,1,3,573,-367,1577836800000
2022,5,108,60,2634.91,2322.6400000000003,53.17,38.710666666666675,0.8861666666666667,2022,5,108,260,-200,1651363200000
2017,7,75,54101,704025.92,574963.06,62370.28,10.627586551080388,1.1528489307036838,2017,7,75,93361,-39260,1498867200000
2018,3,257,358,7759.8,6362.6,668.6,17.772625698324024,1.8675977653631286,2018,3,257,4683,-4325,1519862400000
2023,8,211,21633,522897.08,353108.93,63596.17,16.322698192576155,2.939775805482365,2023,8,211,23549,-1916,1690848000000
2021,8,135,207,8533.49,7364.67,141.97,35.57811594202899,0.6858454106280193,2021,8,135,1014,-807,1627776000000
2018,12,31,46,1660.74,1421.85,81.63,30.90978260869565,1.7745652173913042,2018,12,31,459,-413,1543622400000
2021,8,243,782,22948.7,18602.29,2199.43,23.78809462915601,2.812570332480818,2021,8,243,5745,-4963,1627776000000
2023,8,81,94,4102.85,3762.0,11.0,40.02127659574468,0.11702127659574468,2023,8,81,322,-228,1690848000000
2023,10,242,217,6853.41,6222.99,79.53,28.6773732718894,0.36649769585253456,2023,10,242,588,-371,1696118400000
2017,3,181,14471,235586.29,189926.6,26803.79,13.124635477852257,1.8522417248289684,2017,3,181,38364,-23893,1488326400000
2017,11,56,304,11214.53,8925.5,1194.43,29.36019736842105,3.929046052631579,2017,11,56,2276,-1972,1509494400000
2022,8,135,167,5345.09,4711.43,154.71,28.212155688622754,0.9264071856287426,2022,8,135,1066,-899,1659312000000
2025,5,108,571,15159.91,13846.66,45.71,24.24984238178634,0.08005253940455341,2025,5,108,859,-288,1746057600000
2016,9,241,123,2162.2000000000003,1935.8,77.12,15.738211382113821,0.6269918699186993,2016,9,241,1723,-1600,1472688000000
2020,2,56,900,52280.95,39118.77,5611.69,43.4653,6.235211111111111,2020,2,56,2953,-2053,1580515200000
2016,9,220,224,4148.78,3461.03,341.52,15.451026785714287,1.524642857142857,2016,9,220,3959,-3735,1472688000000
2022,3,208,56,1614.55,1448.04,26.259999999999998,25.857857142857142,0.4689285714285714,2022,3,208,507,-451,1646092800000
2024,2,36,282,8623.25,7428.53,372.5,26.342304964539007,1.320921985815603,2024,2,36,1592,-1310,1706745600000
2025,9,205,1311,46529.07,42944.14,35.59,32.75678108314264,0.027147215865751338,2025,9,205,2467,-1156,1756684800000
2017,10,107,230602,3148295.96,2475654.88,378739.32000000007,10.735617557523351,1.6423939081187504,2017,10,107,205069,25533,1506816000000
2022,3,43,59115,1004246.4,657519.93,133343.79,11.122725704136007,2.255667597056585,2022,3,43,45265,13850,1646092800000
2019,11,5,26,1582.9199999999998,1526.0,13.6,58.69230769230769,0.5230769230769231,2019,11,5,59,-33,1572566400000
2016,1,151,90100,1191792.41,960763.45,124609.71,10.663301331853496,1.3830156492785795,2016,1,151,83469,6631,1451606400000
2025,2,190,204,5338.14,4513.09,126.81,22.122990196078433,0.6216176470588235,2025,2,190,426,-222,1738368000000
2019,6,43,113090,1891661.24,1271920.0,213312.16999999998,11.24697143867716,1.8862160226368379,2019,6,43,91127,21963,1559347200000
2019,5,18,271,9310.01,8262.62,105.28,30.48937269372694,0.3884870848708487,2019,5,18,1333,-1062,1556668800000
2025,9,73,141,4028.71,3590.07,12.44,25.461489361702128,0.08822695035460992,2025,9,73,501,-360,1756684800000
2019,12,101,240,9403.75,8399.69,39.010000000000005,34.99870833333333,0.1625416666666667,2019,12,101,553,-313,1575158400000
2016,5,142,333407,4670483.34,3742655.45,512028.44,11.225485517700589,1.5357459201516466,2016,5,142,293989,39418,1462060800000
2020,9,89,877,27656.34,23579.67,2181.77,26.88673888255416,2.4877651083238312,2020,9,89,1981,-1104,1598918400000
2016,12,194,448,25455.74,19681.18,2723.38,43.93120535714286,6.078973214285715,2016,12,194,547,-99,1480550400000
2023,2,119,134,4455.86,3974.54,76.47,29.660746268656716,0.5706716417910448,2023,2,119,507,-373,1675209600000
2021,3,235,602,19059.14,16482.16,86.77,27.379003322259138,0.1441362126245847,2021,3,235,1316,-714,1614556800000
2019,6,97,5582,103391.6,84517.76,8200.5,15.141125044786813,1.4690970978144033,2019,6,97,10836,-5254,1559347200000
2018,4,223,4382,97805.85,76868.84,9611.56,17.541953445915105,2.1934185303514377,2018,4,223,17507,-13125,1522540800000
2018,10,64,111,4049.16,3648.75,126.76,32.87162162162162,1.141981981981982,2018,10,64,760,-649,1538352000000
2019,4,11,127,5743.4800000000005,5097.04,96.23,40.134173228346455,0.7577165354330709,2019,4,11,582,-455,1554076800000
2018,1,190,262,4500.57,3725.3,444.67,14.218702290076337,1.6972137404580154,2018,1,190,1239,-977,1514764800000
2020,9,182,373,12676.34,10457.72,882.62,28.036782841823054,2.3662734584450402,2020,9,182,744,-371,1598918400000
2017,11,133,381,7459.02,6089.8,745.97,15.983727034120735,1.9579265091863518,2017,11,133,2617,-2236,1509494400000
2021,7,146,1749,32661.920000000002,25361.52,2935.75,14.500583190394511,1.6785305889079474,2021,7,146,2897,-1148,1625097600000
2020,10,105,2,27.5,20.5,2.9,10.25,1.45,2020,10,105,2,0,1601510400000
2021,12,131,128,4995.84,4365.2,56.09,34.103125,0.438203125,2021,12,131,638,-510,1638316800000
2022,3,205,194,7510.68,6969.92,40.71,35.92742268041237,0.20984536082474228,2022,3,205,936,-742,1646092800000
2020,6,54,29,1268.22,1136.33,47.45,39.183793103448274,1.6362068965517242,2020,6,54,98,-69,1590969600000
2022,6,162,117002,2158235.44,1411029.34,285510.38,12.059873677373037,2.4402179449923933,2022,6,162,97544,19458,1654041600000
2023,8,76,435,15703.38,14264.43,205.67000000000002,32.79179310344828,0.47280459770114946,2023,8,76,1802,-1367,1690848000000
2025,1,168,1375,35810.46,30686.36,430.93,22.317352727272727,0.3134036363636364,2025,1,168,1934,-559,1735689600000
2024,3,117,323,15519.16,14273.57,15.0,44.19061919504644,0.04643962848297214,2024,3,117,455,-132,1709251200000
2018,3,117,39,3278.91,2996.57,181.18,76.83512820512821,4.645641025641026,2018,3,117,416,-377,1519862400000
2019,5,250,285,8498.57,7304.38,159.87,25.62940350877193,0.5609473684210526,2019,5,250,928,-643,1556668800000
2024,5,213,536,19509.6,17786.34,81.53999999999999,33.18347014925373,0.15212686567164177,2024,5,213,805,-269,1714521600000
2025,9,228,2157,67710.9,57820.07,750.85,26.80578117756143,0.34809921186833565,2025,9,228,3984,-1827,1756684800000
2025,11,166,26198,496789.74,343457.44,42142.52,13.110063363615543,1.6086159248797618,2025,11,166,33258,-7060,1761955200000
2016,12,76,302,7843.51,6585.11,631.52,21.805,2.0911258278145697,2016,12,76,2272,-1970,1480550400000
2017,1,175,21,732.68,603.8,96.5,28.75238095238095,4.595238095238095,2017,1,175,713,-692,1483228800000
2017,2,190,335,5287.07,4355.0,534.14,13.0,1.5944477611940298,2017,2,190,1540,-1205,1485907200000
2022,10,68,89217,1782534.08,1201688.49,232344.28999999998,13.469277043612765,2.604260286716657,2022,10,68,87843,1374,1664582400000
2021,5,158,14612,265919.72000000003,175042.91,35884.53,11.979394333424583,2.4558260333972077,2021,5,158,23678,-9066,1619827200000
2018,4,212,149,3214.73,2767.04,207.09,18.570738255033557,1.3898657718120806,2018,4,212,1186,-1037,1522540800000
2019,5,205,697,30644.1,28202.17,30.26,40.46222381635581,0.04341463414634147,2019,5,205,1834,-1137,1556668800000
2020,6,175,9,220.83,186.81,17.7,20.756666666666668,1.9666666666666666,2020,6,175,47,-38,1590969600000
2017,12,124,111,5527.22,4576.08,488.84,41.225945945945945,4.403963963963964,2017,12,124,838,-727,1512086400000
2018,3,205,168,5760.53,5301.22,144.12,31.554880952380955,0.8578571428571429,2018,3,205,1165,-997,1519862400000
2025,6,163,105704,2590523.43,1673212.79,310021.79,15.829228695224401,2.9329239196246117,2025,6,163,97748,7956,1748736000000
2021,7,98,75,3012.62,2599.12,19.15,34.65493333333333,0.2553333333333333,2021,7,98,652,-577,1625097600000
2024,10,73,58,1667.3899999999999,1477.56,28.11,25.475172413793103,0.4846551724137931,2024,10,73,302,-244,1727740800000
2018,3,121,123,3489.14,3013.3,205.06,24.49837398373984,1.6671544715447155,2018,3,121,1441,-1318,1519862400000
2023,2,163,83740,1945807.61,1264482.56,253237.13,15.100102221160736,3.0240880105087173,2023,2,163,69776,13964,1675209600000
2016,5,40,10253,189733.65,151141.89,23164.71,14.741235735882182,2.259310445723203,2016,5,40,15239,-4986,1462060800000
2018,8,243,1446,31160.5,26174.46,2546.01,18.10128630705394,1.7607261410788384,2018,8,243,13539,-12093,1533081600000
2025,8,33,5703,146339.07,118188.16,6132.11,20.723857618797126,1.0752428546379098,2025,8,33,10022,-4319,1754006400000
2025,9,61,8096,230306.79,205678.0,1699.6,25.404891304347824,0.20993083003952567,2025,9,61,12095,-3999,1756684800000
2018,11,28,951,43648.64,36117.66,3437.7200000000003,37.978611987381704,3.61484752891693,2018,11,28,1920,-969,1541030400000
2020,8,178,45,1453.57,1290.17,72.56,28.670444444444446,1.6124444444444446,2020,8,178,159,-114,1596240000000
2019,8,200,157,5667.55,4931.88,126.53,31.413248407643312,0.8059235668789809,2019,8,200,2078,-1921,1564617600000
2020,9,127,306,8444.06,7270.08,575.9399999999999,23.75843137254902,1.8821568627450977,2020,9,127,1453,-1147,1598918400000
2019,10,210,371,13246.81,11559.35,65.99,31.157277628032347,0.17787061994609163,2019,10,210,1221,-850,1569888000000
2019,11,142,217347,3579704.5700000003,2345854.49,429730.12999999995,10.793130293953908,1.9771615435225696,2019,11,142,194215,23132,1572566400000
2024,6,40,652,18858.71,14980.37,1201.13,22.976027607361964,1.8422239263803684,2024,6,40,2947,-2295,1717200000000
2023,1,230,98988,2561572.11,1704576.94,318250.53,17.220036165999918,3.2150415201842653,2023,1,230,89877,9111,1672531200000
2016,2,185,62,1318.14,1097.3,109.46000000000001,17.698387096774194,1.765483870967742,2016,2,185,1431,-1369,1454284800000
2024,1,101,56,2147.75,1984.24,22.43,35.432857142857145,0.4005357142857143,2024,1,101,257,-201,1704067200000
2019,2,222,497,18592.94,17275.63,27.48,34.759818913480885,0.05529175050301811,2019,2,222,691,-194,1548979200000
2023,3,201,64,3441.2000000000003,3070.3,51.6,47.9734375,0.80625,2023,3,201,343,-279,1677628800000
2021,12,97,1337,31111.0,25182.29,2878.84,18.834921465968588,2.1532086761406135,2021,12,97,3829,-2492,1638316800000
2023,10,14,261,10490.58,8654.93,553.21,33.16065134099617,2.119578544061303,2023,10,14,2375,-2114,1696118400000
2017,6,152,9915,141543.08000000002,116794.45,12195.29,11.779571356530509,1.2299838628340898,2017,6,152,17543,-7628,1496275200000
2016,4,50,114663,1674027.59,1350547.81,179550.92,11.77840986194326,1.5659011189311287,2016,4,50,129957,-15294,1459468800000
2017,10,220,172,3306.82,2812.78,250.29999999999998,16.353372093023257,1.455232558139535,2017,10,220,3212,-3040,1506816000000
2019,4,138,194693,8290875.73,5943696.05,1081290.9299999997,30.52855546938,5.553825407179507,2019,4,138,82431,112262,1554076800000
2019,10,60,148,4650.5,3997.87,46.650000000000006,27.012635135135135,0.31520270270270273,2019,10,60,512,-364,1569888000000
2019,8,209,15575,356794.3,259163.87,37664.62,16.639734831460675,2.418274157303371,2019,8,209,19406,-3831,1564617600000
2020,11,227,268,8701.14,7434.27,710.66,27.739813432835824,2.6517164179104475,2020,11,227,510,-242,1604188800000
2023,9,157,248,11271.26,8923.41,1203.5,35.981491935483874,4.852822580645161,2023,9,157,1000,-752,1693526400000
2024,1,140,66060,1459515.04,967638.12,181047.51,14.647867393278837,2.7406525885558586,2024,1,140,65207,853,1704067200000
2019,8,14,680,23845.4,20833.87,836.88,30.63804411764706,1.230705882352941,2019,8,14,5181,-4501,1564617600000
2019,11,25,5446,100586.53,81248.59,8963.27,14.918947851634226,1.6458446566287184,2019,11,25,11755,-6309,1572566400000
2023,4,130,473,26720.32,21979.75,2244.27,46.46881606765328,4.744756871035941,2023,4,130,1538,-1065,1680307200000
2023,4,35,265,9074.38,8322.9,96.63,31.407169811320752,0.36464150943396223,2023,4,35,661,-396,1680307200000
2024,7,239,76878,1653296.14,1083639.38,206856.21,14.095571945159863,2.690707484585967,2024,7,239,76974,-96,1719792000000
2017,8,3,25,612.04,527.5,14.46,21.1,0.5784,2017,8,3,549,-524,1501545600000
2018,6,253,38,1472.92,1187.5,178.4,31.25,4.6947368421052635,2018,6,253,103,-65,1527811200000
2019,2,94,225,6859.79,6191.67,15.42,27.518533333333334,0.06853333333333333,2019,2,94,632,-407,1548979200000
2022,5,157,283,13016.41,9862.55,1754.96,34.849999999999994,6.2012720848056535,2022,5,157,1201,-918,1651363200000
2023,9,129,848,28503.579999999998,22547.59,2385.86,26.589139150943396,2.8135141509433965,2023,9,129,4196,-3348,1693526400000
2024,11,80,2210,70185.39,59234.59,3246.17,26.802981900452487,1.4688552036199096,2024,11,80,4635,-2425,1730419200000
2018,5,222,170,6503.1,5934.6,203.28,34.90941176470589,1.1957647058823528,2018,5,222,451,-281,1525132800000
2020,6,58,10,411.2,339.55,16.81,33.955,1.6809999999999998,2020,6,58,25,-15,1590969600000
2021,8,169,258,9447.21,8256.1,107.4,32.00038759689922,0.4162790697674419,2021,8,169,857,-599,1627776000000
2021,10,216,510,26539.93,22287.19,1985.48,43.700372549019605,3.8930980392156864,2021,10,216,2166,-1656,1633046400000
2019,11,2,2,106.1,84.0,20.0,42.0,10.0,2019,11,2,8,-6,1572566400000
2023,6,71,189,6498.44,5772.27,228.22,30.541111111111114,1.2075132275132274,2023,6,71,899,-710,1685577600000
2025,1,225,1553,41830.51,37502.57,420.04,24.148467482292336,0.2704700579523503,2025,1,225,3422,-1869,1735689600000
2016,7,228,1296,25356.54,20886.36,2413.64,16.11601851851852,1.8623765432098764,2016,7,228,7970,-6674,1467331200000
2019,3,86,272,17576.39,16319.84,13.06,59.99941176470588,0.048014705882352945,2019,3,86,816,-544,1551398400000
2017,7,154,26,1822.82,1589.0,110.96,61.11538461538461,4.2676923076923075,2017,7,154,108,-82,1498867200000
2021,5,77,388,13679.03,11607.97,219.11,29.917448453608245,0.5647164948453609,2021,5,77,679,-291,1619827200000
2023,9,261,16640,566198.49,414751.36,66399.23,24.924961538461538,3.9903383413461535,2023,9,261,14837,1803,1693526400000
2024,10,225,1377,41767.159999999996,38285.22,526.77,27.80335511982571,0.3825490196078431,2024,10,225,3535,-2158,1727740800000
2025,3,10,1973,98218.07,81646.11,8202.45,41.38170805879371,4.157349214394324,2025,3,10,4405,-2432,1740787200000
2019,6,264,58692,1215198.8900000001,909612.46,143312.92,15.49806549444558,2.4417794588700334,2019,6,264,66107,-7415,1559347200000
2021,3,130,798,31230.85,26542.27,1030.2,33.260989974937345,1.2909774436090227,2021,3,130,1471,-673,1614556800000
2025,1,230,125829,3173698.44,2045020.28,390143.96,16.252376479190012,3.1005885765602526,2025,1,230,108177,17652,1735689600000
2023,6,225,463,16053.9,13554.01,1050.14,29.274319654427646,2.2681209503239743,2023,6,225,3392,-2929,1685577600000
2025,7,18,967,28126.26,25363.5,63.35,26.229058945191312,0.065511892450879,2025,7,18,1596,-629,1751328000000
2023,12,82,535,17378.37,14631.94,934.72,27.349420560747664,1.7471401869158878,2023,12,82,1926,-1391,1701388800000
2025,8,15,129,3845.27,3299.0,79.54,25.573643410852714,0.6165891472868218,2025,8,15,712,-583,1754006400000
2016,12,146,11116,168052.33000000002,140013.77,15134.0,12.595697193234976,1.3614609571788414,2016,12,146,13230,-2114,1480550400000
2017,10,14,373,8036.05,6771.02,627.22,18.152868632707776,1.6815549597855228,2017,10,14,7005,-6632,1506816000000
2021,3,101,115,5238.98,4667.58,127.25,40.58765217391304,1.1065217391304347,2021,3,101,256,-141,1614556800000
2016,2,88,42025,898870.08,728862.42,107575.5,17.343543604997027,2.559797739440809,2016,2,88,45895,-3870,1454284800000
2024,2,220,126,4345.18,3855.41,89.47,30.598492063492063,0.7100793650793651,2024,2,220,1140,-1014,1706745600000
2017,9,118,5,28.0,22.0,0.0,4.4,0.0,2017,9,118,169,-164,1504224000000
2020,8,147,265,9567.55,8456.45,288.31,31.911132075471702,1.0879622641509434,2020,8,147,442,-177,1596240000000
2021,2,248,247,9331.54,8062.62,62.58,32.642186234817814,0.25336032388663965,2021,2,248,451,-204,1612137600000
2022,11,148,30143,626209.45,431945.2,81399.1,14.329867630959095,2.7004312775768837,2022,11,148,30655,-512,1667260800000
2017,5,150,34,1128.24,878.71,119.97,25.84441176470588,3.5285294117647057,2017,5,150,527,-493,1493596800000
2023,4,217,90,2650.26,2137.48,253.53,23.749777777777776,2.817,2023,4,217,1204,-1114,1680307200000
2024,10,145,4270,126069.45,100354.31,10371.42,23.502180327868853,2.428903981264637,2024,10,145,9536,-5266,1727740800000
2024,12,208,202,7608.66,6723.31,104.36,33.28371287128713,0.5166336633663366,2024,12,208,562,-360,1733011200000
2022,2,93,217,13800.97,10533.96,1794.01,48.54359447004608,8.267327188940092,2022,2,93,392,-175,1643673600000
2017,5,201,8,343.52,294.56,45.36,36.82,5.67,2017,5,201,400,-392,1493596800000
2017,6,256,11594,186080.59,151117.01,20054.48,13.034070208728654,1.7297291702604796,2017,6,256,27250,-15656,1496275200000
2018,4,196,613,15772.25,12852.95,1437.1100000000001,20.967292006525287,2.344388254486134,2018,4,196,3101,-2488,1522540800000
2018,8,218,425,15085.18,13685.9,280.24,32.20211764705882,0.6593882352941177,2018,8,218,1763,-1338,1533081600000
2020,2,58,26,1107.68,760.52,254.04999999999998,29.25076923076923,9.771153846153846,2020,2,58,113,-87,1580515200000
2022,7,198,116,3827.8,3031.85,527.48,26.136637931034482,4.5472413793103446,2022,7,198,1906,-1790,1656633600000
2019,3,35,1244,41669.37,38692.77,84.1,31.10351286173633,0.06760450160771704,2019,3,35,2223,-979,1551398400000
2025,7,249,80819,1784369.4000000001,1152922.95,185113.46,14.265493881389277,2.290469567799651,2025,7,249,64886,15933,1751328000000
2016,9,235,161,3580.11,3131.81,212.46,19.45223602484472,1.3196273291925467,2016,9,235,1944,-1783,1472688000000
2017,4,211,83705,1267648.73,1026765.69,139127.96,12.266479780180395,1.662122453855803,2017,4,211,87193,-3488,1491004800000
2019,1,30,7,318.53999999999996,296.77,1.16,42.395714285714284,0.1657142857142857,2019,1,30,25,-18,1546300800000
2019,9,39,849,27186.6,24353.18,189.81,28.68454652532391,0.22356890459363957,2019,9,39,2159,-1310,1567296000000
2021,9,59,8,355.40999999999997,290.5,9.46,36.3125,1.1825,2021,9,59,40,-32,1630454400000
2024,3,206,6,285.06,227.54000000000002,20.76,37.92333333333334,3.4600000000000004,2024,3,206,53,-47,1709251200000
2025,5,78,1171,32253.77,28575.33,32.4,24.402502134927413,0.02766865926558497,2025,5,78,1575,-404,1746057600000
2017,5,170,314931,4630116.2700000005,3641350.78,543465.82,11.562376457065199,1.7256663205591065,2017,5,170,310428,4503,1493596800000
2021,4,256,680,17323.52,13689.26,1572.53,20.13126470588235,2.3125441176470587,2021,4,256,3856,-3176,1617235200000
2018,11,60,185,5162.31,4592.46,47.9,24.82410810810811,0.25891891891891894,2018,11,60,588,-403,1541030400000
2019,10,180,140,5085.84,4643.38,140.34,33.167,1.0024285714285714,2019,10,180,643,-503,1569888000000
2016,1,70,1908,56342.93,45584.05,6109.94,23.891011530398323,3.2022746331236895,2016,1,70,4104,-2196,1451606400000
2019,11,150,134,5983.07,5469.16,78.07,40.81462686567164,0.5826119402985074,2019,11,150,535,-401,1572566400000
2021,8,167,233,7742.11,6440.06,154.43,27.63974248927039,0.6627896995708155,2021,8,167,827,-594,1627776000000
2023,12,70,14338,935937.13,613272.66,123265.95,42.772538708327524,8.597150927604966,2023,12,70,1838,12500,1701388800000
2016,5,165,279,5793.27,4975.0,477.23,17.831541218637994,1.7105017921146954,2016,5,165,2803,-2524,1462060800000
2024,3,207,264,3849.75,2838.48,407.03,10.751818181818182,1.541780303030303,2024,3,207,259,5,1709251200000
2019,11,232,9167,193361.23,140151.69,19626.98,15.28871931929748,2.1410472346460128,2019,11,232,27705,-18538,1572566400000
2020,11,165,411,12933.01,11046.49,1107.9,26.877104622871045,2.6956204379562045,2020,11,165,738,-327,1604188800000
2018,12,86,154,9103.3,8466.16,74.88,54.975064935064935,0.4862337662337662,2018,12,86,680,-526,1543622400000
2019,7,63,325,10701.29,9454.74,282.14,29.09150769230769,0.8681230769230769,2019,7,63,1159,-834,1561939200000
2020,1,94,134,3796.13,3258.57,31.84,24.31768656716418,0.23761194029850746,2020,1,94,538,-404,1577836800000
2022,5,133,93,3433.8,2794.69,340.11,30.050430107526882,3.6570967741935485,2022,5,133,1039,-946,1651363200000
2021,6,65,2577,62670.23,49108.01,6598.95,19.05627085758634,2.560710128055879,2021,6,65,3751,-1174,1622505600000
2021,9,108,84,3770.46,3298.15,33.04,39.263690476190476,0.3933333333333333,2021,9,108,272,-188,1630454400000
2016,2,2,12,226.75,189.0,18.11,15.75,1.5091666666666665,2016,2,2,15,-3,1454284800000
2016,8,44,1,134.58,111.88,22.4,111.88,22.4,2016,8,44,37,-36,1470009600000
2024,12,11,124,4338.08,4004.18,69.04,32.291774193548385,0.5567741935483872,2024,12,11,284,-160,1733011200000
2025,3,234,114307,2483204.04,1553697.15,289660.87,13.592318493180644,2.53406064370511,2025,3,234,100409,13898,1740787200000
2023,9,163,77142,2013527.31,1359696.59,254291.79,17.62589238028571,3.2964116823520264,2023,9,163,68843,8299,1693526400000
2021,2,155,380,13932.1,11908.6,312.46999999999997,31.33842105263158,0.8222894736842105,2021,2,155,630,-250,1612137600000
2025,8,198,2116,45716.72,38395.09,595.17,18.145127599243853,0.2812712665406427,2025,8,198,5278,-3162,1754006400000
2018,7,231,133544,2163047.2399999998,1742344.01,250821.1,13.046965868927096,1.8781907086802851,2018,7,231,128266,5278,1530403200000
2021,11,181,1366,37117.18,29438.59,4243.57,21.55094436310395,3.106566617862372,2021,11,181,8416,-7050,1635724800000
2024,1,202,167,5766.53,4810.88,446.31,28.807664670658685,2.67251497005988,2024,1,202,1728,-1561,1704067200000
2020,10,64,109,4936.24,4234.4800000000005,283.82,38.84844036697248,2.603853211009174,2020,10,64,180,-71,1601510400000
2019,7,92,566,17543.87,15418.460000000001,278.67,27.241095406360426,0.4923498233215548,2019,7,92,3221,-2655,1561939200000
2021,5,211,16046,288651.38999999996,192723.05,36986.33,12.0106599775645,2.305018696248286,2021,5,211,21201,-5155,1619827200000
2017,3,119,357,6025.5,5111.87,424.72,14.318963585434174,1.1896918767507003,2017,3,119,2338,-1981,1488326400000
2021,12,250,84,3364.43,2890.67,34.61,34.4127380952381,0.4120238095238095,2021,12,250,323,-239,1638316800000
2022,6,156,15,1169.64,843.6,150.03,56.24,10.002,2022,6,156,53,-38,1654041600000
2020,5,228,379,14169.32,12154.66,1041.8700000000001,32.07034300791557,2.748997361477573,2020,5,228,621,-242,1588291200000
2017,10,238,181549,2392099.4099999997,1898431.23,274491.98,10.456853136067949,1.5119443235710468,2017,10,238,196744,-15195,1506816000000
2022,3,10,979,63566.85,48495.49,7441.67,49.535740551583245,7.601297242083759,2022,3,10,2411,-1432,1646092800000
2021,8,145,2807,52400.81,40183.32,5141.86,14.315397221232633,1.8317990737442107,2021,8,145,8946,-6139,1627776000000
2018,10,182,384,12018.96,10765.26,306.27,28.03453125,0.7975781249999999,2018,10,182,1291,-907,1538352000000
2021,5,96,19,804.39,672.02,20.0,35.369473684210526,1.0526315789473684,2021,5,96,100,-81,1619827200000
2020,1,175,101,3481.75,3112.45,7.08,30.816336633663365,0.0700990099009901,2020,1,175,593,-492,1577836800000
2016,9,15,20,964.75,806.3,126.37,40.315,6.3185,2016,9,15,830,-810,1472688000000
2022,4,108,61,2584.54,2353.83,16.66,38.587377049180326,0.27311475409836067,2022,4,108,267,-206,1648771200000
2021,6,149,192,8661.619999999999,7691.9,21.45,40.06197916666667,0.11171874999999999,2021,6,149,500,-308,1622505600000
2022,12,86,141,7350.29,6782.09,31.55,48.099929078014185,0.22375886524822697,2022,12,86,625,-484,1669852800000
2021,6,124,131,5445.8099999999995,4623.48,107.23,35.293740458015264,0.8185496183206107,2021,6,124,581,-450,1622505600000
2022,5,255,2470,67109.44,50733.32,9571.72,20.539805668016193,3.8751902834008094,2022,5,255,9868,-7398,1651363200000
2018,11,80,3054,57693.99,47647.12,5417.98,15.601545514079897,1.7740602488539619,2018,11,80,13478,-10424,1541030400000
2019,6,151,63241,965760.47,685263.25,107683.72,10.83574342594203,1.7027516958934867,2019,6,151,60183,3058,1559347200000
2020,5,129,436,10819.59,8969.77,435.5,20.572866972477065,0.9988532110091743,2020,5,129,1077,-641,1588291200000
2018,2,122,28,692.99,600.0,51.91,21.428571428571427,1.8539285714285714,2018,2,122,305,-277,1517443200000
2021,2,86,213,11360.43,10152.84,63.67,47.665915492957744,0.2989201877934272,2021,2,86,523,-310,1612137600000
2021,6,78,301,10531.51,8852.69,141.18,29.41093023255814,0.46903654485049834,2021,6,78,646,-345,1622505600000
2024,1,254,231,9743.32,8929.7,27.27,38.65670995670996,0.11805194805194805,2024,1,254,517,-286,1704067200000
2024,7,206,7,346.05,272.88,25.97,38.98285714285714,3.71,2024,7,206,79,-72,1719792000000
2016,10,173,415,6596.93,5734.12,278.32,13.817156626506025,0.6706506024096386,2016,10,173,3187,-2772,1475280000000
2017,9,98,55,1461.0,1259.8,78.25,22.905454545454546,1.4227272727272726,2017,9,98,1197,-1142,1504224000000
2016,8,203,59,2939.3500000000004,2382.0,382.97,40.3728813559322,6.4910169491525425,2016,8,203,1145,-1086,1470009600000
2024,11,161,171584,4220361.28,2809018.35,546660.75,16.371097246829542,3.1859657660387914,2024,11,161,138403,33181,1730419200000
2021,2,213,642,20980.28,16817.14,549.58,26.194922118380063,0.8560436137071652,2021,2,213,1147,-505,1612137600000
2019,11,77,293,9611.34,8464.87,59.019999999999996,28.89034129692833,0.2014334470989761,2019,11,77,691,-398,1572566400000
2017,5,181,11694,191096.57,154507.88,21753.82,13.212577390114589,1.8602548315375407,2017,5,181,35554,-23860,1493596800000
2018,12,20,160,4551.24,4054.29,107.74,25.3393125,0.673375,2018,12,20,775,-615,1543622400000
2020,11,46,22,961.6700000000001,821.99,60.5,37.36318181818182,2.75,2020,11,46,64,-42,1604188800000
2022,12,186,110249,2429806.6500000004,1660394.77,303553.99999999994,15.060406625003402,2.7533492367277703,2022,12,186,75881,34368,1669852800000
2023,7,20,68,2700.44,2298.85,113.59,33.80661764705882,1.6704411764705882,2023,7,20,315,-247,1688169600000
2024,1,170,83062,1881099.07,1224328.31,242238.27,14.73993294165804,2.916354891526811,2024,1,170,86730,-3668,1704067200000
2024,5,245,7,423.7,317.92,7.0,45.417142857142856,1.0,2024,5,245,49,-42,1714521600000
2025,7,45,9809,254886.68,184320.5,16874.76,18.790957284126822,1.720334386787644,2025,7,45,13420,-3611,1751328000000
2018,12,136,408,11872.92,10663.73,212.85,26.136593137254902,0.5216911764705883,2018,12,136,1306,-898,1543622400000
2024,8,59,9,205.09,185.15,0.0,20.572222222222223,0.0,2024,8,59,39,-30,1722470400000
2019,9,35,723,21229.17,18897.44,77.26,26.13753803596127,0.10686030428769018,2019,9,35,1575,-852,1567296000000
2022,4,97,1802,41865.63,32588.36,5283.82,18.08455049944506,2.9321975582685904,2022,4,97,4787,-2985,1648771200000
2024,6,128,38,1630.99,1418.94,85.85,37.340526315789475,2.259210526315789,2024,6,128,293,-255,1717200000000
2016,2,68,281672,3907371.62,3097333.3,444515.91,10.996241372944416,1.5781331122724302,2016,2,68,263590,18082,1454284800000
2016,10,91,181,4463.37,3773.01,348.68,20.845359116022102,1.9264088397790056,2016,10,91,1827,-1646,1475280000000
2021,9,232,5434,126105.4,91769.11,13984.88,16.88794810452705,2.5735885167464114,2021,9,232,15540,-10106,1630454400000
2018,1,186,292562,4098576.14,3272384.22,467730.31,11.185267464674155,1.598739104873497,2018,1,186,221509,71053,1514764800000
2022,10,145,3611,88727.06,66910.54,10714.22,18.52964275823871,2.967106064801994,2022,10,145,11526,-7915,1664582400000
2021,12,106,167,4722.32,3940.98,397.84,23.59868263473054,2.382275449101796,2021,12,106,1210,-1043,1638316800000
2023,11,149,68,2495.2599999999998,2256.87,25.29,33.18926470588235,0.37191176470588233,2023,11,149,397,-329,1698796800000
2021,11,260,819,23947.84,19844.75,1777.22,24.23046398046398,2.16998778998779,2021,11,260,3115,-2296,1635724800000
2020,6,217,141,3613.9,3144.25,199.25,22.29964539007092,1.4131205673758864,2020,6,217,679,-538,1590969600000
2024,6,63,430,14145.66,12907.67,207.53,30.017837209302325,0.4826279069767442,2024,6,63,822,-392,1717200000000
2024,12,155,433,13921.66,12988.82,218.67000000000002,29.997274826789837,0.5050115473441109,2024,12,155,1088,-655,1733011200000
2018,7,233,113607,1703223.12,1342795.37,194882.17,11.81965345445263,1.7154063570026497,2018,7,233,127113,-13506,1530403200000
2025,8,86,888,36264.36,34228.23,65.66,38.54530405405406,0.07394144144144144,2025,8,86,1505,-617,1754006400000
2024,7,173,162,5181.08,4625.49,139.09,28.552407407407404,0.8585802469135803,2024,7,173,650,-488,1719792000000
2016,5,180,141,5634.05,4496.35,653.58,31.889007092198582,4.635319148936171,2016,5,180,988,-847,1462060800000
2017,6,252,97,3652.76,2873.01,305.45,29.618659793814434,3.1489690721649484,2017,6,252,1283,-1186,1496275200000
2019,3,253,20,901.04,803.86,53.64,40.193,2.682,2019,3,253,102,-82,1551398400000
2020,2,211,51805,891023.18,588623.42,110984.32999999999,11.362289740372551,2.1423478428723093,2020,2,211,53000,-1195,1580515200000
2020,6,78,241,8645.88,7474.04,251.22,31.012614107883817,1.0424066390041493,2020,6,78,450,-209,1590969600000
2023,12,128,27,1003.73,788.34,39.53,29.19777777777778,1.464074074074074,2023,12,128,258,-231,1701388800000
2021,2,256,403,10496.35,8551.21,707.03,21.218883374689824,1.7544168734491314,2021,2,256,2232,-1829,1612137600000
2017,7,138,245710,10284261.05,7817206.74,1305922.18,31.814768385495096,5.314892271376826,2017,7,138,98342,147368,1498867200000
2016,3,256,19344,304614.69,245707.65,34158.35,12.702008374689825,1.765836952026468,2016,3,256,41862,-22518,1456790400000
2021,10,176,2,133.1,132.0,0.0,66.0,0.0,2021,10,176,30,-28,1633046400000
2024,6,167,390,12127.89,10988.24,103.2,28.174974358974357,0.26461538461538464,2024,6,167,545,-155,1717200000000
2016,4,67,100,3621.38,1966.31,1464.05,19.6631,14.6405,2016,4,67,2041,-1941,1459468800000
2016,12,80,6693,101532.32,81365.31,11261.21,12.15677722994173,1.682535484834902,2016,12,80,21653,-14960,1480550400000
2016,12,27,2,52.15,42.5,8.05,21.25,4.025,2016,12,27,74,-72,1480550400000
2017,7,242,105,2766.61,2369.9,197.14,22.570476190476192,1.8775238095238094,2017,7,242,875,-770,1498867200000
2018,6,260,4927,88248.8,74060.56,6625.54,15.03157296529328,1.3447412218388473,2018,6,260,9836,-4909,1527811200000
2019,2,204,5,352.44,345.69,0.0,69.138,0.0,2019,2,204,47,-42,1548979200000
2021,5,84,4,409.06,335.0,32.06,83.75,8.015,2021,5,84,19,-15,1619827200000
2024,3,100,55212,1322910.42,897531.45,151292.58,16.256093783960008,2.740211910454249,2024,3,100,46962,8250,1709251200000
2024,5,206,3,173.5,141.56,15.0,47.18666666666667,5.0,2024,5,206,75,-72,1714521600000
2025,1,196,604,18264.97,15382.37,652.52,25.4675,1.0803311258278145,2025,1,196,1316,-712,1735689600000
2020,7,65,872,23576.9,19758.7,1907.35,22.659059633027525,2.187327981651376,2020,7,65,1206,-334,1593561600000
2025,5,178,356,7895.57,6879.07,20.64,19.323230337078652,0.05797752808988764,2025,5,178,550,-194,1746057600000
2017,4,92,495,10532.79,8939.8,720.73,18.06020202020202,1.456020202020202,2017,4,92,4135,-3640,1491004800000
2018,2,93,781,46720.32,36813.51,5543.29,47.13637644046095,7.097682458386684,2018,2,93,667,114,1517443200000
2020,1,213,709,24698.02,20692.77,180.15,29.185853314527503,0.25409026798307477,2020,1,213,1533,-824,1577836800000
2016,2,224,38489,530956.91,424742.46,61427.8,11.035424666787915,1.595983267946686,2016,2,224,52384,-13895,1454284800000
2023,3,139,135,6165.87,5612.96,49.11,41.577481481481485,0.36377777777777776,2023,3,139,567,-432,1677628800000
2022,12,52,791,22056.56,16881.84,2989.82,21.342402022756005,3.7797977243994945,2022,12,52,2074,-1283,1669852800000
2016,5,199,2,51.099999999999994,36.5,6.96,18.25,3.48,2016,5,199,1,1,1462060800000
2024,6,218,430,16149.74,15162.04,57.269999999999996,35.260558139534886,0.1331860465116279,2024,6,218,946,-516,1717200000000
2017,1,193,4373,52560.0,44713.65,3282.47,10.224937114109308,0.7506219986279442,2017,1,193,5634,-1261,1483228800000
2020,11,123,283,8475.01,7372.33,694.37,26.050636042402825,2.4536042402826856,2020,11,123,535,-252,1604188800000
2020,9,13,4854,107763.18000000001,75670.04,13705.57,15.589213020189533,2.823562010712814,2020,9,13,6696,-1842,1598918400000
2016,9,82,3313,56357.07,47652.28,3488.5,14.383422879565348,1.0529731361303953,2016,9,82,10470,-7157,1472688000000
2016,5,184,7,217.1,188.5,10.0,26.928571428571427,1.4285714285714286,2016,5,184,121,-114,1462060800000
2018,6,247,1342,24864.75,21501.11,1267.4,16.021691505216097,0.9444113263785395,2018,6,247,4063,-2721,1527811200000
2020,12,242,715,21168.04,17890.04,1816.51,25.021034965034968,2.5405734265734266,2020,12,242,943,-228,1606780800000
2025,9,90,65696,1495099.11,969949.85,158803.5,14.764214716268874,2.4172476254262056,2025,9,90,60170,5526,1756684800000
2016,5,61,4721,79377.51,64956.88,8654.33,13.759135776318576,1.8331561109934336,2016,5,61,28148,-23427,1462060800000
2019,2,22,479,13928.69,12649.31,35.300000000000004,26.407745302713987,0.07369519832985387,2019,2,22,1666,-1187,1548979200000
2021,4,66,470,13287.58,10579.87,1274.3,22.51036170212766,2.711276595744681,2021,4,66,2257,-1787,1617235200000
2025,6,239,103603,2232020.68,1450951.03,248500.37,14.004913274712122,2.398582763047402,2025,6,239,103770,-167,1748736000000
2017,8,26,213,4077.52,3321.81,169.15,15.595352112676055,0.794131455399061,2017,8,26,1898,-1685,1501545600000
2016,7,264,132228,2419603.74,1987020.61,250884.18,15.027230314305594,1.8973604682820582,2016,7,264,122069,10159,1467331200000
2022,5,208,65,2094.95,1739.1000000000001,111.48,26.755384615384617,1.7150769230769232,2022,5,208,554,-489,1651363200000
2016,1,156,5,558.14,340.0,202.06,68.0,40.412,2016,1,156,76,-71,1451606400000
2020,8,118,3,182.59,143.34,2.75,47.78,0.9166666666666666,2020,8,118,20,-17,1596240000000
2024,9,130,1437,54290.9,46987.11,2640.11,32.698058455114825,1.8372372999304107,2024,9,130,2641,-1204,1725148800000
2017,10,100,200387,2909167.8700000006,2350690.03,290514.03,11.73075114653146,1.4497648550055644,2017,10,100,150036,50351,1506816000000
2018,8,27,13,615.03,539.16,9.42,41.473846153846154,0.7246153846153847,2018,8,27,118,-105,1533081600000
2017,2,88,35432,755627.31,613040.59,90550.14,17.301890663806727,2.5556034093474826,2017,2,88,36678,-1246,1485907200000
2016,9,151,85587,1183376.6300000001,955140.94,123403.64,11.159883393506023,1.4418502810006193,2016,9,151,77399,8188,1472688000000
2018,7,246,116650,1687764.2200000002,1342026.68,195086.26,11.504729361337333,1.672406858122589,2018,7,246,143698,-27048,1530403200000
2018,2,139,40,1198.12,1098.8,24.81,27.47,0.62025,2018,2,139,561,-521,1517443200000
2024,6,205,485,18853.06,17759.88,38.22,36.618309278350516,0.0788041237113402,2024,6,205,1314,-829,1717200000000
2016,3,26,237,3641.49,3048.34,288.77,12.862194092827005,1.2184388185654007,2016,3,26,2848,-2611,1456790400000
2017,6,85,192,3220.58,2746.72,218.46,14.305833333333332,1.1378125000000001,2017,6,85,1378,-1186,1496275200000
2018,11,8,87,4429.09,3359.0,620.91,38.60919540229885,7.136896551724138,2018,11,8,125,-38,1541030400000
2019,2,85,557,16988.39,15340.92,128.8,27.542046678635547,0.23123877917414723,2019,2,85,1371,-814,1548979200000
2021,8,149,169,8432.85,7543.91,23.240000000000002,44.63852071005917,0.1375147928994083,2021,8,149,613,-444,1627776000000
2020,4,80,80,1925.48,1626.06,136.81,20.32575,1.7101250000000001,2020,4,80,249,-169,1585699200000
2025,1,51,585,22725.39,20796.6,18.23,35.549743589743585,0.03116239316239316,2025,1,51,764,-179,1735689600000
2022,6,161,139959,2638955.7,1733586.87,347035.92,12.386390800162905,2.4795541551454354,2022,6,161,132784,7175,1654041600000
2017,8,193,4561,74833.18000000001,67945.21,2354.43,14.896998465248851,0.5162091646568735,2017,8,193,6367,-1806,1501545600000
2016,9,244,10160,193225.87,160815.87,18555.71,15.828333661417322,1.8263494094488189,2016,9,244,37706,-27546,1472688000000
2023,10,26,126,4995.46,4479.26,155.46,35.54968253968254,1.233809523809524,2023,10,26,850,-724,1696118400000
2017,12,190,343,5680.72,4672.51,609.46,13.622478134110787,1.7768513119533529,2017,12,190,1544,-1201,1512086400000
2019,4,243,1490,36555.26,30672.91,2333.45,20.585845637583894,1.5660738255033555,2019,4,243,12768,-11278,1554076800000
2021,12,229,69853,1149376.62,743563.69,147307.05,10.644692282364392,2.1088149399453138,2021,12,229,68050,1803,1638316800000
2022,5,121,80,2849.42,2456.55,117.52,30.706875000000004,1.4689999999999999,2022,5,121,729,-649,1651363200000
2023,1,257,69,2825.34,2340.1,215.04,33.914492753623186,3.1165217391304347,2023,1,257,1238,-1169,1672531200000
2024,1,228,212,8472.05,7352.75,473.85,34.68278301886792,2.235141509433962,2024,1,228,1270,-1058,1704067200000
2020,3,146,2940,46738.4,36904.11,3653.48,12.55241836734694,1.2426802721088435,2020,3,146,3670,-730,1583020800000
2022,6,260,785,23302.66,18065.36,2657.73,23.0131974522293,3.385643312101911,2022,6,260,3019,-2234,1654041600000
2022,8,198,117,3375.69,2717.66,392.38,23.227863247863247,3.3536752136752135,2022,8,198,2044,-1927,1659312000000
2023,3,152,2379,54336.92,41329.89,5308.53,17.37279949558638,2.2314123581336696,2023,3,152,5359,-2980,1677628800000
2025,1,140,75094,1614300.6,1051035.62,190031.26,13.996266279596242,2.530578474978028,2025,1,140,74164,930,1735689600000
2023,12,156,3,198.54,184.54,2.0,61.51333333333333,0.6666666666666666,2023,12,156,48,-45,1701388800000
2021,7,149,191,8552.369999999999,7577.37,67.08,39.672094240837694,0.3512041884816754,2021,7,149,487,-296,1625097600000
2019,5,130,1553,71412.76,57798.71,5194.73,37.217456535737284,3.344964584674823,2019,5,130,3956,-2403,1556668800000
2021,5,128,58,1651.72,1389.96,56.36,23.964827586206898,0.9717241379310345,2021,5,128,182,-124,1619827200000
2020,5,120,12,389.19,323.32,26.89,26.94333333333333,2.2408333333333332,2020,5,120,80,-68,1588291200000
2018,3,207,464,6735.65,5499.35,570.33,11.852047413793104,1.2291594827586207,2018,3,207,496,-32,1519862400000
2021,9,198,190,6945.83,5692.59,551.64,29.961000000000002,2.9033684210526314,2021,9,198,1701,-1511,1630454400000
2021,3,18,400,13457.79,11387.39,138.13,28.468474999999998,0.345325,2021,3,18,873,-473,1614556800000
2022,12,181,1105,32742.62,25921.14,4160.63,23.45804524886878,3.7652760180995477,2022,12,181,9002,-7897,1669852800000
2025,8,209,10469,275422.54,192103.05,25299.03,18.349703887668355,2.4165660521539785,2025,8,209,11831,-1362,1754006400000
2023,9,33,1736,58542.2,45715.13,6897.58,26.333600230414746,3.9732603686635946,2023,9,33,7254,-5518,1693526400000
2024,5,152,3307,76583.35,62608.94,4252.55,18.932246749319624,1.2859237980042335,2024,5,152,5661,-2354,1714521600000
2025,11,261,19497,565361.58,391616.14,60941.59,20.08596912345489,3.1256906190696,2025,11,261,21143,-1646,1761955200000
2018,6,181,10007,165063.74,134301.33,17651.75,13.420738483061855,1.7639402418307184,2018,6,181,29172,-19165,1527811200000
2022,2,248,68,2790.91,2496.04,23.87,36.70647058823529,0.3510294117647059,2022,2,248,307,-239,1643673600000
2018,3,101,39,1894.21,1677.16,144.79,43.00410256410257,3.7125641025641025,2018,3,101,520,-481,1519862400000
2017,12,231,159473,2584982.6599999997,2081079.19,303578.44,13.049727477378616,1.90363534893054,2017,12,231,150756,8717,1512086400000
2021,10,152,2666,47731.91,37659.72,4255.79,14.125926481620406,1.5963203300825206,2021,10,152,5217,-2551,1633046400000
2023,9,66,1087,35046.04,27664.65,3630.79,25.450459981600737,3.340193192272309,2023,9,66,3882,-2795,1693526400000
2024,5,9,85,2838.65,2604.3,78.33,30.638823529411766,0.9215294117647058,2024,5,9,407,-322,1714521600000
2024,10,20,157,5393.75,4843.63,121.6,30.851146496815286,0.7745222929936305,2024,10,20,493,-336,1727740800000
2025,10,228,2548,73499.86,59055.02,1834.48,23.177009419152274,0.7199686028257457,2025,10,228,4189,-1641,1759276800000
2019,4,202,417,10911.48,8923.69,765.48,21.399736211031176,1.8356834532374102,2019,4,202,3534,-3117,1554076800000
2023,5,177,264,9577.34,8573.54,267.0,32.475530303030304,1.0113636363636365,2023,5,177,894,-630,1682899200000
2023,3,174,145,5367.47,4812.33,44.99,33.18848275862069,0.3102758620689655,2023,3,174,448,-303,1677628800000
2016,4,127,1393,25824.73,21569.21,2257.86,15.48399856424982,1.6208614501076815,2016,4,127,10019,-8626,1459468800000
2021,12,116,3243,65349.5,51692.01,6185.44,15.939565217391305,1.9073203823620104,2021,12,116,9138,-5895,1638316800000
2023,1,130,853,57555.38,45978.6,6281.44,53.902227432590855,7.363939038686986,2023,1,130,2231,-1378,1672531200000
2019,2,239,181349,2761737.51,1786999.68,332321.36000000004,9.853926296808915,1.8324962365383874,2019,2,239,180295,1054,1548979200000
2021,2,167,371,10884.62,9070.82,168.19,24.44964959568733,0.4533423180592992,2021,2,167,862,-491,1612137600000
2018,3,143,106662,1369100.61,1085791.28,159508.43,10.179738613564343,1.4954569574918901,2018,3,143,122966,-16304,1519862400000
2018,3,88,36709,792987.39,645615.91,93268.73,17.58740118227138,2.5407592143616005,2018,3,88,36971,-262,1519862400000
2022,5,206,9,457.8,421.35,5.0,46.81666666666667,0.5555555555555556,2022,5,206,91,-82,1651363200000
2017,12,146,9371,136935.58000000002,114739.43,11298.07,12.244096681250666,1.205641873866183,2017,12,146,12039,-2668,1512086400000
2023,10,237,168168,3509977.85,2247719.21,459016.93,13.365915096807953,2.7295141168355452,2023,10,237,153028,15140,1696118400000
2017,11,227,115,2276.95,1977.35,121.99000000000001,17.194347826086954,1.0607826086956522,2017,11,227,1921,-1806,1509494400000
2018,4,235,296,7468.400000000001,6725.01,205.23,22.719628378378378,0.6933445945945945,2018,4,235,1894,-1598,1522540800000
2021,10,15,51,2090.69,1822.32,51.019999999999996,35.73176470588235,1.000392156862745,2021,10,15,425,-374,1633046400000
2016,9,121,111,2848.93,2350.3,303.7,21.173873873873877,2.736036036036036,2016,9,121,1604,-1493,1472688000000
2016,8,152,9920,148692.67,122790.53,12845.61,12.378077620967742,1.2949203629032258,2016,8,152,16241,-6321,1470009600000
2019,1,207,304,3790.14,2912.82,436.15999999999997,9.581644736842106,1.434736842105263,2019,1,207,302,2,1546300800000
2020,8,215,420,20035.31,17964.64,705.4399999999999,42.77295238095238,1.6796190476190476,2020,8,215,545,-125,1596240000000
2016,4,89,1431,28523.920000000002,23557.83,2943.94,16.462494758909855,2.0572606568832983,2016,4,89,11636,-10205,1459468800000
2020,9,255,265,6066.58,4826.62,639.99,18.21366037735849,2.4150566037735848,2020,9,255,2037,-1772,1598918400000
2021,1,185,383,11006.42,9255.88,566.01,24.166788511749346,1.4778328981723237,2021,1,185,647,-264,1609459200000
2025,5,253,39,1123.85,896.48,44.2,22.986666666666668,1.1333333333333333,2025,5,253,113,-74,1746057600000
2025,9,27,22,944.8199999999999,741.95,40.0,33.725,1.8181818181818181,2025,9,27,75,-53,1756684800000
2025,10,50,31698,692604.64,457426.02,59941.44,14.430753359833428,1.891016467915957,2025,10,50,46136,-14438,1759276800000
2019,5,29,231,7136.25,6499.31,167.1,28.135541125541128,0.7233766233766233,2019,5,29,947,-716,1556668800000
2022,4,146,2047,39402.93,30212.03,4090.28,14.759174401563262,1.9981827063996094,2022,4,146,3896,-1849,1648771200000
2019,4,175,141,6165.86,5512.25,104.01,39.093971631205676,0.7376595744680852,2019,4,175,706,-565,1554076800000
2022,10,55,144,6596.08,6019.0,53.43,41.798611111111114,0.37104166666666666,2022,10,55,552,-408,1664582400000
2024,11,62,1011,28184.2,26058.94,268.63,25.775410484668644,0.2657072205736894,2024,11,62,1967,-956,1730419200000
2017,8,191,66,1700.3,1524.01,42.67,23.091060606060605,0.6465151515151515,2017,8,191,1190,-1124,1501545600000
2019,3,170,243849,4211293.18,2752841.51,509881.2,11.289123637989082,2.0909710517574402,2019,3,170,250452,-6603,1551398400000
2021,2,37,625,19402.93,16424.65,510.05,26.27944,0.81608,2021,2,37,1625,-1000,1612137600000
2025,7,201,352,13063.34,11647.73,38.7,33.09014204545454,0.10994318181818183,2025,7,201,743,-391,1751328000000
2022,8,20,57,1734.63,1476.29,117.29,25.89982456140351,2.057719298245614,2022,8,20,370,-313,1659312000000
2019,9,263,117988,1855199.1,1203123.53,216789.82,10.196999101603554,1.8373887174966947,2019,9,263,119285,-1297,1567296000000
2021,12,172,4,257.29999999999995,238.0,0.0,59.5,0.0,2021,12,172,32,-28,1638316800000
2024,1,18,187,7590.24,6929.82,68.12,37.05786096256684,0.3642780748663102,2024,1,18,403,-216,1704067200000
2021,12,264,29778,874064.73,633000.86,111983.84,21.257332930351264,3.7606232789307543,2021,12,264,22719,7059,1638316800000
2024,3,106,310,10292.79,8455.53,625.3199999999999,27.275903225806452,2.0171612903225804,2024,3,106,1154,-844,1709251200000
2016,9,251,9,671.09,595.5,16.310000000000002,66.16666666666667,1.8122222222222224,2016,9,251,166,-157,1472688000000
2020,5,189,165,3209.46,2708.9900000000002,186.22,16.418121212121214,1.1286060606060606,2020,5,189,260,-95,1588291200000
2018,11,130,1275,57906.350000000006,47718.37,4853.12,37.42617254901961,3.8063686274509805,2018,11,130,2523,-1248,1541030400000
2020,11,158,6985,118403.31,76929.67,16105.89,11.013553328561203,2.305782390837509,2020,11,158,10909,-3924,1604188800000
2022,11,106,156,4662.05,3598.28,652.07,23.065897435897437,4.1799358974358976,2022,11,106,1324,-1168,1667260800000
2024,12,32,196,7889.42,7131.14,88.9,36.383367346938776,0.4535714285714286,2024,12,32,341,-145,1733011200000
2017,1,198,374,6830.9800000000005,5770.45,545.38,15.429010695187165,1.458235294117647,2017,1,198,6219,-5845,1483228800000
2017,3,84,2,178.86,148.0,29.759999999999998,74.0,14.879999999999999,2017,3,84,76,-74,1488326400000
2018,1,233,110095,1586069.86,1240396.69,189620.55000000002,11.266603297152459,1.7223357100685772,2018,1,233,124473,-14378,1514764800000
2021,3,20,230,7436.81,6243.93,105.24,27.147521739130436,0.45756521739130435,2021,3,20,492,-262,1614556800000
2020,2,100,123457,2111045.52,1399782.61,236351.61000000002,11.338219866026229,1.9144447864438632,2020,2,100,98545,24912,1580515200000
2021,9,3,94,3645.94,3113.67,4.0,33.124148936170215,0.0425531914893617,2021,9,3,300,-206,1630454400000
2023,11,148,32896,843806.63,580833.28,104891.39,17.656653696498054,3.1885758146887158,2023,11,148,32084,812,1698796800000
2020,8,82,594,15781.68,13322.82,961.36,22.428989898989897,1.6184511784511786,2020,8,82,1316,-722,1596240000000
2018,4,65,12348,225778.08000000002,187410.58,23993.66,15.177403628117913,1.943121153223194,2018,4,65,17765,-5417,1522540800000
2025,3,69,1746,48951.49,44188.5,149.98,25.308419243986254,0.0858991981672394,2025,3,69,1949,-203,1740787200000
2022,1,252,36,1602.59,1458.39,31.0,40.51083333333334,0.8611111111111112,2022,1,252,451,-415,1640995200000
2023,7,174,120,4324.03,3874.26,49.22,32.2855,0.4101666666666667,2023,7,174,420,-300,1688169600000
2023,9,64,26,1419.36,1244.77,75.66,47.87576923076923,2.9099999999999997,2023,9,64,330,-304,1693526400000
2024,11,55,591,25039.05,23461.9,141.85,39.69864636209814,0.24001692047377327,2024,11,55,912,-321,1730419200000
2025,3,27,20,1042.78,919.06,32.86,45.952999999999996,1.643,2025,3,27,76,-56,1740787200000
2020,7,106,253,7130.61,6345.55,458.27,25.08122529644269,1.8113438735177865,2020,7,106,395,-142,1593561600000
2024,1,27,6,276.01,251.01,0.0,41.835,0.0,2024,1,27,53,-47,1704067200000
2018,2,149,57,1650.06,1452.54,144.92000000000002,25.48315789473684,2.5424561403508776,2018,2,149,947,-890,1517443200000
2024,10,138,118706,7967025.27,5114731.11,1091587.0,43.08738488366216,9.19571883476825,2024,10,138,47457,71249,1727740800000
2019,11,179,3137,50641.82,41162.19,3448.96,13.121514185527575,1.099445329933057,2019,11,179,7571,-4434,1572566400000
2018,10,23,70,4692.06,4006.09,42.76,57.22985714285714,0.6108571428571429,2018,10,23,276,-206,1538352000000
2017,8,106,1470,23094.4,18488.61,2410.84,12.577285714285715,1.6400272108843539,2017,8,106,4563,-3093,1501545600000
2021,7,136,237,10161.35,8896.85,119.58,37.53945147679325,0.5045569620253164,2021,7,136,638,-401,1625097600000
2023,2,261,12262,385582.9,275686.94,47472.89,22.48303213178927,3.871545424889904,2023,2,261,11975,287,1675209600000
2022,12,260,781,25995.77,20326.79,2883.6,26.02661971830986,3.692189500640205,2022,12,260,2964,-2183,1669852800000
2018,6,124,171,8246.52,7177.96,532.89,41.976374269005845,3.116315789473684,2018,6,124,929,-758,1527811200000
2020,10,185,343,10036.25,8471.15,793.02,24.697230320699706,2.3120116618075803,2020,10,185,595,-252,1601510400000
2024,5,51,629,26494.02,24628.04,27.080000000000002,39.154276629570745,0.04305246422893482,2024,5,51,737,-108,1714521600000
2024,8,46,45,2426.07,2150.25,35.379999999999995,47.78333333333333,0.7862222222222222,2024,8,46,122,-77,1722470400000
2024,7,66,1627,51039.37,41742.0,3803.7,25.655808236017208,2.337861094038107,2024,7,66,4385,-2758,1719792000000
2021,3,134,252,8873.7,7506.7300000000005,283.73,29.788611111111113,1.1259126984126986,2021,3,134,732,-480,1614556800000
2016,8,218,71,1872.22,1579.61,159.01,22.248028169014084,2.239577464788732,2016,8,218,1668,-1597,1470009600000
2016,3,264,181070,3081182.98,2483106.77,344582.61,13.713518363064008,1.9030353454465123,2016,3,264,170264,10806,1456790400000
2017,2,19,51,1154.97,1001.5,75.06,19.637254901960784,1.471764705882353,2017,2,19,467,-416,1485907200000
2018,2,124,69,3364.07,2750.01,375.72,39.85521739130435,5.4452173913043485,2018,2,124,708,-639,1517443200000
2017,1,68,224568,3095397.1,2452017.2,354726.14,10.918818353460868,1.5795934416301523,2017,1,68,213139,11429,1483228800000
2021,1,95,555,16008.98,13351.2,843.81,24.056216216216217,1.5203783783783782,2021,1,95,2027,-1472,1609459200000
2022,1,80,432,12082.11,9314.97,1576.12,21.562430555555554,3.6484259259259257,2022,1,80,2930,-2498,1640995200000
2017,10,227,103,2279.52,1956.1,181.24,18.99126213592233,1.7596116504854369,2017,10,227,2199,-2096,1506816000000
2025,3,77,1379,38297.29,35462.79,58.440000000000005,25.71630891950689,0.042378535170413345,2025,3,77,1675,-296,1740787200000
2020,10,225,979,30688.44,26402.67,2449.95,26.969019407558733,2.502502553626149,2020,10,225,2075,-1096,1601510400000
2018,6,128,84,2081.75,1799.0,107.09,21.416666666666668,1.2748809523809523,2018,6,128,600,-516,1527811200000
2022,8,252,42,1451.22,1257.61,84.81,29.943095238095236,2.019285714285714,2022,8,252,754,-712,1659312000000
2025,4,158,42286,1010380.52,662719.15,110227.55,15.672306437118669,2.6067149884122407,2025,4,158,42409,-123,1743465600000
2022,6,253,10,495.09999999999997,368.94,66.16,36.894,6.616,2022,6,253,51,-41,1654041600000
2022,1,242,158,4160.72,3807.4,23.72,24.09746835443038,0.150126582278481,2022,1,242,504,-346,1640995200000
2020,3,238,70401,1080610.5899999999,710857.09,130636.55,10.09725841962472,1.855606454453772,2020,3,238,71995,-1594,1583020800000
2024,10,227,244,8182.59,7386.86,246.13,30.274016393442622,1.0087295081967214,2024,10,227,841,-597,1727740800000
2020,11,223,549,15609.86,12322.88,1480.71,22.446047358834242,2.697103825136612,2020,11,223,2335,-1786,1604188800000
2025,10,198,1657,35695.27,29493.29,481.9,17.799209414604707,0.2908267954133977,2025,10,198,4566,-2909,1759276800000
2018,4,138,275597,11904491.280000001,8945525.24,1603567.06,32.45871776543286,5.818521464312021,2018,4,138,103133,172464,1522540800000
2020,8,48,30201,474990.33,317479.79,48437.2,10.512227740803285,1.6038276878249063,2020,8,48,26748,3453,1596240000000
2019,10,146,6202,101289.68000000001,79645.29,8213.03,12.841871976781682,1.3242550790067722,2019,10,146,9360,-3158,1569888000000
2016,2,23,9,302.7,249.5,33.92,27.72222222222222,3.768888888888889,2016,2,23,190,-181,1454284800000
2022,9,173,69,1807.18,1593.38,92.85000000000001,23.092463768115945,1.3456521739130436,2022,9,173,651,-582,1661990400000
2020,1,210,346,12927.4,11512.22,79.56,33.272312138728324,0.2299421965317919,2020,1,210,1160,-814,1577836800000
2025,1,29,270,8754.14,8004.98,118.78999999999999,29.64807407407407,0.43996296296296294,2025,1,29,654,-384,1735689600000
2020,3,28,474,25034.48,19452.04,2654.72,41.03805907172996,5.600675105485232,2020,3,28,2045,-1571,1583020800000
2025,8,150,314,9310.29,8674.16,38.769999999999996,27.624713375796176,0.12347133757961783,2025,8,150,637,-323,1754006400000
2023,7,82,406,14331.23,11877.29,979.79,29.254408866995075,2.4132758620689656,2023,7,82,1879,-1473,1688169600000
2016,1,90,215351,2774303.19,2180092.94,327158.65,10.123440058323387,1.5191879768378138,2016,1,90,169986,45365,1451606400000
2017,5,37,3451,52442.200000000004,42531.07,5424.52,12.32427412344248,1.5718690234714576,2017,5,37,17348,-13897,1493596800000
2017,5,146,12050,184033.78,152838.19,16985.96,12.683667219917012,1.4096232365145227,2017,5,146,13352,-1302,1493596800000
2022,2,235,134,4942.47,4508.21,22.71,33.64335820895523,0.1694776119402985,2022,2,235,600,-466,1643673600000
2022,10,233,47635,933529.86,617301.18,120884.76,12.958983520520627,2.537729820510129,2022,10,233,55354,-7719,1664582400000
2018,2,249,171094,2306457.98,1809947.69,287018.82999999996,10.578674237553626,1.6775505277800504,2018,2,249,139859,31235,1517443200000
2023,1,49,345,10425.52,8390.19,1151.68,24.31939130434783,3.338202898550725,2023,1,49,4408,-4063,1672531200000
2018,9,139,193,8203.02,7552.27,174.21,39.130932642487046,0.9026424870466322,2018,9,139,832,-639,1535760000000
2024,3,192,78,2356.63,2113.37,52.36,27.094487179487178,0.6712820512820513,2024,3,192,338,-260,1709251200000
2024,9,181,2360,75630.07999999999,65510.04,3694.44,27.75849152542373,1.5654406779661016,2024,9,181,9734,-7374,1725148800000
2024,12,248,274,9496.91,8319.04,199.67000000000002,30.3614598540146,0.7287226277372263,2024,12,248,363,-89,1733011200000
2022,10,179,700,15008.62,12255.29,1359.03,17.507557142857145,1.9414714285714285,2022,10,179,4550,-3850,1664582400000
2024,2,128,20,604.81,510.9,37.47,25.544999999999998,1.8735,2024,2,128,219,-199,1706745600000
2025,11,27,16,513.29,458.33000000000004,11.35,28.645625000000003,0.709375,2025,11,27,78,-62,1761955200000
2020,2,101,172,6277.87,5611.38,65.33,32.6243023255814,0.37982558139534883,2020,2,101,533,-361,1580515200000
2024,10,91,1016,30136.3,28339.54,120.25999999999999,27.893248031496064,0.11836614173228345,2024,10,91,1361,-345,1727740800000
2019,2,216,1612,71255.22,61894.57,3322.18,38.39613523573201,2.0609057071960297,2019,2,216,3328,-1716,1548979200000
2020,12,78,430,13341.92,11116.08,1034.5,25.8513488372093,2.405813953488372,2020,12,78,740,-310,1606780800000
2021,8,56,223,8830.4,7069.88,409.15999999999997,31.703497757847533,1.8347982062780268,2021,8,56,1151,-928,1627776000000
2024,2,126,119,4192.32,3716.22,75.32000000000001,31.22873949579832,0.6329411764705883,2024,2,126,298,-179,1706745600000
2024,8,30,16,709.29,636.61,15.0,39.788125,0.9375,2024,8,30,39,-23,1722470400000
2024,5,62,869,25836.89,24218.52,325.59,27.869413118527042,0.3746720368239355,2024,5,62,1797,-928,1714521600000
2024,8,15,64,2710.88,2431.3,14.2,37.9890625,0.221875,2024,8,15,428,-364,1722470400000
2019,10,124,251,11184.28,9429.1,415.42,37.56613545816733,1.6550597609561755,2019,10,124,1078,-827,1569888000000
2024,10,182,406,15746.92,14246.92,27.24,35.09093596059113,0.0670935960591133,2024,10,182,507,-101,1727740800000
2017,5,114,136295,2000542.68,1596525.49,231496.16,11.713749513922007,1.6984934150188928,2017,5,114,109234,27061,1493596800000
2018,7,35,396,11678.46,10791.12,215.01999999999998,27.250303030303034,0.5429797979797979,2018,7,35,1467,-1071,1530403200000
2020,5,109,2,173.67000000000002,157.07999999999998,2.75,78.53999999999999,1.375,2020,5,109,10,-8,1588291200000
2022,10,91,230,7949.469999999999,7245.530000000001,99.78999999999999,31.50230434782609,0.4338695652173913,2022,10,91,823,-593,1664582400000
2021,5,8,24,1114.01,813.49,149.42,33.89541666666667,6.225833333333333,2021,5,8,72,-48,1619827200000
2021,7,250,190,7580.21,6418.96,87.85,33.784,0.46236842105263154,2021,7,250,453,-263,1625097600000
2021,5,52,714,16034.69,12324.61,1988.68,17.26135854341737,2.785266106442577,2021,5,52,1558,-844,1619827200000
2022,1,20,35,1364.0,1216.8600000000001,44.29,34.767428571428574,1.2654285714285713,2022,1,20,302,-267,1640995200000
2019,5,245,10,512.12,456.0,7.52,45.6,0.752,2019,5,245,112,-102,1556668800000
2018,8,189,1591,27021.22,22256.12,2688.44,13.988761785040854,1.6897800125707103,2018,8,189,7637,-6046,1533081600000
2022,12,100,53600,1202276.16,826596.81,139593.83,15.421582276119404,2.6043624999999997,2022,12,100,48886,4714,1669852800000
2019,8,240,55,1771.28,1586.54,28.490000000000002,28.84618181818182,0.518,2019,8,240,237,-182,1564617600000
2020,12,237,81635,1164619.87,727538.32,146684.92,8.912088197464323,1.796838610889937,2020,12,237,70198,11437,1606780800000
2017,2,16,47,1133.15,935.65,130.39,19.907446808510638,2.774255319148936,2017,2,16,1261,-1214,1485907200000
2020,4,37,346,9175.94,8082.68,407.04,23.360346820809248,1.1764161849710983,2020,4,37,412,-66,1585699200000
2024,10,135,245,8815.41,7773.34,196.12,31.727918367346938,0.8004897959183673,2024,10,135,917,-672,1727740800000
2021,12,141,88164,1410729.04,907059.1,179970.67,10.288316092736263,2.041316977451114,2021,12,141,87885,279,1638316800000
2021,8,168,791,22244.02,18484.46,641.87,23.368470290771175,0.8114664981036662,2021,8,168,2713,-1922,1627776000000
2024,12,186,131203,3409860.1399999997,2355337.63,438904.06,17.951858036782696,3.345228843852656,2024,12,186,83782,47421,1733011200000
2022,10,63,95,3560.99,3157.96,158.94,33.241684210526316,1.6730526315789473,2022,10,63,543,-448,1664582400000
2025,5,40,2143,53268.83,39081.78,1726.42,18.236948203453103,0.8056089594027065,2025,5,40,4117,-1974,1746057600000
2025,6,249,92833,2106106.38,1376769.55,214659.46,14.830604957288896,2.3123184643391896,2025,6,249,73741,19092,1748736000000
2022,3,44,26,1795.01,1576.96,10.0,60.652307692307694,0.38461538461538464,2022,3,44,46,-20,1646092800000
2024,9,27,15,673.48,604.55,0.0,40.30333333333333,0.0,2024,9,27,100,-85,1725148800000
2017,3,8,136,4617.8,3650.0,526.8,26.83823529411765,3.8735294117647054,2017,3,8,207,-71,1488326400000
2025,2,238,68741,1385503.53,904453.38,157950.43,13.15740795158639,2.2977615978819044,2025,2,238,77979,-9238,1738368000000
2018,1,211,66941,954257.9,761420.15,111838.42,11.374496198144636,1.6707013638876025,2018,1,211,69454,-2513,1514764800000
2023,4,212,74,2667.59,2309.09,89.3,31.20391891891892,1.2067567567567568,2023,4,212,294,-220,1680307200000
2019,2,9,169,5260.73,4831.42,12.31,28.58828402366864,0.07284023668639053,2019,2,9,659,-490,1548979200000
2021,4,258,287,10369.98,8742.8,115.2,30.46271777003484,0.4013937282229965,2021,4,258,756,-469,1617235200000
2018,9,206,17,1084.22,907.97,11.66,53.410000000000004,0.6858823529411765,2018,9,206,175,-158,1535760000000
2025,2,126,531,14248.91,12496.38,21.240000000000002,23.53367231638418,0.04,2025,2,126,636,-105,1738368000000
2019,6,204,3,234.64000000000001,206.0,9.0,68.66666666666667,3.0,2019,6,204,45,-42,1559347200000
2021,4,98,108,3922.09,3308.57,109.87,30.634907407407407,1.0173148148148148,2021,4,98,371,-263,1617235200000
2020,4,241,132,3394.95,2888.67,228.54,21.883863636363635,1.7313636363636362,2020,4,241,247,-115,1585699200000
2019,7,257,307,9405.56,8072.75,365.59,26.29560260586319,1.1908469055374593,2019,7,257,2829,-2522,1561939200000
2017,5,248,72,1243.35,1050.5,65.43,14.590277777777779,0.9087500000000001,2017,5,248,1120,-1048,1493596800000
2021,5,249,51370,866629.1000000001,558655.82,117695.29,10.875137628966321,2.2911288689896825,2021,5,249,44198,7172,1619827200000
2021,9,212,127,4999.04,4155.65,62.7,32.721653543307085,0.4937007874015748,2021,9,212,424,-297,1630454400000
2021,10,29,117,5292.95,4594.53,53.57,39.26948717948718,0.4578632478632479,2021,10,29,478,-361,1633046400000
2021,12,231,41977,865184.45,597792.71,110246.19,14.240958381971078,2.6263475236439002,2021,12,231,43776,-1799,1638316800000
2017,5,74,38332,501641.32,411754.63,36666.63,10.741798758217676,0.956554054054054,2017,5,74,78682,-40350,1493596800000
2017,8,53,54,1463.49,1255.0,76.37,23.24074074074074,1.4142592592592593,2017,8,53,1032,-978,1501545600000
2020,12,176,3,185.41,136.1,11.31,45.36666666666667,3.77,2020,12,176,14,-11,1606780800000
2016,6,205,43,970.77,850.8,47.91,19.786046511627905,1.1141860465116278,2016,6,205,1319,-1276,1464739200000
2018,3,242,176,3475.16,3090.0,149.95,17.556818181818183,0.8519886363636363,2018,3,242,976,-800,1519862400000
2025,1,264,8141,225274.06,151985.35,29002.42,18.669125414568235,3.562513204765999,2025,1,264,11976,-3835,1735689600000
2022,3,155,168,8103.38,7318.38,112.9,43.56178571428571,0.6720238095238096,2022,3,155,737,-569,1646092800000
2025,2,64,111,3630.7,3226.03,6.02,29.063333333333336,0.05423423423423423,2025,2,64,476,-365,1738368000000
2016,8,171,75,1632.02,1381.01,126.37,18.413466666666668,1.6849333333333334,2016,8,171,1513,-1438,1470009600000
2018,1,127,770,13763.57,11382.52,1226.1,14.782493506493507,1.5923376623376622,2018,1,127,6305,-5535,1514764800000
2023,10,143,38001,825845.8,545493.22,102689.67,14.354706981395225,2.7022886239835793,2023,10,143,50379,-12378,1696118400000
2019,4,17,1626,35919.45,31184.1,1337.7,19.17841328413284,0.8226937269372694,2019,4,17,9404,-7778,1554076800000
2024,7,188,1356,40160.52,37470.26,599.67,27.63293510324484,0.44223451327433627,2024,7,188,3153,-1797,1719792000000
2019,2,230,240467,4415458.86,2967692.12,511319.0,12.341369585015824,2.126358294485314,2019,2,230,204228,36239,1548979200000
2016,11,98,55,1570.18,1307.5,183.07,23.772727272727273,3.3285454545454543,2016,11,98,927,-872,1477958400000
2016,12,97,10476,163244.95,134003.02,16446.85,12.791429935089727,1.5699551355479189,2016,12,97,18902,-8426,1480550400000
2018,11,107,190405,2698857.59,2129890.04,324029.95000000007,11.186103516189176,1.7017932827394242,2018,11,107,168456,21949,1541030400000
2021,9,121,158,6109.84,5280.73,48.3,33.422341772151896,0.30569620253164553,2021,9,121,728,-570,1630454400000
2022,5,3,40,1465.8,1250.5,85.1,31.2625,2.1275,2022,5,3,250,-210,1651363200000
2022,9,80,931,29779.01,23071.31,3979.05,24.781213748657358,4.273952738990333,2022,9,80,4561,-3630,1661990400000
2022,11,3,49,1562.81,1383.58,39.68,28.236326530612242,0.8097959183673469,2022,11,3,205,-156,1667260800000
2016,5,52,8532,162317.55,131954.44,20452.03,15.465827473042664,2.397096812001875,2016,5,52,10882,-2350,1462060800000
2021,5,227,203,6929.29,6005.61,118.43,29.584285714285713,0.5833990147783251,2021,5,227,671,-468,1619827200000
2023,3,175,55,1412.58,1283.2,44.73,23.330909090909092,0.8132727272727273,2023,3,175,343,-288,1677628800000
2024,6,122,146,5301.37,4945.86,22.33,33.87575342465753,0.15294520547945203,2024,6,122,354,-208,1717200000000
2024,4,172,6,205.95,52.93,80.0,8.821666666666667,13.333333333333334,2024,4,172,37,-31,1711929600000
2025,2,7,5406,127832.71,106065.0,2767.21,19.61986681465039,0.5118775434702183,2025,2,7,8083,-2677,1738368000000
2024,10,54,198,6528.81,5466.89,287.56,27.610555555555557,1.4523232323232322,2024,10,54,910,-712,1727740800000
2016,5,129,7403,113906.14,96540.8,7025.42,13.04076725651763,0.9489963528299338,2016,5,129,22085,-14682,1462060800000
2019,7,174,293,9530.99,8446.58,72.43,28.827918088737203,0.24720136518771332,2019,7,174,1000,-707,1561939200000
2025,5,262,59343,1287256.53,846978.97,135844.51,14.272601149250963,2.289141263502014,2025,5,262,62152,-2809,1746057600000
2017,5,138,289124,13037727.540000001,9982894.26,1701207.6,34.52807189994604,5.884006862107608,2017,5,138,127430,161694,1493596800000
2016,7,18,119,1968.12,1611.6399999999999,214.04,13.543193277310923,1.7986554621848738,2016,7,18,1746,-1627,1467331200000
2019,9,165,510,14354.539999999999,12435.68,247.95,24.383686274509806,0.48617647058823527,2019,9,165,1681,-1171,1567296000000
2021,7,113,39359,661238.9299999999,429286.75,86181.52,10.906952666480347,2.189626768972789,2021,7,113,34489,4870,1625097600000
2019,2,221,30,1693.82,1413.23,16.05,47.10766666666667,0.535,2019,2,221,221,-191,1548979200000
2016,2,155,68,1882.06,1575.84,133.5,23.17411764705882,1.963235294117647,2016,2,155,1333,-1265,1454284800000
2022,12,26,102,3358.52,2841.73,195.89000000000001,27.860098039215686,1.9204901960784315,2022,12,26,814,-712,1669852800000
2018,8,167,282,6370.8,5732.57,189.46,20.328262411347517,0.6718439716312057,2018,8,167,1503,-1221,1533081600000
2019,6,92,546,18286.86,15765.4,699.47,28.874358974358973,1.281080586080586,2019,6,92,3505,-2959,1559347200000
2018,8,72,344,9404.23,8633.12,157.34,25.096279069767444,0.45738372093023255,2018,8,72,1675,-1331,1533081600000
2020,12,217,189,4492.52,3868.7,384.85,20.46931216931217,2.0362433862433864,2020,12,217,1333,-1144,1606780800000
2022,3,246,51585,925970.97,606995.61,122357.9,11.7669014248328,2.3719666569739264,2022,3,246,62866,-11281,1646092800000
2023,3,78,156,5292.36,4586.7300000000005,43.379999999999995,29.40211538461539,0.27807692307692305,2023,3,78,357,-201,1677628800000
2023,8,87,16936,539136.13,387938.17,64708.3,22.906127184695322,3.8207546055739257,2023,8,87,22969,-6033,1690848000000
2023,8,183,46,1737.17,1541.7,21.5,33.51521739130435,0.4673913043478261,2023,8,183,181,-135,1690848000000
2016,8,259,67,1559.6,1358.46,123.06,20.275522388059702,1.8367164179104478,2016,8,259,1249,-1182,1470009600000
2017,1,130,724,37916.29,30209.59,4160.39,41.725953038674035,5.74639502762431,2017,1,130,2249,-1525,1483228800000
2021,3,76,1946,64875.1,55760.28,383.44,28.653792394655703,0.19704008221993832,2021,3,76,2925,-979,1614556800000
2021,4,158,10236,181190.47,118202.68,24724.53,11.547741305197341,2.4154484173505275,2021,4,158,17802,-7566,1617235200000
2023,11,165,137,4851.22,4497.67,58.73,32.82970802919708,0.4286861313868613,2023,11,165,686,-549,1698796800000
2019,8,152,6170,90981.26,72627.33,6755.93,11.771042139384116,1.0949643435980552,2019,8,152,10240,-4070,1564617600000
2020,1,180,146,7718.42,7060.78,177.3,48.36150684931507,1.2143835616438357,2020,1,180,618,-472,1577836800000
2024,5,102,197,5818.28,5306.19,122.55,26.93497461928934,0.6220812182741117,2024,5,102,689,-492,1714521600000
2020,5,238,12450,186205.76,127778.82,19018.28,10.263359036144578,1.527572690763052,2020,5,238,9604,2846,1588291200000
2021,2,179,592,13220.18,10750.07,676.11,18.158902027027025,1.1420777027027027,2021,2,179,1675,-1083,1612137600000
2023,4,183,26,1031.25,928.01,13.39,35.692692307692305,0.515,2023,4,183,159,-133,1680307200000
2018,3,174,187,4092.02,3617.5,141.61,19.344919786096256,0.7572727272727273,2018,3,174,1294,-1107,1519862400000
2020,7,180,61,3102.18,2883.6,51.5,47.27213114754098,0.8442622950819673,2020,7,180,120,-59,1593561600000
2021,12,18,118,4880.24,4314.9800000000005,48.91,36.56762711864407,0.4144915254237288,2021,12,18,582,-464,1638316800000
2021,12,259,87,3758.64,3302.01,36.08,37.95413793103449,0.4147126436781609,2021,12,259,447,-360,1638316800000
2018,2,241,78,1431.73,1202.8,115.83,15.42051282051282,1.4849999999999999,2018,2,241,1281,-1203,1517443200000
2024,3,194,152,10267.74,7536.05,1250.67,49.57927631578948,8.228092105263158,2024,3,194,310,-158,1709251200000
2018,1,198,240,4667.92,3898.6,410.06,16.244166666666665,1.7085833333333333,2018,1,198,4346,-4106,1514764800000
2020,1,202,310,9083.12,7668.97,549.49,24.738612903225807,1.7725483870967742,2020,1,202,2921,-2611,1577836800000
2019,7,171,224,8878.79,7792.27,124.75999999999999,34.78691964285714,0.5569642857142857,2019,7,171,1200,-976,1561939200000
2020,12,138,14458,543735.5,410625.55,61716.42,28.401269193526076,4.268669248858763,2020,12,138,3812,10646,1606780800000
2022,9,259,79,3135.75,2878.85,61.05,36.44113924050633,0.7727848101265823,2022,9,259,395,-316,1661990400000
2017,12,123,111,2126.76,1888.51,101.25,17.013603603603602,0.9121621621621622,2017,12,123,1143,-1032,1512086400000
2017,5,17,3037,41606.99,34320.03,3455.38,11.300635495554824,1.1377609483042477,2017,5,17,17545,-14508,1493596800000
2020,5,9,68,1947.3500000000001,1673.56,79.75,24.611176470588234,1.1727941176470589,2020,5,9,80,-12,1588291200000
2024,3,238,67696,1427548.16,952167.21,172950.86,14.06533931103758,2.554816532734578,2024,3,238,78420,-10724,1709251200000
2024,3,240,21,722.7,648.32,0.0,30.872380952380954,0.0,2024,3,240,109,-88,1709251200000
2024,4,61,1981,60883.72,55531.97,892.76,28.03229177183241,0.4506612821807168,2024,4,61,5003,-3022,1711929600000
2022,12,21,74,2740.21,2426.2400000000002,81.12,32.78702702702703,1.0962162162162163,2022,12,21,353,-279,1669852800000
2025,1,252,180,5167.09,4428.66,68.01,24.603666666666665,0.37783333333333335,2025,1,252,647,-467,1735689600000
2016,11,47,106,2237.99,1921.81,179.81,18.130283018867924,1.6963207547169812,2016,11,47,853,-747,1477958400000
2025,9,107,79816,1802330.6700000002,1170695.6900000002,187424.99,14.667431216798638,2.348213265510674,2025,9,107,76883,2933,1756684800000
2023,9,47,111,3729.29,3369.93,48.56,30.35972972972973,0.4374774774774775,2023,9,47,277,-166,1693526400000
2018,7,173,300,5407.36,4579.81,345.8,15.266033333333334,1.1526666666666667,2018,7,173,2564,-2264,1530403200000
2019,10,74,24510,362979.37,282821.98,26124.42,11.539044471644226,1.0658678090575275,2019,10,74,53925,-29415,1569888000000
2023,5,68,85427,2183659.09,1472023.18,279696.95999999996,17.231357533332552,3.2741049082842655,2023,5,68,84968,459,1682899200000
2018,11,6,37,1552.3799999999999,987.0,33.019999999999996,26.675675675675677,0.8924324324324323,2018,11,6,191,-154,1541030400000
2020,2,128,62,1728.34,1457.2,93.5,23.503225806451614,1.5080645161290323,2020,2,128,393,-331,1580515200000
2024,7,18,236,8990.6,8276.62,113.27,35.070423728813566,0.47995762711864404,2024,7,18,503,-267,1719792000000
2016,9,175,39,913.73,748.01,107.69,19.17974358974359,2.761282051282051,2016,9,175,815,-776,1472688000000
2016,8,209,19824,374237.57,308966.13,39561.81,15.585458535108959,1.995652239709443,2016,8,209,25043,-5219,1470009600000
2019,3,11,212,8170.49,7331.37,77.44,34.58193396226415,0.3652830188679245,2019,3,11,641,-429,1551398400000
2016,11,24,29446,415445.60000000003,335506.73,43931.32,11.393966243292807,1.4919282754873326,2016,11,24,32227,-2781,1477958400000
2020,5,174,662,19881.75,17457.45,308.49,26.370770392749247,0.4659969788519638,2020,5,174,701,-39,1588291200000
2022,9,136,145,5581.29,5118.58,18.759999999999998,35.30055172413793,0.12937931034482758,2022,9,136,357,-212,1661990400000
2025,1,127,449,13154.89,11481.52,215.55,25.571314031180403,0.4800668151447662,2025,1,127,3307,-2858,1735689600000
2025,9,186,137084,3466601.0900000003,2298224.42,422947.54000000004,16.765081409938432,3.0853165942050134,2025,9,186,92627,44457,1756684800000
2024,8,16,111,4729.01,4229.51,194.0,38.10369369369369,1.7477477477477477,2024,8,16,740,-629,1722470400000
2022,9,211,24463,489689.95,334297.42,63591.030000000006,13.665430241589338,2.5994779871642892,2022,9,211,28664,-4201,1661990400000
2024,7,115,5,308.36,224.46,0.0,44.892,0.0,2024,7,115,43,-38,1719792000000
2018,8,109,4,239.89999999999998,215.05,21.15,53.7625,5.2875,2018,8,109,90,-86,1533081600000
2022,6,122,63,1943.76,1798.33,27.68,28.544920634920633,0.43936507936507935,2022,6,122,272,-209,1654041600000
2025,2,31,44,1166.73,925.66,17.52,21.03772727272727,0.3981818181818182,2025,2,31,130,-86,1738368000000
2016,5,259,83,1567.84,1322.69,144.71,15.936024096385543,1.7434939759036145,2016,5,259,1469,-1386,1462060800000
2020,10,141,56063,835686.53,534640.29,101284.48,9.536419563705119,1.806618982216435,2020,10,141,53904,2159,1601510400000
2021,12,245,6,601.1800000000001,496.70000000000005,37.58,82.78333333333335,6.263333333333333,2021,12,245,33,-27,1638316800000
2021,2,24,6451,100820.63,72863.94,11992.18,11.29498372345373,1.8589645016276546,2021,2,24,6786,-335,1612137600000
2021,3,230,31668,510242.44,332559.27,57475.87,10.501429518757105,1.8149510546924341,2021,3,230,24905,6763,1614556800000
2021,8,173,141,4577.88,3857.75,155.48,27.359929078014183,1.1026950354609928,2021,8,173,971,-830,1627776000000
2018,9,6,45,1695.26,909.57,37.22,20.212666666666667,0.8271111111111111,2018,9,6,213,-168,1535760000000
2017,4,31,41,1076.02,924.5,82.43,22.548780487804876,2.010487804878049,2017,4,31,573,-532,1491004800000
2017,8,218,106,2701.15,2260.0,151.17000000000002,21.32075471698113,1.4261320754716982,2017,8,218,1474,-1368,1501545600000
2018,8,26,433,12932.93,11603.07,254.1,26.796928406466513,0.5868360277136259,2018,8,26,2058,-1625,1533081600000
2018,10,260,4540,82247.16,67390.98,7895.55,14.843828193832598,1.7391079295154186,2018,10,260,9311,-4771,1538352000000
2020,10,13,6481,144582.08,100613.45,19280.72,15.524371239006326,2.9749606542200278,2020,10,13,8307,-1826,1601510400000
2019,8,201,56,2789.45,2419.68,76.98,43.208571428571425,1.3746428571428573,2019,8,201,398,-342,1564617600000
2017,12,167,231,3008.96,2645.15,94.13,11.4508658008658,0.40748917748917746,2017,12,167,1469,-1238,1512086400000
2021,8,68,67713,1206948.1099999999,800203.84,147729.58000000002,11.817580671362958,2.18170188885443,2021,8,68,64546,3167,1627776000000
2017,3,118,6,291.65999999999997,270.5,17.86,45.083333333333336,2.9766666666666666,2017,3,118,153,-147,1488326400000
2018,5,68,211429,3130963.1199999996,2490600.05,358297.69,11.779841223294817,1.6946478013895918,2018,5,68,200051,11378,1525132800000
2025,8,63,1477,36967.08,33444.63,235.39000000000001,22.64362220717671,0.1593703452945159,2025,8,63,2260,-783,1754006400000
2016,5,204,1,104.02,69.8,17.3,69.8,17.3,2016,5,204,55,-54,1462060800000
2021,2,254,513,19634.58,16483.55,602.88,32.131676413255356,1.1752046783625731,2021,2,254,818,-305,1612137600000
2025,5,116,9984,217518.08,174883.88,5194.36,17.516414262820515,0.5202684294871794,2025,5,116,16188,-6204,1746057600000
2017,6,238,184525,2439349.1,1936176.14,275516.11,10.49275783769137,1.4931099309036715,2017,6,238,189621,-5096,1496275200000
2022,8,96,13,411.09,315.62,60.47,24.27846153846154,4.651538461538461,2022,8,96,103,-90,1659312000000
2019,9,240,36,1078.18,940.54,17.41,26.12611111111111,0.4836111111111111,2019,9,240,241,-205,1567296000000
2025,6,7,10999,290204.52,241854.14,4232.85,21.98873897627057,0.38483953086644246,2025,6,7,13962,-2963,1748736000000
2021,9,14,274,13054.76,11325.06,321.74,41.332335766423355,1.1742335766423357,2021,9,14,2269,-1995,1630454400000
2023,8,144,27061,665863.97,454739.1,78800.08,16.804223790695094,2.9119426480913493,2023,8,144,27439,-378,1690848000000
2024,10,44,4,136.35,115.97,2.0,28.9925,0.5,2024,10,44,18,-14,1727740800000
2025,4,218,826,27501.39,25725.28,43.57,31.144406779661015,0.05274818401937046,2025,4,218,1369,-543,1743465600000
2025,7,118,20,815.49,598.52,31.37,29.926,1.5685,2025,7,118,118,-98,1751328000000
2016,1,155,81,2518.03,2159.74,245.75,26.663456790123455,3.0339506172839505,2016,1,155,1379,-1298,1451606400000
2016,11,83,1416,22024.52,18789.81,1311.43,13.269639830508476,0.9261511299435029,2016,11,83,4663,-3247,1477958400000
2024,4,252,89,3328.81,2957.18,89.27,33.226741573033706,1.0030337078651685,2024,4,252,687,-598,1711929600000
2024,5,192,98,3430.98,3094.08,129.12,31.572244897959184,1.3175510204081633,2024,5,192,369,-271,1714521600000
2019,10,186,256789,4842637.92,3313589.23,562044.67,12.903937590784652,2.1887412233390062,2019,10,186,184047,72742,1569888000000
2021,1,211,6122,105719.79000000001,71550.8,12165.31,11.687487749101601,1.9871463573995425,2021,1,211,8087,-1965,1609459200000
2016,9,39,231,6312.2,5170.07,530.09,22.38125541125541,2.294761904761905,2016,9,39,2038,-1807,1472688000000
2017,2,76,247,6238.9,5207.51,577.53,21.083036437246964,2.3381781376518216,2017,2,76,1913,-1666,1485907200000
2018,9,26,472,14048.2,12330.99,572.87,26.12497881355932,1.213707627118644,2018,9,26,1783,-1311,1535760000000
2016,7,230,342873,5596259.67,4527588.16,539258.29,13.204854742134843,1.5727639388344956,2016,7,230,337994,4879,1467331200000
2022,7,109,7,623.09,472.0,0.19,67.42857142857143,0.027142857142857142,2022,7,109,56,-49,1656633600000
2017,9,259,32,1123.91,988.3,26.53,30.884375,0.8290625,2017,9,259,908,-876,1504224000000
2023,9,220,131,4319.64,3720.37,165.17000000000002,28.39977099236641,1.2608396946564886,2023,9,220,1081,-950,1693526400000
2023,10,262,48394,1101229.76,731052.07,138364.75,15.106254287721617,2.8591302640823244,2023,10,262,53386,-4992,1696118400000
2018,8,221,18,885.8299999999999,748.08,7.6,41.56,0.4222222222222222,2018,8,221,187,-169,1533081600000
2024,8,161,140410,3348710.4400000004,2222046.5500000003,409918.5,15.825415212591698,2.91943949861121,2024,8,161,112654,27756,1722470400000
2021,3,22,350,12381.93,10644.06,104.16,30.4116,0.2976,2021,3,22,671,-321,1614556800000
2017,9,33,10650,202136.48,166454.64,23913.61,15.629543661971832,2.2454093896713614,2017,9,33,27158,-16508,1504224000000
2021,3,43,35042,538291.38,348081.51,69362.12,9.933266080703156,1.9793995776496773,2021,3,43,26087,8955,1614556800000
2021,9,38,124,6056.67,5396.27,26.9,43.51830645161291,0.21693548387096773,2021,9,38,604,-480,1630454400000
2016,7,236,297015,3838763.68,3075534.99,413762.95,10.354813696277967,1.3930708886756562,2016,7,236,297340,-325,1467331200000
2018,10,6,45,1494.51,687.51,142.12,15.278,3.1582222222222223,2018,10,6,229,-184,1538352000000
2023,2,191,166,7451.93,6723.68,79.75,40.50409638554217,0.48042168674698793,2023,2,191,617,-451,1675209600000
2019,7,231,103992,2049481.6500000001,1420587.09,238206.99,13.660542060927764,2.29062802907916,2019,7,231,99449,4543,1561939200000
2017,8,260,5145,84367.63,71428.85,5639.47,13.883158406219632,1.0961068999028183,2017,8,260,10673,-5528,1501545600000
2020,8,139,202,9648.25,8800.41,372.7,43.56638613861386,1.845049504950495,2020,8,139,302,-100,1596240000000
2020,8,240,52,2488.36,2273.42,59.25,43.71961538461539,1.1394230769230769,2020,8,240,153,-101,1596240000000
2021,3,123,353,11617.03,9959.06,119.16,28.212634560906515,0.33756373937677053,2021,3,123,731,-378,1614556800000
2021,5,171,187,6627.5,5648.99,93.76,30.20850267379679,0.5013903743315509,2021,5,171,577,-390,1619827200000
2019,8,108,105,3436.6,3151.33,31.61,30.012666666666664,0.30104761904761906,2019,8,108,516,-411,1564617600000
2019,4,130,1492,71985.66,58582.27,5065.67,39.26425603217158,3.3952211796246647,2019,4,130,3736,-2244,1554076800000
2022,1,119,169,5013.96,4600.14,75.12,27.21976331360947,0.44449704142011837,2022,1,119,599,-430,1640995200000
2017,10,94,52,980.43,865.81,37.0,16.650192307692308,0.7115384615384616,2017,10,94,643,-591,1506816000000
2017,10,173,261,4340.82,3779.55,190.35,14.481034482758622,0.7293103448275862,2017,10,173,2500,-2239,1506816000000
2022,7,233,44751,822138.0700000001,537731.42,104511.75,12.016076065339323,2.335405912717034,2022,7,233,51749,-6998,1656633600000
2022,10,251,6,521.63,430.93,40.25,71.82166666666667,6.708333333333333,2022,10,251,38,-32,1664582400000
2023,1,170,88346,2001141.51,1302675.9,254899.14,14.745159939329454,2.885236909424309,2023,1,170,88785,-439,1672531200000
2022,7,150,32,1077.75,983.35,24.150000000000002,30.7296875,0.7546875000000001,2022,7,150,248,-216,1656633600000
2022,7,145,2993,71406.35,54039.37,8221.01,18.05525225526228,2.7467457400601405,2022,7,145,10334,-7341,1656633600000
2019,8,244,6327,125349.61,101644.65,9881.32,16.065220483641536,1.5617701912438755,2019,8,244,22035,-15708,1564617600000
2023,11,248,102,2928.24,2676.46,10.44,26.239803921568626,0.10235294117647058,2023,11,248,273,-171,1698796800000
2017,5,39,160,4081.22,3311.01,473.72,20.6938125,2.96075,2017,5,39,2013,-1853,1493596800000
2024,5,244,3757,108997.39,92492.47,5097.75,24.61870375299441,1.3568671812616449,2024,5,244,12901,-9144,1714521600000
2025,1,26,685,17405.89,15729.85,82.87,22.963284671532847,0.12097810218978103,2025,1,26,1346,-661,1735689600000
2022,7,11,42,1628.8,1508.9,22.45,35.92619047619048,0.5345238095238095,2022,7,11,278,-236,1656633600000
2019,12,233,86963,1624857.18,1084918.13,192098.37,12.475629060634981,2.2089666869818196,2019,12,233,99071,-12108,1575158400000
2024,8,252,120,4676.76,4137.21,129.7,34.47675,1.0808333333333333,2024,8,252,844,-724,1722470400000
2020,1,124,318,13568.84,11506.1,365.49,36.182704402515725,1.1493396226415096,2020,1,124,1028,-710,1577836800000
2025,2,18,546,16509.3,14895.61,54.25,27.281336996336996,0.09935897435897435,2025,2,18,760,-214,1738368000000
2020,5,175,20,799.85,744.82,19.72,37.241,0.986,2020,5,175,57,-37,1588291200000
2016,2,195,727,15425.51,11983.65,1879.5,16.48370013755158,2.5852819807427787,2016,2,195,4199,-3472,1454284800000
2025,3,67,448,12030.19,10502.84,43.01,23.443839285714287,0.09600446428571428,2025,3,67,857,-409,1740787200000
2025,8,117,842,34163.52,31875.78,54.8,37.85722090261282,0.065083135391924,2025,8,117,1078,-236,1754006400000
2020,2,87,41113,970189.1100000001,686198.22,123102.94,16.69054119135067,2.9942582638095008,2020,2,87,47338,-6225,1580515200000
2021,10,130,472,20753.75,17241.12,1034.62,36.52779661016949,2.1919915254237288,2021,10,130,1616,-1144,1633046400000
2024,6,161,162918,4006575.9899999998,2668163.76,502148.6,16.377341730195557,3.082216820731902,2024,6,161,130866,32052,1717200000000
2025,2,82,2568,66930.14,57462.76,1460.74,22.376464174454828,0.5688239875389408,2025,2,82,3540,-972,1738368000000
2017,5,117,10,1022.93,982.22,30.55,98.22200000000001,3.055,2017,5,117,395,-385,1493596800000
2022,7,183,22,782.23,689.08,21.15,31.321818181818184,0.9613636363636363,2022,7,183,182,-160,1656633600000
2021,9,173,124,4001.09,3432.96,121.58,27.68516129032258,0.9804838709677419,2021,9,173,874,-750,1630454400000
2019,3,58,37,1267.2,1102.88,15.0,29.80756756756757,0.40540540540540543,2019,3,58,211,-174,1551398400000
2017,12,247,1249,19020.170000000002,16098.8,1153.74,12.889351481184947,0.9237309847878302,2017,12,247,3584,-2335,1512086400000
2017,4,242,118,1895.24,1662.01,87.96000000000001,14.084830508474576,0.7454237288135593,2017,4,242,1066,-948,1491004800000
2018,4,109,2,216.51999999999998,176.5,21.14,88.25,10.57,2018,4,109,73,-71,1522540800000
2020,5,81,185,6563.68,5755.61,200.48,31.111405405405403,1.0836756756756756,2020,5,81,373,-188,1588291200000
2016,11,242,106,1695.49,1487.34,57.85,14.031509433962263,0.5457547169811321,2016,11,242,920,-814,1477958400000
2018,11,52,4432,80078.54,64771.61,10305.54,14.614532942238267,2.325257220216607,2018,11,52,6528,-2096,1541030400000
2016,1,246,153641,2200563.19,1745447.29,262086.15,11.360556687342571,1.7058347055798908,2016,1,246,202437,-48796,1451606400000
2017,8,73,18,387.5,339.5,21.18,18.86111111111111,1.1766666666666667,2017,8,73,616,-598,1501545600000
2019,6,179,4077,65225.36,53744.43,4193.1,13.18234731420162,1.028476821192053,2019,6,179,8733,-4656,1559347200000
2021,8,160,87,3058.48,2469.7,193.66,28.38735632183908,2.225977011494253,2021,8,160,1062,-975,1627776000000
2021,10,149,144,7283.54,6537.24,36.46,45.3975,0.25319444444444444,2021,10,149,517,-373,1633046400000
2019,10,243,1136,27560.68,22714.13,2116.22,19.994832746478874,1.862869718309859,2019,10,243,11615,-10479,1569888000000
2022,8,241,101,3700.42,3267.21,146.9,32.34861386138614,1.4544554455445544,2022,8,241,537,-436,1659312000000
2022,10,29,76,3626.79,3128.58,176.23999999999998,41.16552631578947,2.3189473684210524,2022,10,29,508,-432,1664582400000
2022,11,24,9635,176584.91,125629.93,23348.33,13.038913336792941,2.4232828230409966,2022,11,24,11658,-2023,1667260800000
2023,10,196,251,11714.73,9715.49,974.64,38.70713147410358,3.883027888446215,2023,10,196,1185,-934,1696118400000
2016,2,223,7452,136309.22,107598.09,13670.17,14.438820450885668,1.8344296833064948,2016,2,223,24581,-17129,1454284800000
2020,12,252,104,4666.65,4013.7599999999998,308.31,38.59384615384615,2.964519230769231,2020,12,252,263,-159,1606780800000
2019,2,72,971,31282.01,28858.8,82.08,29.720700308959835,0.08453141091658084,2019,2,72,1875,-904,1548979200000
2021,11,58,3,55.8,52.4,0.0,17.466666666666665,0.0,2021,11,58,83,-80,1635724800000
2018,2,236,323429,3859396.4400000004,3031908.89,455446.47,9.374264181628735,1.4081806826227703,2018,2,236,336958,-13529,1517443200000
2022,10,73,25,769.98,685.9300000000001,33.35,27.437200000000004,1.334,2022,10,73,275,-250,1664582400000
2023,5,132,177792,14119609.32,11063930.180000002,1570518.3699999999,62.229628892188636,8.833459154517637,2023,5,132,48493,129299,1682899200000
2024,3,211,28506,670034.6,461550.32,74272.49,16.191339367150775,2.6055037535957344,2024,3,211,30113,-1607,1709251200000
2024,12,86,280,14748.56,13847.44,56.04,49.45514285714286,0.20014285714285715,2024,12,86,721,-441,1733011200000
2017,6,168,1822,27041.100000000002,22740.62,1687.79,12.481130625686058,0.9263391877058178,2017,6,168,7283,-5461,1496275200000
2016,6,265,6796,501459.19,426918.96,54146.44,62.81915244261331,7.967398469688052,2016,6,265,28951,-22155,1464739200000
2019,6,241,288,10316.71,9290.1,81.61,32.25729166666667,0.28336805555555555,2019,6,241,1336,-1048,1559347200000
2021,8,85,216,8239.29,7059.47,229.2,32.68273148148148,1.0611111111111111,2021,8,85,731,-515,1627776000000
2016,1,229,211517,2750007.58,2194399.35,301885.29,10.374576747968248,1.4272388980554753,2016,1,229,188686,22831,1451606400000
2023,5,237,174077,3634131.44,2321831.14,475140.78,13.337954698208264,2.729486261826663,2023,5,237,155925,18152,1682899200000
2020,11,183,180,7165.63,5984.44,464.65,33.24688888888889,2.5813888888888887,2020,11,183,249,-69,1604188800000
2021,1,193,1580,18318.58,14866.17,1360.93,9.40896835443038,0.8613481012658228,2021,1,193,1857,-277,1609459200000
2022,9,245,2,212.93,169.2,12.08,84.6,6.04,2022,9,245,46,-44,1661990400000
2024,11,252,112,3730.0,3354.18,64.21,29.948035714285712,0.5733035714285714,2024,11,252,608,-496,1730419200000
2020,10,209,2850,63434.53,46239.96,7136.77,16.224547368421053,2.504129824561404,2020,10,209,3598,-748,1601510400000
2017,8,13,86543,1708382.1900000002,1378174.09,207279.5,15.924732098494392,2.3951041678703073,2017,8,13,89216,-2673,1501545600000
2025,8,240,129,4245.92,3778.58,49.33,29.291317829457363,0.3824031007751938,2025,8,240,339,-210,1754006400000
2021,10,220,182,6226.71,5257.02,169.82,28.884725274725277,0.933076923076923,2021,10,220,1453,-1271,1633046400000
2017,7,194,471,22375.27,17029.02,2742.52,36.155031847133756,5.82276008492569,2017,7,194,1482,-1011,1498867200000
2021,3,57,60,2146.2,1768.34,15.05,29.47233333333333,0.25083333333333335,2021,3,57,84,-24,1614556800000
2022,7,12,2225,53465.11,39895.96,5608.0,17.930768539325843,2.520449438202247,2022,7,12,2732,-507,1656633600000
2019,8,166,28027,458264.55000000005,340638.71,49261.86,12.153948335533594,1.7576572590716095,2019,8,166,41586,-13559,1564617600000
2022,1,176,1,74.55,67.2,0.0,67.2,0.0,2022,1,176,14,-13,1640995200000
2016,10,200,94,2506.0,2002.23,333.13,21.300319148936172,3.543936170212766,2016,10,200,3403,-3309,1475280000000
2017,11,163,264913,4056675.82,3239441.7,455506.16,12.228322883361708,1.7194556703521533,2017,11,163,235693,29220,1509494400000
2024,8,195,942,46947.48,39415.97,3291.96,41.842855626326966,3.4946496815286623,2024,8,195,1500,-558,1722470400000
2017,8,19,74,1811.6200000000001,1636.81,66.37,22.119054054054054,0.896891891891892,2017,8,19,651,-577,1501545600000
2019,1,65,8059,151966.97999999998,128014.86,14289.640000000001,15.884707780121603,1.7731281796748979,2019,1,65,12658,-4599,1546300800000
2020,5,69,482,12074.9,10486.75,332.78,21.75674273858921,0.690414937759336,2020,5,69,975,-493,1588291200000
2017,8,69,367,5474.03,4535.36,436.59,12.35792915531335,1.1896185286103542,2017,8,69,3486,-3119,1501545600000
2020,6,257,57,1653.78,1401.02,128.73,24.579298245614034,2.258421052631579,2020,6,257,249,-192,1590969600000
2021,4,177,584,18954.71,16409.82,92.98,28.099006849315067,0.1592123287671233,2021,4,177,1147,-563,1617235200000
2021,8,18,211,9131.32,7877.96,138.95,37.336303317535545,0.6585308056872038,2021,8,18,697,-486,1627776000000
2023,10,233,41907,1102158.57,738974.03,137841.07,17.633665736034555,3.2892134965518887,2023,10,233,52196,-10289,1696118400000
2024,12,112,1837,52687.05,43703.24,2427.96,23.790549809471965,1.3216984213391398,2024,12,112,8674,-6837,1733011200000
2018,8,236,238041,2938126.46,2324316.78,333690.04000000004,9.764354796022532,1.4018175020269619,2018,8,236,247206,-9165,1533081600000
2021,1,240,71,2640.98,2286.83,96.53,32.20887323943662,1.3595774647887324,2021,1,240,178,-107,1609459200000
2023,4,181,1135,35746.23,28149.54,4032.64,24.801356828193832,3.5529867841409692,2023,4,181,8943,-7808,1680307200000
2022,4,49,668,18273.27,14713.99,2108.94,22.02693113772455,3.1570958083832337,2022,4,49,4992,-4324,1648771200000
2021,2,7,1726,32530.77,26454.54,1946.31,15.327079953650058,1.1276419466975667,2021,2,7,4538,-2812,1612137600000
2024,5,226,3427,120457.92,99496.79,9928.53,29.033203968485555,2.8971491100087543,2024,5,226,5619,-2192,1714521600000
2017,2,216,436,22903.3,18549.77,2476.4,42.54534403669725,5.679816513761468,2017,2,216,2925,-2489,1485907200000
2021,12,140,64256,1129202.94,750727.28,139810.58,11.683380229083665,2.175836964641434,2021,12,140,65168,-912,1638316800000
2018,12,220,498,14783.9,13124.65,313.07,26.35471887550201,0.6286546184738956,2018,12,220,3515,-3017,1543622400000
2019,8,243,1092,26601.23,22052.420000000002,1940.47,20.19452380952381,1.7769871794871794,2019,8,243,10653,-9561,1564617600000
2016,2,191,126,3152.92,2626.3,373.0,20.843650793650795,2.9603174603174605,2016,2,191,1045,-919,1454284800000
2016,10,37,5107,79286.71,64166.12,8403.28,12.564346974740552,1.6454435089093402,2016,10,37,20227,-15120,1475280000000
2017,9,17,2227,31984.04,26414.03,2666.54,11.860812752581948,1.1973686573866187,2017,9,17,13736,-11509,1504224000000
2019,11,70,922,27483.52,23261.88,1576.73,25.229804772234274,1.710119305856833,2019,11,70,3519,-2597,1572566400000
2020,3,230,95747,1774146.4300000002,1173823.24,214235.16000000003,12.259634662182627,2.2375130291288503,2020,3,230,77236,18511,1583020800000
2021,1,184,11,389.22,343.93,11.0,31.266363636363636,1.0,2021,1,184,58,-47,1609459200000
2021,3,263,51921,791531.9,508553.77,95971.84999999999,9.794760694131469,1.8484206775678433,2021,3,263,47683,4238,1614556800000
2022,6,230,109258,2370885.5,1602610.74,299912.05,14.668131761518607,2.7449893829284813,2022,6,230,107623,1635,1654041600000
2024,4,190,126,4057.59,3371.4,311.23,26.757142857142856,2.470079365079365,2024,4,190,521,-395,1711929600000
2024,12,29,250,9471.32,8837.2,38.4,35.348800000000004,0.1536,2024,12,29,548,-298,1733011200000
2022,11,260,692,25237.77,20183.49,2686.29,29.166893063583817,3.881921965317919,2022,11,260,2723,-2031,1667260800000
2020,6,66,157,4125.33,3474.26,313.69,22.129044585987263,1.9980254777070063,2020,6,66,504,-347,1590969600000
2023,1,17,344,10585.17,9085.99,664.38,26.412761627906978,1.9313372093023256,2023,1,17,3559,-3215,1672531200000
2019,1,258,388,13903.99,12578.19,65.62,32.41801546391753,0.1691237113402062,2019,1,258,1659,-1271,1546300800000
2023,3,224,4657,109669.3,74088.38,13367.9,15.909035859995706,2.8704960274855056,2023,3,224,13680,-9023,1677628800000
2016,5,140,199993,2940703.54,2377969.34,321577.95,11.890262859200071,1.6079460281109839,2016,5,140,206495,-6502,1462060800000
2024,6,75,22005,475713.25,356496.95,40442.9,16.20072483526471,1.8378959327425586,2024,6,75,39567,-17562,1717200000000
2024,2,200,95,3885.71,3455.15,81.67999999999999,36.37,0.8597894736842104,2024,2,200,986,-891,1706745600000
2024,4,97,2113,61414.44,52035.0,3355.95,24.62612399432087,1.5882394699479412,2024,4,97,4307,-2194,1711929600000
2023,12,237,164668,3441836.11,2208564.12,453191.18,13.412224111545656,2.752150873272281,2023,12,237,147522,17146,1701388800000
2018,2,141,199651,2374400.15,1868319.25,275833.76,9.357925830574352,1.3815796565005936,2018,2,141,207228,-7577,1517443200000
2018,11,186,278018,4305719.149999999,3474514.52,484365.78,12.497444482011955,1.7422101446668923,2018,11,186,204327,73691,1541030400000
2021,11,171,87,2961.63,2512.47,22.11,28.878965517241376,0.25413793103448273,2021,11,171,548,-461,1635724800000
2016,7,171,82,1560.0,1326.34,95.88,16.174878048780485,1.1692682926829268,2016,7,171,1503,-1421,1467331200000
2022,12,184,6,230.5,202.4,20.9,33.733333333333334,3.483333333333333,2022,12,184,20,-14,1669852800000
2018,9,82,2300,50948.590000000004,43774.340000000004,2761.93,19.032321739130435,1.2008391304347825,2018,9,82,6868,-4568,1535760000000
2019,1,129,3952,69946.84,60327.05,3204.7,15.264941801619434,0.8109058704453441,2019,1,129,12683,-8731,1546300800000
2018,1,19,94,1921.28,1717.0,103.13,18.26595744680851,1.0971276595744681,2018,1,19,464,-370,1514764800000
2022,1,74,7758,114075.92,88186.92,8691.39,11.367223511214231,1.1203132250580046,2022,1,74,20715,-12957,1640995200000
2022,3,160,62,2570.5,2046.05,285.1,33.0008064516129,4.598387096774194,2022,3,160,1155,-1093,1646092800000
2022,10,25,1844,46327.75,36849.49,5564.31,19.98345444685466,3.01752169197397,2022,10,25,6289,-4445,1664582400000
2023,8,122,105,4002.98,3531.98,18.08,33.637904761904764,0.17219047619047617,2023,8,122,329,-224,1690848000000
2023,11,29,103,5473.81,4925.48,165.85999999999999,47.820194174757276,1.6102912621359222,2023,11,29,385,-282,1698796800000
2016,3,43,146080,1991833.46,1614704.53,201838.03,11.053563321467688,1.3816951670317634,2016,3,43,130767,15313,1456790400000
2025,2,78,534,16502.4,14715.93,54.279999999999994,27.557921348314608,0.10164794007490635,2025,2,78,683,-149,1738368000000
2025,6,250,843,25946.72,22814.54,160.04000000000002,27.063511269276393,0.18984578884934758,2025,6,250,974,-131,1748736000000
2018,10,8,84,4255.38,3282.0,522.76,39.07142857142857,6.223333333333334,2018,10,8,137,-53,1538352000000
2019,4,254,572,21352.54,19123.61,91.16,33.432884615384616,0.15937062937062937,2019,4,254,1277,-705,1554076800000
2021,9,163,76769,1355885.1600000001,889005.29,173176.58000000002,11.580264038869856,2.255813935312431,2021,9,163,66895,9874,1630454400000
2023,12,54,75,2480.74,1990.86,213.48,26.5448,2.8464,2023,12,54,766,-691,1701388800000
2017,12,88,35808,770266.43,631427.1,86514.48,17.633688002680966,2.4160656836461123,2017,12,88,38099,-2291,1512086400000
2019,2,71,727,23005.8,21039.18,54.11,28.939724896836314,0.07442916093535075,2019,2,71,1789,-1062,1548979200000
2017,9,201,5,221.57,194.72,11.0,38.944,2.2,2017,9,201,316,-311,1504224000000
2023,2,93,440,31679.55,24573.8,3959.96,55.849545454545456,8.99990909090909,2023,2,93,924,-484,1675209600000
2017,7,78,72,1579.39,1387.97,84.12,19.277361111111112,1.1683333333333334,2017,7,78,873,-801,1498867200000
2016,11,180,124,7176.08,6052.96,849.42,48.814193548387095,6.85016129032258,2016,11,180,815,-691,1477958400000
2019,5,145,9323,237007.15,181486.23,24468.51,19.46650541671136,2.624531803067682,2019,5,145,22946,-13623,1556668800000
2019,4,118,23,867.71,762.94,33.91,33.17130434782609,1.4743478260869565,2019,4,118,166,-143,1554076800000
2024,8,191,341,14627.85,13292.39,150.35,38.98061583577712,0.4409090909090909,2024,8,191,1219,-878,1722470400000
2023,3,20,59,2179.59,1911.75,75.09,32.402542372881356,1.2727118644067796,2023,3,20,394,-335,1677628800000
2023,12,80,754,25254.61,20651.59,2123.82,27.389376657824933,2.816737400530504,2023,12,80,3943,-3189,1701388800000
2017,3,142,290253,4044160.0,3241044.98,442568.89,11.166275559598006,1.524769390841783,2017,3,142,257481,32772,1488326400000
2022,3,152,3029,52293.39,40578.46,5211.43,13.396652360515022,1.7205117200396172,2022,3,152,6144,-3115,1646092800000
2020,4,15,15,404.17,346.22,34.31,23.081333333333337,2.2873333333333337,2020,4,15,22,-7,1585699200000
2022,11,249,64884,1193008.5800000003,787225.33,164078.08000000002,12.132811324825843,2.5287910733000434,2022,11,249,50538,14346,1667260800000
2019,2,187,8,285.32,240.5,4.98,30.0625,0.6225,2019,2,187,66,-58,1548979200000
2023,2,96,11,205.73000000000002,167.68,15.0,15.243636363636364,1.3636363636363635,2023,2,96,86,-75,1675209600000
2024,1,194,98,6202.89,4705.25,699.08,48.01275510204081,7.1334693877551025,2024,1,194,216,-118,1704067200000
2024,12,172,11,621.61,541.27,20.2,49.20636363636363,1.8363636363636362,2024,12,172,52,-41,1733011200000
2016,10,94,64,1392.32,1245.11,72.61,19.45484375,1.13453125,2016,10,94,746,-682,1475280000000
2017,8,85,178,2708.25,2306.51,119.57,12.957921348314608,0.6717415730337079,2017,8,85,1418,-1240,1501545600000
2016,4,34,397,6327.84,5117.5,725.7,12.8904282115869,1.8279596977329975,2016,4,34,1570,-1173,1459468800000
2023,5,201,50,2658.57,2427.3,6.82,48.54600000000001,0.1364,2023,5,201,309,-259,1682899200000
2025,5,45,9971,250118.44,176472.49,18476.18,17.698574867114633,1.852991675859994,2025,5,45,14983,-5012,1746057600000
2020,4,16,39,1840.21,1679.93,84.29,43.07512820512821,2.1612820512820514,2020,4,16,69,-30,1585699200000
2016,6,35,193,4724.1,3774.51,636.03,19.557046632124354,3.2954922279792744,2016,6,35,1709,-1516,1464739200000
2017,9,168,1718,27448.68,23542.14,1301.27,13.703224679860302,0.7574330616996507,2017,9,168,6713,-4995,1504224000000
2019,6,59,11,337.12,308.13,0.0,28.01181818181818,0.0,2019,6,59,49,-38,1559347200000
2023,4,20,58,2099.2599999999998,1821.06,107.8,31.397586206896552,1.8586206896551725,2023,4,20,362,-304,1680307200000
2020,1,171,247,8920.48,7490.64,14.41,30.326477732793524,0.05834008097165992,2020,1,171,1059,-812,1577836800000
2023,7,4,3622,91777.37,63893.14,10865.28,17.640292655991164,2.999801214798454,2023,7,4,10934,-7312,1688169600000
2024,4,150,127,4498.54,4127.14,77.53,32.49716535433071,0.6104724409448818,2024,4,150,300,-173,1711929600000
2019,6,140,119164,2066003.98,1395674.2,229411.84,11.71221342016045,1.9251774025712463,2019,6,140,122435,-3271,1559347200000
2019,10,222,322,11635.38,10368.7,123.74,32.20093167701864,0.3842857142857143,2019,10,222,639,-317,1569888000000
2017,12,250,112,2488.58,2195.81,123.63,19.60544642857143,1.1038392857142856,2017,12,250,811,-699,1512086400000
2018,9,112,3372,55983.65,45498.1,5713.16,13.49291221826809,1.69429418742586,2018,9,112,18534,-15162,1535760000000
2017,2,138,193933,8259963.89,6225749.53,1110386.22,32.10257939597696,5.725617713333986,2017,2,138,93487,100446,1485907200000
2019,4,109,4,275.56,250.5,0.0,62.625,0.0,2019,4,109,93,-89,1554076800000
2024,3,42,5590,132114.7,113319.55,3874.27,20.271833631484796,0.6930715563506261,2024,3,42,16192,-10602,1709251200000
2018,10,214,15,739.04,613.5,29.34,40.9,1.956,2018,10,214,174,-159,1538352000000
2019,12,194,513,27111.56,19715.36,3351.75,38.43150097465887,6.533625730994152,2019,12,194,985,-472,1575158400000
2016,4,151,99704,1352904.1300000001,1087562.68,144592.03,10.907914226109282,1.45021293027361,2016,4,151,89178,10526,1459468800000
2019,1,24,22669,656343.0100000001,596135.94,32260.87,26.297407913891213,1.4231271780846089,2019,1,24,26511,-3842,1546300800000
2016,3,102,157,3174.9900000000002,2612.64,301.77,16.641019108280254,1.9221019108280253,2016,3,102,1853,-1696,1456790400000
2016,7,198,502,8347.210000000001,6929.0,745.93,13.802788844621514,1.4859163346613544,2016,7,198,7386,-6884,1467331200000
2017,3,152,11289,159011.5,132065.61,12772.03,11.698610151474886,1.1313694747098946,2017,3,152,19223,-7934,1488326400000
2016,1,91,271,6514.71,5348.1,801.09,19.73468634686347,2.9560516605166054,2016,1,91,1978,-1707,1451606400000
2019,5,95,1392,38656.93,32205.48,1880.73,23.136120689655172,1.3510991379310344,2019,5,95,10250,-8858,1556668800000
2021,9,158,21437,410310.29,273734.67,55494.22,12.769262023604048,2.5887120399309604,2021,9,158,29944,-8507,1630454400000
2016,2,173,411,6242.87,5269.11,346.3,12.820218978102188,0.8425790754257908,2016,2,173,3145,-2734,1454284800000
2022,6,55,158,7609.429999999999,6732.71,257.37,42.612088607594934,1.6289240506329115,2022,6,55,678,-520,1654041600000
2023,10,7,1814,43419.46,35552.84,2742.06,19.599140022050715,1.5116097023153252,2023,10,7,8803,-6989,1696118400000
2017,8,236,248977,3107642.5,2471455.67,342016.35000000003,9.926441679351909,1.3736865252613697,2017,8,236,255043,-6066,1501545600000
2017,1,174,96,2206.52,1927.18,104.96000000000001,20.074791666666666,1.0933333333333335,2017,1,174,1140,-1044,1483228800000
2017,2,132,186076,10472838.38,8602867.34,1120710.35,46.23308400868462,6.02286350738408,2017,2,132,67391,118685,1485907200000
2021,4,240,53,2158.12,1825.1299999999999,15.95,34.43641509433962,0.3009433962264151,2021,4,240,189,-136,1617235200000
2025,5,142,137318,2975837.0300000003,1895334.26,360326.93000000005,13.802518679270015,2.6240327560844174,2025,5,142,117789,19529,1746057600000
2021,12,149,104,4854.45,4377.86,40.54,42.09480769230769,0.3898076923076923,2021,12,149,458,-354,1638316800000
2017,2,177,236,4631.4,3957.32,336.71,16.768305084745762,1.426737288135593,2017,2,177,1889,-1653,1485907200000
2017,3,175,29,927.4,702.0,153.54,24.20689655172414,5.294482758620689,2017,3,175,796,-767,1488326400000
2017,8,27,2,97.52,97.22,0.0,48.61,0.0,2017,8,27,98,-96,1501545600000
2016,2,42,17017,221468.89,183448.56,16663.35,10.78031145325263,0.9792178409825468,2016,2,42,47957,-30940,1454284800000
2016,1,224,35809,492529.46,394776.89,55719.98,11.024515903823062,1.5560328409059176,2016,1,224,50137,-14328,1451606400000
2016,12,175,30,1059.23,800.8,189.73,26.69333333333333,6.324333333333333,2016,12,175,757,-727,1480550400000
2020,9,163,27045,421690.65,272495.21,50304.86,10.075622481050102,1.8600428914771676,2020,9,163,24484,2561,1598918400000
2020,1,127,679,16753.35,14127.44,1033.08,20.806244477172314,1.5214727540500734,2020,1,127,4550,-3871,1577836800000
2016,2,148,184235,2860800.45,2303099.34,328807.46,12.500878443292534,1.7847176703666514,2016,2,148,130532,53703,1454284800000
2023,6,58,3,112.46,82.5,11.41,27.5,3.8033333333333332,2023,6,58,94,-91,1685577600000
2022,3,207,270,3882.12,3045.85,361.75,11.280925925925926,1.3398148148148148,2022,3,207,285,-15,1646092800000
2020,11,178,51,1480.47,1268.27,118.94,24.868039215686274,2.332156862745098,2020,11,178,196,-145,1604188800000
2025,6,83,1681,49762.5,42169.47,1548.76,25.08594289113623,0.9213325401546698,2025,6,83,2068,-387,1748736000000
2017,3,44,4,352.76,324.51,26.05,81.1275,6.5125,2017,3,44,36,-32,1488326400000
2025,8,218,1013,33387.69,30045.8,337.40999999999997,29.66021717670286,0.3330799605133267,2025,8,218,2055,-1042,1754006400000
2017,4,151,85981,1139945.68,915554.85,121906.32,10.648339167955712,1.417828590037334,2017,4,151,78440,7541,1491004800000
2017,1,126,114,1917.64,1672.01,98.13,14.666754385964913,0.8607894736842104,2017,1,126,1105,-991,1483228800000
2021,10,62,290,10094.7,8816.3,321.05,30.401034482758618,1.1070689655172414,2021,10,62,1613,-1323,1633046400000
2017,12,157,439,15504.72,12416.41,1595.59,28.283394077448747,3.6346013667425967,2017,12,157,3195,-2756,1512086400000
2018,8,16,144,4397.92,3910.47,158.48,27.156041666666667,1.1005555555555555,2018,8,16,1499,-1355,1533081600000
2021,1,189,230,6082.95,5157.0,395.29,22.421739130434784,1.7186521739130436,2021,1,189,841,-611,1609459200000
2019,8,69,697,16231.83,14258.59,187.82,20.457087517934003,0.26946915351506456,2019,8,69,3049,-2352,1564617600000
2021,8,99,1,97.35,89.0,0.0,89.0,0.0,2021,8,99,1,0,1627776000000
2023,7,90,47567,1068142.4,696290.06,136860.08,14.63809069312759,2.877206466668068,2023,7,90,40725,6842,1688169600000
2019,11,78,333,10207.01,8761.24,70.26,26.310030030030028,0.210990990990991,2019,11,78,755,-422,1572566400000
2018,4,54,358,6397.39,5184.58,725.28,14.482067039106145,2.025921787709497,2018,4,54,2686,-2328,1522540800000
2023,1,89,287,9881.19,8653.7,490.09000000000003,30.15226480836237,1.707630662020906,2023,1,89,2518,-2231,1672531200000
2024,3,245,4,342.17999999999995,272.22,27.2,68.055,6.8,2024,3,245,33,-29,1709251200000
2022,3,111,3,76.65,58.2,2.55,19.400000000000002,0.85,2022,3,111,40,-37,1646092800000
2023,3,257,85,3007.57,2406.39,261.43,28.310470588235294,3.0756470588235296,2023,3,257,1401,-1316,1677628800000
2020,4,83,58,1355.89,1171.15,77.38,20.192241379310346,1.3341379310344827,2020,4,83,195,-137,1585699200000
2022,1,235,115,3973.97,3656.85,23.92,31.79869565217391,0.20800000000000002,2022,1,235,539,-424,1640995200000
2018,9,78,175,5085.4400000000005,4580.12,86.49,26.172114285714287,0.4942285714285714,2018,9,78,889,-714,1535760000000
2017,3,18,130,1788.67,1586.5,41.73,12.203846153846154,0.32099999999999995,2017,3,18,1686,-1556,1488326400000
2021,8,254,318,14268.48,12234.63,139.04,38.473679245283016,0.4372327044025157,2021,8,254,751,-433,1627776000000
2017,6,140,160399,2279025.25,1828999.74,254775.7,11.402812611051191,1.5883870847075108,2017,6,140,167578,-7179,1496275200000
2018,1,93,969,60080.7,47564.93,7192.0,49.086615067079464,7.4220846233230136,2018,1,93,814,155,1514764800000
2016,1,185,85,1924.69,1675.5,123.45,19.711764705882352,1.4523529411764706,2016,1,185,1434,-1349,1451606400000
2016,5,260,8017,132109.64,112383.55,8832.59,14.01815517026319,1.1017325682923786,2016,5,260,15958,-7941,1462060800000
2019,5,224,14913,262234.37,177554.36,29209.23,11.906012204117213,1.958642124321062,2019,5,224,30519,-15606,1556668800000
2021,5,58,15,531.89,434.24,14.600000000000001,28.949333333333335,0.9733333333333334,2021,5,58,77,-62,1619827200000
2016,4,46,8,343.71,213.5,22.810000000000002,26.6875,2.8512500000000003,2016,4,46,162,-154,1459468800000
2020,9,25,1130,27559.88,23550.18,2275.18,20.840867256637168,2.013433628318584,2020,9,25,2199,-1069,1598918400000
2023,5,123,89,3549.7,3175.46,100.97,35.67932584269663,1.134494382022472,2023,5,123,600,-511,1682899200000
2023,12,222,222,9038.62,8370.52,55.0,37.70504504504505,0.24774774774774774,2023,12,222,345,-123,1701388800000
2021,12,130,389,19639.02,16137.0,1219.07,41.48329048843188,3.1338560411311054,2021,12,130,1500,-1111,1638316800000
2024,1,178,61,1999.27,1830.11,25.330000000000002,30.001803278688524,0.4152459016393443,2024,1,178,329,-268,1704067200000
2023,8,179,540,13782.72,11463.8,837.45,21.22925925925926,1.5508333333333335,2023,8,179,2883,-2343,1690848000000
2024,5,83,356,12753.72,10585.79,857.1899999999999,29.735365168539328,2.4078370786516854,2024,5,83,881,-525,1714521600000
2017,2,3,24,633.78,532.0,33.76,22.166666666666668,1.4066666666666665,2017,2,3,473,-449,1485907200000
2023,5,215,494,31074.95,25389.37,2658.23,51.39548582995951,5.381032388663968,2023,5,215,863,-369,1682899200000
2016,4,3,27,605.9399999999999,555.0,12.26,20.555555555555557,0.4540740740740741,2016,4,3,678,-651,1459468800000
2023,7,87,17673,567235.98,409123.42,68803.87,23.149630509817236,3.89316301703163,2023,7,87,23617,-5944,1688169600000
2021,5,142,83247,1319525.3800000001,846603.6,170313.35,10.16977909113842,2.0458797314017323,2021,5,142,71139,12108,1619827200000
2024,11,109,4,123.16999999999999,84.67,0.0,21.1675,0.0,2024,11,109,33,-29,1730419200000
2021,8,207,356,3878.87,3082.87,224.25,8.659747191011236,0.6299157303370787,2021,8,207,366,-10,1627776000000
2020,11,38,163,7042.26,6156.43,423.5,37.76950920245399,2.598159509202454,2020,11,38,325,-162,1604188800000
2016,11,198,356,6175.13,5190.7,440.22,14.580617977528089,1.2365730337078653,2016,11,198,6339,-5983,1477958400000
2020,7,52,222,5056.87,3946.02,574.63,17.774864864864863,2.5884234234234236,2020,7,52,390,-168,1593561600000
2023,3,228,221,9035.67,7398.16,631.2,33.4758371040724,2.856108597285068,2023,3,228,1781,-1560,1677628800000
2024,2,13,17159,544752.53,383144.23,70997.18,22.329053557899645,4.137605921090972,2024,2,13,20662,-3503,1706745600000
2024,4,151,29845,634087.7,447385.05,72404.79,14.990284804824928,2.426027475288993,2024,4,151,32024,-2179,1711929600000
2018,11,97,6952,117161.17,98224.52,10257.11,14.128958573072497,1.475418584579977,2018,11,97,12994,-6042,1541030400000
2024,6,175,87,3251.34,3002.69,52.81,34.51367816091954,0.6070114942528736,2024,6,175,343,-256,1717200000000
2016,9,236,349394,4574041.36,3661430.42,498240.61,10.479374059085158,1.4260136407608601,2016,9,236,347999,1395,1472688000000
2024,5,203,220,9856.47,9006.9,202.22,40.94045454545454,0.9191818181818182,2024,5,203,797,-577,1714521600000
2021,10,9,79,2700.16,2337.86,0.0,29.593164556962027,0.0,2021,10,9,410,-331,1633046400000
2020,9,238,38415,592750.99,395865.73,70202.15,10.304978003384095,1.8274671352336325,2020,9,238,37552,863,1598918400000
2018,1,140,160416,2146292.36,1715865.87,243236.77,10.69635117444644,1.5162874650907638,2018,1,140,165475,-5059,1514764800000
2018,8,142,205186,2693189.38,2133207.88,306252.61,10.396459212616845,1.4925609447038297,2018,8,142,188806,16380,1533081600000
2024,9,78,305,11422.61,10370.2,105.57000000000001,34.00065573770492,0.3461311475409836,2024,9,78,495,-190,1725148800000
2023,1,205,230,9047.84,8165.7300000000005,125.76,35.50317391304348,0.5467826086956522,2023,1,205,966,-736,1672531200000
2025,1,15,97,3094.39,2643.92,63.89,27.256907216494845,0.658659793814433,2025,1,15,430,-333,1735689600000
2025,1,87,18053,504965.52,352101.08,50661.12,19.503743422145906,2.8062438375893204,2025,1,87,28162,-10109,1735689600000
2025,8,170,98960,2203234.81,1395729.21,252619.69,14.103973423605497,2.552745452708165,2025,8,170,101557,-2597,1754006400000
2025,8,194,189,8672.69,6361.94,663.78,33.6610582010582,3.512063492063492,2025,8,194,540,-351,1754006400000
2019,7,25,5352,100972.59,82672.73,8214.74,15.447072122571,1.5348916292974588,2019,7,25,11228,-5876,1561939200000
2022,7,234,84916,1428926.53,919864.22,188192.24,10.832637194403882,2.216216496302228,2022,7,234,72671,12245,1656633600000
2019,2,23,50,2804.68,2570.1,88.8,51.402,1.776,2019,2,23,209,-159,1548979200000
2019,12,2,6,263.47,221.0,21.060000000000002,36.833333333333336,3.5100000000000002,2019,12,2,9,-3,1575158400000
2022,5,257,77,2442.28,1902.1299999999999,322.8,24.702987012987013,4.1922077922077925,2022,5,257,1504,-1427,1651363200000
2021,3,33,1437,36287.09,29118.35,3247.75,20.263291579679887,2.2600904662491303,2021,3,33,4758,-3321,1614556800000
2022,11,143,38603,684123.16,451480.58,90020.26,11.69547910784136,2.3319498484573735,2022,11,143,49965,-11362,1667260800000
2019,7,215,1214,69356.95,54846.15,6074.46,45.178047775947284,5.003673805601318,2019,7,215,2294,-1080,1561939200000
2025,10,71,2060,58095.23,52765.44,100.71,25.614291262135925,0.048888349514563105,2025,10,71,2458,-398,1759276800000
2020,9,67,114,4006.61,3418.93,251.61,29.990614035087717,2.207105263157895,2020,9,67,291,-177,1598918400000
2020,12,15,91,3223.79,2776.65,243.86,30.512637362637363,2.67978021978022,2020,12,15,166,-75,1606780800000
2017,9,177,178,3854.65,3268.77,252.42,18.36387640449438,1.4180898876404493,2017,9,177,1786,-1608,1504224000000
2022,9,64,68,2943.5,2700.1,80.30000000000001,39.70735294117647,1.1808823529411767,2022,9,64,403,-335,1661990400000
2017,10,249,200253,2829709.91,2242201.5,337758.56,11.196843492981378,1.68665917614218,2017,10,249,163083,37170,1506816000000
2023,4,253,5,238.3,162.89999999999998,33.0,32.58,6.6,2023,4,253,39,-34,1680307200000
2017,1,208,58,2491.83,2102.11,214.41,36.24327586206897,3.6967241379310343,2017,1,208,1116,-1058,1483228800000
2017,12,210,81,2186.68,1819.7,181.86,22.465432098765433,2.245185185185185,2017,12,210,906,-825,1512086400000
2019,8,42,11383,168192.59,137720.72,9990.54,12.098806992884125,0.8776719669682861,2019,8,42,29426,-18043,1564617600000
2023,3,186,115707,2817155.0,1893085.81,361881.60000000003,16.36103096614725,3.127568772848661,2023,3,186,74197,41510,1677628800000
2016,8,181,12328,209087.03,169899.83,23245.24,13.78162151200519,1.8855645684620377,2016,8,181,35438,-23110,1470009600000
2019,12,249,129848,2196964.8,1435034.45,275789.75,11.05164846589859,2.1239429948863284,2019,12,249,107496,22352,1575158400000
2021,9,37,700,22931.99,18401.09,2330.05,26.28727142857143,3.3286428571428575,2021,9,37,3671,-2971,1630454400000
2023,12,201,60,3030.7,2755.34,90.47,45.922333333333334,1.5078333333333334,2023,12,201,326,-266,1701388800000
2024,11,78,347,13670.89,12327.95,51.84,35.52723342939481,0.14939481268011529,2024,11,78,491,-144,1730419200000
2016,2,200,96,2228.77,1799.53,262.68,18.745104166666668,2.73625,2016,2,200,3736,-3640,1454284800000
2019,11,256,3665,73556.55,57262.18,7910.37,15.624060027285129,2.1583547066848565,2019,11,256,15353,-11688,1572566400000
2023,1,157,234,14075.47,10976.54,1685.88,46.908290598290606,7.204615384615385,2023,1,157,893,-659,1672531200000
2018,7,242,176,5001.7,4590.31,103.93,26.08130681818182,0.5905113636363637,2018,7,242,1024,-848,1530403200000
2021,1,164,22412,343349.53,220547.99,40006.34,9.840620649651973,1.785041049437801,2021,1,164,20074,2338,1609459200000
2022,7,185,78,2091.81,1843.4,80.56,23.633333333333333,1.0328205128205128,2022,7,185,447,-369,1656633600000
2016,3,17,5354,75823.43000000001,62047.21,7115.2,11.58894471423235,1.3289503175196116,2016,3,17,25551,-20197,1456790400000
2018,8,259,197,5990.26,5437.04,163.68,27.599187817258883,0.8308629441624366,2018,8,259,971,-774,1533081600000
2018,5,124,184,7976.5,6858.7,548.9,37.27554347826087,2.9831521739130435,2018,5,124,977,-793,1525132800000
2019,2,92,638,21054.93,18553.42,536.1800000000001,29.080595611285265,0.8404075235109719,2019,2,92,2938,-2300,1548979200000
2021,8,114,32665,575039.37,377061.56,75816.19,11.543289759681617,2.3210221950099497,2021,8,114,27726,4939,1627776000000
2024,8,242,227,8536.16,7700.26,126.38,33.92185022026432,0.5567400881057268,2024,8,242,639,-412,1722470400000
2018,10,33,9716,189983.37,156703.56,21869.56,16.128402634829147,2.250881020996295,2018,10,33,26179,-16463,1538352000000
2022,2,154,8,677.61,589.6,23.16,73.7,2.895,2022,2,154,25,-17,1643673600000
2022,5,234,89899,1590891.02,1033440.01,214367.46,11.495567358925015,2.3845366466812754,2022,5,234,78775,11124,1651363200000
2022,11,42,2876,57396.47,46221.42,4798.66,16.07142559109875,1.668518776077886,2022,11,42,13159,-10283,1667260800000
2016,7,22,140,5270.5199999999995,4688.04,371.08,33.486,2.6505714285714284,2016,7,22,2147,-2007,1467331200000
2025,10,24,12232,253035.64,176490.32,23574.23,14.428574231523873,1.9272588293001962,2025,10,24,14108,-1876,1759276800000
2018,7,78,136,3660.11,3222.6,95.28999999999999,23.695588235294117,0.7006617647058823,2018,7,78,906,-770,1530403200000
2016,7,19,45,1506.32,1312.5,146.17,29.166666666666668,3.248222222222222,2016,7,19,621,-576,1467331200000
2019,5,243,1482,33061.79,27780.1,2019.3,18.745006747638325,1.3625506072874494,2019,5,243,13069,-11587,1556668800000
2018,6,46,25,1207.36,1115.0,0.0,44.6,0.0,2018,6,46,150,-125,1527811200000
2016,2,130,891,43493.53,34338.25,4386.92,38.539001122334454,4.923591470258137,2016,2,130,2668,-1777,1454284800000
2025,3,30,26,1168.43,1059.56,10.0,40.75230769230769,0.38461538461538464,2025,3,30,53,-27,1740787200000
2023,9,248,116,4075.14,3600.83,48.79,31.041637931034483,0.42060344827586205,2023,9,248,273,-157,1693526400000
2016,9,41,35922,501207.48,409494.21,45627.75,11.39953816602639,1.2701895774177385,2016,9,41,64667,-28745,1472688000000
2025,3,251,11,543.61,436.57,0.0,39.68818181818182,0.0,2025,3,251,47,-36,1740787200000
2018,3,64,35,1257.75,1130.56,71.15,32.30171428571428,2.032857142857143,2018,3,64,686,-651,1519862400000
2022,1,172,1,3.3,2.5,0.0,2.5,0.0,2022,1,172,19,-18,1640995200000
2022,10,173,69,2147.84,1911.64,129.45,27.704927536231885,1.876086956521739,2022,10,173,691,-622,1664582400000
2023,5,72,213,7081.18,6450.73,160.23,30.285117370892017,0.7522535211267605,2023,5,72,866,-653,1682899200000
2018,9,209,19558,386718.41000000003,318256.54,42054.89,16.272448103078023,2.150265364556703,2018,9,209,23774,-4216,1535760000000
2019,10,156,9,613.08,496.27,12.08,55.14111111111111,1.3422222222222222,2019,10,156,73,-64,1569888000000
2019,9,62,531,12961.5,11672.25,174.7,21.981638418079097,0.32900188323917134,2019,9,62,2710,-2179,1567296000000
2023,12,227,112,4446.78,3966.57,194.61,35.415803571428576,1.7375892857142858,2023,12,227,599,-487,1701388800000
2021,9,180,46,2041.3899999999999,1679.8,120.03999999999999,36.517391304347825,2.609565217391304,2021,9,180,386,-340,1630454400000
2019,9,261,41565,1002299.74,726410.07,111056.62,17.476484301696136,2.6718782629616262,2019,9,261,33190,8375,1567296000000
2020,9,22,295,9570.27,8211.48,725.52,27.83552542372881,2.4593898305084747,2020,9,22,588,-293,1598918400000
2023,5,228,285,13326.53,10708.64,1131.5,37.57417543859649,3.9701754385964914,2023,5,228,1873,-1588,1682899200000
2019,7,131,300,10218.57,9111.57,92.64,30.3719,0.3088,2019,7,131,1355,-1055,1561939200000
2021,3,174,588,19083.53,16254.51,154.85,27.64372448979592,0.2633503401360544,2021,3,174,949,-361,1614556800000
2022,7,25,1475,33344.53,26724.55,3687.33,18.118338983050847,2.499884745762712,2022,7,25,5157,-3682,1656633600000
2017,7,68,208200,2969856.16,2368635.98,329888.88,11.37673381364073,1.5844806916426513,2017,7,68,194207,13993,1498867200000
2017,9,75,56058,742516.15,603662.01,68035.83,10.768525634164615,1.2136685218880445,2017,9,75,100327,-44269,1504224000000
2023,2,13,15264,486879.59,341636.85,65713.13,22.38186910377358,4.305105476939204,2023,2,13,20104,-4840,1675209600000
2019,10,137,79011,1331916.61,887394.6,145300.02,11.231279188973687,1.8389846983331433,2019,10,137,90485,-11474,1569888000000
2022,9,115,3,247.09,185.5,23.65,61.833333333333336,7.883333333333333,2022,9,115,56,-53,1661990400000
2021,5,123,288,10142.06,8771.03,128.7,30.45496527777778,0.44687499999999997,2021,5,123,635,-347,1619827200000
2019,1,97,5711,97761.27,83207.96,7121.89,14.569770618105412,1.2470478024864298,2019,1,97,11673,-5962,1546300800000
2017,1,169,195,2944.54,2520.51,151.24,12.925692307692309,0.7755897435897436,2017,1,169,1802,-1607,1483228800000
2019,10,172,9,579.15,514.3,16.05,57.14444444444444,1.7833333333333334,2019,10,172,100,-91,1569888000000
2019,6,128,73,2197.36,1852.32,142.12,25.374246575342465,1.9468493150684931,2019,6,128,456,-383,1559347200000
2021,7,57,35,1381.96,1113.09,21.07,31.802571428571426,0.602,2021,7,57,92,-57,1625097600000
2021,1,79,23088,360131.72000000003,234771.58,42950.16,10.168554227304227,1.8602806652806654,2021,1,79,21963,1125,1609459200000
2025,9,66,5860,161508.42,130559.13,6095.74,22.27971501706485,1.0402286689419795,2025,9,66,7198,-1338,1756684800000
2024,6,71,867,24327.17,22894.76,86.97,26.40687427912341,0.10031141868512111,2024,6,71,1202,-335,1717200000000
2018,6,37,1891,34899.840000000004,29289.25,2862.69,15.488762559492333,1.5138498149127446,2018,6,37,11475,-9584,1527811200000
2018,5,17,1906,29373.81,25004.14,1822.94,13.118646379853095,0.9564218258132214,2018,5,17,12840,-10934,1525132800000
2016,9,202,727,13644.0,11449.3,1278.65,15.74869325997249,1.7588033012379645,2016,9,202,5012,-4285,1472688000000
2016,8,105,22,426.81,343.5,46.73,15.613636363636363,2.124090909090909,2016,8,105,11,11,1470009600000
2017,8,75,52482,680950.04,555430.77,59917.02,10.583262261346748,1.1416680004572997,2017,8,75,94352,-41870,1501545600000
2018,6,24,26206,371154.96,298178.71,40385.38,11.378261085247654,1.541073799893154,2018,6,24,29165,-2959,1527811200000
2020,8,78,384,12859.45,11104.97,569.23,28.91919270833333,1.4823697916666667,2020,8,78,663,-279,1596240000000
2018,10,96,23,698.9,567.0,56.79,24.652173913043477,2.469130434782609,2018,10,96,165,-142,1538352000000
2016,2,57,29,887.5600000000001,715.0,106.92,24.655172413793103,3.686896551724138,2016,2,57,409,-380,1454284800000
2020,3,147,151,4284.21,3767.7400000000002,37.93,24.951920529801328,0.2511920529801325,2020,3,147,547,-396,1583020800000
2020,10,122,134,5823.35,5162.06,346.0,38.52283582089552,2.582089552238806,2020,10,122,266,-132,1601510400000
2018,9,110,2,22.6,19.0,2.0,9.5,1.0,2018,9,110,2,0,1535760000000
2020,11,12,227,5229.77,3744.06,618.27,16.493656387665197,2.7236563876651982,2020,11,12,416,-189,1604188800000
2024,8,204,2,293.85,224.0,53.97,112.0,26.985,2024,8,204,21,-19,1722470400000
2021,3,67,151,5115.77,4358.42,107.07,28.863708609271523,0.7090728476821192,2021,3,67,388,-237,1614556800000
2025,1,156,7,225.33,89.41,0.0,12.772857142857143,0.0,2025,1,156,37,-30,1735689600000
2017,6,142,275946,3744778.02,2977183.28,423870.7,10.78900683467055,1.536063940046241,2017,6,142,246088,29858,1496275200000
2019,1,145,8691,165523.61000000002,132235.42,15441.34,15.215213439189968,1.7767046369807848,2019,1,145,24329,-15638,1546300800000
2019,10,258,249,8230.15,7035.06,106.46000000000001,28.253253012048194,0.4275502008032129,2019,10,258,1382,-1133,1569888000000
2023,9,237,133009,2831002.5,1828576.1,367482.20999999996,13.747762181506515,2.76283717643167,2023,9,237,119848,13161,1693526400000
2025,4,236,162530,3348412.45,2114084.06,423896.74,13.007346705223652,2.608113825139974,2025,4,236,171437,-8907,1743465600000
2025,6,254,1317,42061.68,38158.19,98.49000000000001,28.973568716780562,0.07478359908883828,2025,6,254,1716,-399,1748736000000
2017,9,238,162900,2150282.07,1709139.81,242419.57,10.491957090239412,1.4881496009821977,2017,9,238,173695,-10795,1504224000000
2024,9,227,207,7097.24,6508.02,104.82000000000001,31.43971014492754,0.5063768115942029,2024,9,227,827,-620,1725148800000
2025,9,229,64511,1482660.32,963854.75,165220.54,14.940936429446142,2.5611219791973463,2025,9,229,77493,-12982,1756684800000
2017,6,97,10833,171951.73,141672.12,17009.32,13.0778288562725,1.5701393889042738,2017,6,97,17188,-6355,1496275200000
2025,10,170,116678,2747118.29,1756824.77,323420.45,15.057035345137901,2.7719060148442725,2025,10,170,120742,-4064,1759276800000
2021,3,74,14665,228764.92,181826.56,12734.59,12.398674394817593,0.8683661779747699,2021,3,74,25852,-11187,1614556800000
2024,4,57,22,656.1,576.02,27.759999999999998,26.182727272727274,1.2618181818181817,2024,4,57,85,-63,1711929600000
2024,10,235,418,13926.64,12811.77,38.25,30.650167464114833,0.09150717703349283,2024,10,235,490,-72,1727740800000
2016,2,111,25,389.35,329.3,30.05,13.172,1.202,2016,2,111,171,-146,1454284800000
2017,11,206,6,232.55,169.0,32.26,28.166666666666668,5.376666666666666,2017,11,206,145,-139,1509494400000
2017,4,202,456,9643.54,8245.91,814.23,18.08313596491228,1.785592105263158,2017,4,202,4519,-4063,1491004800000
2021,12,174,148,5965.98,5182.66,101.12,35.01797297297297,0.6832432432432433,2021,12,174,480,-332,1638316800000
2016,10,125,61513,969696.5700000001,772899.26,116697.23,12.564811665826737,1.8971149187976524,2016,10,125,57378,4135,1475280000000
2023,10,63,107,4169.05,3692.64,132.12,34.51065420560747,1.234766355140187,2023,10,63,499,-392,1696118400000
2017,1,6,38,1372.88,700.01,58.69,18.421315789473685,1.5444736842105262,2017,1,6,194,-156,1483228800000
2019,10,174,299,10281.19,9047.78,78.87,30.260133779264216,0.26377926421404685,2019,10,174,969,-670,1569888000000
2019,12,206,17,1296.37,1088.0,21.36,64.0,1.256470588235294,2019,12,206,140,-123,1575158400000
2020,10,35,1091,35741.95,30872.94,2708.6,28.29783684692942,2.4826764436296975,2020,10,35,1563,-472,1601510400000
2022,2,45,3504,73463.03,51987.5,8860.03,14.836615296803654,2.5285473744292237,2022,2,45,7225,-3721,1643673600000
2021,1,107,31529,486581.02999999997,315972.97,57781.45,10.021661644834913,1.8326445494623995,2021,1,107,26638,4891,1609459200000
2025,2,209,6874,182000.32,128820.87,15592.19,18.740306953738724,2.268284841431481,2025,2,209,10007,-3133,1738368000000
2025,9,146,4706,125752.63,100907.34,5535.41,21.44227369315767,1.1762452188695283,2025,9,146,4605,101,1756684800000
2024,3,20,154,5561.67,4949.25,30.54,32.13798701298701,0.1983116883116883,2024,3,20,401,-247,1709251200000
2024,6,180,194,7540.53,6759.71,262.85,34.84386597938144,1.354896907216495,2024,6,180,515,-321,1717200000000
2019,10,264,53953,1237587.3699999999,926845.79,150072.48,17.178762812077178,2.7815409708449947,2019,10,264,47820,6133,1569888000000
2020,11,222,390,12964.61,11188.66,1042.71,28.688871794871794,2.6736153846153847,2020,11,222,497,-107,1604188800000
2022,5,63,75,2568.94,2196.52,217.82,29.286933333333334,2.9042666666666666,2022,5,63,535,-460,1651363200000
2016,11,186,361310,5468446.16,4433905.81,583416.1,12.27174949489358,1.6147244748277103,2016,11,186,276609,84701,1477958400000
2018,4,198,271,6519.34,5673.6,357.26,20.93579335793358,1.3183025830258301,2018,4,198,4570,-4299,1522540800000
2018,6,158,85306,1295393.23,1025887.75,157004.3,12.025974140154268,1.840483670550723,2018,6,158,88235,-2929,1527811200000
2020,1,106,708,14060.26,11402.2,956.33,16.104802259887006,1.3507485875706216,2020,1,106,2662,-1954,1577836800000
2018,5,11,113,4116.82,3670.5,102.25999999999999,32.482300884955755,0.9049557522123893,2018,5,11,636,-523,1525132800000
2021,4,122,176,7183.21,6343.9,11.0,36.04488636363636,0.0625,2021,4,122,380,-204,1617235200000
2019,12,135,386,14658.48,12784.880000000001,243.12,33.12145077720208,0.6298445595854922,2019,12,135,1641,-1255,1575158400000
2021,7,228,547,22010.71,18012.64,1888.48,32.929872029250454,3.4524314442413164,2021,7,228,1852,-1305,1625097600000
2023,3,80,539,18189.08,13788.0,2343.53,25.58070500927644,4.347922077922078,2023,3,80,4351,-3812,1677628800000
2025,11,236,169621,3438889.42,2167660.78,434728.38,12.779436390541264,2.5629396124300645,2025,11,236,173457,-3836,1761955200000
2022,10,208,65,2031.01,1758.95,48.66,27.060769230769232,0.7486153846153846,2022,10,208,525,-460,1664582400000
2017,5,33,11912,227933.59,187165.35,27448.6,15.712336299529886,2.304281396910678,2017,5,33,30130,-18218,1493596800000
2023,4,62,207,6870.38,6034.88,359.75,29.15400966183575,1.7379227053140096,2023,4,62,1505,-1298,1680307200000
2019,4,85,549,18436.59,16268.21,233.66,29.632440801457193,0.4256102003642987,2019,4,85,1362,-813,1554076800000
2021,2,25,845,21223.6,17945.24,1087.14,21.236970414201185,1.2865562130177517,2021,2,25,1989,-1144,1612137600000
2024,5,21,187,6671.41,6281.79,7.9,33.59245989304813,0.04224598930481284,2024,5,21,507,-320,1714521600000
2024,7,179,800,20344.27,17145.62,976.1,21.432025,1.2201250000000001,2024,7,179,2680,-1880,1719792000000
2024,6,57,25,1220.12,1055.81,75.23,42.2324,3.0092000000000003,2024,6,57,85,-60,1717200000000
2023,1,188,379,12737.53,11065.48,619.1,29.196517150395778,1.633509234828496,2023,1,188,2362,-1983,1672531200000
2018,10,123,410,13189.7,11670.97,311.14,28.465780487804878,0.7588780487804878,2018,10,123,1469,-1059,1538352000000
2018,7,215,893,54584.46,44218.15,5204.26,49.51640537513998,5.827838745800672,2018,7,215,1222,-329,1530403200000
2017,10,187,3,166.26999999999998,153.32,11.05,51.10666666666666,3.6833333333333336,2017,10,187,60,-57,1506816000000
2020,8,11,97,3155.2400000000002,2846.37,160.66,29.3440206185567,1.6562886597938145,2020,8,11,177,-80,1596240000000
2021,3,228,749,28930.18,24488.51,1544.09,32.69493991989319,2.061535380507343,2021,3,228,1445,-696,1614556800000
2019,3,152,8242,125045.94,99438.81,9735.31,12.06488837660762,1.1811829652996846,2019,3,152,13675,-5433,1551398400000
2022,9,234,84290,1526137.9300000002,996809.09,205751.87,11.825947206074266,2.440999762723929,2022,9,234,72351,11939,1661990400000
2017,10,80,4405,73325.28,59555.2,7886.96,13.519909194097616,1.790456299659478,2017,10,80,16906,-12501,1506816000000
2020,8,188,1107,36639.1,32712.0,1928.02,29.550135501355015,1.7416621499548328,2020,8,188,1611,-504,1596240000000
2018,10,239,228619,3011322.2,2372731.44,356653.49,10.378540016359095,1.5600343366036944,2018,10,239,223388,5231,1538352000000
2019,9,189,1042,19768.34,15918.09,1865.75,15.27647792706334,1.7905470249520155,2019,9,189,6007,-4965,1567296000000
2023,2,1,395,37869.64,32463.04,4265.63,82.18491139240507,10.799063291139241,2023,2,1,8047,-7652,1675209600000
2016,6,15,32,791.1,659.5,82.42,20.609375,2.575625,2016,6,15,906,-874,1464739200000
2017,8,98,46,1122.56,981.31,67.99000000000001,21.33282608695652,1.4780434782608698,2017,8,98,1729,-1683,1501545600000
2024,7,95,715,24193.99,21500.24,752.5,30.070265734265735,1.0524475524475525,2024,7,95,4148,-3433,1719792000000
2017,2,179,5943,84960.22,70564.96,7118.92,11.873626114756858,1.1978663974423691,2017,2,179,13295,-7352,1485907200000
2017,9,112,4938,82008.97,66274.02,8835.029999999999,13.421227217496963,1.7891919805589305,2017,9,112,23419,-18481,1504224000000
2023,1,179,534,12072.21,9569.06,1045.3,17.919588014981272,1.9574906367041198,2023,1,179,3259,-2725,1672531200000
2022,12,158,25267,565508.12,382860.05,76253.45,15.152572525428424,3.017906755847548,2022,12,158,31495,-6228,1669852800000
2023,5,78,147,5166.46,4588.55,15.26,31.214625850340138,0.10380952380952381,2023,5,78,353,-206,1682899200000
2021,3,81,298,12740.5,10859.44,135.0,36.44107382550336,0.45302013422818793,2021,3,81,512,-214,1614556800000
2023,12,117,196,10077.97,9360.3,12.48,47.75663265306122,0.0636734693877551,2023,12,117,339,-143,1701388800000
2022,1,134,145,6742.72,5608.91,686.16,38.68213793103448,4.732137931034482,2022,1,134,790,-645,1640995200000
2023,8,167,189,5619.26,4943.5,155.19,26.156084656084655,0.8211111111111111,2023,8,167,524,-335,1690848000000
2024,6,202,212,7973.51,6651.28,691.11,31.373962264150943,3.2599528301886793,2024,6,202,1641,-1429,1717200000000
2016,1,220,298,5002.36,4338.18,288.8,14.55765100671141,0.9691275167785235,2016,1,220,4225,-3927,1451606400000
2025,9,120,101,3688.22,3110.63,94.18,30.79831683168317,0.9324752475247525,2025,9,120,382,-281,1756684800000
2025,2,35,2081,57097.62,52899.02,21.259999999999998,25.419999999999998,0.010216242191254204,2025,2,35,2120,-39,1738368000000
2017,1,3,32,655.01,524.85,62.55,16.4015625,1.9546875,2017,1,3,483,-451,1483228800000
2016,8,223,6708,127033.92,100200.66,12004.86,14.937486583184258,1.7896332737030411,2016,8,223,21786,-15078,1470009600000
2020,9,207,155,2109.34,1702.72,100.16,10.985290322580646,0.6461935483870968,2020,9,207,182,-27,1598918400000
2025,5,128,149,4283.39,3555.22,71.82000000000001,23.860536912751677,0.482013422818792,2025,5,128,772,-623,1746057600000
2017,9,109,1,79.3,79.0,0.0,79.0,0.0,2017,9,109,73,-72,1504224000000
2023,2,16,44,1525.95,1384.0,23.5,31.454545454545453,0.5340909090909091,2023,2,16,476,-432,1675209600000
2016,12,29,264,5872.42,4708.94,779.4,17.83689393939394,2.952272727272727,2016,12,29,1152,-888,1480550400000
2021,3,240,66,2541.86,2135.01,39.97,32.348636363636366,0.6056060606060606,2021,3,240,193,-127,1614556800000
2020,12,205,546,20883.22,18380.36,1411.28,33.663663003663004,2.584761904761905,2020,12,205,949,-403,1606780800000
2024,3,180,135,4967.3099999999995,4402.17,177.84,32.608666666666664,1.3173333333333335,2024,3,180,418,-283,1709251200000
2024,5,15,71,3276.23,2941.27,86.66,41.42633802816901,1.2205633802816902,2024,5,15,426,-355,1714521600000
2024,7,43,49249,1101704.08,739195.75,135500.81,15.009355519909034,2.751341347032427,2024,7,43,33420,15829,1719792000000
2020,7,30,4,287.3,259.95,2.75,64.9875,0.6875,2020,7,30,8,-4,1593561600000
2019,9,65,7873,168256.3,131865.68,16999.4,16.749101994157247,2.1592023371014863,2019,9,65,12085,-4212,1567296000000
2019,12,107,159170,2709657.8200000003,1771413.5,331804.14,11.129066406986242,2.084589683985676,2019,12,107,140682,18488,1575158400000
2020,6,83,122,3378.25,2891.06,191.54,23.6972131147541,1.5699999999999998,2020,6,83,430,-308,1590969600000
2022,12,264,50450,1777661.1700000002,1261254.61,227267.04,25.00009137760159,4.504797621407334,2022,12,264,27958,22492,1669852800000
2019,12,8,91,4998.35,3721.41,637.92,40.894615384615385,7.01010989010989,2019,12,8,135,-44,1575158400000
2024,5,24,10418,240896.43,177092.21,25015.71,16.99867632942983,2.401200806296794,2024,5,24,12432,-2014,1714521600000
2016,2,59,16,303.86,238.0,36.02,14.875,2.25125,2016,2,59,70,-54,1454284800000
2024,7,167,297,9566.7,8659.91,128.15,29.15794612794613,0.4314814814814815,2024,7,167,539,-242,1719792000000
2025,7,176,7,202.51,108.41,0.0,15.487142857142857,0.0,2025,7,176,32,-25,1751328000000
2019,6,211,54111,971497.4700000001,655337.81,114758.95,12.110990556448781,2.1208063055570956,2019,6,211,54395,-284,1559347200000
2019,11,228,629,18185.92,15396.380000000001,925.55,24.477551669316377,1.4714626391096979,2019,11,228,3822,-3193,1572566400000
2021,4,153,125,3811.97,3350.74,39.09,26.805919999999997,0.31272000000000005,2021,4,153,219,-94,1617235200000
2016,8,166,39442,598513.22,483154.7,62433.84,12.249751533897875,1.5829278434156482,2016,8,166,60250,-20808,1470009600000
2023,1,251,7,182.45,160.4,5.0,22.914285714285715,0.7142857142857143,2023,1,251,54,-47,1672531200000
2023,3,91,233,8727.28,7740.32,207.31,33.22025751072961,0.8897424892703862,2023,3,91,795,-562,1677628800000
2025,5,252,398,10384.84,8771.13,178.33,22.038015075376883,0.44806532663316584,2025,5,252,1145,-747,1746057600000
2018,11,251,17,669.01,570.75,30.07,33.5735294117647,1.7688235294117647,2018,11,251,135,-118,1541030400000
2016,1,26,282,3909.31,3390.55,188.87,12.02322695035461,0.6697517730496454,2016,1,26,2560,-2278,1451606400000
2021,10,236,154751,2528626.35,1632579.96,331480.57,10.549721552687867,2.142025382711582,2021,10,236,160061,-5310,1633046400000
2023,12,9,59,1951.88,1742.94,81.93,29.54135593220339,1.3886440677966103,2023,12,9,355,-296,1701388800000
2020,8,217,162,4530.2,3980.23,280.18,24.569320987654322,1.7295061728395063,2020,8,217,981,-819,1596240000000
2018,9,71,464,14101.07,12909.43,213.31,27.822047413793104,0.4597198275862069,2018,9,71,1786,-1322,1535760000000
2022,1,245,3,116.46000000000001,96.1,3.86,32.03333333333333,1.2866666666666666,2022,1,245,22,-19,1640995200000
2023,3,134,312,14771.51,12245.35,1366.46,39.24791666666667,4.379679487179487,2023,3,134,1167,-855,1677628800000
2023,7,101,46,2064.36,1851.2,60.910000000000004,40.243478260869566,1.3241304347826088,2023,7,101,360,-314,1688169600000
2023,7,89,427,14977.14,12893.2,668.19,30.194847775175646,1.5648477751756442,2023,7,89,2704,-2277,1688169600000
2020,12,192,141,4549.86,4027.47,290.43,28.563617021276595,2.0597872340425534,2020,12,192,215,-74,1606780800000
2018,9,121,204,6665.09,5969.33,197.28,29.26142156862745,0.9670588235294117,2018,9,121,1317,-1113,1535760000000
2021,2,251,6,345.69,258.53,20.0,43.08833333333333,3.3333333333333335,2021,2,251,24,-18,1612137600000
2023,9,123,87,3277.49,2944.23,85.46000000000001,33.84172413793103,0.9822988505747128,2023,9,123,453,-366,1693526400000
2017,5,260,5833,96006.8,81288.74,6917.51,13.936008914795131,1.185926624378536,2017,5,260,12178,-6345,1493596800000
2018,11,248,193,6045.05,5394.07,196.23,27.948549222797926,1.0167357512953368,2018,11,248,893,-700,1541030400000
2020,2,65,6504,136298.87000000002,105982.35,14096.199999999999,16.29494926199262,2.167312423124231,2020,2,65,10211,-3707,1580515200000
2022,1,113,32063,508877.63,323042.37,69065.89,10.075238436827496,2.1540682406512177,2022,1,113,30176,1887,1640995200000
2017,10,18,78,1464.39,1255.01,64.16,16.089871794871794,0.8225641025641025,2017,10,18,1148,-1070,1506816000000
2022,7,163,91108,1640775.8199999998,1080669.67,208595.03999999998,11.861413597049655,2.2895359353734026,2022,7,163,78206,12902,1656633600000
2021,6,239,88386,1453303.3800000001,933256.78,193871.19,10.55887561378499,2.19346038965447,2021,6,239,83710,4676,1622505600000
2016,10,189,3698,58811.86,47627.8,6598.65,12.879340183883182,1.7843834505137912,2016,10,189,12684,-8986,1475280000000
2019,10,253,29,1657.18,1317.39,189.41,45.427241379310345,6.531379310344827,2019,10,253,159,-130,1569888000000
2023,2,44,40,2419.53,2051.5,0.0,51.2875,0.0,2023,2,44,47,-7,1675209600000
2020,2,255,3933,72575.29000000001,55093.83,8802.359999999999,14.008093058733792,2.238077803203661,2020,2,255,16122,-12189,1580515200000
2020,11,151,22886,332912.11,236313.45,39328.39,10.325677269946693,1.7184475225028402,2020,11,151,20622,2264,1604188800000
2023,7,232,3694,103727.47,75318.05,11123.07,20.38929344883595,3.0111180292366,2023,7,232,14110,-10416,1688169600000
2017,8,8,87,2920.8,2297.0,326.1,26.402298850574713,3.7482758620689656,2017,8,8,198,-111,1501545600000
2020,5,102,83,2236.98,2014.66,50.17,24.273012048192772,0.6044578313253012,2020,5,102,137,-54,1588291200000
2017,1,114,138697,1924494.35,1526106.94,226926.98,11.003171950366626,1.6361347397564476,2017,1,114,107712,30985,1483228800000
2021,5,45,2939,64117.45,47130.1,6050.97,16.03610071452875,2.0588533514800953,2021,5,45,5438,-2499,1619827200000
2021,7,203,140,6806.42,6020.28,89.4,43.001999999999995,0.6385714285714286,2021,7,203,693,-553,1625097600000
2021,11,10,1070,65015.81,51138.12,6320.5,47.79263551401869,5.907009345794393,2021,11,10,2328,-1258,1635724800000
2024,4,102,144,4771.82,4326.43,100.04,30.04465277777778,0.6947222222222222,2024,4,102,648,-504,1711929600000
2024,1,107,59367,1262413.69,815398.7,161908.7,13.734881331379386,2.72725082958546,2024,1,107,58375,992,1704067200000
2025,4,176,4,76.02,43.629999999999995,0.0,10.907499999999999,0.0,2025,4,176,16,-12,1743465600000
2017,9,119,245,5114.5,4430.5,332.92,18.083673469387755,1.358857142857143,2017,9,119,1888,-1643,1504224000000
2024,11,192,117,3531.57,3093.88,77.19,26.443418803418805,0.6597435897435897,2024,11,192,349,-232,1730419200000
2021,8,171,131,5273.25,4464.03,89.0,34.07656488549618,0.6793893129770993,2021,8,171,702,-571,1627776000000
2017,7,90,159365,2104627.24,1659849.18,244960.1,10.415393467825432,1.5371009945722085,2017,7,90,129196,30169,1498867200000
2021,9,210,240,11701.949999999999,10513.460000000001,29.84,43.80608333333334,0.12433333333333334,2021,9,210,704,-464,1630454400000
2019,11,185,220,6304.59,5512.35,49.43,25.056136363636366,0.22468181818181818,2019,11,185,771,-551,1572566400000
2021,8,101,130,6328.26,5743.51,14.0,44.180846153846154,0.1076923076923077,2021,8,101,418,-288,1627776000000
2016,8,176,2,84.72,55.5,10.0,27.75,5.0,2016,8,176,75,-73,1470009600000
2017,1,185,77,1126.6200000000001,985.25,62.769999999999996,12.795454545454545,0.8151948051948051,2017,1,185,1194,-1117,1483228800000
2019,5,23,52,5153.13,4790.35,173.51,92.1221153846154,3.336730769230769,2019,5,23,200,-148,1556668800000
2023,3,107,73674,1628659.0299999998,1055315.6199999999,211209.48,14.324125471672502,2.866811629611532,2023,3,107,67114,6560,1677628800000
2021,10,254,232,9663.78,8334.0,22.02,35.922413793103445,0.09491379310344827,2021,10,254,570,-338,1633046400000
2017,2,247,1657,24723.21,20742.81,1754.49,12.518292094146048,1.0588352444176221,2017,2,247,3561,-1904,1485907200000
2023,3,38,127,5847.8,5436.8,34.65,42.80944881889764,0.27283464566929133,2023,3,38,588,-461,1677628800000
2023,9,114,38968,927911.5599999999,620735.9,118273.14,15.929375384931227,3.0351349825497844,2023,9,114,28945,10023,1693526400000
2020,8,243,620,16792.86,14801.08,878.15,23.872709677419355,1.4163709677419354,2020,8,243,3043,-2423,1596240000000
2023,4,163,95731,2344429.98,1549955.19,301526.58,16.19073434937481,3.149727674421034,2023,4,163,80861,14870,1680307200000
2017,8,119,251,5373.59,4574.01,397.25,18.223147410358568,1.5826693227091633,2017,8,119,1916,-1665,1501545600000
2023,2,21,68,2687.43,2313.27,162.96,34.01867647058823,2.396470588235294,2023,2,21,311,-243,1675209600000
2016,6,16,52,1216.34,978.81,169.04,18.82326923076923,3.2507692307692304,2016,6,16,1582,-1530,1464739200000
2021,4,143,31275,498267.53,325013.71,60900.16,10.392125019984013,1.9472473221422864,2021,4,143,36780,-5505,1617235200000
2019,2,163,188073,3261030.25,2171772.06,389485.38,11.547495174745977,2.070926608285081,2019,2,163,163403,24670,1548979200000
2024,5,177,787,24779.09,23196.66,111.89,29.474790343074968,0.1421728081321474,2024,5,177,1202,-415,1714521600000
2016,8,40,5500,99241.18000000001,78321.25,12010.81,14.240227272727273,2.1837836363636365,2016,8,40,11024,-5524,1470009600000
2020,8,205,497,22778.26,20656.22,842.4,41.56181086519115,1.6949698189134808,2020,8,205,756,-259,1596240000000
2021,3,32,321,11576.12,9741.95,81.79,30.348753894081,0.254797507788162,2021,3,32,581,-260,1614556800000
2025,5,182,1189,35004.96,30132.74,66.64,25.342926829268293,0.056047098402018505,2025,5,182,1210,-21,1746057600000
2017,11,247,1080,17999.03,15198.59,1272.04,14.072768518518519,1.1778148148148149,2017,11,247,3053,-1973,1509494400000
2024,5,191,469,19924.63,18331.82,157.03,39.08703624733475,0.334818763326226,2024,5,191,1059,-590,1714521600000
2017,9,56,368,12211.44,9718.86,1269.43,26.409945652173914,3.449538043478261,2017,9,56,2519,-2151,1504224000000
2019,6,54,234,5027.05,3927.47,526.1899999999999,16.784059829059828,2.2486752136752135,2019,6,54,1852,-1618,1559347200000
2018,5,231,158945,2659382.2,2140864.61,315412.67,13.469216458523388,1.9844139167636603,2018,5,231,148113,10832,1525132800000
2020,3,264,19419,408853.20999999996,304860.01,48784.53,15.699058138936094,2.5122060868221845,2020,3,264,17456,1963,1583020800000
2021,9,126,104,3795.05,3249.13,66.12,31.241634615384616,0.6357692307692309,2021,9,126,439,-335,1630454400000
2022,2,224,4965,90198.22,60100.53,11665.47,12.104839879154078,2.349540785498489,2022,2,224,12756,-7791,1643673600000
2024,9,174,199,8685.869999999999,7854.38,53.72,39.46924623115578,0.2699497487437186,2024,9,174,538,-339,1725148800000
2025,10,159,1430,37255.79,33454.3,123.07,23.39461538461539,0.08606293706293706,2025,10,159,2014,-584,1759276800000
2016,2,64,43,936.75,791.5,94.77,18.406976744186046,2.203953488372093,2016,2,64,777,-734,1454284800000
2025,5,3,522,14610.35,12974.64,39.8,24.855632183908046,0.07624521072796935,2025,5,3,727,-205,1746057600000
2024,5,173,169,5640.7,5124.95,92.76,30.32514792899408,0.5488757396449705,2024,5,173,723,-554,1714521600000
2018,3,71,273,6349.64,5838.33,129.68,21.385824175824176,0.47501831501831504,2018,3,71,1538,-1265,1519862400000
2021,7,195,216,7762.63,6275.18,446.8,29.05175925925926,2.0685185185185184,2021,7,195,943,-727,1625097600000
2022,10,140,71432,1283025.72,852829.71,164901.18999999997,11.939042865942435,2.3085058517191173,2022,10,140,74162,-2730,1664582400000
2019,9,141,148000,2299638.2199999997,1494808.49,264087.87000000005,10.100057364864865,1.7843775000000004,2019,9,141,156043,-8043,1567296000000
2022,12,146,1822,40154.75,31861.84,3557.75,17.48728869374314,1.952661909989023,2022,12,146,3748,-1926,1669852800000
2024,10,96,41,1074.32,932.35,33.63,22.740243902439026,0.8202439024390245,2024,10,96,132,-91,1727740800000
2018,4,120,78,1605.97,1236.51,207.75,15.852692307692308,2.6634615384615383,2018,4,120,432,-354,1522540800000
2019,5,96,105,4915.7300000000005,4520.61,31.21,43.05342857142857,0.29723809523809525,2019,5,96,170,-65,1556668800000
2019,1,253,28,1202.82,1002.71,72.71000000000001,35.81107142857143,2.5967857142857147,2019,1,253,48,-20,1546300800000
2019,7,65,7676,164012.24,129329.59,15517.62,16.848565659197497,2.021576341844711,2019,7,65,11901,-4225,1561939200000
2018,3,138,248524,10685214.18,8029194.89,1430162.22,32.307523176836035,5.754624181165601,2018,3,138,101468,147056,1519862400000
2018,8,145,9634,178600.33,143069.23,16170.41,14.850449449865062,1.6784731160473323,2018,8,145,25602,-15968,1533081600000
2022,12,135,213,7259.17,6433.4800000000005,207.24,30.204131455399065,0.9729577464788732,2022,12,135,908,-695,1669852800000
2016,3,219,552,34674.65,28195.66,3606.87,51.07909420289855,6.534184782608696,2016,3,219,1925,-1373,1456790400000
2017,11,125,52766,827554.5299999999,655523.18,101773.0,12.423211537732632,1.9287609445476253,2017,11,125,47769,4997,1509494400000
2016,4,6,71,1639.14,1090.0,144.06,15.352112676056338,2.0290140845070423,2016,4,6,289,-218,1459468800000
2017,5,261,59406,1233485.72,1015641.99,133235.29,17.096623068376932,2.242791805541528,2017,5,261,51332,8074,1493596800000
2025,1,248,348,11029.369999999999,9564.68,5.0,27.48471264367816,0.014367816091954023,2025,1,248,338,10,1735689600000
2023,8,172,2,128.5,123.0,0.0,61.5,0.0,2023,8,172,36,-34,1690848000000
2023,2,159,190,4741.21,3977.56,273.65,20.934526315789473,1.4402631578947367,2023,2,159,674,-484,1675209600000
2019,3,250,418,11439.37,9969.8,199.79,23.8511961722488,0.4779665071770335,2019,3,250,1128,-710,1551398400000
2017,8,185,46,1006.37,853.61,84.25,18.55673913043478,1.8315217391304348,2017,8,185,998,-952,1501545600000
2018,5,37,1692,31040.670000000002,26149.91,2396.33,15.455029550827422,1.4162706855791962,2018,5,37,11545,-9853,1525132800000
2021,8,261,12627,284238.21,202210.2,33205.15,16.014112615823237,2.629694305852538,2021,8,261,11252,1375,1627776000000
2020,9,262,22176,344867.60000000003,224015.5,42144.17,10.101709054834055,1.9004405663780664,2020,9,262,23162,-986,1598918400000
2023,3,256,1050,31535.329999999998,23868.63,3888.7,22.73202857142857,3.7035238095238094,2023,3,256,7489,-6439,1677628800000
2025,2,175,161,5032.27,4350.47,92.0,27.021552795031056,0.5714285714285714,2025,2,175,512,-351,1738368000000
2019,3,179,4327,71286.35,58532.32,4921.7,13.52722902703952,1.1374393344118325,2019,3,179,10170,-5843,1551398400000
2022,8,191,171,7327.07,6646.25,61.02,38.86695906432749,0.3568421052631579,2022,8,191,918,-747,1659312000000
2018,10,16,219,7322.3,6329.62,436.61,28.902374429223745,1.9936529680365298,2018,10,16,1304,-1085,1538352000000
2016,2,10,1497,90577.47,72388.3,9766.84,48.35557782231129,6.524275217100868,2016,2,10,3099,-1602,1454284800000
2023,10,213,294,10085.69,9102.24,121.06,30.96,0.4117687074829932,2023,10,213,556,-262,1696118400000
2023,3,92,204,7397.41,6350.68,311.23,31.130784313725492,1.5256372549019608,2023,3,92,2208,-2004,1677628800000
2017,5,73,19,625.65,546.5,41.67,28.763157894736842,2.193157894736842,2017,5,73,634,-615,1493596800000
2021,2,69,515,14047.460000000001,11903.5,231.17,23.113592233009708,0.448873786407767,2021,2,69,1525,-1010,1612137600000
2021,7,39,518,21423.73,18562.670000000002,125.81,35.83527027027027,0.24287644787644788,2021,7,39,1694,-1176,1625097600000
2017,5,4,25445,381342.86,309899.66,40503.29,12.179196698762034,1.5917976026724308,2017,5,4,49395,-23950,1493596800000
2017,6,70,1664,66674.27,53994.63,7611.11,32.448695913461535,4.573984375,2017,6,70,3922,-2258,1496275200000
2019,4,108,157,7135.08,6500.62,97.0,41.40522292993631,0.6178343949044586,2019,4,108,595,-438,1554076800000
2022,11,150,33,1385.78,1222.44,82.34,37.04363636363637,2.495151515151515,2022,11,150,215,-182,1667260800000
2023,3,248,92,2781.97,2490.93,23.09,27.07532608695652,0.2509782608695652,2023,3,248,307,-215,1677628800000
2020,2,49,1369,28492.56,23758.78,1625.67,17.354842951059165,1.1874872169466764,2020,2,49,9195,-7826,1580515200000
2017,1,239,252277,3737682.25,3084280.93,354550.78,12.225771394142154,1.4054027120982096,2017,1,239,239940,12337,1483228800000
2017,9,30,4,451.36,444.5,2.0,111.125,0.5,2017,9,30,39,-35,1504224000000
2023,10,200,84,3240.64,2804.67,119.88,33.38892857142857,1.427142857142857,2023,10,200,1115,-1031,1696118400000
2018,12,202,406,8443.54,7104.62,760.83,17.499064039408868,1.8739655172413794,2018,12,202,3663,-3257,1543622400000
2016,4,252,42,2798.14,2490.19,193.33,59.290238095238095,4.603095238095238,2016,4,252,1450,-1408,1459468800000
2018,10,191,393,16545.41,15078.91,400.56,38.36872773536896,1.019236641221374,2018,10,191,1247,-854,1538352000000
2020,2,126,128,3626.57,3146.06,33.66,24.57859375,0.26296875,2020,2,126,730,-602,1580515200000
2022,8,190,74,1885.16,1462.56,261.1,19.764324324324324,3.528378378378379,2022,8,190,468,-394,1659312000000
2024,8,5,2,92.28,75.4,0.0,37.7,0.0,2024,8,5,21,-19,1722470400000
2023,8,48,75433,1790832.42,1201156.89,210391.27999999997,15.92349356382485,2.7891145785001257,2023,8,48,72142,3291,1690848000000
2024,7,258,264,9252.12,8301.33,152.08,31.44443181818182,0.5760606060606062,2024,7,258,955,-691,1719792000000
2018,2,92,322,7714.31,6760.8,370.83,20.996273291925466,1.1516459627329192,2018,2,92,3066,-2744,1517443200000
2020,4,243,187,3985.34,3325.81,288.05,17.785080213903743,1.5403743315508023,2020,4,243,1016,-829,1585699200000
2020,9,120,15,584.43,498.43,20.03,33.22866666666667,1.3353333333333335,2020,9,120,170,-155,1598918400000
2025,3,52,1499,40885.77,32173.85,2057.51,21.463542361574383,1.3725883922615079,2025,3,52,2729,-1230,1740787200000
2019,6,161,276615,5111626.930000001,3412924.06,610599.8799999999,12.338174213256693,2.2073997433255603,2019,6,161,268955,7660,1559347200000
2016,2,116,12171,193602.01,160452.77,17470.27,13.183203516555746,1.4354013638977898,2016,2,116,31311,-19140,1454284800000
2017,3,264,181069,3077647.84,2477615.03,347994.72,13.683264556605492,1.9218901081908,2017,3,264,166809,14260,1488326400000
2020,3,64,91,3921.43,3478.32,66.12,38.223296703296704,0.7265934065934067,2020,3,64,356,-265,1583020800000
2020,9,78,381,11857.19,9928.96,796.23,26.0602624671916,2.0898425196850394,2020,9,78,743,-362,1598918400000
2017,10,225,803,11581.19,9763.75,776.92,12.159090909090908,0.9675217932752179,2017,10,225,9985,-9182,1506816000000
2021,1,215,398,17348.06,14958.25,865.99,37.58354271356784,2.175854271356784,2021,1,215,797,-399,1609459200000
2017,8,216,718,37686.2,30172.47,4076.09,42.02293871866296,5.677005571030641,2017,8,216,4000,-3282,1501545600000
2021,7,37,745,24355.54,19843.13,1892.83,26.63507382550336,2.540711409395973,2021,7,37,3617,-2872,1625097600000
2021,11,227,73,2653.39,2252.09,79.8,30.85054794520548,1.093150684931507,2021,11,227,633,-560,1635724800000
2021,12,243,516,15764.06,12851.29,1364.17,24.9056007751938,2.6437403100775194,2021,12,243,6258,-5742,1638316800000
2022,12,252,48,2323.5,1990.02,173.93,41.45875,3.6235416666666667,2022,12,252,579,-531,1669852800000
2024,1,97,1134,30907.53,25667.8,2210.31,22.6347442680776,1.949126984126984,2024,1,97,3509,-2375,1704067200000
2024,1,249,66228,1464077.01,953743.06,194162.88,14.400903847315336,2.9317340097843814,2024,1,249,51204,15024,1704067200000
2025,8,98,252,7555.59,6492.8,216.35,25.765079365079366,0.858531746031746,2025,8,98,1102,-850,1754006400000
2025,4,216,3333,154061.78,133286.75,12617.36,39.99002400240024,3.785586558655866,2025,4,216,5497,-2164,1743465600000
2024,3,163,101344,2422348.71,1601001.78,306328.2,15.797696755604674,3.0226574834227975,2024,3,163,87244,14100,1709251200000
2025,2,192,177,4506.4,4016.69,31.69,22.69316384180791,0.1790395480225989,2025,2,192,503,-326,1738368000000
2023,4,263,63630,1351645.96,873709.13,173708.13,13.73108800880088,2.729972182932579,2023,4,263,67040,-3410,1680307200000
2021,7,123,150,5674.84,4910.28,61.7,32.7352,0.41133333333333333,2021,7,123,520,-370,1625097600000
2018,3,264,158504,2670898.1499999994,2147568.0,305730.67,13.548982990965527,1.9288514485438852,2018,3,264,142662,15842,1519862400000
2023,12,149,80,2906.61,2559.27,109.60000000000001,31.990875,1.37,2023,12,149,431,-351,1701388800000
2023,11,25,1242,36204.65,28917.89,3712.33,23.283325281803542,2.9889935587761673,2023,11,25,5453,-4211,1698796800000
2017,1,255,11904,185729.33000000002,148707.44,21710.33,12.492224462365591,1.8237844422043012,2017,1,255,30496,-18592,1483228800000
2018,9,194,533,24725.14,19148.25,2640.57,35.92542213883677,4.954165103189494,2018,9,194,1673,-1140,1535760000000
2016,6,263,195328,2701997.44,2153462.2,304582.3,11.024851531782438,1.5593376269659238,2016,6,263,195559,-231,1464739200000
2025,8,2,8,305.40999999999997,236.65,23.93,29.58125,2.99125,2025,8,2,16,-8,1754006400000
2017,1,137,126692,1661158.07,1318677.01,185513.15,10.408526268430524,1.4642846430713856,2017,1,137,145883,-19191,1483228800000
2016,5,85,426,7926.36,6754.0,655.82,15.854460093896714,1.5394835680751175,2016,5,85,2303,-1877,1462060800000
2020,10,263,46789,721186.37,468315.04,86950.59,10.00908418645408,1.8583553826754151,2020,10,263,42396,4393,1601510400000
2018,8,82,2316,45380.81,38135.15,2812.65,16.465954231433507,1.2144430051813473,2018,8,82,7042,-4726,1533081600000
2022,7,81,67,2611.2599999999998,2362.92,37.589999999999996,35.267462686567164,0.561044776119403,2022,7,81,260,-193,1656633600000
2020,4,222,63,1720.13,1533.13,92.18,24.335396825396828,1.4631746031746033,2020,4,222,81,-18,1585699200000
2020,12,188,982,30355.77,26376.8,2287.52,26.86028513238289,2.329450101832994,2020,12,188,1838,-856,1606780800000
2023,12,62,359,12045.32,10948.95,360.33,30.49846796657382,1.0037047353760444,2023,12,62,1447,-1088,1701388800000
2019,8,113,89158,1451627.96,950809.81,169712.13999999998,10.664324121222998,1.9034987325870925,2019,8,113,76400,12758,1564617600000
2024,7,54,95,3117.68,2531.49,212.33,26.647263157894734,2.2350526315789474,2024,7,54,620,-525,1719792000000
2021,5,119,360,12244.72,10488.15,133.32,29.13375,0.3703333333333333,2021,5,119,1043,-683,1619827200000
2024,4,119,315,10045.47,8942.99,246.84,28.390444444444444,0.7836190476190477,2024,4,119,675,-360,1711929600000
2021,12,10,939,56858.75,44655.17,5628.42,47.55609158679446,5.994057507987221,2021,12,10,2557,-1618,1638316800000
2022,1,125,10782,188178.11000000002,123105.47,25185.48,11.417684103134855,2.3358820255982193,2022,1,125,9622,1160,1640995200000
2016,3,177,427,7814.31,6625.42,641.31,15.516206088992975,1.5018969555035127,2016,3,177,3118,-2691,1456790400000
2025,11,224,9640,161723.99,97025.21,10737.98,10.064855809128632,1.1138983402489626,2025,11,224,16817,-7177,1761955200000
2019,8,87,48528,1142534.27,818830.61,133964.77,16.87336403725684,2.7605664770853937,2019,8,87,52012,-3484,1564617600000
2019,4,228,755,20648.36,17795.98,1031.97,23.57083443708609,1.3668476821192053,2019,4,228,4679,-3924,1554076800000
2023,5,130,508,25197.87,20766.9,1992.72,40.87972440944882,3.922677165354331,2023,5,130,1697,-1189,1682899200000
2016,11,204,7,279.14,240.5,23.46,34.357142857142854,3.3514285714285714,2016,11,204,70,-63,1477958400000
2019,2,46,15,725.0,667.4,10.86,44.49333333333333,0.724,2019,2,46,123,-108,1548979200000
2021,4,123,364,12190.08,10493.8,103.19,28.82912087912088,0.28348901098901097,2021,4,123,807,-443,1617235200000
2022,7,193,2641,17994.5,14341.02,1191.42,5.4301476713366155,0.45112457402499057,2022,7,193,3673,-1032,1656633600000
2024,12,230,124264,3667608.4,2547298.94,452069.46,20.499090162879032,3.6379760831777506,2024,12,230,115794,8470,1733011200000
2017,5,235,157,3082.44,2689.3,171.82,17.129299363057324,1.0943949044585988,2017,5,235,1794,-1637,1493596800000
2025,1,147,239,7043.32,6155.55,17.23,25.755439330543933,0.07209205020920502,2025,1,147,363,-124,1735689600000
2025,3,9,152,3782.99,3280.07,77.38,21.579407894736843,0.5090789473684211,2025,3,9,520,-368,1740787200000
2023,12,43,61572,1452191.83,977018.35,187982.43,15.867900181900863,3.0530505749366594,2023,12,43,45087,16485,1701388800000
2021,4,28,320,13008.13,10746.82,614.41,33.5838125,1.9200312499999999,2021,4,28,847,-527,1617235200000
2016,7,229,191271,2557819.1,2044411.52,279029.0,10.6885597921274,1.4588149797930685,2016,7,229,170042,21229,1467331200000
2020,8,58,13,486.11,426.82,34.65,32.832307692307694,2.6653846153846152,2020,8,58,52,-39,1596240000000
2024,6,93,723,45981.32,37296.19,4464.55,51.58532503457815,6.175034578146612,2024,6,93,1290,-567,1717200000000
2021,7,8,33,1440.72,1060.95,170.8,32.15,5.175757575757576,2021,7,8,73,-40,1625097600000
2018,1,98,51,1164.23,1031.0,78.27,20.215686274509803,1.5347058823529411,2018,1,98,795,-744,1514764800000
2021,1,224,2595,43148.58,29194.3,4850.8,11.250211946050095,1.8692870905587669,2021,1,224,6114,-3519,1609459200000
2022,10,41,9999,181338.99,135837.94,20557.68,13.585152515251526,2.055973597359736,2022,10,41,24089,-14090,1664582400000
2021,11,129,1018,29601.03,24011.62,2570.46,23.58705304518664,2.525009823182711,2021,11,129,5440,-4422,1635724800000
2023,9,210,92,4630.0199999999995,4226.92,50.239999999999995,45.944782608695654,0.5460869565217391,2023,9,210,484,-392,1693526400000
2016,11,14,442,10159.88,8451.63,894.05,19.121334841628958,2.022737556561086,2016,11,14,7890,-7448,1477958400000
2019,2,105,9,121.26,93.5,5.0600000000000005,10.38888888888889,0.5622222222222223,2019,2,105,14,-5,1548979200000
2021,9,179,910,19191.1,15712.78,1307.37,17.266791208791208,1.4366703296703296,2021,9,179,3498,-2588,1630454400000
2018,7,163,207787,3113672.8800000004,2488368.33,340350.49,11.975572725916443,1.637977784943235,2018,7,163,192097,15690,1530403200000
2022,2,68,76108,1342256.35,880586.75,175164.87,11.570225863246964,2.3015303253271666,2022,2,68,72768,3340,1643673600000
2022,5,4,4658,101630.41,70803.41,13564.95,15.20038857878918,2.912183340489481,2022,5,4,14193,-9535,1651363200000
2018,4,87,68662,1433721.22,1158551.18,177878.41,16.873251288922546,2.5906383443534997,2018,4,87,75000,-6338,1522540800000
2017,3,226,20860,364522.2,305803.41,30644.48,14.659799137104505,1.4690546500479387,2017,3,226,30753,-9893,1488326400000
2025,11,165,997,26635.02,24456.29,167.93,24.52987963891675,0.16843530591775327,2025,11,165,1847,-850,1761955200000
2018,1,125,49444,725217.35,569995.65,91601.54,11.528105533532885,1.8526320686028637,2018,1,125,43994,5450,1514764800000
2017,7,19,86,2975.41,2497.5,317.2,29.040697674418606,3.6883720930232555,2017,7,19,667,-581,1498867200000
2024,2,172,3,212.45,185.13,0.0,61.71,0.0,2024,2,172,31,-28,1706745600000
2019,9,47,241,6767.08,5985.61,78.58,24.83655601659751,0.32605809128630703,2019,9,47,748,-507,1567296000000
2022,9,93,1016,55822.21,42637.54,7350.56,41.96608267716535,7.234803149606299,2022,9,93,3022,-2006,1661990400000
2024,7,17,1065,31780.29,28924.75,825.5,27.159389671361502,0.7751173708920188,2024,7,17,3566,-2501,1719792000000
2018,7,15,85,3809.66,3431.11,175.5,40.366,2.0647058823529414,2018,7,15,788,-703,1530403200000
2019,12,150,104,4671.38,4142.08,166.07,39.82769230769231,1.596826923076923,2019,12,150,478,-374,1575158400000
2024,8,168,1073,31404.88,27893.74,396.53000000000003,25.996029822926378,0.36955265610438026,2024,8,168,2123,-1050,1722470400000
2018,10,11,165,5182.46,4564.17,210.52,27.661636363636365,1.2758787878787878,2018,10,11,699,-534,1538352000000
2020,9,92,392,13223.21,11256.22,957.17,28.71484693877551,2.4417602040816324,2020,9,92,902,-510,1598918400000
2021,2,84,8,794.96,680.63,10.0,85.07875,1.25,2021,2,84,9,-1,1612137600000
2017,10,126,104,3004.29,2604.6,211.41,25.04423076923077,2.0327884615384617,2017,10,126,1113,-1009,1506816000000
2016,11,105,22,465.74,385.0,58.14,17.5,2.6427272727272726,2016,11,105,15,7,1477958400000
2018,8,79,211535,2946382.91,2334082.67,345334.24,11.03402590587846,1.6325158484411562,2018,8,79,183615,27920,1533081600000
2020,6,64,105,4804.17,4083.11,225.5,38.886761904761904,2.1476190476190475,2020,6,64,145,-40,1590969600000
2017,7,127,909,17676.21,14722.6,1574.59,16.196479647964797,1.732222222222222,2017,7,127,6984,-6075,1498867200000
2019,2,137,88674,1442874.4400000002,967095.27,155276.06999999998,10.906187495771027,1.7510890452669325,2019,2,137,102167,-13493,1548979200000
2021,4,170,66776,1084449.18,700668.96,131720.77000000002,10.492826165089253,1.9725765244998206,2021,4,170,64267,2509,1617235200000
2016,8,189,3306,52999.19,43280.54,5646.0,13.09151240169389,1.7078039927404718,2016,8,189,11351,-8045,1470009600000
2021,12,146,1891,35113.07,27463.08,3071.04,14.523046007403492,1.6240296139608672,2021,12,146,3434,-1543,1638316800000
2017,4,135,142,2860.86,2356.41,261.98,16.59443661971831,1.844929577464789,2017,4,135,2147,-2005,1491004800000
2024,4,214,13,343.13,302.25,0.0,23.25,0.0,2024,4,214,72,-59,1711929600000
2017,12,173,432,6056.49,5134.5,278.4,11.885416666666666,0.6444444444444444,2017,12,173,2978,-2546,1512086400000
2019,12,61,1906,50581.92,43559.03,1793.17,22.85363588667366,0.9408027282266527,2019,12,61,10667,-8761,1575158400000
2016,7,135,222,4447.7300000000005,3642.81,456.46999999999997,16.409054054054053,2.056171171171171,2016,7,135,2143,-1921,1467331200000
2017,6,63,98,3119.93,2667.5,257.57,27.21938775510204,2.628265306122449,2017,6,63,1083,-985,1496275200000
2025,7,206,13,483.83,394.11,3.86,30.316153846153846,0.2969230769230769,2025,7,206,102,-89,1751328000000
2018,8,232,13139,232910.51,193364.73,21966.69,14.716852880736738,1.671869244234721,2018,8,232,36942,-23803,1533081600000
2019,9,143,76322,1220243.58,797961.79,143381.1,10.45520020439716,1.8786339456513195,2019,9,143,86971,-10649,1567296000000
2020,10,81,316,12374.7,10426.08,851.85,32.99392405063291,2.695727848101266,2020,10,81,559,-243,1601510400000
2021,10,17,652,21207.54,17818.6,1338.19,27.329141104294475,2.0524386503067484,2021,10,17,4241,-3589,1633046400000
2017,12,262,115648,1536522.66,1220362.93,177576.06999999998,10.552391135168788,1.5354876003043716,2017,12,262,123391,-7743,1512086400000
2019,2,19,197,5167.23,4726.91,54.019999999999996,23.994467005076142,0.27421319796954313,2019,2,19,629,-432,1548979200000
2023,7,65,1786,56872.67,44565.38,5961.69,24.95262038073908,3.338012318029115,2023,7,65,4752,-2966,1688169600000
2025,9,91,2222,62074.41,57948.74,47.66,26.07954095409541,0.021449144914491448,2025,9,91,2707,-485,1756684800000
2022,5,216,657,42085.13,34111.66,5682.25,51.920334855403354,8.648782343987824,2022,5,216,3054,-2397,1651363200000
2024,7,2,5,192.60000000000002,172.10000000000002,14.0,34.42,2.8,2024,7,2,5,0,1719792000000
2024,8,97,1860,51458.68,44162.33,2761.15,23.743188172043013,1.484489247311828,2024,8,97,4093,-2233,1722470400000
2016,7,185,82,1757.79,1570.63,88.14,19.154024390243904,1.0748780487804879,2016,7,185,1405,-1323,1467331200000
2020,7,37,609,21991.36,19719.29,976.37,32.37978653530378,1.6032348111658457,2020,7,37,1526,-917,1593561600000
2022,5,260,785,24623.88,19305.1,2921.03,24.59248407643312,3.7210573248407646,2022,5,260,3189,-2404,1651363200000
2022,11,36,262,7580.34,5973.74,952.9,22.800534351145036,3.6370229007633585,2022,11,36,2382,-2120,1667260800000
2016,6,236,383679,5013491.65,4009691.82,547369.98,10.450641864683758,1.4266352341410398,2016,6,236,387842,-4163,1464739200000
2020,9,257,128,4206.46,3458.9,346.72,27.02265625,2.70875,2020,9,257,528,-400,1598918400000
2016,11,49,4108,63325.35,51081.55,7125.1,12.434651898734177,1.7344449853943527,2016,11,49,20340,-16232,1477958400000
2023,12,46,5,208.44,191.44,10.0,38.288,2.0,2023,12,46,72,-67,1701388800000
2018,11,232,12687,232580.16,193156.1,22698.640000000003,15.2247260975802,1.7891258768818479,2018,11,232,36000,-23313,1541030400000
2021,7,168,867,23676.96,19569.08,792.91,22.571026528258365,0.9145444059976932,2021,7,168,3000,-2133,1625097600000
2019,6,146,6648,110850.84000000001,88170.97,8567.91,13.262781287605295,1.2887951263537907,2019,6,146,9022,-2374,1559347200000
2024,4,215,787,42158.26,34892.46,3297.91,44.33603557814485,4.190482846251588,2024,4,215,1148,-361,1711929600000
2025,5,150,378,10581.8,9235.11,99.33,24.431507936507938,0.2627777777777778,2025,5,150,708,-330,1746057600000
2022,10,118,11,443.21,355.07,17.39,32.27909090909091,1.580909090909091,2022,10,118,88,-77,1664582400000
2023,4,223,571,24070.12,18377.65,2619.12,32.18502626970228,4.5869001751313485,2023,4,223,4739,-4168,1680307200000
2025,10,243,4345,104091.29,82480.19,1791.57,18.98278250863061,0.41232911392405064,2025,10,243,11752,-7407,1759276800000
2018,8,7,12307,161424.1,135972.33,10460.78,11.048373283497195,0.8499861867230032,2018,8,7,34321,-22014,1533081600000
2025,9,137,46331,1046343.96,706330.53,84166.06,15.245311562452786,1.816625153784723,2025,9,137,53007,-6676,1756684800000
2018,3,232,17012,285986.19,234481.01,30372.99,13.783271220315072,1.785386197977898,2018,3,232,45983,-28971,1519862400000
2022,10,148,38048,795060.17,548317.35,104281.52,14.41120032590412,2.7407884777123632,2022,10,148,37340,708,1664582400000
2016,5,73,44,848.07,634.81,137.32,14.427499999999998,3.1209090909090906,2016,5,73,809,-765,1462060800000
2020,1,75,48064,717790.5399999999,524737.05,66363.31999999999,10.917465254660454,1.3807281957390145,2020,1,75,79787,-31723,1577836800000
2018,5,242,241,5603.46,4984.0,188.01,20.680497925311204,0.7801244813278008,2018,5,242,990,-749,1525132800000
2019,9,97,5128,93679.01000000001,75553.12,7834.31,14.733447737909515,1.5277515600624025,2019,9,97,10549,-5421,1567296000000
2021,8,183,106,4862.62,4110.7,6.42,38.780188679245285,0.06056603773584906,2021,8,183,282,-176,1627776000000
2023,10,166,16145,391614.79,281757.99,48608.45,17.451718179002786,3.010743264168473,2023,10,166,25797,-9652,1696118400000
2022,4,207,263,3601.97,2817.0,334.52,10.711026615969581,1.2719391634980988,2022,4,207,265,-2,1648771200000
2024,3,131,214,7153.35,6482.01,120.52,30.289766355140188,0.5631775700934579,2024,3,131,703,-489,1709251200000
2023,12,23,9,759.71,661.37,10.0,73.48555555555555,1.1111111111111112,2023,12,23,66,-57,1701388800000
2016,7,177,355,7662.82,6496.3,616.6,18.29943661971831,1.7369014084507044,2016,7,177,2672,-2317,1467331200000
2021,8,147,128,4722.95,3875.44,79.22,30.276875,0.61890625,2021,8,147,462,-334,1627776000000
2024,11,171,162,5451.39,4894.96,49.61,30.215802469135802,0.30623456790123454,2024,11,171,667,-505,1730419200000
2018,2,136,89,1626.8500000000001,1441.09,51.5,16.19202247191011,0.5786516853932584,2018,2,136,1015,-926,1517443200000
2016,6,2,14,734.72,628.0,62.82,44.857142857142854,4.4871428571428575,2016,6,2,10,4,1464739200000
2024,9,3,131,5167.78,4669.21,47.69,35.64282442748092,0.36404580152671756,2024,9,3,321,-190,1725148800000
2025,5,67,579,13341.15,11199.8,32.49,19.3433506044905,0.056113989637305704,2025,5,67,1236,-657,1746057600000
2021,3,141,62855,930010.46,589050.18,114229.22,9.371572349057356,1.817345000397741,2021,3,141,61630,1225,1614556800000
2023,11,56,233,9810.02,8368.95,568.71,35.91824034334764,2.440815450643777,2023,11,56,843,-610,1698796800000
2018,8,184,20,752.51,610.9100000000001,83.15,30.545500000000004,4.157500000000001,2018,8,184,74,-54,1533081600000
2019,11,206,25,1321.3,1026.97,16.12,41.0788,0.6448,2019,11,206,155,-130,1572566400000
2019,12,11,110,4452.5,3891.33,119.7,35.375727272727275,1.0881818181818181,2019,12,11,618,-508,1575158400000
2020,7,174,359,14574.75,12893.36,611.21,35.91465181058496,1.7025348189415044,2020,7,174,530,-171,1593561600000
2021,4,210,506,19774.46,17359.18,60.910000000000004,34.306679841897235,0.12037549407114626,2021,4,210,828,-322,1617235200000
2018,3,206,8,458.89,350.62,44.78,43.8275,5.5975,2018,3,206,184,-176,1519862400000
2022,3,8,25,1182.19,850.0,124.69,34.0,4.9876,2022,3,8,72,-47,1646092800000
2024,6,217,280,7970.22,7171.49,176.99,25.612464285714285,0.6321071428571429,2024,6,217,1171,-891,1717200000000
2023,10,152,1990,45268.7,35177.54,3948.61,17.677155778894473,1.9842261306532665,2023,10,152,4722,-2732,1696118400000
2022,8,214,4,286.04999999999995,254.7,16.05,63.675,4.0125,2022,8,214,70,-66,1659312000000
2025,11,250,774,20250.6,17345.33,32.550000000000004,22.409987080103363,0.04205426356589148,2025,11,250,1111,-337,1761955200000
2018,12,184,29,1111.05,999.09,26.07,34.45137931034483,0.8989655172413793,2018,12,184,76,-47,1543622400000
2016,1,96,37,682.6700000000001,568.0,56.45,15.35135135135135,1.5256756756756757,2016,1,96,214,-177,1451606400000
2019,4,123,405,11071.16,9727.98,146.63,24.0197037037037,0.36204938271604936,2019,4,123,1363,-958,1554076800000
2022,9,97,1449,34989.48,27673.77,4186.67,19.098530020703933,2.8893512767425813,2022,9,97,4298,-2849,1661990400000
2024,11,223,1074,43501.56,34905.39,3750.9,32.50036312849162,3.4924581005586592,2024,11,223,4051,-2977,1730419200000
2019,8,89,1151,33047.9,28670.08,470.61,24.90884448305821,0.40887054735013034,2019,8,89,5878,-4727,1564617600000
2018,3,263,175183,2197882.29,1726586.15,256246.65999999997,9.855900115878823,1.4627370235696384,2018,3,263,177549,-2366,1519862400000
2023,8,212,103,3278.14,2857.13,40.99,27.739126213592233,0.39796116504854373,2023,8,212,356,-253,1690848000000
2021,12,12,1452,33967.42,25133.0,3587.67,17.30922865013774,2.4708471074380167,2021,12,12,1979,-527,1638316800000
2017,1,143,103955,1306302.6300000001,1038021.64,148592.37,9.985297869270358,1.429391275070944,2017,1,143,118374,-14419,1483228800000
2017,2,215,527,33709.2,26748.27,3718.29,50.75573055028463,7.055578747628084,2017,2,215,776,-249,1485907200000
2019,3,15,198,7032.49,6350.7,43.410000000000004,32.07424242424242,0.21924242424242427,2019,3,15,929,-731,1551398400000
2023,1,144,23851,570992.27,384437.08,71952.57,16.11827931742904,3.0167527566978327,2023,1,144,25530,-1679,1672531200000
2022,11,85,75,2676.89,2223.42,256.72,29.6456,3.422933333333334,2022,11,85,639,-564,1667260800000
2017,9,191,61,1336.46,1145.0,35.75,18.770491803278688,0.5860655737704918,2017,9,191,896,-835,1504224000000
2020,6,56,139,4562.26,3850.21,154.41,27.699352517985613,1.110863309352518,2020,6,56,394,-255,1590969600000
2020,8,44,89,9651.39,8895.67,244.11,99.95134831460675,2.742808988764045,2020,8,44,99,-10,1596240000000
2018,4,161,369980,5470933.17,4304768.75,646707.39,11.635139061570897,1.7479522947186334,2018,4,161,357713,12267,1522540800000
2020,1,192,126,4001.49,3483.37,102.64999999999999,27.64579365079365,0.8146825396825396,2020,1,192,647,-521,1577836800000
2023,3,193,3408,29361.78,23571.66,1358.0,6.9165669014084505,0.3984741784037559,2023,3,193,4087,-679,1677628800000
2016,11,65,13898,254926.14,211790.0,27029.0,15.23888329256008,1.9448122031947044,2016,11,65,20321,-6423,1477958400000
2021,11,246,49528,912478.49,606916.13,118692.11,12.254000363430787,2.3964648279760943,2021,11,246,60262,-10734,1635724800000
2022,8,55,142,6932.08,6255.4400000000005,135.59,44.052394366197184,0.9548591549295775,2022,8,55,667,-525,1659312000000
2025,6,253,54,2558.12,2154.1,120.85000000000001,39.89074074074074,2.237962962962963,2025,6,253,94,-40,1748736000000
2020,6,208,162,6541.45,5590.93,182.7,34.51191358024692,1.1277777777777778,2020,6,208,305,-143,1590969600000
2017,3,259,72,2166.94,1943.1,136.76,26.987499999999997,1.8994444444444443,2017,3,259,1262,-1190,1488326400000
2020,6,201,40,2393.34,2176.59,55.129999999999995,54.414750000000005,1.37825,2020,6,201,79,-39,1590969600000
2016,1,143,115201,1474628.91,1179776.59,162276.88,10.241027334832163,1.408641244433642,2016,1,143,126170,-10969,1451606400000
2019,6,244,8880,173850.18,141483.28,13720.66,15.932801801801801,1.5451193693693694,2019,6,244,26490,-17610,1559347200000
2021,8,238,58614,986222.66,654634.57,124737.73,11.168570136827379,2.128121779779575,2021,8,238,61695,-3081,1627776000000
2020,9,138,15057,573128.4600000001,432203.33,65114.18,28.704478315733546,4.3245121870226475,2020,9,138,2994,12063,1598918400000
2017,5,200,68,1565.94,1233.5,206.51,18.139705882352942,3.036911764705882,2017,5,200,3231,-3163,1493596800000
2018,1,6,51,1508.05,811.5,87.36,15.911764705882353,1.7129411764705882,2018,1,6,167,-116,1514764800000
2019,7,259,188,6450.17,5735.22,59.76,30.50648936170213,0.3178723404255319,2019,7,259,850,-662,1561939200000
2020,5,133,124,3583.54,3220.11,101.92,25.968629032258065,0.8219354838709677,2020,5,133,158,-34,1588291200000
2023,12,60,108,3561.59,3245.57,26.78,30.051574074074075,0.24796296296296297,2023,12,60,243,-135,1701388800000
2019,1,218,777,28854.3,26518.87,106.07,34.129819819819815,0.1365122265122265,2019,1,218,1451,-674,1546300800000
2016,4,220,270,4480.6900000000005,3673.86,407.89,13.60688888888889,1.5107037037037037,2016,4,220,4816,-4546,1459468800000
2020,12,120,22,852.57,749.22,37.41,34.055454545454545,1.7004545454545452,2020,12,120,158,-136,1606780800000
2023,6,167,160,5576.92,4912.9400000000005,151.08,30.705875000000002,0.94425,2023,6,167,469,-309,1685577600000
2016,4,161,428024,6447602.55,5110278.71,727795.43,11.939234038278228,1.7003612647888904,2016,4,161,436642,-8618,1459468800000
2018,12,98,175,6283.39,5653.43,87.97,32.30531428571429,0.5026857142857143,2018,12,98,877,-702,1543622400000
2021,3,31,37,1232.66,1023.57,35.37,27.664054054054056,0.9559459459459458,2021,3,31,187,-150,1614556800000
2023,10,183,68,2530.83,2248.65,75.08,33.06838235294118,1.1041176470588234,2023,10,183,162,-94,1696118400000
2019,9,255,5202,100670.89,77562.84,11463.91,14.910196078431373,2.2037504805843904,2019,9,255,18485,-13283,1567296000000
2021,4,61,1746,55967.94,48090.29,958.45,27.54312142038946,0.5489404352806415,2021,4,61,4151,-2405,1617235200000
2024,12,106,423,12884.08,11330.31,402.25,26.78560283687943,0.9509456264775413,2024,12,106,1295,-872,1733011200000
2024,2,56,288,12797.06,10683.52,779.4300000000001,37.095555555555556,2.706354166666667,2024,2,56,765,-477,1706745600000
2019,7,115,16,750.77,630.95,14.63,39.434375,0.914375,2019,7,115,129,-113,1561939200000
2023,3,15,46,1614.08,1431.48,23.45,31.11913043478261,0.5097826086956522,2023,3,15,419,-373,1677628800000
2025,6,243,4963,139865.82,115373.7,2264.21,23.246766068909935,0.4562180132984082,2025,6,243,14046,-9083,1748736000000
2022,7,261,18892,461128.25,333178.64,54081.63,17.635964429388103,2.8626736184628414,2022,7,261,16549,2343,1656633600000
2018,5,60,108,2687.78,2434.5,36.5,22.541666666666668,0.33796296296296297,2018,5,60,601,-493,1525132800000
2023,10,46,14,506.49,478.55,0.0,34.18214285714286,0.0,2023,10,46,85,-71,1696118400000
2018,4,30,1,11.2,6.0,2.24,6.0,2.24,2018,4,30,37,-36,1522540800000
2017,8,60,61,929.4,788.21,61.26,12.921475409836066,1.004262295081967,2017,8,60,536,-475,1501545600000
2018,6,107,210344,2907107.27,2285765.2,349349.7,10.86679534476857,1.6608493705549006,2018,6,107,181773,28571,1527811200000
2021,7,241,194,7403.91,6343.5,137.12,32.69845360824742,0.7068041237113403,2021,7,241,676,-482,1625097600000
2021,11,201,31,1479.43,1245.54,19.939999999999998,40.178709677419356,0.6432258064516129,2021,11,201,291,-260,1635724800000
2023,11,97,1259,35506.43,28512.97,3310.17,22.64731532962669,2.6292057188244637,2023,11,97,4278,-3019,1698796800000
2017,10,205,57,1518.93,1386.0,45.28,24.31578947368421,0.7943859649122808,2017,10,205,1123,-1066,1506816000000
2019,8,206,12,700.28,561.77,0.0,46.814166666666665,0.0,2019,8,206,157,-145,1564617600000
2019,1,252,183,7885.05,7086.03,182.57999999999998,38.72147540983607,0.9977049180327868,2019,1,252,1096,-913,1546300800000
2020,11,7,1943,35161.21,29032.97,2597.46,14.942341739577973,1.336829644879053,2020,11,7,5271,-3328,1604188800000
2025,4,253,49,1648.86,1422.77,58.42,29.03612244897959,1.1922448979591838,2025,4,253,100,-51,1743465600000
2023,11,141,77885,1662330.4100000001,1081636.89,213633.62,13.88761494511138,2.742936637349939,2023,11,141,89744,-11859,1698796800000
2019,6,240,65,2081.43,1890.16,3.57,29.079384615384615,0.05492307692307692,2019,6,240,272,-207,1559347200000
2018,12,45,17196,303140.41000000003,253000.95,28784.370000000003,14.712779134682485,1.6738991625959527,2018,12,45,23042,-5846,1543622400000
2020,8,190,73,2185.04,1935.47,112.0,26.513287671232877,1.5342465753424657,2020,8,190,177,-104,1596240000000
2022,8,213,211,7364.16,6473.0,110.11,30.677725118483412,0.5218483412322275,2022,8,213,695,-484,1659312000000
2025,2,247,1279,32487.16,28563.38,266.52,22.332587959343236,0.20838154808444095,2025,2,247,1166,113,1738368000000
2022,5,40,646,17242.78,12565.91,2538.76,19.45187306501548,3.9299690402476783,2022,5,40,3159,-2513,1651363200000
2018,3,44,2,129.9,118.3,10.0,59.15,5.0,2018,3,44,41,-39,1519862400000
2025,3,128,87,2561.44,2141.08,60.5,24.610114942528735,0.6954022988505747,2025,3,128,525,-438,1740787200000
2016,1,218,128,3627.47,3160.5,276.09,24.69140625,2.156953125,2016,1,218,1047,-919,1451606400000
2016,11,108,93,1979.37,1556.5,270.39,16.736559139784948,2.9074193548387095,2016,11,108,561,-468,1477958400000
2017,8,123,89,2377.86,2111.5,79.85,23.724719101123597,0.897191011235955,2017,8,123,1076,-987,1501545600000
2021,9,197,355,15846.99,13786.66,526.49,38.83566197183099,1.4830704225352114,2021,9,197,1431,-1076,1630454400000
2019,5,3,195,7203.15,6446.47,98.62,33.05882051282052,0.5057435897435898,2019,5,3,701,-506,1556668800000
2019,7,61,1982,48169.97,42519.41,1321.27,21.452780020181635,0.6666347124117054,2019,7,61,10240,-8258,1561939200000
2017,4,217,896,12214.470000000001,10109.5,971.93,11.282924107142858,1.0847433035714285,2017,4,217,3036,-2140,1491004800000
2019,11,114,90489,1558854.46,1028955.18,192477.41,11.371052614129894,2.1270807501464266,2019,11,114,68646,21843,1572566400000
2021,5,203,207,8589.22,7600.05,80.48,36.71521739130435,0.388792270531401,2021,5,203,547,-340,1619827200000
2022,2,9,35,1022.5799999999999,943.44,20.54,26.955428571428573,0.5868571428571429,2022,2,9,251,-216,1643673600000
2022,8,126,64,1987.84,1702.6000000000001,83.24,26.603125000000002,1.300625,2022,8,126,326,-262,1659312000000
2023,2,165,120,4333.19,3822.08,156.56,31.850666666666665,1.3046666666666666,2023,2,165,765,-645,1675209600000
2023,11,203,149,6252.75,5641.43,107.73,37.86194630872483,0.7230201342281879,2023,11,203,627,-478,1698796800000
2024,8,89,1167,36959.65,34155.59,609.54,29.26785775492716,0.5223136246786632,2024,8,89,3293,-2126,1722470400000
2025,4,44,5,440.47,258.41,0.0,51.682,0.0,2025,4,44,18,-13,1743465600000
2017,12,18,111,1874.6,1612.52,112.41,14.527207207207207,1.0127027027027027,2017,12,18,1310,-1199,1512086400000
2023,9,224,3654,91827.05,64738.02,9740.45,17.71702791461412,2.6656951286261634,2023,9,224,10420,-6766,1693526400000
2025,10,69,1605,45129.89,40914.8,210.60999999999999,25.49208722741433,0.13122118380062303,2025,10,69,2722,-1117,1759276800000
2023,12,173,97,2620.2,2330.93,64.5,24.03020618556701,0.6649484536082474,2023,12,173,577,-480,1701388800000
2017,7,34,242,3727.35,3046.0,379.09,12.586776859504132,1.566487603305785,2017,7,34,1120,-878,1498867200000
2018,12,67,295,9430.78,8120.82,445.21,27.52820338983051,1.509186440677966,2018,12,67,1663,-1368,1543622400000
2018,11,143,102334,1373423.61,1093939.09,159718.87000000002,10.689888893231966,1.5607605487912133,2018,11,143,116050,-13716,1541030400000
2024,2,18,145,5685.72,5139.42,71.52,35.44427586206896,0.4932413793103448,2024,2,18,377,-232,1706745600000
2016,2,171,70,1185.5,958.81,133.77,13.697285714285714,1.9110000000000003,2016,2,171,1457,-1387,1454284800000
2020,5,90,5105,79291.39,52846.52,8350.92,10.351913809990204,1.6358315377081294,2020,5,90,3693,1412,1588291200000
2018,11,101,192,8319.17,7586.25,198.91,39.51171875,1.0359895833333332,2018,11,101,632,-440,1541030400000
2016,12,239,276513,3596456.71,2858141.2,400013.03,10.33637188848264,1.446633720656895,2016,12,239,255249,21264,1480550400000
2023,9,3,67,2278.81,2059.76,33.61,30.74268656716418,0.5016417910447761,2023,9,3,251,-184,1693526400000
2024,7,211,25745,608942.9299999999,417559.37,69657.47,16.21904719362983,2.7056698388036513,2024,7,211,27078,-1333,1719792000000
2022,9,201,59,2501.27,2191.62,100.78,37.14610169491525,1.708135593220339,2022,9,201,357,-298,1661990400000
2024,11,13,20625,653944.31,470343.94,80085.89,22.804554666666668,3.8829522424242424,2024,11,13,26280,-5655,1730419200000
2024,11,42,5839,137921.37,119318.11,3726.15,20.434682308614487,0.638148655591711,2024,11,42,14724,-8885,1730419200000
2019,11,159,592,12677.45,10768.94,216.21,18.19077702702703,0.36521959459459463,2019,11,159,1931,-1339,1572566400000
2018,5,67,147,3413.47,2946.52,170.85999999999999,20.0443537414966,1.162312925170068,2018,5,67,1485,-1338,1525132800000
2017,6,129,5726,93079.91,78904.21,6002.4,13.779987775061127,1.048271044359064,2017,6,129,17395,-11669,1496275200000
2018,6,77,194,5782.29,5233.5,165.02,26.97680412371134,0.8506185567010309,2018,6,77,733,-539,1527811200000
2019,3,13,66547,1498681.94,1045268.04,194122.64,15.707215051016576,2.9170757509729968,2019,3,13,69215,-2668,1551398400000
2022,5,256,2035,54133.41,41076.27,7643.04,20.18489926289926,3.755793611793612,2022,5,256,8195,-6160,1651363200000
2022,2,62,156,4215.58,3733.63,266.8,23.933525641025643,1.7102564102564104,2022,2,62,1239,-1083,1643673600000
2017,4,56,312,10117.55,8180.0,1021.99,26.21794871794872,3.2756089743589745,2017,4,56,2633,-2321,1491004800000
2017,9,70,1367,50506.01,42149.02,4963.01,30.833226042428674,3.6305852231163134,2017,9,70,3718,-2351,1504224000000
2018,12,187,15,838.44,655.88,18.619999999999997,43.72533333333333,1.2413333333333332,2018,12,187,59,-44,1543622400000
2018,3,186,315740,4607689.390000001,3692655.97,517395.59,11.695242826376132,1.6386760942547667,2018,3,186,248128,67612,1519862400000
2022,6,204,4,255.4,241.2,0.0,60.3,0.0,2022,6,204,20,-16,1654041600000
2016,6,101,17,488.24,437.0,27.6,25.705882352941178,1.6235294117647059,2016,6,101,554,-537,1464739200000
2019,5,259,201,7177.64,6489.6,53.4,32.286567164179104,0.26567164179104474,2019,5,259,916,-715,1556668800000
2020,1,51,628,26074.170000000002,22720.59,116.77000000000001,36.17928343949045,0.1859394904458599,2020,1,51,1334,-706,1577836800000
2024,11,101,133,4512.15,4115.36,107.93,30.94255639097744,0.8115037593984963,2024,11,101,391,-258,1730419200000
2018,4,239,235915,3051782.28,2405934.22,359870.89,10.19830964542314,1.5254260644723736,2018,4,239,231090,4825,1522540800000
2016,3,185,85,1684.56,1424.6,125.78,16.759999999999998,1.4797647058823529,2016,3,185,1540,-1455,1456790400000
2018,4,254,228,6489.52,5818.03,155.35,25.51767543859649,0.681359649122807,2018,4,254,1081,-853,1522540800000
2019,4,205,831,37262.77,34106.49,24.6,41.04270758122743,0.0296028880866426,2019,4,205,1721,-890,1554076800000
2018,8,158,76288,1145185.25,907378.39,136484.07,11.894116899119128,1.7890634175755034,2018,8,158,77407,-1119,1533081600000
2019,8,85,362,10595.56,9329.42,105.11,25.771878453038674,0.29035911602209946,2019,8,85,1243,-881,1564617600000
2020,3,118,26,1963.83,1867.05,2.0,71.80961538461538,0.07692307692307693,2020,3,118,78,-52,1583020800000
2020,8,235,554,19623.03,17604.56,751.02,31.777184115523468,1.3556317689530686,2020,8,235,1087,-533,1596240000000
2022,9,26,100,3001.07,2688.07,69.85,26.8807,0.6984999999999999,2022,9,26,901,-801,1661990400000
2023,8,234,74340,1622697.8,1045320.2899999999,207173.28,14.061343691148775,2.7868345439870863,2023,8,234,65641,8699,1690848000000
2017,7,107,201017,2712187.55,2136417.8,319837.59,10.628045389195938,1.591097220633081,2017,7,107,182587,18430,1498867200000
2018,5,75,67167,891640.28,726627.91,80980.41,10.818227849985856,1.205657689043727,2018,5,75,111267,-44100,1525132800000
2020,1,60,181,5807.61,4998.6900000000005,19.759999999999998,27.617071823204423,0.10917127071823203,2020,1,60,567,-386,1577836800000
2016,3,8,129,3487.48,2770.5,377.28,21.476744186046513,2.9246511627906973,2016,3,8,258,-129,1456790400000
2016,3,196,1044,25082.72,20460.58,2287.43,19.598256704980844,2.1910249042145593,2016,3,196,4759,-3715,1456790400000
2025,8,114,50593,1088362.29,695295.35,114769.88,13.742916016049652,2.2684932698199356,2025,8,114,35159,15434,1754006400000
2016,4,255,22381,358236.3,286826.73,42403.59,12.815635136946517,1.8946244582458334,2016,4,255,44128,-21747,1459468800000
2021,1,150,107,3324.17,2892.4,156.51,27.03177570093458,1.4627102803738317,2021,1,150,259,-152,1609459200000
2018,9,88,32357,724273.3200000001,594013.17,81864.96,18.35810396513892,2.530054084123992,2018,9,88,33488,-1131,1535760000000
2021,3,96,15,392.98,312.12,15.23,20.808,1.0153333333333334,2021,3,96,107,-92,1614556800000
2022,10,17,460,13508.82,11297.2,1369.1,24.55913043478261,2.976304347826087,2022,10,17,4196,-3736,1664582400000
2016,4,158,158170,2365593.68,1885608.13,276015.68,11.92140184611494,1.7450570904722766,2016,4,158,142841,15329,1459468800000
2020,6,161,10789,170585.94999999998,111623.92,19102.54,10.346085828158309,1.770557048846047,2020,6,161,11864,-1075,1590969600000
2021,1,196,340,10627.92,8989.66,572.77,26.440176470588234,1.6846176470588234,2021,1,196,853,-513,1609459200000
2020,2,172,4,195.7,165.5,8.26,41.375,2.065,2020,2,172,93,-89,1580515200000
2022,12,144,27661,615021.07,425179.36,76469.18,15.371076967571671,2.7645124905101044,2022,12,144,29706,-2045,1669852800000
2020,4,253,1,54.07,50.52,2.75,50.52,2.75,2020,4,253,4,-3,1585699200000
2017,4,87,78532,1638788.12,1327221.08,202050.76,16.90038557530688,2.572846228289105,2017,4,87,83076,-4544,1491004800000
2019,3,260,4042,86351.36,70162.41,6315.31,17.358339930727364,1.5624220682830283,2019,3,260,8380,-4338,1551398400000
2024,2,146,1391,33704.78,26655.63,2686.38,19.162925952552122,1.9312580877066858,2024,2,146,2094,-703,1706745600000
2025,8,97,5647,133605.72,112321.29,3430.49,19.890435629537805,0.6074889321763768,2025,8,97,7304,-1657,1754006400000
2021,9,116,3837,79655.67,63237.13,7341.43,16.48087829033099,1.9133255147250456,2021,9,116,9056,-5219,1630454400000
2018,7,227,174,4595.56,4120.19,146.32999999999998,23.679252873563215,0.8409770114942527,2018,7,227,1800,-1626,1530403200000
2018,8,10,2762,170465.99,137329.83,16815.84,49.721154960173784,6.088283852280956,2018,8,10,3890,-1128,1533081600000
2022,1,132,103486,5972599.23,4635369.19,679067.63,44.792234601781885,6.56192750710241,2022,1,132,19062,84424,1640995200000
2016,10,138,264309,11649027.73,8915682.53,1496794.21,33.73204291189479,5.663046699128671,2016,10,138,131860,132449,1475280000000
2019,4,216,1275,65629.18,55370.01,4129.07,43.42745882352941,3.2384862745098038,2019,4,216,6012,-4737,1554076800000
2021,4,23,81,6218.63,5252.2,83.78999999999999,64.84197530864198,1.0344444444444443,2021,4,23,89,-8,1617235200000
2019,7,42,11504,173163.33000000002,143288.36,8943.55,12.455525034770513,0.7774295897079276,2019,7,42,28965,-17461,1561939200000
2020,12,204,7,559.29,485.0,13.75,69.28571428571429,1.9642857142857142,2020,12,204,12,-5,1606780800000
2022,4,143,44877,757475.4400000001,493181.28,99159.15,10.989622300955947,2.209576174878,2022,4,143,55364,-10487,1648771200000
2021,1,202,85,2391.27,1944.19,114.4,22.872823529411765,1.3458823529411765,2021,1,202,753,-668,1609459200000
2022,8,52,611,14333.31,10845.24,2057.27,17.749983633387888,3.367054009819967,2022,8,52,1825,-1214,1659312000000
2020,6,42,4695,79965.87,67253.45,3708.85,14.324483493077741,0.7899574014909478,2020,6,42,8365,-3670,1590969600000
2018,12,249,162529,2301593.19,1813338.49,283139.8,11.15701499424718,1.7420878735487204,2018,12,249,130846,31683,1543622400000
2023,3,190,41,1386.63,1111.35,140.53,27.10609756097561,3.4275609756097563,2023,3,190,405,-364,1677628800000
2018,7,61,1573,30153.56,26109.48,1934.45,16.598525111252382,1.2297838525111253,2018,7,61,12395,-10822,1530403200000
2018,1,173,319,5012.66,4256.5,219.01,13.343260188087774,0.686551724137931,2018,1,173,2446,-2127,1514764800000
2016,7,57,47,836.9,689.8,63.9,14.67659574468085,1.3595744680851063,2016,7,57,654,-607,1467331200000
2021,11,229,74484,1233258.97,799233.06,158315.42,10.730265023360722,2.1254956769239035,2021,11,229,74485,-1,1635724800000
2020,12,141,49697,724683.3,460052.03,88289.5,9.257138861500694,1.7765559289293116,2020,12,141,46683,3014,1606780800000
2022,4,215,337,21294.11,16446.3,2323.8,48.80207715133531,6.895548961424333,2022,4,215,757,-420,1648771200000
2023,6,38,117,5344.32,4912.31,115.11,41.98555555555556,0.9838461538461538,2023,6,38,747,-630,1685577600000
2022,3,237,168297,2593346.68,1635612.75,341947.98000000004,9.71860906611526,2.031812688283214,2022,3,237,147557,20740,1646092800000
2023,6,205,275,10120.53,9282.56,57.0,33.754763636363634,0.20727272727272728,2023,6,205,1110,-835,1685577600000
2025,1,37,1822,46710.22,40021.75,793.95,21.965834248079034,0.43575740944017566,2025,1,37,3944,-2122,1735689600000
2022,10,48,105394,2076695.77,1394123.86,264010.19,13.227734595897301,2.504983110993036,2022,10,48,93857,11537,1664582400000
2016,3,7,22588,317483.06,262488.83,26891.12,11.620720293961396,1.1905046927572163,2016,3,7,62948,-40360,1456790400000
2017,3,223,7006,131055.01,103051.44,13025.17,14.709026548672567,1.8591450185555238,2017,3,223,22917,-15911,1488326400000
2019,6,13,66194,1543550.71,1091314.41,193585.16999999998,16.48660618787201,2.9245123425083843,2019,6,13,68807,-2613,1559347200000
2017,5,238,198415,2719845.04,2182603.86,294669.75,11.000195852128115,1.4851183126275735,2017,5,238,204166,-5751,1493596800000
2016,3,201,16,410.68,373.92,12.72,23.37,0.795,2016,3,201,416,-400,1456790400000
2020,1,46,36,1577.8600000000001,1333.93,46.0,37.05361111111111,1.2777777777777777,2020,1,46,113,-77,1577836800000
2021,6,262,42731,724649.87,474248.19,92480.99,11.098457560085183,2.164259904987012,2021,6,262,46022,-3291,1622505600000
2018,9,146,7726,114268.26,95522.19,9536.56,12.363731555785659,1.234346362930365,2018,9,146,11174,-3448,1535760000000
2022,7,166,14968,278370.08,202417.53,35581.06,13.523351817210049,2.377141902725815,2022,7,166,21014,-6046,1656633600000
2019,1,15,115,3958.84,3452.2400000000002,174.79999999999998,30.01947826086957,1.5199999999999998,2019,1,15,745,-630,1546300800000
2025,11,244,10174,196077.23,147865.87,5182.27,14.5337006093965,0.5093640652643995,2025,11,244,19821,-9647,1761955200000
2021,5,126,180,6086.82,5088.03,120.18,28.26683333333333,0.6676666666666667,2021,5,126,569,-389,1619827200000
2021,9,251,2,88.64999999999999,59.5,11.95,29.75,5.975,2021,9,251,40,-38,1630454400000
2018,6,53,90,3039.25,2693.8,152.65,29.931111111111115,1.6961111111111111,2018,6,53,918,-828,1527811200000
2020,11,236,80751,1195570.6,761527.84,150331.67,9.430568537850924,1.86166945300987,2020,11,236,82137,-1386,1604188800000
2021,11,234,90137,1552544.86,1007216.76,205282.84,11.174287584454774,2.2774536538824233,2021,11,234,79527,10610,1635724800000
2019,2,113,110929,1786581.66,1173114.68,217398.18,10.575365143470147,1.9597957251935922,2019,2,113,97305,13624,1548979200000
2016,4,226,23033,395381.37,330639.49,34019.75,14.355033647375505,1.4770003907437155,2016,4,226,35081,-12048,1459468800000
2018,5,100,181228,2711983.89,2186068.41,276159.98000000004,12.06253123137705,1.5238262299423933,2018,5,100,139143,42085,1525132800000
2021,1,258,170,6145.7,5194.68,278.74,30.55694117647059,1.6396470588235295,2021,1,258,636,-466,1609459200000
2025,3,45,8311,214479.03,152521.27,16653.33,18.351735049933822,2.0037697028035137,2025,3,45,12813,-4502,1740787200000
2025,9,255,9698,257003.74,205136.24,6772.46,21.152427304598884,0.6983357393276964,2025,9,255,13760,-4062,1756684800000
2017,3,195,579,11991.67,9382.5,1429.56,16.204663212435232,2.4690155440414507,2017,3,195,3956,-3377,1488326400000
2021,11,182,141,5326.55,4449.59,24.34,31.557375886524824,0.1726241134751773,2021,11,182,495,-354,1635724800000
2017,12,163,264890,4102188.0900000003,3297212.37,443264.39,12.447477707727737,1.6733904262146553,2017,12,163,231364,33526,1512086400000
2019,3,17,2000,40206.06,35375.2,1344.56,17.6876,0.67228,2019,3,17,10222,-8222,1551398400000
2019,2,111,9,95.37,74.5,7.82,8.277777777777779,0.8688888888888889,2019,2,111,79,-70,1548979200000
2022,3,232,4538,101898.85,72917.56,12563.69,16.06821507271926,2.7685522256500663,2022,3,232,17142,-12604,1646092800000
2016,4,17,5189,74984.39,61182.34,7225.07,11.790776642898438,1.3923819618423587,2016,4,17,24565,-19376,1459468800000
2021,1,158,4741,78595.11,50757.23,10723.57,10.706017717781059,2.261879350348028,2021,1,158,8935,-4194,1609459200000
2021,11,41,11249,193996.52,147336.64,19637.1,13.09775446706374,1.7456751711263223,2021,11,41,23686,-12437,1635724800000
2018,11,141,198554,2494442.1399999997,1975908.07,288859.77,9.951489619952255,1.4548171781983743,2018,11,141,202644,-4090,1541030400000
2024,12,67,331,12783.68,10861.84,380.85,32.81522658610272,1.1506042296072507,2024,12,67,886,-555,1733011200000
2020,6,89,535,17312.51,15342.0,843.83,28.67663551401869,1.5772523364485982,2020,6,89,1076,-541,1590969600000
2023,1,217,123,3621.42,2995.24,310.38,24.35154471544715,2.5234146341463415,2023,1,217,1510,-1387,1672531200000
2025,9,32,503,17405.24,15857.08,26.64,31.52500994035785,0.052962226640159045,2025,9,32,850,-347,1756684800000
2018,10,211,65801,1020713.53,822159.47,116679.12,12.494634883968327,1.773211957265087,2018,10,211,70315,-4514,1538352000000
2023,9,51,309,12955.32,11608.87,37.07,37.569158576051784,0.11996763754045307,2023,9,51,520,-211,1693526400000
2018,8,209,17928,349901.78,288370.29,36338.89,16.084911311914322,2.0269349620705044,2018,8,209,22086,-4158,1533081600000
2021,4,138,32672,1342530.11,966300.85,161454.51,29.57580956170421,4.94167819539667,2021,4,138,8914,23758,1617235200000
2024,10,174,219,9127.56,8376.76,19.2,38.250045662100455,0.08767123287671233,2024,10,174,456,-237,1727740800000
2022,5,10,1338,84953.87,65729.61,9324.68,49.12526905829596,6.969118086696562,2022,5,10,2881,-1543,1651363200000
2017,10,214,2,185.10000000000002,184.0,0.0,92.0,0.0,2017,10,214,149,-147,1506816000000
2018,6,79,235430,3338803.5900000003,2646556.7,396337.84,11.241374081467953,1.683463619759589,2018,6,79,197600,37830,1527811200000
2024,4,131,243,8652.6,7823.03,79.81,32.193539094650205,0.32843621399176953,2024,4,131,701,-458,1711929600000
2018,1,102,80,1714.81,1512.5,86.71,18.90625,1.083875,2018,1,102,990,-910,1514764800000
2025,11,201,301,13297.119999999999,12404.56,58.48,41.21116279069767,0.19428571428571428,2025,11,201,603,-302,1761955200000
2022,9,164,71225,1392872.65,920252.53,181036.07,12.920358441558442,2.541748964548965,2022,9,164,65567,5658,1661990400000
2023,10,139,139,5913.66,5435.25,26.01,39.10251798561151,0.18712230215827338,2023,10,139,673,-534,1696118400000
2016,9,228,1235,23290.3,19144.68,2165.33,15.501765182186235,1.7533036437246963,2016,9,228,7980,-6745,1472688000000
2024,3,195,563,28318.69,23705.35,1944.11,42.10541740674955,3.453126110124334,2024,3,195,1131,-568,1709251200000
2025,3,189,1896,51193.51,43393.14,1456.8,22.886677215189874,0.7683544303797468,2025,3,189,4308,-2412,1740787200000
2023,8,227,81,3575.73,3223.36,52.43,39.79456790123457,0.6472839506172839,2023,8,227,642,-561,1690848000000
2017,10,191,67,1759.23,1397.9,215.95,20.864179104477614,3.2231343283582086,2017,10,191,996,-929,1506816000000
2017,1,52,5901,105274.31,85374.0,13389.7,14.467717336044737,2.269056092187765,2017,1,52,8795,-2894,1483228800000
2017,8,21,53,1067.8,903.59,72.55,17.048867924528302,1.3688679245283017,2017,8,21,1107,-1054,1501545600000
2018,3,8,80,3456.49,2660.5,419.31,33.25625,5.241375,2018,3,8,131,-51,1519862400000
2019,3,19,231,6309.18,5747.52,97.64,24.881038961038964,0.42268398268398266,2019,3,19,769,-538,1551398400000
2016,3,124,92,5256.32,4264.48,643.1,46.353043478260865,6.990217391304348,2016,3,124,1084,-992,1456790400000
2016,10,16,71,1719.29,1395.81,226.06,19.659295774647887,3.183943661971831,2016,10,16,1518,-1447,1475280000000
2018,2,102,60,1229.89,1064.0,76.21,17.733333333333334,1.2701666666666667,2018,2,102,1024,-964,1517443200000
2020,2,43,89862,1435694.6400000001,943350.84,172184.9,10.497772584629764,1.9161035810464935,2020,2,43,73807,16055,1580515200000
2020,10,244,2953,65876.22,54422.62,5225.21,18.429603792753134,1.7694581781239418,2020,10,244,7982,-5029,1601510400000
2019,7,79,148161,2489159.9499999997,1641937.23,293436.17,11.082114929029906,1.980522337187249,2019,7,79,130359,17802,1561939200000
2021,1,253,2,228.12,200.0,12.28,100.0,6.14,2021,1,253,8,-6,1609459200000
2021,6,204,5,470.40000000000003,408.0,19.56,81.6,3.912,2021,6,204,12,-7,1622505600000
2021,9,226,2971,72917.31,57977.53,6389.1,19.514483338943116,2.150488051161225,2021,9,226,6444,-3473,1630454400000
2025,9,14,1978,67029.51,57481.69,518.15,29.060510616784633,0.2619565217391304,2025,9,14,4458,-2480,1756684800000
2016,6,18,112,1672.72,1455.6,74.56,12.99642857142857,0.6657142857142857,2016,6,18,1697,-1585,1464739200000
2017,8,252,65,2421.7200000000003,1986.37,246.44,30.55953846153846,3.791384615384615,2017,8,252,1412,-1347,1501545600000
2019,6,259,203,7078.08,6397.08,18.36,31.51270935960591,0.09044334975369459,2019,6,259,865,-662,1559347200000
2016,8,62,595,9351.76,7676.8,792.32,12.90218487394958,1.3316302521008405,2016,8,62,5559,-4964,1470009600000
2019,1,124,371,15327.68,13895.56,351.86,37.454339622641506,0.9484097035040432,2019,1,124,1033,-662,1546300800000
2025,11,9,139,3810.91,3306.05,50.89,23.78453237410072,0.3661151079136691,2025,11,9,483,-344,1761955200000
2018,1,207,410,6255.39,5056.52,643.59,12.3329756097561,1.5697317073170733,2018,1,207,398,12,1514764800000
2025,3,187,6,353.03999999999996,245.71999999999997,14.6,40.953333333333326,2.433333333333333,2025,3,187,21,-15,1740787200000
2017,8,89,639,12370.45,10361.29,859.89,16.214851330203444,1.345680751173709,2017,8,89,7354,-6715,1501545600000
2024,8,25,1559,45565.07,38917.85,2865.75,24.963341885824246,1.8381975625400897,2024,8,25,5315,-3756,1722470400000
2021,6,131,198,7213.68,6173.29,37.07,31.178232323232322,0.18722222222222223,2021,6,131,733,-535,1622505600000
2017,1,88,36802,767260.71,623841.42,90106.87,16.951291234172057,2.4484231835226344,2017,1,88,39277,-2475,1483228800000
2017,10,39,121,4147.18,3611.5299999999997,320.25,29.847355371900825,2.646694214876033,2017,10,39,1450,-1329,1506816000000
2016,6,30,1,167.3,127.5,33.46,127.5,33.46,2016,6,30,40,-39,1464739200000
2017,10,253,13,565.12,469.01,46.410000000000004,36.07769230769231,3.5700000000000003,2017,10,253,45,-32,1506816000000
2016,7,156,7,310.1,291.5,0.0,41.642857142857146,0.0,2016,7,156,86,-79,1467331200000
2019,4,114,94991,1625511.58,1072319.32,195879.54,11.288641239696393,2.062085250181596,2019,4,114,74613,20378,1554076800000
2022,7,80,875,27265.84,20861.65,3643.79,23.841885714285716,4.164331428571429,2022,7,80,4427,-3552,1656633600000
2020,3,48,91574,1520950.62,1004212.23,172365.13999999998,10.966128267848953,1.8822497652172012,2020,3,48,78875,12699,1583020800000
2019,11,146,5480,90506.73,71495.03,7284.39,13.046538321167883,1.3292682481751825,2019,11,146,7930,-2450,1572566400000
2023,3,7,1842,39549.22,31435.36,3040.96,17.065884907709012,1.650901194353963,2023,3,7,10190,-8348,1677628800000
2021,12,85,124,4383.18,3781.78,187.35,30.498225806451615,1.5108870967741934,2021,12,85,556,-432,1638316800000
2023,6,147,63,1824.23,1597.1200000000001,32.36,25.351111111111113,0.5136507936507937,2023,6,147,267,-204,1685577600000
2023,7,146,1691,39197.52,30201.96,3368.22,17.86041395623891,1.9918509757539915,2023,7,146,3076,-1385,1688169600000
2024,12,182,355,13527.47,12212.45,18.85,34.401267605633805,0.053098591549295776,2024,12,182,538,-183,1733011200000
2021,5,87,11907,276068.08,195508.83,34807.81,16.41965482489292,2.9233064583858233,2021,5,87,13816,-1909,1619827200000
2025,5,166,30430,664094.75,486587.54,49999.5,15.990389089714098,1.643098915543871,2025,5,166,37343,-6913,1746057600000
2018,10,131,260,8950.32,7890.82,235.98,30.34930769230769,0.9076153846153846,2018,10,131,1313,-1053,1538352000000
2024,3,96,18,560.82,445.92,76.5,24.773333333333333,4.25,2024,3,96,116,-98,1709251200000
2016,1,161,392997,5576802.16,4402846.17,634913.82,11.203256437072039,1.6155691264818814,2016,1,161,398097,-5100,1451606400000
2024,12,25,2504,72967.35,62040.82,4391.66,24.776685303514377,1.7538578274760384,2024,12,25,6332,-3828,1733011200000
2025,10,1,596,66368.55,56211.44,7749.71,94.3144966442953,13.002869127516778,2025,10,1,8881,-8285,1759276800000
2025,6,247,2263,71979.91,60525.51,1691.21,26.745695978789218,0.7473309765797614,2025,6,247,3090,-827,1748736000000
2019,7,195,681,22766.6,18960.97,1307.62,27.842834067547727,1.9201468428781203,2019,7,195,2689,-2008,1561939200000
2020,12,170,44685,1108076.16,859901.34,84881.33,19.243624034911043,1.8995486181045094,2020,12,170,42168,2517,1606780800000
2025,9,246,84437,2079316.93,1382714.05,215615.48,16.375688975212288,2.5535663275578244,2025,9,246,91675,-7238,1756684800000
2017,4,243,2072,38454.71,31599.65,3794.31,15.250796332046333,1.831230694980695,2017,4,243,18910,-16838,1491004800000
2023,10,129,865,29987.89,23981.35,2577.03,27.724104046242772,2.979225433526012,2023,10,129,4562,-3697,1696118400000
2016,10,130,1015,56022.64,45467.08,5439.29,44.795152709359606,5.358906403940886,2016,10,130,2804,-1789,1475280000000
2016,5,175,21,589.95,471.76,98.69,22.464761904761904,4.699523809523809,2016,5,175,950,-929,1462060800000
2021,5,63,255,9737.85,8362.08,64.17,32.7924705882353,0.25164705882352945,2021,5,63,656,-401,1619827200000
2018,11,114,103207,1504607.06,1196852.47,177834.25,11.596621062524829,1.723083221099344,2018,11,114,81061,22146,1541030400000
2020,5,197,256,8761.0,7460.1900000000005,400.56,29.141367187500002,1.5646875,2020,5,197,384,-128,1588291200000
2016,9,247,2020,39724.61,33619.51,3188.98,16.64332178217822,1.5787029702970297,2016,9,247,5129,-3109,1472688000000
2019,9,229,120060,1961818.8800000001,1288986.58,227675.11,10.736186739963353,1.8963444111277694,2019,9,229,118604,1456,1567296000000
2016,5,257,666,12377.81,9818.1,1515.79,14.741891891891893,2.275960960960961,2016,5,257,7250,-6584,1462060800000
2022,7,13,20849,502348.44,355574.15,65527.4,17.054734040001918,3.1429517003213583,2022,7,13,27677,-6828,1656633600000
2018,12,3,206,7434.32,6547.62,144.68,31.784563106796117,0.7023300970873787,2018,12,3,647,-441,1543622400000
2024,3,233,45661,1114367.62,752649.37,127163.06,16.483418453384726,2.7849381310089574,2024,3,233,57586,-11925,1709251200000
2021,9,46,14,825.34,661.69,80.8,47.26357142857143,5.771428571428571,2021,9,46,85,-71,1630454400000
2022,12,64,44,1695.05,1531.3500000000001,54.2,34.80340909090909,1.231818181818182,2022,12,64,342,-298,1669852800000
2025,6,31,181,6149.05,4910.4,136.99,27.1292817679558,0.7568508287292818,2025,6,31,422,-241,1748736000000
2019,2,131,318,12975.42,11749.72,145.48999999999998,36.94880503144654,0.4575157232704402,2019,2,131,1297,-979,1548979200000
2022,3,225,367,10824.64,9405.76,708.77,25.628773841961852,1.9312534059945503,2022,3,225,3135,-2768,1646092800000
2024,12,14,716,25936.05,22952.35,473.84,32.05635474860335,0.6617877094972067,2024,12,14,2743,-2027,1733011200000
2019,5,44,30,1022.4,1000.0,0.0,33.333333333333336,0.0,2019,5,44,72,-42,1556668800000
2021,12,45,4148,93618.47,67650.7,10430.25,16.309233365477336,2.5145250723240116,2021,12,45,7904,-3756,1638316800000
2024,5,179,914,25591.53,21990.34,821.61,24.05945295404814,0.8989168490153173,2024,5,179,2961,-2047,1714521600000
2022,5,2,5,326.35,260.0,45.25,52.0,9.05,2022,5,2,5,0,1651363200000
2024,2,208,131,4763.82,4258.37,89.63,32.506641221374046,0.6841984732824428,2024,2,208,430,-299,1706745600000
2021,11,119,160,5942.349999999999,5058.08,79.22,31.613,0.495125,2021,11,119,705,-545,1635724800000
2022,2,144,24306,447939.25,299837.75,58782.700000000004,12.33595614251625,2.4184440055953265,2022,2,144,25902,-1596,1643673600000
2016,7,176,2,176.18,163.5,0.0,81.75,0.0,2016,7,176,65,-63,1467331200000
2022,6,79,89796,1669957.5599999998,1106963.77,224086.56,12.327539868145575,2.495507149538955,2022,6,79,71518,18278,1654041600000
2022,11,239,93760,1658378.42,1078460.77,228361.06,11.50235462883959,2.4355915102389076,2022,11,239,91160,2600,1667260800000
2023,1,214,19,1324.1,1079.8,89.85,56.83157894736842,4.728947368421053,2023,1,214,70,-51,1672531200000
2020,10,85,344,10445.21,8818.31,792.01,25.634622093023253,2.3023546511627906,2020,10,85,621,-277,1601510400000
2021,10,158,26412,512444.66000000003,342884.07,70015.85,12.982131985461153,2.6509105709525977,2021,10,158,35346,-8934,1633046400000
2017,4,193,5352,57072.88,48658.89,3180.26,9.091720852017938,0.5942189835575487,2017,4,193,7262,-1910,1491004800000
2017,8,33,8098,153242.99,126409.93,17692.1,15.610018523092121,2.1847493208199555,2017,8,33,24358,-16260,1501545600000
2019,11,231,109697,2168066.46,1490896.91,264608.92,13.591045425125573,2.4121800960828463,2019,11,231,110078,-381,1572566400000
2024,2,242,208,7572.13,6804.6,32.33,32.714423076923076,0.1554326923076923,2024,2,242,502,-294,1706745600000
2024,3,159,510,14139.77,12681.18,54.89,24.865058823529413,0.10762745098039216,2024,3,159,865,-355,1709251200000
2019,11,203,302,14061.87,12556.11,133.04,41.576523178807946,0.4405298013245033,2019,11,203,1510,-1208,1572566400000
2025,3,24,11326,242077.99,174076.23,22979.16,15.369612396256402,2.028885749602684,2025,3,24,13041,-1715,1740787200000
2025,9,184,50,1824.53,1593.64,31.549999999999997,31.8728,0.6309999999999999,2025,9,184,114,-64,1756684800000
2025,9,249,92782,2134636.47,1400638.09,221759.76,15.096010971955769,2.390116186329245,2025,9,249,76263,16519,1756684800000
2018,2,10,1797,110998.34,87725.13,12678.89,48.817545909849756,7.055587089593767,2018,2,10,2663,-866,1517443200000
2020,1,114,78908,1305615.44,846659.27,164778.93,10.729701297713794,2.08824111623663,2020,1,114,60528,18380,1577836800000
2023,1,14,227,11323.11,9947.0,394.8,43.819383259911895,1.7392070484581499,2023,1,14,1985,-1758,1672531200000
2025,8,66,6406,159077.98,125953.47,7008.86,19.661796753044023,1.0941086481423665,2025,8,66,7207,-801,1754006400000
2018,5,41,38832,521427.17,424533.2,46682.95,10.93256077461887,1.2021773279769261,2018,5,41,63623,-24791,1525132800000
2024,2,54,77,2692.83,2267.38,175.15,29.446493506493507,2.2746753246753246,2024,2,54,728,-651,1706745600000
2017,3,237,381029,4579233.49,3625268.31,506849.94,9.51441572688693,1.3302135532990926,2017,3,237,336583,44446,1488326400000
2019,7,260,3636,76518.18000000001,62045.04,5318.5,17.064092409240924,1.4627337733773378,2019,7,260,7439,-3803,1561939200000
2018,1,96,20,422.71999999999997,355.03,48.69,17.7515,2.4345,2018,1,96,139,-119,1514764800000
2024,1,98,76,2873.56,2559.73,85.35,33.68065789473684,1.1230263157894735,2024,1,98,396,-320,1704067200000
2017,6,95,1478,33858.23,27366.47,2975.52,18.51587956698241,2.013207036535859,2017,6,95,11276,-9798,1496275200000
2019,9,101,190,7815.3,7161.27,83.82,37.69089473684211,0.4411578947368421,2019,9,101,579,-389,1567296000000
2025,7,59,24,664.26,592.18,5.51,24.674166666666665,0.22958333333333333,2025,7,59,55,-31,1751328000000
2020,11,1,75,5580.66,4684.33,713.1800000000001,62.45773333333333,9.509066666666667,2020,11,1,1042,-967,1604188800000
2017,9,49,3287,49077.86,40361.58,4584.82,12.279154243991481,1.3948341953148766,2017,9,49,16818,-13531,1504224000000
2022,6,3,40,1238.49,1110.74,37.8,27.7685,0.945,2022,6,3,236,-196,1654041600000
2024,10,30,10,354.19,323.81,0.0,32.381,0.0,2024,10,30,45,-35,1727740800000
2016,12,195,720,17097.62,13920.81,1581.96,19.334458333333334,2.197166666666667,2016,12,195,4172,-3452,1480550400000
2021,11,76,570,22057.04,19114.87,252.4,33.53485964912281,0.44280701754385965,2021,11,76,1571,-1001,1635724800000
2021,11,37,456,15404.01,12665.21,1271.95,27.774583333333332,2.7893640350877194,2021,11,37,3683,-3227,1635724800000
2018,11,239,224059,2965896.65,2340656.48,356134.20999999996,10.446607723858447,1.5894662120245113,2018,11,239,215783,8276,1541030400000
2025,11,218,995,37267.03,33274.37,490.55,33.44157788944724,0.49301507537688444,2025,11,218,1743,-748,1761955200000
2022,4,242,150,5204.65,4609.59,103.01,30.730600000000003,0.6867333333333334,2022,4,242,451,-301,1648771200000
2019,2,37,1520,34724.87,30060.88,1405.35,19.776894736842106,0.9245723684210526,2019,2,37,8514,-6994,1548979200000
2021,9,216,496,24812.28,20783.21,1851.9,41.901633064516126,3.73366935483871,2021,9,216,2237,-1741,1630454400000
2016,1,25,11656,188585.34,154066.1,20885.03,13.217750514756348,1.7917836307481125,2016,1,25,20203,-8547,1451606400000
2023,10,116,2292,61762.41,49518.67,5156.15,21.605004363001743,2.249629144851658,2023,10,116,7637,-5345,1696118400000
2024,12,222,458,15232.59,14555.49,23.0,31.780545851528384,0.05021834061135371,2024,12,222,526,-68,1733011200000
2025,4,128,85,2689.07,2286.29,47.89,26.897529411764705,0.5634117647058824,2025,4,128,500,-415,1743465600000
2017,3,131,79,1390.39,1144.64,144.84,14.489113924050635,1.8334177215189873,2017,3,131,1300,-1221,1488326400000
2024,5,157,549,22695.65,18526.83,1895.39,33.746502732240444,3.452440801457195,2024,5,157,1218,-669,1714521600000
2017,12,106,1475,23242.71,18339.7,2785.18,12.433694915254238,1.888257627118644,2017,12,106,4780,-3305,1512086400000
2016,12,176,5,195.2,58.5,130.7,11.7,26.139999999999997,2016,12,176,106,-101,1480550400000
2020,9,198,200,6412.54,5265.16,629.08,26.3258,3.1454000000000004,2020,9,198,811,-611,1598918400000
2022,11,212,55,1535.65,1328.83,89.87,24.160545454545453,1.6340000000000001,2022,11,212,285,-230,1667260800000
2016,10,160,173,4224.49,3413.14,368.1,19.72913294797688,2.1277456647398845,2016,10,160,3232,-3059,1475280000000
2021,5,200,195,8203.84,7024.47,108.35,36.02292307692308,0.5556410256410256,2021,5,200,943,-748,1619827200000
2018,10,89,1540,43104.98,37615.46,1710.31,24.425623376623378,1.110590909090909,2018,10,89,8212,-6672,1538352000000
2023,10,240,13,706.92,632.1,28.9,48.62307692307692,2.223076923076923,2023,10,240,102,-89,1696118400000
2023,3,49,572,16963.23,13723.08,1700.95,23.9913986013986,2.9736888111888113,2023,3,49,4751,-4179,1677628800000
2023,1,48,83523,1917613.11,1268923.27,235311.62,15.192501107479377,2.8173272032853225,2023,1,48,77383,6140,1672531200000
2016,4,245,70,1287.55,1008.0,187.97,14.4,2.685285714285714,2016,4,245,217,-147,1459468800000
2016,9,60,62,1339.78,1158.0,79.1,18.677419354838708,1.275806451612903,2016,9,60,675,-613,1472688000000
2022,1,198,109,3347.91,2890.04,217.87,26.51412844036697,1.9988073394495414,2022,1,198,1289,-1180,1640995200000
2024,8,31,38,1843.6200000000001,1558.59,98.89,41.01552631578947,2.6023684210526317,2024,8,31,204,-166,1722470400000
2025,7,88,14937,443615.76,320788.93,36298.43,21.476128405971746,2.430101760728393,2025,7,88,19019,-4082,1751328000000
2021,8,237,122467,1827944.0000000002,1149908.39,230812.19,9.389536691516897,1.8846888549568455,2021,8,237,107057,15410,1627776000000
2016,3,3,23,407.71000000000004,333.0,49.31,14.478260869565217,2.143913043478261,2016,3,3,718,-695,1456790400000
2024,11,265,1747,161814.18,141805.94,14574.39,81.17111619919862,8.342524327418431,2024,11,265,14587,-12840,1730419200000
2024,9,238,68042,1466309.2100000002,991477.3300000001,171264.77,14.571548896269952,2.517044913435819,2024,9,238,76624,-8582,1725148800000
2016,10,184,7,369.82,348.0,13.219999999999999,49.714285714285715,1.8885714285714283,2016,10,184,76,-69,1475280000000
2018,3,222,92,3052.64,2819.0,37.370000000000005,30.641304347826086,0.40619565217391307,2018,3,222,341,-249,1519862400000
2018,8,97,6869,109769.14,91847.52,9532.83,13.37130877857039,1.3878046294948319,2018,8,97,12958,-6089,1533081600000
2020,3,63,170,4409.28,4027.19,33.16,23.68935294117647,0.19505882352941176,2020,3,63,630,-460,1583020800000
2017,7,244,8619,158702.67,132403.66,14633.43,15.361835479754033,1.697810650887574,2017,7,244,33194,-24575,1498867200000
2020,8,130,569,24456.98,21735.81,1079.81,38.200017574692446,1.8977328646748681,2020,8,130,966,-397,1596240000000
2017,4,160,145,4025.2400000000002,3347.31,345.42,23.08489655172414,2.3822068965517245,2017,4,160,3179,-3034,1491004800000
2016,3,204,1,130.56,88.5,21.76,88.5,21.76,2016,3,204,61,-60,1456790400000
2019,12,64,110,3995.2,3426.68,184.9,31.151636363636364,1.680909090909091,2019,12,64,651,-541,1575158400000
2018,7,193,5415,59783.71,51489.27,2916.45,9.508637119113573,0.5385872576177285,2018,7,193,7416,-2001,1530403200000
2021,4,232,2827,66816.66,51574.06,4606.3,18.243388751326492,1.629395118500177,2021,4,232,10685,-7858,1617235200000
2022,8,32,49,1561.8,1375.44,26.5,28.070204081632653,0.5408163265306123,2022,8,32,306,-257,1659312000000
2020,5,196,128,2949.94,2442.43,129.06,19.081484375,1.00828125,2020,5,196,277,-149,1588291200000
2021,9,115,28,1778.5,1505.26,1.8,53.75928571428572,0.0642857142857143,2021,9,115,72,-44,1630454400000
2024,11,182,456,17098.46,15419.1,16.5,33.813815789473686,0.03618421052631579,2024,11,182,523,-67,1730419200000
2021,4,136,388,14719.460000000001,12721.67,91.88,32.787809278350515,0.2368041237113402,2021,4,136,774,-386,1617235200000
2025,9,225,4945,143603.97,126196.91,935.08,25.52010313447927,0.18909605662285137,2025,9,225,7714,-2769,1756684800000
2017,1,191,59,1677.5600000000002,1275.22,308.92,21.613898305084746,5.23593220338983,2017,1,191,911,-852,1483228800000
2017,6,187,3,146.9,53.0,90.0,17.666666666666668,30.0,2017,6,187,41,-38,1496275200000
2019,7,175,95,3470.45,3134.32,6.74,32.99284210526316,0.07094736842105263,2019,7,175,630,-535,1561939200000
2023,5,231,48688,1344591.15,931515.04,172902.87,19.132333223792312,3.551241989812685,2023,5,231,53956,-5268,1682899200000
2025,10,196,945,27940.65,22711.73,1356.25,24.03357671957672,1.4351851851851851,2025,10,196,2172,-1227,1759276800000
2025,6,201,302,12180.75,10822.83,22.38,35.83718543046358,0.07410596026490066,2025,6,201,675,-373,1748736000000
2025,11,97,5746,122451.19,96483.08,5045.38,16.79134702401671,0.8780682213713888,2025,11,97,7229,-1483,1761955200000
2021,8,247,513,13947.37,11542.49,634.57,22.499980506822613,1.2369785575048733,2021,8,247,1661,-1148,1627776000000
2018,9,236,307306,3854284.34,3042452.56,452879.19999999995,9.900400773170716,1.4737076399419469,2018,9,236,314370,-7064,1535760000000
2025,11,253,15,336.72,284.9,0.0,18.993333333333332,0.0,2025,11,253,57,-42,1761955200000
2016,2,93,809,45381.29,36400.66,5050.47,44.99463535228678,6.242855377008653,2016,2,93,967,-158,1454284800000
2018,7,100,176330,2947784.42,2461568.53,249883.34000000003,13.960009811149549,1.41713457721318,2018,7,100,130443,45887,1530403200000
2019,10,98,132,5106.42,4376.46,153.9,33.155,1.165909090909091,2019,10,98,904,-772,1569888000000
2020,7,226,1690,47480.4,41390.0,2306.48,24.49112426035503,1.3647810650887575,2020,7,226,3444,-1754,1593561600000
2024,5,108,211,8002.74,7629.89,18.82,36.16061611374408,0.08919431279620853,2024,5,108,420,-209,1714521600000
2020,9,263,37758,575006.61,374133.94,67233.39,9.908732983738545,1.7806395995550612,2020,9,263,33712,4046,1598918400000
2018,3,63,124,3435.55,3117.8,142.49,25.143548387096775,1.1491129032258065,2018,3,63,862,-738,1519862400000
2017,10,197,287,10902.92,8912.78,1068.03,31.054982578397215,3.7213588850174215,2017,10,197,1988,-1701,1506816000000
2018,6,135,318,10288.14,8667.37,907.65,27.255880503144656,2.854245283018868,2018,6,135,1952,-1634,1527811200000
2017,9,22,124,3413.97,3045.12,84.99,24.557419354838707,0.6854032258064515,2017,9,22,1644,-1520,1504224000000
2017,10,152,8427,123368.8,102129.32,10514.42,12.11929749614335,1.2477061825086033,2017,10,152,15941,-7514,1506816000000
2019,2,70,969,35389.36,30332.87,1857.96,31.30327141382869,1.9173993808049536,2019,2,70,2762,-1793,1548979200000
2023,9,184,5,316.66,257.0,34.28,51.4,6.856,2023,9,184,32,-27,1693526400000
2022,2,165,115,3619.0099999999998,3333.4900000000002,74.27,28.986869565217393,0.6458260869565217,2022,2,165,864,-749,1643673600000
2023,6,61,801,24620.13,21283.35,1580.48,26.570973782771535,1.9731335830212235,2023,6,61,5564,-4763,1685577600000
2018,12,6,38,1518.66,837.24,202.9,22.03263157894737,5.339473684210526,2018,12,6,207,-169,1543622400000
2020,10,114,16314,271583.44,176632.12,35443.229999999996,10.827027093294102,2.1725652813534384,2020,10,114,13676,2638,1601510400000
2021,10,229,76326,1249212.1900000002,807763.66,159869.75,10.583073395697404,2.0945647616801613,2021,10,229,76022,304,1633046400000
2021,9,18,156,6569.4,5641.22,162.38,36.16166666666667,1.0408974358974359,2021,9,18,763,-607,1630454400000
2024,5,258,293,9798.88,9031.54,82.54,30.824368600682597,0.2817064846416382,2024,5,258,962,-669,1714521600000
2019,2,74,27283,387538.82,306465.65,23810.16,11.23284279588022,0.8727104790528901,2019,2,74,55807,-28524,1548979200000
2022,4,209,6209,149139.86,106138.67,19216.94,17.094325978418425,3.0950136898051213,2022,4,209,9588,-3379,1648771200000
2021,4,262,35725,573056.9700000001,372053.54,71768.16,10.414374807557731,2.0089058082575226,2021,4,262,37950,-2225,1617235200000
2021,10,167,179,5912.5,4957.04,48.49,27.69296089385475,0.27089385474860334,2021,10,167,575,-396,1633046400000
2017,9,85,196,3641.85,3138.92,211.29,16.014897959183674,1.0780102040816326,2017,9,85,1318,-1122,1504224000000
2019,10,226,9765,245183.94999999998,194238.29,22283.390000000003,19.891273937532002,2.2819651817716338,2019,10,226,15953,-6188,1569888000000
2016,2,219,421,25035.53,20522.23,2669.91,48.746389548693585,6.341828978622328,2016,2,219,1819,-1398,1454284800000
2019,11,245,7,283.19,262.5,1.35,37.5,0.19285714285714287,2019,11,245,86,-79,1572566400000
2025,6,142,115457,2503854.5,1605193.19,291734.7,13.902952527780904,2.5267822652589276,2025,6,142,102800,12657,1748736000000
2021,2,183,130,4828.95,4090.53,19.28,31.465615384615386,0.1483076923076923,2021,2,183,218,-88,1612137600000
2016,11,101,24,928.97,790.25,111.07,32.927083333333336,4.627916666666667,2016,11,101,513,-489,1477958400000
2019,5,220,387,12047.630000000001,10596.63,237.76999999999998,27.381472868217053,0.6143927648578811,2019,5,220,3250,-2863,1556668800000
2020,4,184,3,82.47,69.7,2.75,23.233333333333334,0.9166666666666666,2020,4,184,10,-7,1585699200000
2025,10,41,18429,365613.69,277197.11,15710.2,15.041353844484236,0.8524716479461718,2025,10,41,26988,-8559,1759276800000
2020,11,198,284,9154.11,7545.59,885.86,26.568978873239438,3.119225352112676,2020,11,198,919,-635,1604188800000
2024,11,177,1017,29199.63,27181.32,186.1,26.726961651917403,0.18298918387413962,2024,11,177,1388,-371,1730419200000
2024,11,237,179986,4005472.17,2693314.5,479250.13,14.9640222017268,2.6627078217194673,2024,11,237,162294,17692,1730419200000
2021,12,211,23105,439007.66,296696.73,56703.130000000005,12.841234797662842,2.454149751136118,2021,12,211,27292,-4187,1638316800000
2020,2,210,259,10221.49,9090.57,69.89,35.098725868725865,0.26984555984555986,2020,2,210,997,-738,1580515200000
2016,10,249,235043,3366348.39,2682454.82,391016.87,11.412613096327055,1.6635971715813702,2016,10,249,184982,50061,1475280000000
2016,6,212,110,2199.48,1800.0,218.04,16.363636363636363,1.982181818181818,2016,6,212,1347,-1237,1464739200000
2016,12,134,513,15484.18,12572.31,1618.32,24.507426900584793,3.1546198830409358,2016,12,134,2397,-1884,1480550400000
2016,4,152,11101,163795.27,135420.19,14010.01,12.198918115485093,1.2620493649220792,2016,4,152,20409,-9308,1459468800000
2020,10,130,616,23018.420000000002,20027.99,1606.12,32.51297077922078,2.6073376623376623,2020,10,130,1158,-542,1601510400000
2024,7,153,45,1490.97,1394.97,0.0,30.999333333333333,0.0,2024,7,153,123,-78,1719792000000
2021,8,180,59,2131.02,1791.74,107.88,30.368474576271186,1.8284745762711863,2021,8,180,429,-370,1627776000000
2020,5,53,52,1773.27,1547.66,42.75,29.76269230769231,0.8221153846153846,2020,5,53,153,-101,1588291200000
2018,1,11,63,1493.4,1284.01,89.98,20.38111111111111,1.4282539682539683,2018,1,11,619,-556,1514764800000
2017,5,215,665,43185.8,34617.31,4471.27,52.05610526315789,6.723714285714286,2017,5,215,1029,-364,1493596800000
2018,3,203,78,3198.5299999999997,2956.5,121.59,37.90384615384615,1.558846153846154,2018,3,203,752,-674,1519862400000
2018,5,207,416,5831.74,4735.29,541.55,11.382908653846155,1.3018028846153844,2018,5,207,406,10,1525132800000
2024,9,88,12243,394169.96,294240.34,40753.37,24.033352936371806,3.328707833047456,2024,9,88,15318,-3075,1725148800000
2017,1,81,21,503.78,411.5,32.8,19.595238095238095,1.5619047619047617,2017,1,81,369,-348,1483228800000
2016,4,94,66,939.64,793.0,69.84,12.015151515151516,1.0581818181818183,2016,4,94,928,-862,1459468800000
2019,1,77,409,12814.87,11690.71,4.44,28.58364303178484,0.010855745721271395,2019,1,77,980,-571,1546300800000
2020,5,100,5937,96530.89,67150.29,7649.25,11.310474987367357,1.2884032339565437,2020,5,100,3541,2396,1588291200000
2022,7,67,35,1077.98,917.97,40.21,26.227714285714285,1.1488571428571428,2022,7,67,441,-406,1656633600000
2025,7,211,33119,782319.85,526315.77,74141.21,15.8916564509798,2.238630695371237,2025,7,211,34440,-1321,1751328000000
2016,6,152,10929,164179.14,135764.1,14075.47,12.42237167169915,1.2879009973465092,2016,6,152,19137,-8208,1464739200000
2016,3,231,236426,3768369.5,3031676.62,439926.39,12.822940877906829,1.8607360865556242,2016,3,231,217675,18751,1456790400000
2017,4,146,10733,163046.82,136345.83,14232.45,12.703422155967575,1.3260458399329171,2017,4,146,12639,-1906,1491004800000
2016,7,44,4,298.82,221.0,38.08,55.25,9.52,2016,7,44,50,-46,1467331200000
2021,4,245,3,166.89999999999998,165.5,0.0,55.166666666666664,0.0,2021,4,245,24,-21,1617235200000
2019,3,71,751,24505.39,22421.9,60.739999999999995,29.856058588548603,0.08087882822902795,2019,3,71,1940,-1189,1551398400000
2024,8,169,253,8354.94,7689.86,38.519999999999996,30.39470355731225,0.15225296442687747,2024,8,169,589,-336,1722470400000
2017,5,23,13,725.5,658.0,59.1,50.61538461538461,4.546153846153846,2017,5,23,214,-201,1493596800000
2024,10,23,27,1919.56,1641.99,23.7,60.81444444444445,0.8777777777777778,2024,10,23,81,-54,1727740800000
2020,2,222,336,11356.6,9996.25,57.44,29.750744047619047,0.17095238095238094,2020,2,222,581,-245,1580515200000
2023,3,88,9099,303225.1,218667.08,37360.68,24.031990328607538,4.106020441806792,2023,3,88,11586,-2487,1677628800000
2019,12,50,55043,970574.06,655248.35,107603.43999999999,11.904299365950257,1.9548978071689405,2019,12,50,73809,-18766,1575158400000
2023,8,39,374,14778.72,13394.46,202.63,35.81406417112299,0.5417914438502673,2023,8,39,1638,-1264,1690848000000
2018,9,96,41,771.15,647.45,73.94,15.791463414634148,1.8034146341463415,2018,9,96,160,-119,1535760000000
2017,12,70,1090,39106.48,32853.85,3711.35,30.141146788990824,3.404908256880734,2017,12,70,3782,-2692,1512086400000
2018,11,174,342,11894.1,10285.36,374.82,30.074152046783627,1.0959649122807018,2018,11,174,1197,-855,1541030400000
2019,10,223,3732,120993.4,93317.34,11900.24,25.0046463022508,3.1887031082529473,2019,10,223,14707,-10975,1569888000000
2017,1,33,10141,183270.54,150016.33,22164.04,14.793050981165564,2.1855872201952473,2017,1,33,28188,-18047,1483228800000
2018,8,119,363,9014.66,8076.91,347.58,22.25044077134986,0.9575206611570247,2018,8,119,1922,-1559,1533081600000
2021,8,75,25383,421569.08,309270.6,39481.31,12.184162628530906,1.5554233148170034,2021,8,75,41414,-16031,1627776000000
2016,11,224,30937,441532.82,354689.8,50721.35,11.464906099492516,1.6395044768400298,2016,11,224,43246,-12309,1477958400000
2022,5,175,20,691.5,649.3000000000001,0.0,32.465,0.0,2022,5,175,332,-312,1651363200000
2017,9,36,1176,19778.97,16111.0,2059.87,13.69982993197279,1.7515901360544217,2017,9,36,7885,-6709,1504224000000
2022,11,122,35,1148.47,1059.92,11.75,30.283428571428573,0.3357142857142857,2022,11,122,234,-199,1667260800000
2019,6,252,171,7212.21,6383.49,206.38,37.330350877192984,1.2069005847953216,2019,6,252,1205,-1034,1559347200000
2022,4,85,109,4526.21,4009.7200000000003,205.74,36.786422018348624,1.8875229357798167,2022,4,85,585,-476,1648771200000
2022,10,8,21,1117.25,778.9,151.9,37.09047619047619,7.233333333333333,2022,10,8,93,-72,1664582400000
2020,9,59,21,709.78,596.4300000000001,48.21,28.401428571428575,2.295714285714286,2020,9,59,34,-13,1598918400000
2019,8,92,495,16737.63,14290.88,717.61,28.870464646464644,1.4497171717171717,2019,8,92,3558,-3063,1564617600000
2025,7,139,570,19103.43,17598.75,47.28,30.875,0.08294736842105263,2025,7,139,1516,-946,1751328000000
2017,5,151,90371,1228644.11,984855.82,132630.34,10.8979188013854,1.4676205862500138,2017,5,151,81799,8572,1493596800000
2024,9,32,139,5698.8099999999995,5180.45,27.1,37.26942446043165,0.19496402877697844,2024,9,32,332,-193,1725148800000
2022,5,165,119,3631.77,3285.09,105.18,27.605798319327732,0.8838655462184875,2022,5,165,956,-837,1651363200000
2017,3,114,145288,2105800.79,1671556.55,250832.89,11.505124648973075,1.7264529073288917,2017,3,114,113711,31577,1488326400000
2016,11,114,143999,2098282.08,1679593.3,238253.19,11.663923360578893,1.6545475315800804,2016,11,114,112743,31256,1477958400000
2021,12,81,116,5313.04,4713.99,24.340000000000003,40.63784482758621,0.2098275862068966,2021,12,81,324,-208,1638316800000
2020,3,4,5368,96196.63,65127.37,11476.64,12.132520491803279,2.137973174366617,2020,3,4,13125,-7757,1583020800000
2017,4,140,160961,2255603.62,1808925.13,252249.74,11.23828213045396,1.5671481911767446,2017,4,140,168225,-7264,1491004800000
2025,11,146,3966,82769.65,60805.13,5172.18,15.331601109430157,1.3041301059001513,2025,11,146,3948,18,1761955200000
2020,9,2,2,103.79,94.4,5.5,47.2,2.75,2020,9,2,5,-3,1598918400000
2020,8,30,2,46.629999999999995,34.95,5.5,17.475,2.75,2020,8,30,12,-10,1596240000000
2016,8,114,142892,2055738.27,1645464.94,227751.19,11.515444811466002,1.59386942586009,2016,8,114,112455,30437,1470009600000
2016,10,159,519,9654.06,8311.31,714.8,16.014084778420038,1.3772639691714836,2016,10,159,3106,-2587,1475280000000
2022,2,228,181,5662.22,4389.6,616.62,24.25193370165746,3.406740331491713,2022,2,228,1433,-1252,1643673600000
2022,11,168,383,9270.71,7857.6900000000005,484.72,20.516161879895563,1.2655874673629244,2022,11,168,1916,-1533,1667260800000
2018,10,117,76,4126.67,3759.2,90.34,49.46315789473684,1.1886842105263158,2018,10,117,599,-523,1538352000000
2018,9,108,134,5521.0199999999995,4998.07,136.89,37.299029850746265,1.0215671641791044,2018,9,108,648,-514,1535760000000
2025,7,41,18293,394933.02,312095.57,14015.49,17.060928770567976,0.7661668397747772,2025,7,41,25046,-6753,1751328000000
2022,12,61,802,26879.94,22941.98,2519.66,28.60596009975062,3.141720698254364,2022,12,61,5787,-4985,1669852800000
2020,12,160,106,2998.02,2520.37,266.17,23.77707547169811,2.5110377358490568,2020,12,160,629,-523,1606780800000
2022,9,186,103529,1994572.78,1341028.72,256880.08,12.95316983647094,2.4812379140144305,2022,9,186,73635,29894,1661990400000
2016,5,66,6743,126601.86,103974.97,14938.9,15.419690048939641,2.2154678926293934,2016,5,66,19000,-12257,1462060800000
2022,8,165,145,5004.29,4474.2,179.49,30.85655172413793,1.2378620689655173,2022,8,165,921,-776,1659312000000
2016,12,102,120,2764.34,2175.54,347.94,18.1295,2.8995,2016,12,102,1584,-1464,1480550400000
2025,2,236,148094,2950798.6500000004,1859801.3399999999,364865.64,12.55824908504058,2.463743568274204,2025,2,236,153061,-4967,1738368000000
2016,11,141,236558,3074768.82,2463667.02,336677.24,10.414642582368806,1.4232333719426102,2016,11,141,237737,-1179,1477958400000
2016,12,157,507,14545.710000000001,11996.52,1256.08,23.661775147928996,2.4774753451676528,2016,12,157,4129,-3622,1480550400000
2024,1,237,142707,2776145.32,1737595.0,369520.88,12.17596193599473,2.5893675853321843,2024,1,237,130247,12460,1704067200000
2020,2,96,12,468.79,378.07,26.66,31.50583333333333,2.2216666666666667,2020,2,96,116,-104,1580515200000
2016,1,152,10094,148961.75,122647.07,13237.44,12.150492371705965,1.3114166831781258,2016,1,152,17936,-7842,1451606400000
2018,2,240,14,353.98,311.0,16.76,22.214285714285715,1.1971428571428573,2018,2,240,215,-201,1517443200000
2018,1,213,147,3217.44,2801.32,219.64,19.056598639455782,1.4941496598639454,2018,1,213,1265,-1118,1514764800000
2018,8,20,112,2641.26,2336.76,59.26,20.863928571428573,0.5291071428571429,2018,8,20,832,-720,1533081600000
2024,3,122,117,4108.5199999999995,3733.45,6.69,31.909829059829057,0.05717948717948718,2024,3,122,309,-192,1709251200000
2022,3,216,446,25745.92,20887.75,2918.84,46.8335201793722,6.544484304932736,2022,3,216,2486,-2040,1646092800000
2020,12,75,24898,378545.09,284195.15,33843.35,11.41437665675958,1.359279861836292,2020,12,75,33288,-8390,1606780800000
2019,11,244,6822,135543.97999999998,109775.18,11403.18,16.09134857812958,1.6715303430079156,2019,11,244,23658,-16836,1572566400000
2021,7,75,26767,441198.62000000005,324826.34,40875.66,12.13532857623193,1.5270915679754924,2021,7,75,42819,-16052,1625097600000
2017,6,265,5134,442404.8,376156.09,49699.97,73.26764511102455,9.680555122711336,2017,6,265,24989,-19855,1496275200000
2019,6,220,393,11832.31,10484.85,160.41,26.679007633587787,0.4081679389312977,2019,6,220,3334,-2941,1559347200000
2025,2,55,768,28350.07,26246.39,163.93,34.17498697916667,0.21345052083333335,2025,2,55,1169,-401,1738368000000
2025,7,117,853,36507.0,33806.6,53.74,39.632590855803045,0.06300117233294256,2025,7,117,990,-137,1751328000000
2016,7,20,99,2284.89,1898.0,198.89000000000001,19.171717171717173,2.008989898989899,2016,7,20,1003,-904,1467331200000
2016,5,100,212794,3086168.2800000003,2500861.93,298395.28,11.752502091224377,1.402272996419072,2016,5,100,168005,44789,1462060800000
2020,1,116,7551,129474.11,103830.72,10024.81,13.750591974572904,1.3276135611177327,2020,1,116,17112,-9561,1577836800000
2025,6,191,1193,35661.08,32175.2,191.59,26.969991617770326,0.16059513830678962,2025,6,191,1983,-790,1748736000000
2024,11,169,408,12912.38,11574.5,60.2,28.368872549019606,0.14754901960784314,2024,11,169,634,-226,1730419200000
2022,3,63,76,2841.29,2484.43,153.81,32.68986842105263,2.023815789473684,2022,3,63,508,-432,1646092800000
2023,7,16,48,1778.45,1521.08,149.42,31.689166666666665,3.1129166666666666,2023,7,16,711,-663,1688169600000
2016,3,263,207742,2795266.34,2227313.98,312528.95,10.721539120640024,1.5044090747176788,2016,3,263,210108,-2366,1456790400000
2022,7,255,1576,40370.64,30500.61,5668.28,19.353178934010153,3.596624365482233,2022,7,255,8269,-6693,1656633600000
2022,12,228,205,7901.65,6392.02,699.68,31.18058536585366,3.4130731707317072,2022,12,228,1769,-1564,1669852800000
2018,10,14,962,32382.79,28570.77,1171.86,29.699345114345114,1.218149688149688,2018,10,14,6794,-5832,1538352000000
2016,2,14,515,11860.31,9570.26,1265.63,18.583029126213592,2.4575339805825247,2016,2,14,9342,-8827,1454284800000
2024,8,50,19229,445642.21,310761.4,45838.74,16.16107961932498,2.3838337927089293,2024,8,50,33988,-14759,1722470400000
2022,8,166,14177,265210.41,193290.33,33677.72,13.634078436904845,2.3755180926853354,2022,8,166,20818,-6641,1659312000000
2020,11,147,187,6530.99,5425.34,514.38,29.012513368983956,2.750695187165775,2020,11,147,506,-319,1604188800000
2021,9,237,143713,2245375.31,1431453.09,288045.89,9.960498284775909,2.004313388489559,2021,9,237,126008,17705,1630454400000
2016,12,262,132774,1879649.86,1509488.46,208414.86,11.368855800081342,1.5696963260879389,2016,12,262,135885,-3111,1480550400000
2016,3,109,7,291.6,271.5,13.0,38.785714285714285,1.8571428571428572,2016,3,109,116,-109,1456790400000
2022,4,80,959,27559.41,20936.4,3822.46,21.831491136600626,3.985881126173097,2022,4,80,5123,-4164,1648771200000
2023,1,142,100227,2116838.16,1357076.63,279329.94,13.540030430921806,2.786972971355024,2023,1,142,87966,12261,1672531200000
2017,4,26,252,3906.47,3204.5,338.13,12.716269841269842,1.3417857142857144,2017,4,26,1907,-1655,1491004800000
2023,6,108,110,5857.9,5257.21,73.34,47.792818181818184,0.6667272727272727,2023,6,108,279,-169,1685577600000
2018,8,87,64397,1331707.6300000001,1082304.12,156354.79,16.80674751929438,2.4279825147134186,2018,8,87,68563,-4166,1533081600000
2021,10,132,115000,6793946.169999999,5242877.88,786459.62,45.59024243478261,6.838779304347826,2021,10,132,27300,87700,1633046400000
2024,9,197,1224,51522.96,45232.81,3068.71,36.95491013071895,2.5071160130718955,2024,9,197,1889,-665,1725148800000
2018,10,153,190,5197.99,4729.75,76.34,24.893421052631577,0.40178947368421053,2018,10,153,352,-162,1538352000000
2024,11,26,567,16123.05,14905.13,95.8,26.287707231040564,0.1689594356261023,2024,11,26,1231,-664,1730419200000
2020,10,152,2167,36183.19,29537.5,2685.69,13.630595293031842,1.2393585602215045,2020,10,152,4049,-1882,1601510400000
2024,1,22,153,5746.89,5155.68,160.09,33.69725490196079,1.0463398692810457,2024,1,22,485,-332,1704067200000
2022,11,221,7,274.33,184.62,30.21,26.374285714285715,4.315714285714286,2022,11,221,57,-50,1667260800000
2025,1,98,169,4956.49,4494.17,40.5,26.592721893491124,0.23964497041420119,2025,1,98,480,-311,1735689600000
2025,3,139,514,17688.579999999998,16403.15,27.36,31.91274319066148,0.05322957198443579,2025,3,139,1017,-503,1740787200000
2023,10,131,193,6238.13,5655.94,76.05,29.305388601036267,0.39404145077720204,2023,10,131,757,-564,1696118400000
2016,3,184,10,158.5,123.0,5.880000000000001,12.3,0.5880000000000001,2016,3,184,93,-83,1456790400000
2024,10,42,5598,135631.29,117689.45,3513.17,21.023481600571632,0.6275759199714184,2024,10,42,14671,-9073,1727740800000
2025,8,136,533,16064.59,14681.73,32.29,27.54545966228893,0.06058161350844277,2025,8,136,968,-435,1754006400000
2024,10,3,150,5738.79,5221.24,47.51,34.80826666666667,0.3167333333333333,2024,10,3,282,-132,1727740800000
2018,2,248,61,1272.8300000000002,1113.56,52.67,18.255081967213115,0.8634426229508197,2018,2,248,850,-789,1517443200000
2018,12,251,19,641.03,544.43,22.35,28.654210526315786,1.1763157894736842,2018,12,251,170,-151,1543622400000
2024,7,22,272,8889.73,8199.54,144.19,30.145367647058826,0.5301102941176471,2024,7,22,654,-382,1719792000000
2017,6,211,78541,1197666.2,964267.63,136180.05,12.27725175386104,1.7338721177474183,2017,6,211,81218,-2677,1496275200000
2016,5,253,39,1848.67,1472.0,208.67,37.743589743589745,5.3505128205128205,2016,5,253,115,-76,1462060800000
2024,7,265,2139,205248.33,181414.23,17558.87,84.81263674614306,8.208915381019168,2024,7,265,17667,-15528,1719792000000
2018,8,191,275,10837.92,9912.81,252.52,36.046581818181814,0.9182545454545455,2018,8,191,1313,-1038,1533081600000
2019,7,57,20,485.75,428.51,15.47,21.4255,0.7735000000000001,2019,7,57,248,-228,1561939200000
2018,8,247,1261,23840.08,20649.92,1191.26,16.3758287073751,0.9446946867565424,2018,8,247,4092,-2831,1533081600000
2018,11,44,2,25.1,21.5,1.5,10.75,0.75,2018,11,44,42,-40,1541030400000
2023,3,148,33422,839491.0299999999,570185.25,107311.14,17.06017742804141,3.210793489318413,2023,3,148,32848,574,1677628800000
2023,8,180,68,3509.35,3027.74,227.54,44.525588235294116,3.3461764705882353,2023,8,180,547,-479,1690848000000
2016,9,9,28,775.44,673.0,51.019999999999996,24.035714285714285,1.822142857142857,2016,9,9,560,-532,1472688000000
2017,5,109,6,540.32,386.5,128.26,64.41666666666667,21.376666666666665,2017,5,109,97,-91,1493596800000
2019,12,259,203,8098.79,7001.74,177.2,34.49133004926108,0.8729064039408866,2019,12,259,947,-744,1575158400000
2020,9,31,33,1178.96,941.81,116.19,28.53969696969697,3.520909090909091,2020,9,31,206,-173,1598918400000
2019,6,71,612,19572.06,17856.51,65.24,29.177303921568626,0.10660130718954247,2019,6,71,1688,-1076,1559347200000
2019,10,113,110867,1897989.46,1255308.19,231735.05,11.322649571107723,2.09020763617668,2019,10,113,97173,13694,1569888000000
2018,10,122,132,5756.25,5166.13,153.13,39.13734848484849,1.1600757575757576,2018,10,122,459,-327,1538352000000
2017,2,182,101,1916.35,1687.0,66.08,16.702970297029704,0.6542574257425743,2017,2,182,1133,-1032,1485907200000
2017,5,197,348,13122.39,10839.02,1340.5,31.1466091954023,3.8520114942528734,2017,5,197,2369,-2021,1493596800000
2021,12,142,111846,1875742.04,1211512.54,247205.19,10.831970209037427,2.210228260286465,2021,12,142,92923,18923,1638316800000
2016,1,251,4,181.43,106.0,15.45,26.5,3.8625,2016,1,251,134,-130,1451606400000
2017,11,219,617,39547.9,32631.56,3691.5,52.88745542949757,5.982982171799027,2017,11,219,1616,-999,1509494400000
2023,2,185,54,1872.73,1609.43,92.7,29.80425925925926,1.7166666666666668,2023,2,185,311,-257,1675209600000
2019,3,200,318,11754.1,10530.32,102.59,33.11421383647799,0.32261006289308175,2019,3,200,2681,-2363,1551398400000
2024,10,94,130,4239.94,3881.64,36.8,29.85876923076923,0.28307692307692306,2024,10,94,242,-112,1727740800000
2016,11,176,1,115.3,104.5,10.0,104.5,10.0,2016,11,176,91,-90,1477958400000
2025,4,224,7527,159809.25,108639.03,9945.78,14.433244320446393,1.3213471502590675,2025,4,224,15531,-8004,1743465600000
2023,2,71,145,4475.16,4104.06,66.35,28.30386206896552,0.45758620689655166,2023,2,71,577,-432,1675209600000
2025,6,209,10980,309045.04,221796.44,24679.07,20.200040072859746,2.247638433515483,2025,6,209,13462,-2482,1748736000000
2023,3,100,57944,1411737.55,946192.87,167398.33,16.329436524920613,2.8889674513323205,2023,3,100,48181,9763,1677628800000
2017,4,257,413,8165.47,6500.8,1038.1,15.74043583535109,2.513559322033898,2017,4,257,5410,-4997,1491004800000
2017,7,173,342,5102.150000000001,4314.62,267.25,12.615847953216374,0.7814327485380117,2017,7,173,2892,-2550,1498867200000
2018,6,23,20,702.0,632.0,42.08,31.6,2.104,2018,6,23,200,-180,1527811200000
2018,6,126,169,3893.0,3495.55,72.69,20.68372781065089,0.43011834319526626,2018,6,126,1088,-919,1527811200000
2020,3,31,16,543.5,446.93,42.410000000000004,27.933125,2.6506250000000002,2020,3,31,162,-146,1583020800000
2022,8,21,69,2348.93,2138.63,45.05,30.99463768115942,0.6528985507246376,2022,8,21,453,-384,1659312000000
2023,10,256,1356,44291.73,34937.37,4697.48,25.765022123893807,3.4642182890855455,2023,10,256,7550,-6194,1696118400000
2019,6,33,7519,156744.88999999998,123182.43,16802.829999999998,16.382820853836947,2.234716052666578,2019,6,33,19705,-12186,1559347200000
2024,2,12,857,27040.99,20235.82,2903.79,23.612392065344224,3.3883197199533255,2024,2,12,1323,-466,1706745600000
2021,3,150,123,4043.0099999999998,3439.05,51.29,27.959756097560977,0.4169918699186992,2021,3,150,286,-163,1614556800000
2024,10,60,223,7470.25,6750.12,16.11,30.269596412556055,0.07224215246636771,2024,10,60,259,-36,1727740800000
2024,11,240,45,1675.92,1514.64,46.5,33.65866666666667,1.0333333333333334,2024,11,240,112,-67,1730419200000
2019,10,43,115724,1956704.1800000002,1315750.25,222303.49000000002,11.3697266772666,1.9209800041478,2019,10,43,94136,21588,1569888000000
2019,2,165,665,19651.7,17538.05,213.9,26.373007518796992,0.32165413533834586,2019,2,165,2081,-1416,1548979200000
2019,4,38,242,11810.79,10851.51,130.65,44.84095041322314,0.5398760330578513,2019,4,38,815,-573,1554076800000
2019,11,212,226,6551.38,5604.82,92.96000000000001,24.80008849557522,0.41132743362831864,2019,11,212,847,-621,1572566400000
2019,4,99,2,15.84,2.5,0.0,1.25,0.0,2019,4,99,10,-8,1554076800000
2021,3,9,176,6077.11,5192.72,88.89,29.50409090909091,0.5050568181818181,2021,3,9,305,-129,1614556800000
2024,1,224,3704,84902.6,58850.46,9166.28,15.88835313174946,2.474697624190065,2024,1,224,12236,-8532,1704067200000
2023,5,147,63,1694.69,1516.09,1.0,24.064920634920632,0.015873015873015872,2023,5,147,285,-222,1682899200000
2025,8,113,45956,959916.08,601818.43,106056.26,13.09553551222909,2.307778309687527,2025,8,113,39639,6317,1754006400000
2021,12,91,195,7907.88,6992.19,43.62,35.85738461538461,0.2236923076923077,2021,12,91,801,-606,1638316800000
2020,2,243,1246,29160.84,24003.64,2323.65,19.264558587479936,1.8648876404494383,2020,2,243,11449,-10203,1580515200000
2024,2,144,30607,709719.39,479750.17,85112.81,15.674524455189989,2.7808282419054464,2024,2,144,28638,1969,1706745600000
2024,4,154,67,1976.95,1593.34,199.45,23.781194029850745,2.9768656716417907,2024,4,154,316,-249,1711929600000
2016,5,82,4125,70119.7,58518.66,4950.63,14.18634181818182,1.2001527272727273,2016,5,82,11797,-7672,1462060800000
2016,4,135,226,4112.0,3383.31,381.63,14.970398230088495,1.6886283185840707,2016,4,135,2191,-1965,1459468800000
2021,7,233,39833,677289.35,439560.5,83620.31000000001,11.035083975598122,2.0992722114829414,2021,7,233,44986,-5153,1625097600000
2017,5,167,195,2863.42,2501.96,101.95,12.830564102564102,0.5228205128205128,2017,5,167,1547,-1352,1493596800000
2024,1,21,145,5194.35,4778.72,96.96000000000001,32.95668965517242,0.6686896551724139,2024,1,21,334,-189,1704067200000
2024,7,34,227,7109.47,6041.69,362.18,26.615374449339207,1.5955066079295155,2024,7,34,402,-175,1719792000000
2018,4,121,137,4158.75,3617.61,231.65,26.405912408759125,1.6908759124087591,2018,4,121,1540,-1403,1522540800000
2021,8,58,6,161.81,139.81,5.7,23.301666666666666,0.9500000000000001,2021,8,58,77,-71,1627776000000
2025,7,69,1546,42402.57,38337.77,222.08,24.798040103492884,0.14364812419146183,2025,7,69,2486,-940,1751328000000
2018,7,111,22,337.05,276.0,37.95,12.545454545454545,1.725,2018,7,111,92,-70,1530403200000
2017,7,201,11,433.46999999999997,355.0,57.400000000000006,32.27272727272727,5.218181818181819,2017,7,201,359,-348,1498867200000
2021,5,252,79,2644.7,2258.5,8.9,28.588607594936708,0.11265822784810127,2021,5,252,507,-428,1619827200000
2017,11,228,831,16301.59,13569.36,1474.89,16.328953068592057,1.7748375451263538,2017,11,228,5584,-4753,1509494400000
2019,1,162,277478,3868882.9,2992766.18,493372.36,10.785598065432215,1.7780593776803926,2019,1,162,232658,44820,1546300800000
2017,12,265,4515,367554.93,315293.25,38422.76,69.83239202657808,8.510024363233667,2017,12,265,22304,-17789,1512086400000
2019,2,169,420,12407.64,11214.15,83.06,26.700357142857143,0.19776190476190478,2019,2,169,1628,-1208,1548979200000
2023,12,142,119473,2674083.62,1750325.8,350203.16,14.650387953763612,2.931232663446971,2023,12,142,97906,21567,1701388800000
2018,9,259,178,6517.16,5881.73,222.92,33.04342696629213,1.2523595505617977,2018,9,259,893,-715,1535760000000
2025,11,58,59,1647.6,1359.66,3.5,23.045084745762715,0.059322033898305086,2025,11,58,163,-104,1761955200000
2022,7,231,44106,906825.93,625561.4,116123.01999999999,14.183136081258786,2.6328168503151494,2022,7,231,45618,-1512,1656633600000
2019,6,257,381,10888.66,9126.76,520.21,23.95475065616798,1.3653805774278216,2019,6,257,3404,-3023,1559347200000
2017,1,19,51,821.99,676.01,90.73,13.255098039215687,1.7790196078431373,2017,1,19,513,-462,1483228800000
2023,3,50,20929,476035.35,317524.57,57972.36,15.17151177791581,2.769953652826222,2023,3,50,36589,-15660,1677628800000
2017,8,189,2106,32211.420000000002,26015.71,3531.34,12.353138651471985,1.6767996201329536,2017,8,189,8905,-6799,1501545600000
2019,1,62,802,19349.920000000002,17764.59,206.12,22.150361596009976,0.2570074812967581,2019,1,62,3317,-2515,1546300800000
2021,1,56,237,8104.62,6723.75,474.68,28.370253164556964,2.0028691983122364,2021,1,56,757,-520,1609459200000
2023,5,19,86,2972.46,2679.23,97.28,31.153837209302324,1.1311627906976744,2023,5,19,352,-266,1682899200000
2023,9,37,473,16067.5,13484.2,1124.68,28.507822410147995,2.377758985200846,2023,9,37,3136,-2663,1693526400000
2017,2,2,6,336.42,272.5,33.0,45.416666666666664,5.5,2017,2,2,4,2,1485907200000
2017,1,177,251,5083.01,4317.3,378.85,17.200398406374504,1.509362549800797,2017,1,177,1896,-1645,1483228800000
2023,8,82,464,17283.11,13955.56,1288.15,30.076637931034483,2.7761853448275864,2023,8,82,1991,-1527,1690848000000
2024,4,241,265,9906.41,9047.01,40.72,34.13966037735849,0.15366037735849056,2024,4,241,592,-327,1711929600000
2020,2,42,10054,147255.88,120336.26,8573.81,11.968993435448578,0.8527760095484384,2020,2,42,26621,-16567,1580515200000
2020,1,42,10085,153799.96,126420.5,8151.48,12.535498264749629,0.8082776400594942,2020,1,42,27097,-17012,1577836800000
2016,1,147,95,1700.1100000000001,1426.0,152.53,15.010526315789473,1.605578947368421,2016,1,147,1054,-959,1451606400000
2024,5,69,585,20000.76,18303.26,205.54999999999998,31.28762393162393,0.35136752136752136,2024,5,69,1249,-664,1714521600000
2024,1,201,80,3929.56,3666.06,22.0,45.82575,0.275,2024,1,201,304,-224,1704067200000
2019,12,189,1129,21552.47,17310.14,2016.68,15.332276350752878,1.7862533215234722,2019,12,189,6479,-5350,1575158400000
2021,1,200,169,7568.65,6479.77,269.55,38.34183431952663,1.5949704142011836,2021,1,200,544,-375,1609459200000
2023,1,53,56,2586.07,2155.43,137.79,38.489821428571425,2.4605357142857143,2023,1,53,380,-324,1672531200000
2023,1,119,107,3314.54,2853.53,117.61,26.6685046728972,1.0991588785046729,2023,1,119,566,-459,1672531200000
2025,11,28,1114,35921.64,29752.55,2158.57,26.707854578096946,1.9376750448833036,2025,11,28,2456,-1342,1761955200000
2020,12,90,28357,435943.81,280416.16,53727.99,9.888780900659448,1.894699368762563,2020,12,90,21371,6986,1606780800000
2018,12,58,27,628.35,539.31,26.5,19.974444444444444,0.9814814814814815,2018,12,58,231,-204,1543622400000
2022,6,210,132,5507.5199999999995,5019.84,80.23,38.02909090909091,0.6078030303030303,2022,6,210,579,-447,1654041600000
2017,4,189,3369,53615.97,43396.76,6025.41,12.881199168892847,1.7884861976847728,2017,4,189,11226,-7857,1491004800000
2023,11,156,4,179.2,173.7,0.0,43.425,0.0,2023,11,156,42,-38,1698796800000
2024,2,210,213,8987.85,8334.01,30.2,39.12680751173709,0.14178403755868543,2024,2,210,510,-297,1706745600000
2016,1,54,766,13103.93,10468.04,1682.89,13.66584856396867,2.1969843342036555,2016,1,54,3492,-2726,1451606400000
2016,10,23,8,444.41,389.2,24.79,48.65,3.09875,2016,10,23,238,-230,1475280000000
2019,10,114,90806,1581472.0700000003,1047692.71,192593.99,11.537703565843666,2.1209390348655375,2019,10,114,71216,19590,1569888000000
2022,4,260,679,18811.15,14951.29,1742.95,22.01957290132548,2.566936671575847,2022,4,260,3052,-2373,1648771200000
2022,12,183,25,884.64,810.54,10.05,32.4216,0.402,2022,12,183,161,-136,1669852800000
2016,11,213,85,2088.75,1797.1,178.59,21.14235294117647,2.101058823529412,2016,11,213,1369,-1284,1477958400000
2016,11,255,13115,209920.09,168555.84,24255.05,12.852141822340831,1.8494128860083874,2016,11,255,31706,-18591,1477958400000
2023,10,106,204,6999.08,5738.32,627.1,28.129019607843137,3.0740196078431374,2023,10,106,1152,-948,1696118400000
2016,1,167,260,3794.41,3280.7,158.01,12.618076923076922,0.6077307692307692,2016,1,167,1589,-1329,1451606400000
2017,12,67,192,5821.6,5109.3,314.62,26.610937500000002,1.6386458333333334,2017,12,67,1706,-1514,1512086400000
2018,4,187,3,187.18,155.0,16.26,51.666666666666664,5.420000000000001,2018,4,187,52,-49,1522540800000
2018,9,128,61,1308.52,1133.05,60.839999999999996,18.574590163934424,0.9973770491803278,2018,9,128,515,-454,1535760000000
2022,9,165,125,3950.97,3494.75,146.42000000000002,27.958,1.1713600000000002,2022,9,165,760,-635,1661990400000
2024,3,161,163267,3937631.41,2596078.0,500867.31,15.900812779067417,3.0677804455278777,2024,3,161,130874,32393,1709251200000
2018,9,130,1227,58327.6,48198.16,4649.46,39.28130399348004,3.7892909535452324,2018,9,130,2837,-1610,1535760000000
2016,10,111,23,358.76,296.0,35.36,12.869565217391305,1.537391304347826,2016,10,111,138,-115,1475280000000
2023,10,47,176,5452.66,4936.27,53.39,28.04698863636364,0.3033522727272727,2023,10,47,333,-157,1696118400000
2017,10,42,13042,170999.21,141674.79,12801.8,10.862965036037417,0.981582579358994,2017,10,42,39166,-26124,1506816000000
2020,5,134,114,3557.77,3144.67,130.12,27.584824561403508,1.1414035087719299,2020,5,134,222,-108,1588291200000
2018,2,217,646,8761.09,7401.0,586.09,11.456656346749226,0.9072600619195047,2018,2,217,2841,-2195,1517443200000
2025,3,124,650,20080.48,17871.14,525.08,27.494061538461537,0.8078153846153847,2025,3,124,1348,-698,1740787200000
2019,7,249,113591,1898927.2,1242113.97,231324.55,10.934968175295579,2.0364689984241706,2019,7,249,94589,19002,1561939200000
2021,4,164,40065,649707.22,420440.98,77589.89,10.493971795831772,1.93660027455385,2021,4,164,35355,4710,1617235200000
2022,8,131,82,3292.47,2973.61,104.26,36.263536585365856,1.2714634146341464,2022,8,131,807,-725,1659312000000
2017,3,31,41,1144.33,1006.7,58.57,24.553658536585367,1.4285365853658536,2017,3,31,385,-344,1488326400000
2020,9,141,44183,659292.9,423810.33,77453.85,9.592158296177264,1.7530237874295544,2020,9,141,41789,2394,1598918400000
2018,1,135,184,3751.31,3164.3,224.44,17.19728260869565,1.2197826086956522,2018,1,135,1934,-1750,1514764800000
2021,3,138,22709,872249.6,645795.34,103971.84,28.4378589986349,4.578442027390022,2021,3,138,5529,17180,1614556800000
2016,10,60,57,829.79,734.5,20.85,12.885964912280702,0.36578947368421055,2016,10,60,602,-545,1475280000000
2022,2,194,90,4430.53,2988.58,644.99,33.20644444444444,7.166555555555556,2022,2,194,241,-151,1643673600000
2025,2,226,6103,173042.97,141487.64,8578.6,23.183293462231692,1.4056365721776176,2025,2,226,5772,331,1738368000000
2025,3,153,192,5455.48,4851.56,53.28,25.268541666666668,0.2775,2025,3,153,257,-65,1740787200000
2016,2,163,310805,4522841.25,3612208.31,496112.3,11.62210488891749,1.5962172423223564,2016,2,163,272768,38037,1454284800000
2017,5,101,38,1655.46,1351.5,254.69,35.56578947368421,6.702368421052632,2017,5,101,579,-541,1493596800000
2017,7,30,4,142.04,113.71000000000001,15.71,28.427500000000002,3.9275,2017,7,30,30,-26,1498867200000
2022,8,31,16,522.3399999999999,455.39,9.0,28.461875,0.5625,2022,8,31,243,-227,1659312000000
2024,6,115,5,232.43,193.17,0.0,38.634,0.0,2024,6,115,52,-47,1717200000000
2023,4,37,466,15335.24,12669.13,1275.86,27.186974248927037,2.7378969957081543,2023,4,37,3579,-3113,1680307200000
2017,11,246,126107,1885058.55,1496615.0,226977.1,11.867818598491757,1.7998770885042068,2017,11,246,161145,-35038,1509494400000
2024,2,97,1300,36602.5,30321.62,2674.43,23.324323076923076,2.057253846153846,2024,2,97,3632,-2332,1706745600000
2021,4,154,19,678.46,610.24,0.0,32.1178947368421,0.0,2021,4,154,58,-39,1617235200000
2019,4,53,167,6593.01,5944.2,99.44,35.5940119760479,0.5954491017964072,2019,4,53,825,-658,1554076800000
2025,11,136,686,19892.239999999998,18138.69,55.39,26.441239067055392,0.08074344023323615,2025,11,136,1083,-397,1761955200000
2018,3,129,4820,75644.2,64784.22,4136.09,13.440709543568465,0.8581099585062241,2018,3,129,15827,-11007,1519862400000
2024,3,225,1010,30291.9,27372.27,519.63,27.101257425742574,0.5144851485148515,2024,3,225,3066,-2056,1709251200000
2016,4,154,25,1804.99,1554.5,130.09,62.18,5.2036,2016,4,154,94,-69,1459468800000
2020,1,53,198,7636.12,6692.86,90.84,33.80232323232323,0.4587878787878788,2020,1,53,692,-494,1577836800000
2021,10,181,1466,38478.48,30478.18,4174.83,20.790027285129604,2.8477694406548433,2021,10,181,8490,-7024,1633046400000
2016,4,24,36338,515745.37,416100.16,54844.17,11.450827233199405,1.5092787164951291,2016,4,24,39228,-2890,1459468800000
2020,8,143,13417,215169.59,144930.83,23410.74,10.802029514794663,1.7448565253037194,2020,8,143,15200,-1783,1596240000000
2019,3,26,727,20083.41,18138.06,165.38,24.949188445667126,0.2274828060522696,2019,3,26,2233,-1506,1551398400000
2019,4,177,576,18822.82,16986.65,233.53,29.49071180555556,0.40543402777777776,2019,4,177,1867,-1291,1554076800000
2023,5,219,298,21902.88,18266.86,1874.47,61.29818791946309,6.2901677852349,2023,5,219,1283,-985,1682899200000
2017,7,51,52,1578.45,1297.61,150.33,24.95403846153846,2.890961538461539,2017,7,51,803,-751,1498867200000
2024,2,64,46,2428.22,2139.7599999999998,36.03,46.51652173913043,0.7832608695652175,2024,2,64,390,-344,1706745600000
2025,10,58,47,1339.99,1134.77,6.52,24.14404255319149,0.13872340425531915,2025,10,58,156,-109,1759276800000
2023,10,29,120,5803.59,5292.31,96.3,44.102583333333335,0.8025,2023,10,29,489,-369,1696118400000
2017,2,54,455,8125.88,6429.31,1034.46,14.130351648351649,2.2735384615384615,2017,2,54,2882,-2427,1485907200000
2017,5,28,675,33772.82,27496.79,3483.98,40.735985185185186,5.161451851851852,2017,5,28,2375,-1700,1493596800000
2019,6,51,536,20985.32,18785.74,68.5,35.04802238805971,0.12779850746268656,2019,6,51,1188,-652,1559347200000
2020,3,11,63,1623.94,1338.01,179.34,21.238253968253968,2.8466666666666667,2020,3,11,302,-239,1583020800000
2022,2,126,45,1503.25,1359.91,21.19,30.220222222222223,0.4708888888888889,2022,2,126,318,-273,1643673600000
2022,3,65,2482,61303.08,47512.41,7278.27,19.14279210314263,2.9324214343271557,2022,3,65,4905,-2423,1646092800000
2024,8,87,18426,566137.06,413391.55000000005,62514.07,22.435230109627703,3.3927097579507217,2024,8,87,25816,-7390,1722470400000
2024,9,244,3451,100354.15,85500.37,4468.78,24.77553462764416,1.2949232106635757,2024,9,244,13038,-9587,1725148800000
2017,11,257,253,4829.38,3979.06,421.04,15.727509881422925,1.6641897233201581,2017,11,257,4184,-3931,1509494400000
2020,3,84,1,102.46,102.16,0.0,102.16,0.0,2020,3,84,24,-23,1583020800000
2020,9,39,925,31815.75,27541.09,2186.06,29.774151351351353,2.363308108108108,2020,9,39,1482,-557,1598918400000
2017,10,218,113,3238.16,2900.5,129.13,25.668141592920353,1.1427433628318584,2017,10,218,1276,-1163,1506816000000
2018,11,67,194,5900.25,5154.41,335.06,26.569123711340204,1.7271134020618557,2018,11,67,1270,-1076,1541030400000
2018,11,222,364,14294.15,13008.88,313.87,35.738681318681316,0.8622802197802198,2018,11,222,624,-260,1541030400000
2022,5,117,112,6617.94,5900.38,48.35,52.68196428571429,0.4316964285714286,2022,5,117,402,-290,1651363200000
2016,2,199,1,24.96,19.0,4.16,19.0,4.16,2016,2,199,2,-1,1454284800000
2017,11,162,322586,4877329.15,3839258.21,589546.07,11.901502886052091,1.8275624794628407,2017,11,162,288682,33904,1509494400000
2019,2,124,356,15509.2,14134.85,239.39000000000001,39.70463483146067,0.6724438202247192,2019,2,124,946,-590,1548979200000
2020,9,35,1029,33281.14,28497.27,2539.17,27.694139941690963,2.467609329446064,2020,9,35,1463,-434,1598918400000
2017,3,200,67,1221.98,976.8,141.94,14.57910447761194,2.118507462686567,2017,3,200,3255,-3188,1488326400000
2020,3,16,99,2565.53,2330.34,58.49,23.53878787878788,0.5908080808080808,2020,3,16,487,-388,1583020800000
2023,10,181,1346,43644.33,35041.73,4610.45,26.033974739970283,3.425297176820208,2023,10,181,9388,-8042,1696118400000
2024,5,249,83092,1901220.4000000001,1279256.9400000002,227564.0,15.395669137823138,2.7386992730948827,2024,5,249,62991,20101,1714521600000
2016,8,265,6164,459380.48,389187.22,48615.21,63.13874432186891,7.886958144062297,2016,8,265,27776,-21612,1470009600000
2024,6,45,5658,157764.69,116979.97,15174.0,20.67514492753623,2.68186638388123,2024,6,45,10140,-4482,1717200000000
2020,12,227,257,8734.3,7675.94,634.16,29.867470817120623,2.4675486381322957,2020,12,227,518,-261,1606780800000
2022,4,51,248,10076.039999999999,8938.83,80.96,36.04366935483871,0.3264516129032258,2022,4,51,556,-308,1648771200000
2017,10,138,287069,12579694.36,9519402.19,1669204.72,33.16067631823708,5.814646374216652,2017,10,138,122400,164669,1506816000000
2024,7,195,797,41112.47,34227.9,3226.7599999999998,42.945922208281054,4.048632371392722,2024,7,195,1499,-702,1719792000000
2018,1,153,85,1312.33,1186.5,22.27,13.958823529411765,0.262,2018,1,153,306,-221,1514764800000
2025,3,119,937,28163.5,25174.93,183.95,26.867588046958378,0.1963180362860192,2025,3,119,1095,-158,1740787200000
2025,1,61,3040,80699.21,73135.21,1018.36,24.057634868421054,0.33498684210526314,2025,1,61,5890,-2850,1735689600000
2022,4,36,348,10850.31,8376.19,1465.37,24.069511494252875,4.210833333333333,2022,4,36,2712,-2364,1648771200000
2021,6,172,4,356.35,298.0,4.45,74.5,1.1125,2021,6,172,24,-20,1622505600000
2023,3,233,46508,1144540.28,759404.92,139601.46,16.32847940139331,3.001665519910553,2023,3,233,56837,-10329,1677628800000
2020,1,168,1526,30519.63,26067.66,668.85,17.082346002621232,0.438302752293578,2020,1,168,5137,-3611,1577836800000
2023,1,16,48,2168.6,1986.6200000000001,70.67999999999999,41.38791666666667,1.4725,2023,1,16,491,-443,1672531200000
2019,6,35,842,26259.77,24175.94,30.84,28.71251781472684,0.0366270783847981,2019,6,35,1802,-960,1559347200000
2019,12,39,895,30433.6,27048.41,203.92,30.22168715083799,0.2278435754189944,2019,12,39,2247,-1352,1575158400000
2020,8,242,588,19774.18,16897.12,1054.05,28.73659863945578,1.7926020408163263,2020,8,242,701,-113,1596240000000
2024,10,161,177571,4519843.74,3016228.67,582168.49,16.98604316020071,3.278511074443462,2024,10,161,140449,37122,1727740800000
2018,2,54,311,5476.47,4402.3,636.42,14.155305466237943,2.0463665594855303,2018,2,54,2248,-1937,1517443200000
2023,4,167,189,5507.08,4797.04,252.74,25.38116402116402,1.3372486772486774,2023,4,167,464,-275,1680307200000
2018,5,240,46,1737.3500000000001,1559.3,66.07,33.89782608695652,1.4363043478260868,2018,5,240,287,-241,1525132800000
2021,5,12,605,13659.03,10138.66,1358.2,16.758115702479337,2.2449586776859505,2021,5,12,904,-299,1619827200000
2018,5,108,117,4091.82,3559.5,256.86,30.423076923076923,2.1953846153846155,2018,5,108,657,-540,1525132800000
2025,9,230,122565,3380346.0100000002,2255879.0999999996,385518.97,18.40557336923265,3.1454246318280092,2025,9,230,118951,3614,1756684800000
2023,9,13,17955,600039.33,430908.62,76618.46,23.99936619326093,4.267249234196603,2023,9,13,22616,-4661,1693526400000
2023,11,225,376,11973.62,10790.31,321.88,28.6976329787234,0.856063829787234,2023,11,225,2680,-2304,1698796800000
2017,6,172,7,306.3,268.82,30.88,38.402857142857144,4.411428571428571,2017,6,172,112,-105,1496275200000
2023,5,106,204,6565.62,5285.68,673.99,25.910196078431373,3.3038725490196077,2023,5,106,1290,-1086,1682899200000
2021,11,157,185,8185.78,6329.56,838.5,34.21383783783784,4.532432432432432,2021,11,157,1019,-834,1635724800000
2025,6,202,587,19035.19,15799.08,616.9,26.91495741056218,1.0509369676320273,2025,6,202,2295,-1708,1748736000000
2018,2,76,361,8407.42,7519.7,430.23,20.830193905817175,1.1917728531855956,2018,2,76,1685,-1324,1517443200000
2017,6,45,21563,366982.32,304611.05,35984.17,14.126561702917034,1.6687923758289662,2017,6,45,26326,-4763,1496275200000
2018,3,127,941,18278.18,15251.0,1643.44,16.20722635494155,1.7464824654622741,2018,3,127,6982,-6041,1519862400000
2020,3,140,63820,1078594.47,720152.93,124467.34999999999,11.284126136007522,1.950287527420871,2020,3,140,63184,636,1583020800000
2019,2,160,187,5340.49,4579.4,188.79,24.488770053475935,1.009572192513369,2019,2,160,2171,-1984,1548979200000
2021,2,112,263,6647.32,5211.7,636.67,19.81634980988593,2.4207984790874524,2021,2,112,2161,-1898,1612137600000
2019,7,7,9568,141396.13,116407.65,8031.84,12.166351379598662,0.8394481605351171,2019,7,7,24558,-14990,1561939200000
2022,5,111,8,266.59000000000003,201.16,33.38,25.145,4.1725,2022,5,111,44,-36,1651363200000
2022,12,200,101,4730.44,4114.88,186.91,40.74138613861386,1.8505940594059405,2022,12,200,1161,-1060,1669852800000
2024,2,158,27562,660945.8099999999,442641.52,83566.92,16.05984761628329,3.0319613961250997,2024,2,158,29075,-1513,1706745600000
2016,3,125,73281,1108780.34,874493.96,138522.34,11.933433768643987,1.890289979667308,2016,3,125,65058,8223,1456790400000
2018,8,58,7,176.3,143.5,12.73,20.5,1.8185714285714287,2018,8,58,175,-168,1533081600000
2021,1,68,28983,465507.19,307102.6,53698.62,10.595956250215643,1.8527626539695685,2021,1,68,26955,2028,1609459200000
2021,8,244,3882,92585.44,74442.22,7989.14,19.176254507985576,2.0579958784131893,2021,8,244,11556,-7674,1627776000000
2021,3,219,394,19747.44,17170.06,322.18,43.57883248730965,0.8177157360406092,2021,3,219,787,-393,1614556800000
2019,3,193,5843,70473.29,58812.43,3032.5,10.065450966969022,0.5189970905356838,2019,3,193,7149,-1306,1551398400000
2017,1,54,517,9312.67,7431.8,1130.08,14.37485493230174,2.185841392649903,2017,1,54,2981,-2464,1483228800000
2019,5,236,312495,4828261.96,3107979.51,574421.28,9.94569356309701,1.8381775068401096,2019,5,236,320814,-8319,1556668800000
2016,11,217,923,11685.59,9589.0,942.3100000000001,10.388949079089924,1.0209209100758396,2016,11,217,3620,-2697,1477958400000
2020,2,117,186,10278.74,9125.4,12.36,49.061290322580646,0.0664516129032258,2020,2,117,555,-369,1580515200000
2021,2,102,141,4400.59,3659.02,94.18,25.95049645390071,0.6679432624113476,2021,2,102,361,-220,1612137600000
2019,3,106,918,16595.65,13479.11,1356.55,14.683126361655773,1.477723311546841,2019,3,106,3764,-2846,1551398400000
2018,1,199,2,83.22999999999999,62.0,13.870000000000001,31.0,6.9350000000000005,2018,1,199,2,0,1514764800000
2023,5,220,168,7402.88,6174.34,385.79,36.75202380952381,2.2963690476190477,2023,5,220,1372,-1204,1682899200000
2018,10,78,264,8599.53,7675.86,143.99,29.075227272727272,0.5454166666666667,2018,10,78,867,-603,1538352000000
2024,1,184,2,79.0,76.0,0.0,38.0,0.0,2024,1,184,23,-21,1704067200000
2024,10,134,703,41666.5,35379.38,4402.32,50.32628733997155,6.262190611664296,2024,10,134,1380,-677,1727740800000
2023,12,160,127,6343.38,5270.86,550.95,41.50283464566929,4.338188976377953,2023,12,160,983,-856,1701388800000
2024,6,113,48819,1090371.65,728218.43,132116.1,14.916701079497738,2.7062434707798193,2024,6,113,44060,4759,1717200000000
2025,4,118,32,1488.14,1200.76,22.34,37.52375,0.698125,2025,4,118,77,-45,1743465600000
2025,6,204,4,513.66,469.96,39.2,117.49,9.8,2025,6,204,22,-18,1748736000000
2021,10,235,240,8820.55,7787.98,41.9,32.44991666666667,0.17458333333333334,2021,10,235,730,-490,1633046400000
2021,3,65,1592,40358.65,32238.65,3522.65,20.250408291457287,2.212719849246231,2021,3,65,2463,-871,1614556800000
2017,6,194,747,33100.63,25223.33,4115.36,33.76617135207497,5.509183400267737,2017,6,194,2138,-1391,1496275200000
2019,11,133,406,10185.66,8530.07,443.07,21.01002463054187,1.0913054187192117,2019,11,133,2034,-1628,1572566400000
2024,4,207,298,3096.95,2319.34,208.14,7.783020134228188,0.6984563758389262,2024,4,207,275,23,1711929600000
2025,8,130,5777,151447.8,130606.33,3600.93,22.607985113380646,0.6233217933183313,2025,8,130,6190,-413,1754006400000
2019,3,149,423,14653.73,13378.94,42.51,31.62869976359338,0.10049645390070922,2019,3,149,1245,-822,1551398400000
2016,11,63,186,4524.25,3846.64,393.87,20.680860215053762,2.1175806451612904,2016,11,63,1068,-882,1477958400000
2016,9,180,158,8749.76,7287.0,989.16,46.120253164556964,6.260506329113924,2016,9,180,917,-759,1472688000000
2018,4,127,927,18121.75,15294.82,1394.22,16.499266450916934,1.5040129449838189,2018,4,127,6781,-5854,1522540800000
2020,1,99,3,96.8,96.0,0.0,32.0,0.0,2020,1,99,16,-13,1577836800000
2023,9,251,2,318.11,293.0,23.11,146.5,11.555,2023,9,251,45,-43,1693526400000
2020,1,186,228767,3949035.7600000002,2626862.63,470599.23000000004,11.482699121813898,2.0571115152097987,2020,1,186,161949,66818,1577836800000
2023,2,176,1,4.5,3.0,0.0,3.0,0.0,2023,2,176,16,-15,1675209600000
2021,9,27,3,190.4,153.72,9.68,51.24,3.2266666666666666,2021,9,27,65,-62,1630454400000
2017,1,125,56621,827278.27,651154.8,103657.79,11.500234895180235,1.8307304710266508,2017,1,125,50017,6604,1483228800000
2019,1,204,3,345.4,311.0,32.5,103.66666666666667,10.833333333333334,2019,1,204,45,-42,1546300800000
2025,1,109,4,246.48000000000002,151.38,0.0,37.845,0.0,2025,1,109,18,-14,1735689600000
2019,1,119,530,16218.47,14610.72,180.76999999999998,27.56739622641509,0.3410754716981132,2019,1,119,1719,-1189,1546300800000
2020,4,55,75,2806.37,2560.78,103.83,34.14373333333334,1.3844,2020,4,55,129,-54,1585699200000
2018,7,224,16994,242333.75,194719.41,26865.09,11.458126985995058,1.5808573614216783,2018,7,224,30892,-13898,1530403200000
2021,11,154,12,659.48,607.56,15.17,50.629999999999995,1.2641666666666667,2021,11,154,45,-33,1635724800000
2022,12,240,14,702.4,591.8000000000001,74.4,42.27142857142858,5.314285714285715,2022,12,240,108,-94,1669852800000
2018,12,214,13,492.46,415.01,4.2,31.923846153846153,0.3230769230769231,2018,12,214,159,-146,1543622400000
2019,8,56,676,35108.66,27088.33,3401.52,40.07149408284024,5.031834319526627,2019,8,56,3030,-2354,1564617600000
2023,6,5,42,3773.6,2814.7000000000003,200.0,67.01666666666668,4.761904761904762,2023,6,5,57,-15,1685577600000
2020,12,193,1696,21997.88,18374.23,1535.03,10.833862028301887,0.9050884433962264,2020,12,193,1949,-253,1606780800000
2023,4,247,416,12223.46,10411.72,571.14,25.028173076923075,1.3729326923076923,2023,4,247,1542,-1126,1680307200000
2019,7,125,34599,631054.6500000001,422247.57,77323.14,12.204039712130408,2.234837423046909,2019,7,125,32400,2199,1561939200000
2025,2,223,1634,51797.48,41441.7,3022.71,25.362117503059974,1.8498837209302326,2025,2,223,4404,-2770,1738368000000
2023,11,64,42,1803.56,1569.95,142.29,37.37976190476191,3.3878571428571425,2023,11,64,392,-350,1698796800000
2024,3,81,173,6924.49,6288.63,0.0,36.35046242774567,0.0,2024,3,81,331,-158,1709251200000
2025,9,151,31430,667843.28,472136.69,63644.11,15.021848234171173,2.0249478205536113,2025,9,151,33396,-1966,1756684800000
2018,5,132,235550,13385657.17,10979226.09,1403836.23,46.611021396731054,5.959822670345998,2018,5,132,89359,146191,1525132800000
2019,4,180,165,8279.56,7349.32,288.65,44.541333333333334,1.7493939393939393,2019,4,180,663,-498,1554076800000
2019,9,106,727,13832.82,11022.84,1224.88,15.162090784044016,1.6848418156808804,2019,9,106,3036,-2309,1567296000000
2018,7,79,212801,2958693.87,2346788.07,346803.17,11.02808760297179,1.6297064863416995,2018,7,79,182713,30088,1530403200000
2020,10,259,275,10737.98,9105.77,789.31,33.11189090909091,2.870218181818182,2020,10,259,518,-243,1601510400000
2020,3,256,1467,28150.68,22083.38,2845.11,15.053428766189503,1.9394069529652354,2020,3,256,6657,-5190,1583020800000
2017,5,125,60297,952724.96,756047.6,116562.84,12.538726636482743,1.9331449325837107,2017,5,125,55121,5176,1493596800000
2016,3,152,12044,175860.83000000002,145233.6,15078.87,12.058585187645301,1.251981899701096,2016,3,152,21502,-9458,1456790400000
2019,8,63,281,9591.3,8423.04,238.23000000000002,29.97523131672598,0.8477935943060498,2019,8,63,1157,-876,1564617600000
2024,7,41,7937,171911.1,135600.2,12402.65,17.084565956910673,1.5626370165049766,2024,7,41,18100,-10163,1719792000000
2022,2,133,80,2764.63,2312.7000000000003,194.53,28.908750000000005,2.431625,2022,2,133,759,-679,1643673600000
2018,3,34,206,3536.21,2832.8,438.0,13.751456310679613,2.1262135922330097,2018,3,34,950,-744,1519862400000
2023,3,198,104,3244.43,2581.2,341.33,24.819230769230767,3.2820192307692304,2023,3,198,1723,-1619,1677628800000
2017,8,232,15444,257603.56,212687.26,25075.19,13.771513856513858,1.623620176120176,2017,8,232,39675,-24231,1501545600000
2017,8,62,359,5676.24,4832.81,384.46999999999997,13.461866295264626,1.0709470752089136,2017,8,62,3996,-3637,1501545600000
2019,1,112,2021,32434.95,26392.88,3143.63,13.059317169717962,1.5554824344383968,2019,1,112,13881,-11860,1546300800000
2023,2,258,75,2462.27,2190.61,50.51,29.208133333333336,0.6734666666666667,2023,2,258,616,-541,1675209600000
2021,5,122,150,6101.37,5389.77,36.96,35.9318,0.2464,2021,5,122,328,-178,1619827200000
2021,2,137,29060,499635.95,336429.19,52972.79,11.577054026152787,1.8228764624913971,2021,2,137,25357,3703,1612137600000
2020,6,27,2,80.59,67.5,9.2,33.75,4.6,2020,6,27,19,-17,1590969600000
2025,9,67,415,11887.4,10375.97,41.81,25.00233734939759,0.10074698795180724,2025,9,67,1124,-709,1756684800000
2020,6,198,139,4421.79,3739.48,195.24,26.90273381294964,1.4046043165467628,2020,6,198,525,-386,1590969600000
2018,8,140,133169,1850650.56,1484400.18,202721.25,11.146739706688493,1.5222855919921303,2018,8,140,138118,-4949,1533081600000
2024,2,79,75724,1661492.0899999999,1099342.44,202827.19,14.51775447678411,2.6785060218688925,2024,2,79,65317,10407,1706745600000
2016,6,45,25865,435859.41000000003,363394.5,41139.22,14.049661705006766,1.5905362458921322,2016,6,45,30197,-4332,1464739200000
2018,4,200,123,4167.9,3634.12,159.76,29.545691056910567,1.2988617886178861,2018,4,200,2849,-2726,1522540800000
2024,11,208,211,7654.37,6856.35,62.08,32.49454976303318,0.294218009478673,2024,11,208,546,-335,1730419200000
2023,6,118,4,244.14999999999998,190.9,7.95,47.725,1.9875,2023,6,118,89,-85,1685577600000
2024,4,205,451,18372.04,16874.2,87.16,37.41507760532151,0.19325942350332592,2024,4,205,1230,-779,1711929600000
2022,12,133,108,3238.34,2530.92,435.17,23.434444444444445,4.029351851851852,2022,12,133,988,-880,1669852800000
2022,4,5,52,4806.45,3479.4,0.0,66.91153846153847,0.0,2022,4,5,67,-15,1648771200000
2025,10,76,4435,132984.9,122144.98,480.89,27.54114543404735,0.10843066516347237,2025,10,76,6056,-1621,1759276800000
2022,2,34,59,1501.81,1119.53,262.63,18.97508474576271,4.4513559322033895,2022,2,34,343,-284,1643673600000
2022,11,117,83,4569.38,4116.570000000001,12.41,49.59722891566266,0.14951807228915662,2022,11,117,291,-208,1667260800000
2023,1,183,24,918.0,808.39,27.16,33.682916666666664,1.1316666666666666,2023,1,183,143,-119,1672531200000
2018,2,7,13904,179509.95,149471.66,13216.880000000001,10.750263233601842,0.9505811277330265,2018,2,7,38141,-24237,1517443200000
2023,5,176,1,2.69,1.19,0.0,1.19,0.0,2023,5,176,30,-29,1682899200000
2018,1,156,5,258.0,253.0,0.0,50.6,0.0,2018,1,156,76,-71,1514764800000
2016,6,162,372594,5726489.14,4523586.32,668829.99,12.140792175934127,1.7950637691428204,2016,6,162,346027,26567,1464739200000
2022,9,15,34,1116.0,1063.6100000000001,8.09,31.28264705882353,0.23794117647058824,2022,9,15,389,-355,1661990400000
2024,8,129,1331,52504.45,43481.18,3724.9,32.66805409466566,2.798572501878287,2024,8,129,4548,-3217,1722470400000
2024,10,228,806,29821.36,25745.36,1149.75,31.94213399503722,1.4264888337468982,2024,10,228,2343,-1537,1727740800000
2016,3,76,487,14792.13,12372.67,1683.86,25.4058932238193,3.457618069815195,2016,3,76,3057,-2570,1456790400000
2021,6,105,4,75.5,60.5,6.300000000000001,15.125,1.5750000000000002,2021,6,105,5,-1,1622505600000
2020,1,12,1907,43315.47,32241.9,4075.43,16.907131620346092,2.137089669638175,2020,1,12,3100,-1193,1577836800000
2022,2,196,126,4150.97,3473.23,313.54,27.56531746031746,2.4884126984126986,2022,2,196,980,-854,1643673600000
2022,2,151,29654,478383.06,332871.64,62578.09,11.225185135226276,2.1102748364470223,2022,2,151,31296,-1642,1643673600000
2019,7,227,277,8531.0,7647.37,105.11,27.60783393501805,0.37945848375451263,2019,7,227,1551,-1274,1561939200000
2024,6,166,15321,354153.66,264446.29,36765.37,17.260380523464523,2.399671692448274,2024,6,166,22890,-7569,1717200000000
2017,3,158,117742,1793266.1,1423739.78,215918.86,12.092029861901446,1.8338304088600499,2017,3,158,111807,5935,1488326400000
2025,4,55,930,39165.01,36975.25,137.58,39.75833333333333,0.14793548387096775,2025,4,55,1525,-595,1743465600000
2024,5,94,124,4326.16,4003.7,14.27,32.28790322580645,0.11508064516129032,2024,5,94,241,-117,1714521600000
2025,4,187,2,222.14,168.44,0.0,84.22,0.0,2025,4,187,39,-37,1743465600000
2017,2,57,44,832.6,676.5,85.5,15.375,1.9431818181818181,2017,2,57,403,-359,1485907200000
2020,9,221,8,582.05,466.40999999999997,26.68,58.301249999999996,3.335,2020,9,221,39,-31,1598918400000
2022,3,113,48939,852534.6900000001,553619.03,116801.81,11.312430372504547,2.3866815831954065,2022,3,113,45832,3107,1646092800000
2025,9,87,35168,1022460.54,733866.97,87095.16,20.867463887625114,2.4765457233848953,2025,9,87,45024,-9856,1756684800000
2022,6,30,4,43.16,34.0,6.56,8.5,1.64,2022,6,30,28,-24,1654041600000
2016,5,131,111,2393.27,2113.81,140.56,19.043333333333333,1.2663063063063063,2016,5,131,1667,-1556,1462060800000
2018,2,19,126,3982.67,3665.5,173.32999999999998,29.091269841269842,1.3756349206349205,2018,2,19,493,-367,1517443200000
2020,7,84,5,356.21999999999997,289.21,8.25,57.842,1.65,2020,7,84,10,-5,1593561600000
2022,1,3,35,1364.92,1232.3600000000001,17.31,35.21028571428572,0.49457142857142855,2022,1,3,195,-160,1640995200000
2022,5,193,2636,18129.56,14458.89,1246.19,5.485163125948406,0.472757966616085,2022,5,193,3646,-1010,1651363200000
2024,11,156,7,385.15,347.33,5.0,49.61857142857143,0.7142857142857143,2024,11,156,36,-29,1730419200000
2021,7,177,301,11656.22,9961.72,219.18,33.095415282392025,0.728172757475083,2021,7,177,945,-644,1625097600000
2021,1,101,82,4366.29,3933.57,163.86,47.970365853658535,1.9982926829268295,2021,1,101,178,-96,1609459200000
2021,11,212,108,4041.75,3370.93,19.220000000000002,31.212314814814814,0.177962962962963,2021,11,212,316,-208,1635724800000
2020,10,42,6176,111698.97,92516.86,8053.68,14.980061528497409,1.3040284974093266,2020,10,42,14015,-7839,1601510400000
2016,11,81,22,402.71,352.01,15.71,16.000454545454545,0.7140909090909091,2016,11,81,376,-354,1477958400000
2024,12,202,205,8443.67,6994.37,770.35,34.11887804878049,3.7578048780487805,2024,12,202,1822,-1617,1733011200000
2022,4,175,16,710.85,631.3000000000001,33.0,39.456250000000004,2.0625,2022,4,175,348,-332,1648771200000
2025,3,239,104830,2222482.23,1423778.68,268892.65,13.581786511494801,2.5650352952399125,2025,3,239,105214,-384,1740787200000
2016,2,102,100,3085.48,2608.8,298.16,26.088,2.9816000000000003,2016,2,102,1682,-1582,1454284800000
2024,10,88,11851,386581.07,286204.1,42001.09,24.150206733608975,3.5440967007003628,2024,10,88,15579,-3728,1727740800000
2023,6,230,108060,3103357.42,2110637.76,383104.66000000003,19.532091060521932,3.5452957616139185,2023,6,230,101297,6763,1685577600000
2025,6,42,14125,355304.96,298637.95,4336.61,21.142509734513276,0.3070166371681416,2025,6,42,24053,-9928,1748736000000
2019,9,93,3306,197565.11000000002,149425.92,24128.379999999997,45.19840290381126,7.298360556563822,2019,9,93,7936,-4630,1567296000000
2022,5,205,163,5765.18,5367.09,96.94,32.92693251533743,0.5947239263803681,2022,5,205,992,-829,1651363200000
2021,2,63,246,9010.4,7618.82,121.74,30.97081300813008,0.4948780487804878,2021,2,63,551,-305,1612137600000
2022,7,128,27,721.8,597.73,62.42,22.138148148148147,2.311851851851852,2022,7,128,245,-218,1656633600000
2024,2,231,40450,1049403.82,721380.14,130902.68,17.833872435105068,3.236160197775031,2024,2,231,48335,-7885,1706745600000
2016,8,134,535,14973.81,12239.15,1433.97,22.876915887850465,2.680317757009346,2016,8,134,2561,-2026,1470009600000
2019,4,253,23,1497.89,1287.68,97.75,55.98608695652174,4.25,2019,4,253,110,-87,1554076800000
2018,7,127,686,14062.85,11739.13,1231.36,17.11243440233236,1.7949854227405246,2018,7,127,5569,-4883,1530403200000
2022,1,173,66,1734.1,1478.9,112.45,22.40757575757576,1.7037878787878789,2022,1,173,676,-610,1640995200000
2023,9,217,101,3138.57,2663.7400000000002,181.94,26.373663366336636,1.8013861386138614,2023,9,217,1060,-959,1693526400000
2016,7,8,198,5131.03,4091.46,542.04,20.663939393939394,2.7375757575757573,2016,7,8,319,-121,1467331200000
2016,10,34,481,7634.2,6143.7,877.03,12.772765072765072,1.8233471933471932,2016,10,34,1648,-1167,1475280000000
2025,5,245,8,352.29,291.52,20.759999999999998,36.44,2.5949999999999998,2025,5,245,62,-54,1746057600000
2025,9,166,24327,567149.51,423949.12,39629.99,17.42710239651416,1.6290537263123277,2025,9,166,31333,-7006,1756684800000
2021,9,217,153,4060.2400000000002,3385.09,284.45,22.124771241830068,1.8591503267973855,2021,9,217,1025,-872,1630454400000
2016,1,172,14,293.87,260.0,20.17,18.571428571428573,1.4407142857142858,2016,1,172,167,-153,1451606400000
2024,8,215,646,34720.01,29392.38,2437.02,45.49904024767802,3.7724767801857584,2024,8,215,1326,-680,1722470400000
2024,4,24,10456,233840.05,169754.86,25266.59,16.23516258607498,2.4164680566182097,2024,4,24,11857,-1401,1711929600000
2019,2,141,168055,2466001.45,1593783.79,283893.93999999994,9.483703489928892,1.6892918389812857,2019,2,141,177147,-9092,1548979200000
2019,11,229,129967,2087124.33,1362420.12,246703.04,10.482815791700972,1.8981975424530844,2019,11,229,130041,-74,1572566400000
2024,3,114,54689,1210372.8499999999,811647.43,140257.63999999998,14.841145934282947,2.5646407869955565,2024,3,114,38478,16211,1709251200000
2025,10,176,8,159.9,101.95,13.08,12.74375,1.635,2025,10,176,36,-28,1759276800000
2022,9,45,4681,111135.63,80332.65,12961.23,17.16142918179876,2.7689019440290537,2022,9,45,8658,-3977,1661990400000
2021,5,112,577,14183.74,10808.53,1680.4,18.732287694974005,2.9123050259965337,2021,5,112,4598,-4021,1619827200000
2017,11,248,60,1259.21,1051.2,122.97,17.52,2.0495,2017,11,248,948,-888,1509494400000
2019,12,258,296,10222.98,8763.45,132.68,29.606250000000003,0.4482432432432433,2019,12,258,1384,-1088,1575158400000
2019,1,78,406,12570.89,11170.960000000001,55.97,27.514679802955666,0.13785714285714284,2019,1,78,1087,-681,1546300800000
2019,9,220,321,10892.03,9606.74,233.68,29.927538940809967,0.72797507788162,2019,9,220,2702,-2381,1567296000000
2024,8,254,339,14800.03,13548.85,52.58,39.967109144542775,0.15510324483775811,2024,8,254,629,-290,1722470400000
2017,11,150,37,1593.79,1313.0,158.11,35.486486486486484,4.273243243243243,2017,11,150,410,-373,1509494400000
2017,10,157,430,16853.94,13324.11,1911.64,30.986302325581395,4.445674418604652,2017,10,157,3122,-2692,1506816000000
2025,9,180,439,13827.88,12185.79,430.43,27.758063781321187,0.9804783599088839,2025,9,180,1084,-645,1756684800000
2023,11,184,8,534.12,475.37,46.75,59.42125,5.84375,2023,11,184,27,-19,1698796800000
2017,5,59,6,143.3,127.0,3.29,21.166666666666668,0.5483333333333333,2017,5,59,72,-66,1493596800000
2017,9,163,228694,3555917.1000000006,2848072.76,388391.29,12.453640060517547,1.698301179742363,2017,9,163,208538,20156,1504224000000
2021,2,216,434,17563.7,14950.039999999999,426.48,34.44709677419355,0.9826728110599079,2021,2,216,1026,-592,1612137600000
2018,8,112,2799,46541.87,37778.31,4761.42,13.497073954983922,1.7011146838156486,2018,8,112,17829,-15030,1533081600000
2018,4,88,36522,796648.0700000001,650690.23,91747.25,17.816390942445647,2.512109139696621,2018,4,88,37092,-570,1522540800000
2016,11,57,48,877.61,693.5,116.59,14.447916666666666,2.4289583333333336,2016,11,57,458,-410,1477958400000
2019,3,46,31,1392.82,1285.38,10.82,41.46387096774194,0.34903225806451615,2019,3,46,149,-118,1551398400000
2019,10,187,8,478.92,399.44,4.12,49.93,0.515,2019,10,187,63,-55,1569888000000
2025,4,119,863,25992.66,22608.42,351.3,26.19747392815759,0.4070683661645423,2025,4,119,1259,-396,1743465600000
2019,9,130,1468,80323.02,63456.35,7446.86,43.22639645776567,5.072792915531335,2019,9,130,4642,-3174,1567296000000
2021,8,242,333,12303.210000000001,10719.91,74.08,32.191921921921924,0.22246246246246246,2021,8,242,714,-381,1627776000000
2021,3,206,20,1417.37,1149.06,61.04,57.452999999999996,3.052,2021,3,206,83,-63,1614556800000
2021,11,251,8,636.2,450.55,101.15,56.31875,12.64375,2021,11,251,53,-45,1635724800000
2019,3,210,624,23985.34,22047.69,67.84,35.332836538461535,0.10871794871794872,2019,3,210,1676,-1052,1551398400000
2021,4,222,529,19034.17,16373.18,219.39000000000001,30.95119092627599,0.41472589792060494,2021,4,222,733,-204,1617235200000
2017,11,202,397,7976.38,6738.8,714.22,16.974307304785896,1.7990428211586902,2017,11,202,4023,-3626,1509494400000
2017,10,224,25261,351131.88,282277.81,39836.149999999994,11.174451130200705,1.5769823047385296,2017,10,224,39472,-14211,1506816000000
2019,7,5,49,4248.92,3886.55,0.0,79.31734693877551,0.0,2019,7,5,86,-37,1561939200000
2020,12,256,370,9803.77,8136.67,917.55,21.991,2.4798648648648647,2020,12,256,2274,-1904,1606780800000
2023,12,153,39,959.48,862.51,19.849999999999998,22.115641025641025,0.5089743589743589,2023,12,153,141,-102,1701388800000
2020,12,186,45765,747529.6799999999,497368.88,84884.23000000001,10.867887687097127,1.854784879274555,2020,12,186,25429,20336,1606780800000
2016,7,106,2158,34482.99,27738.33,3734.6,12.853721037998147,1.7305838739573678,2016,7,106,6297,-4139,1467331200000
2021,12,41,10715,179319.99000000002,135784.07,18370.55,12.672335044330378,1.7144703686420906,2021,12,41,22771,-12056,1638316800000
2024,11,52,889,25890.4,21289.1,1763.66,23.947244094488187,1.9838695163104614,2024,11,52,2352,-1463,1730419200000
2024,4,75,22923,489127.75,364183.92,40437.25,15.887271299568118,1.7640470270034463,2024,4,75,41364,-18441,1711929600000
2016,10,165,164,3034.25,2555.8,234.53,15.584146341463416,1.4300609756097562,2016,10,165,1835,-1671,1475280000000
2023,4,6,61,1361.79,424.6,30.2,6.9606557377049185,0.49508196721311476,2023,4,6,97,-36,1680307200000
2025,3,236,153017,3140870.19,1993693.84,390125.93,13.029231000477072,2.5495593953612996,2025,3,236,162200,-9183,1740787200000
2018,9,213,421,13423.66,11902.75,361.8,28.272565320665084,0.8593824228028504,2018,9,213,1536,-1115,1535760000000
2021,4,135,336,13573.94,11861.91,163.84,35.30330357142857,0.4876190476190476,2021,4,135,895,-559,1617235200000
2019,8,98,131,4298.45,3786.06,89.06,28.9012213740458,0.6798473282442749,2019,8,98,1334,-1203,1564617600000
2021,10,112,923,22487.89,17156.75,2785.45,18.588028169014084,3.0178223185265436,2021,10,112,7424,-6501,1633046400000
2022,4,58,5,221.01,192.4,19.06,38.480000000000004,3.812,2022,4,58,80,-75,1648771200000
2023,9,162,98093,2453441.22,1629292.6099999999,319228.28,16.609672555635978,3.2543431233625237,2023,9,162,78775,19318,1693526400000
2023,3,94,72,2545.56,2243.09,38.87,31.15402777777778,0.5398611111111111,2023,3,94,230,-158,1677628800000
2021,5,143,35225,576144.4,377111.9,71509.35,10.70580269694819,2.0300738112136267,2021,5,143,41167,-5942,1619827200000
2025,9,234,113163,2615910.56,1680964.89,290421.75,14.854368388961054,2.566402004188648,2025,9,234,102300,10863,1756684800000
2016,2,67,70,1491.85,1204.36,137.55,17.205142857142857,1.965,2016,2,67,1828,-1758,1454284800000
2016,4,205,34,1680.26,1310.3,333.72,38.53823529411765,9.81529411764706,2016,4,205,1297,-1263,1459468800000
2025,2,36,1967,49259.28,41851.19,682.97,21.27665988815455,0.34721403152008135,2025,2,36,3226,-1259,1738368000000
2025,4,121,588,17194.43,15227.04,185.57999999999998,25.896326530612246,0.31561224489795914,2025,4,121,1337,-749,1743465600000
2020,9,231,13325,258778.78,181376.8,29355.03,13.611767354596623,2.2030041275797374,2020,9,231,15921,-2596,1598918400000
2021,3,80,430,12871.67,10703.61,559.22,24.892116279069768,1.3005116279069768,2021,3,80,1881,-1451,1614556800000
2024,7,21,164,5254.96,4948.71,68.64,30.175060975609757,0.41853658536585364,2024,7,21,438,-274,1719792000000
2022,11,115,1,3.3,2.5,0.0,2.5,0.0,2022,11,115,53,-52,1667260800000
2017,7,10,2227,140880.24,112517.91,14449.11,50.52443197126179,6.488149977548272,2017,7,10,3845,-1618,1498867200000
2022,7,66,1254,32055.88,24944.94,3830.49,19.892296650717704,3.0546172248803827,2022,7,66,4478,-3224,1656633600000
2018,5,183,50,1710.67,1538.58,18.96,30.7716,0.37920000000000004,2018,5,183,503,-453,1525132800000
2020,4,250,77,2247.98,1886.45,120.87,24.49935064935065,1.5697402597402599,2020,4,250,155,-78,1585699200000
2022,3,86,140,7950.0199999999995,7351.21,11.96,52.50864285714286,0.08542857142857144,2022,3,86,648,-508,1646092800000
2017,5,162,336690,5097009.59,4007232.69,609717.84,11.901846475986813,1.810917579969705,2017,5,162,302081,34609,1493596800000
2017,2,165,128,2489.33,1998.5,287.65,15.61328125,2.247265625,2017,2,165,1665,-1537,1485907200000
2023,10,150,53,2498.56,2097.57,196.78,39.57679245283019,3.7128301886792454,2023,10,150,251,-198,1696118400000
2016,10,10,2111,132844.26,106805.6,13551.59,50.59478919943155,6.419512079583136,2016,10,10,3756,-1645,1475280000000
2017,1,84,3,216.40000000000003,195.0,20.0,65.0,6.666666666666667,2017,1,84,83,-80,1483228800000
2020,2,176,1,4.3,3.0,0.0,3.0,0.0,2020,2,176,39,-38,1580515200000
2024,9,259,205,8904.48,8112.28,77.42,39.57209756097561,0.37765853658536586,2024,9,259,423,-218,1725148800000
2016,12,17,3433,48568.92,39971.51,4174.94,11.643317797844452,1.2161200116516167,2016,12,17,18446,-15013,1480550400000
2025,9,116,8199,207317.13,169705.29,4557.39,20.6982912550311,0.5558470545188438,2025,9,116,13501,-5302,1756684800000
2020,8,42,5786,102023.01,86132.59,5475.79,14.886379191151054,0.9463861043899067,2020,8,42,11397,-5611,1596240000000
2024,2,90,49713,1091007.77,708431.67,140800.94,14.250430873212238,2.8322760646108662,2024,2,90,46527,3186,1706745600000
2022,8,74,7857,132979.54,101229.94,11958.58,12.88404480081456,1.5220287641593484,2022,8,74,23332,-15475,1659312000000
2016,3,203,63,2904.44,2444.5,343.6,38.801587301587304,5.453968253968254,2016,3,203,926,-863,1456790400000
2025,10,155,832,25341.94,23767.43,151.35999999999999,28.566622596153845,0.1819230769230769,2025,10,155,1822,-990,1759276800000
2021,9,202,159,6250.93,5340.08,398.41,33.58540880503145,2.5057232704402517,2021,9,202,1531,-1372,1630454400000
2020,3,125,15925,283981.94,187383.42,36870.71,11.76661978021978,2.315272213500785,2020,3,125,14245,1680,1583020800000
2016,10,252,58,3064.89,2646.6,272.21,45.63103448275862,4.693275862068965,2016,10,252,1406,-1348,1475280000000
2016,12,61,2627,42839.68,35329.77,4067.29,13.448713361248572,1.5482641796726304,2016,12,61,20264,-17637,1480550400000
2019,10,177,453,14472.17,12705.960000000001,318.6,28.048476821192054,0.7033112582781458,2019,10,177,1605,-1152,1569888000000
2021,12,179,671,13633.31,11336.34,911.42,16.894694485842027,1.3583010432190759,2021,12,179,3614,-2943,1638316800000
2016,6,168,2090,35566.72,30123.37,2308.98,14.413095693779903,1.1047751196172249,2016,6,168,8041,-5951,1464739200000
2021,10,116,3525,71339.38,56558.71,6818.47,16.045024113475176,1.934317730496454,2021,10,116,9642,-6117,1633046400000
2024,1,61,1046,32585.66,29669.05,853.42,28.364292543021033,0.8158891013384321,2024,1,61,4304,-3258,1704067200000
2022,3,227,44,1890.69,1644.66,163.78,37.37863636363637,3.722272727272727,2022,3,227,624,-580,1646092800000
2024,5,10,1395,89216.16,72887.99,8865.64,52.24945519713262,6.355297491039426,2024,5,10,3470,-2075,1714521600000
2018,8,151,64390,863652.0900000001,691826.56,92515.96,10.744316819381892,1.436806336387638,2018,8,151,60451,3939,1533081600000
2020,9,32,291,10903.460000000001,9274.28,766.2,31.870378006872855,2.6329896907216495,2020,9,32,510,-219,1598918400000
2024,1,58,6,232.08,182.5,28.89,30.416666666666668,4.815,2024,1,58,54,-48,1704067200000
2018,12,161,291581,4592167.8100000005,3674997.53,512366.41000000003,12.603693416237682,1.7572009493073968,2018,12,161,299807,-8226,1543622400000
2016,11,172,4,109.92,18.5,86.72,4.625,21.68,2016,11,172,118,-114,1477958400000
2019,11,56,878,45658.57,35439.86,4215.11,40.364305239179956,4.8008086560364465,2019,11,56,3032,-2154,1572566400000
2024,4,240,23,717.15,641.09,0.0,27.873478260869568,0.0,2024,4,240,100,-77,1711929600000
2025,1,242,383,12253.01,10739.86,40.97,28.04140992167102,0.10697127937336814,2025,1,242,685,-302,1735689600000
2024,5,74,10380,232303.91,186407.91,13352.89,17.958372832369943,1.2864055876685934,2024,5,74,26167,-15787,1714521600000
2023,6,2,5,391.04,299.1,45.74,59.82000000000001,9.148,2023,6,2,4,1,1685577600000
2019,6,202,356,9349.25,7770.72,700.53,21.827865168539326,1.9677808988764045,2019,6,202,2899,-2543,1559347200000
2024,12,72,999,28366.93,26771.45,56.36,26.79824824824825,0.05641641641641642,2024,12,72,1327,-328,1733011200000
2020,2,225,950,26903.35,23445.39,564.01,24.679357894736842,0.5936947368421053,2020,2,225,5177,-4227,1580515200000
2017,10,86,13,929.26,798.5,120.36,61.42307692307692,9.258461538461539,2017,10,86,496,-483,1506816000000
2024,7,241,230,9139.37,8494.03,90.4,36.930565217391305,0.3930434782608696,2024,7,241,516,-286,1719792000000
2016,3,225,2574,38707.26,31781.66,3680.0,12.347187257187256,1.4296814296814297,2016,3,225,17027,-14453,1456790400000
2016,4,105,20,374.93,297.5,42.85,14.875,2.1425,2016,4,105,20,0,1459468800000
2016,10,188,1567,27280.99,22909.8,2289.56,14.620165922144224,1.4611104020421186,2016,10,188,8915,-7348,1475280000000
2022,5,74,10465,178752.47,135682.88,16853.23,12.965397037744864,1.6104376493072146,2022,5,74,26218,-15753,1651363200000
2017,4,233,128527,1972476.7,1555687.46,226463.03,12.103973950998622,1.7619879869599384,2017,4,233,142558,-14031,1491004800000
2019,4,194,504,27013.36,19803.23,3267.77,39.29212301587302,6.483670634920635,2019,4,194,1519,-1015,1554076800000
2018,3,165,246,5777.92,5100.5,242.24,20.733739837398375,0.9847154471544716,2018,3,165,1856,-1610,1519862400000
2018,6,187,2,74.65,67.5,4.55,33.75,2.275,2018,6,187,51,-49,1527811200000
2018,4,230,322399,5186152.149999999,4112077.55,569559.0,12.754622532948302,1.7666276880511416,2018,4,230,290436,31963,1522540800000
2016,11,163,259751,4059802.7800000003,3269823.24,436900.12,12.588298947838508,1.6819959114690608,2016,11,163,240518,19233,1477958400000
2022,5,148,35731,748354.37,516737.97,98145.2,14.461894993143208,2.746780106909966,2022,5,148,35513,218,1651363200000
2019,7,261,40634,955000.9400000001,696007.59,99587.8,17.12869985726239,2.450849042673623,2019,7,261,31658,8976,1561939200000
2025,7,196,1526,41374.54,35254.4,1000.22,23.10249017038008,0.6554521625163827,2025,7,196,2477,-951,1751328000000
2023,5,40,464,14723.03,11042.15,1757.63,23.797737068965517,3.7879956896551725,2023,5,40,3015,-2551,1682899200000
2020,1,65,6029,127579.99,99304.21,13035.35,16.47109139160723,2.1621081439708076,2020,1,65,10279,-4250,1577836800000
2017,10,251,4,52.26,41.5,5.5600000000000005,10.375,1.3900000000000001,2017,10,251,107,-103,1506816000000
2021,9,93,835,43807.23,33429.69,5453.0199999999995,40.035556886227546,6.530562874251497,2021,9,93,2735,-1900,1630454400000
2019,2,231,119130,2271990.15,1569151.22,271613.22,13.171755393267858,2.279973306471921,2019,2,231,115530,3600,1548979200000
2016,12,125,56468,877084.1,697227.61,105627.73,12.347304845222073,1.8705767868527308,2016,12,125,50456,6012,1480550400000
2023,11,26,139,4427.29,3980.8,123.29,28.63884892086331,0.8869784172661871,2023,11,26,777,-638,1698796800000
2025,6,72,2866,77752.53,71901.63,130.32,25.08779832519191,0.04547103977669225,2025,6,72,3096,-230,1748736000000
2023,12,86,228,11519.93,10889.21,12.690000000000001,47.75969298245614,0.05565789473684211,2023,12,86,518,-290,1701388800000
2022,2,172,5,137.4,99.7,15.65,19.94,3.13,2022,2,172,21,-16,1643673600000
2022,1,248,82,3154.68,2815.62,24.560000000000002,34.33682926829268,0.29951219512195126,2022,1,248,269,-187,1640995200000
2023,12,127,283,10481.5,9186.7,411.79,32.46183745583039,1.4550883392226148,2023,12,127,2498,-2215,1701388800000
2021,1,235,528,17026.61,14665.86,795.33,27.77625,1.5063068181818182,2021,1,235,1076,-548,1609459200000
2020,11,193,1654,19619.84,15940.369999999999,1814.9,9.637466747279323,1.0972793228536881,2020,11,193,1895,-241,1604188800000
2020,3,191,224,8646.65,7967.52,25.6,35.56928571428572,0.1142857142857143,2020,3,191,654,-430,1583020800000
2016,5,72,218,4622.13,3945.22,350.06,18.097339449541284,1.6057798165137616,2016,5,72,2051,-1833,1462060800000
2017,11,216,761,42962.31,34687.55,4617.83,45.581537450722735,6.068107752956636,2017,11,216,3179,-2418,1509494400000
2017,12,215,733,43274.48,34821.1,4336.81,47.504911323328784,5.916521145975444,2017,12,215,891,-158,1512086400000
2021,10,148,35478,705707.47,481495.42,91985.43,13.571661874964766,2.5927456451885673,2021,10,148,35323,155,1633046400000
2018,2,256,6451,100749.55,81605.63,10882.05,12.650074407068672,1.686878003410324,2018,2,256,20025,-13574,1517443200000
2023,1,153,26,872.13,771.89,38.09,29.688076923076924,1.465,2023,1,153,136,-110,1672531200000
2023,10,92,224,7867.77,7053.06,223.22,31.486875,0.9965178571428571,2023,10,92,2479,-2255,1696118400000
2017,10,265,4829,407852.29,350866.87,41310.41,72.65828743010975,8.55465106647339,2017,10,265,23615,-18786,1506816000000
2025,10,215,1440,59899.84,50841.53,2948.81,35.30661805555555,2.047784722222222,2025,10,215,1998,-558,1759276800000
2021,11,42,3941,76331.04,62725.49,4669.81,15.916135498604415,1.1849302207561534,2021,11,42,14914,-10973,1635724800000
2024,4,43,56603,1271485.89,847585.25,161382.55,14.974210730879989,2.8511306821193223,2024,4,43,41034,15569,1711929600000
2024,10,38,197,9163.08,8576.21,123.27000000000001,43.53406091370558,0.6257360406091371,2024,10,38,743,-546,1727740800000
2022,12,118,13,449.14,268.32000000000005,61.82,20.640000000000004,4.7553846153846155,2022,12,118,80,-67,1669852800000
2019,7,12,4440,105465.05,79949.8,9143.02,18.006711711711713,2.0592387387387387,2019,7,12,5638,-1198,1561939200000
2019,12,248,215,6931.32,6006.7,54.82,27.93813953488372,0.2549767441860465,2019,12,248,825,-610,1575158400000
2024,11,89,1755,52421.71,47883.2,586.06,27.283874643874643,0.3339373219373219,2024,11,89,3529,-1774,1730419200000
2020,11,124,175,6405.54,5414.34,520.46,30.939085714285714,2.974057142857143,2020,11,124,315,-140,1604188800000
2020,2,3,178,6509.14,5497.34,190.42,30.883932584269665,1.0697752808988763,2020,2,3,478,-300,1580515200000
2018,10,265,4589,349003.97000000003,300073.79,35603.46,65.38979952059272,7.758435388973632,2018,10,265,21357,-16768,1538352000000
2025,6,121,860,25418.06,22725.72,267.49,26.42525581395349,0.31103488372093024,2025,6,121,1666,-806,1748736000000
2019,11,68,164335,2969968.79,1996400.73,350109.52999999997,12.148359935497611,2.130462348252046,2019,11,68,157726,6609,1572566400000
2022,1,1,347,30518.44,25340.54,3815.42,73.02749279538905,10.995446685878962,2022,1,1,4013,-3666,1640995200000
2022,8,116,2864,59923.08,47133.64,6132.62,16.45727653631285,2.141277932960894,2022,8,116,8783,-5919,1659312000000
2024,1,152,1960,43562.57,34107.31,3505.57,17.401688775510202,1.7885561224489797,2024,1,152,4139,-2179,1704067200000
2020,7,252,98,3695.37,3170.55,206.66,32.352551020408164,2.1087755102040817,2020,7,252,184,-86,1593561600000
2017,4,229,188774,2518283.7600000002,2004720.65,282016.2,10.619686238570988,1.4939356055388984,2017,4,229,176145,12629,1491004800000
2018,6,61,1889,36945.54,32181.52,2228.75,17.03627316040233,1.1798570672313393,2018,6,61,14805,-12916,1527811200000
2016,5,3,37,1008.31,849.7,104.47,22.964864864864865,2.8235135135135137,2016,5,3,653,-616,1462060800000
2016,9,113,167130,2381378.79,1898066.87,273899.03,11.356829234727458,1.6388382097768206,2016,9,113,143864,23266,1472688000000
2021,5,140,60458,1051707.3,705244.54,122519.11,11.66503258460419,2.0265160938171953,2021,5,140,58476,1982,1619827200000
2020,9,81,253,9768.04,8253.39,634.99,32.622094861660074,2.5098418972332017,2020,9,81,492,-239,1598918400000
2021,1,69,631,17460.89,14857.95,811.36,23.546671949286846,1.2858320126782885,2021,1,69,1606,-975,1609459200000
2023,8,90,45348,1009232.04,655154.91,128006.83,14.447272426567876,2.8227668254388285,2023,8,90,39587,5761,1690848000000
2024,6,52,844,26616.55,21523.76,2279.6,25.50208530805687,2.700947867298578,2024,6,52,2225,-1381,1717200000000
2025,6,135,680,19395.06,16943.29,229.46,24.91660294117647,0.33744117647058824,2025,6,135,1628,-948,1748736000000
2022,11,234,83360,1479712.89,967140.68,197290.27,11.601975527831094,2.3667258877159307,2022,11,234,71638,11722,1667260800000
2016,10,155,62,2426.19,2094.14,187.36,33.77645161290322,3.0219354838709678,2016,10,155,1236,-1174,1475280000000
2017,7,133,414,8306.22,6895.31,704.67,16.65533816425121,1.702101449275362,2017,7,133,2659,-2245,1498867200000
2017,7,43,123289,1682934.74,1373910.04,165090.07,11.143816885529123,1.3390494691334993,2017,7,43,101500,21789,1498867200000
2018,10,170,275573,4163163.23,3278296.26,492587.39,11.896289767139741,1.787502367793652,2018,10,170,275606,-33,1538352000000
2019,12,112,1853,34008.82,26923.13,3051.03,14.52948192120885,1.646535348084188,2019,12,112,14913,-13060,1575158400000
2020,11,112,468,12158.29,9618.31,1333.95,20.551944444444445,2.850320512820513,2020,11,112,2474,-2006,1604188800000
2022,11,46,9,375.71,332.13,20.78,36.903333333333336,2.308888888888889,2022,11,46,70,-61,1667260800000
2024,6,198,474,14615.619999999999,12971.9,343.79,27.366877637130802,0.7252953586497891,2024,6,198,2044,-1570,1717200000000
2025,1,18,344,10882.97,9936.52,17.75,28.885232558139535,0.05159883720930233,2025,1,18,571,-227,1735689600000
2021,2,232,1740,42586.96,33457.07,2599.83,19.22820114942529,1.4941551724137931,2021,2,232,7199,-5459,1612137600000
2016,7,224,33468,481172.83,384861.04,55248.36,11.499373730130273,1.6507816421656507,2016,7,224,43992,-10524,1467331200000
2022,1,131,69,2464.22,2264.21,33.46,32.81463768115942,0.48492753623188406,2022,1,131,521,-452,1640995200000
2018,10,234,269752,3891422.87,3058185.02,479730.84,11.337024452089327,1.778414395444705,2018,10,234,232669,37083,1538352000000
2018,3,66,4458,82842.1,67283.33,10053.55,15.092716464782415,2.2551704800358903,2018,3,66,13342,-8884,1519862400000
2025,10,231,62864,1615721.24,1087242.64,175168.89,17.295155255790277,2.7864738164927463,2025,10,231,74170,-11306,1759276800000
2017,11,263,166785,2158712.44,1705965.82,248916.39,10.228532661810116,1.492438708516953,2017,11,263,171328,-4543,1509494400000
2019,10,215,1215,76721.01,60407.73,6839.36,49.7182962962963,5.629102880658436,2019,10,215,2618,-1403,1569888000000
2021,9,181,1437,39550.22,31180.27,4487.42,21.698169798190676,3.1227696590118303,2021,9,181,7298,-5861,1630454400000
2025,10,84,2,107.61,63.21,11.63,31.605,5.815,2025,10,84,24,-22,1759276800000
2023,7,184,17,1513.52,1403.89,45.93,82.58176470588236,2.701764705882353,2023,7,184,63,-46,1688169600000
2017,1,212,121,2408.82,2101.86,131.08,17.370743801652893,1.0833057851239671,2017,1,212,1186,-1065,1483228800000
2024,4,235,376,13671.539999999999,12493.22,74.2,33.226648936170214,0.19734042553191491,2024,4,235,548,-172,1711929600000
2019,4,230,254209,4895433.6899999995,3309309.14,547809.35,13.018064427301946,2.1549565514989633,2019,4,230,225961,28248,1554076800000
2024,5,180,220,8501.61,7505.89,377.8,34.11768181818182,1.7172727272727273,2024,5,180,494,-274,1714521600000
2025,9,112,6719,180026.49,140062.73,3942.74,20.84577020389939,0.5868045840154784,2025,9,112,13416,-6697,1756684800000
2020,6,126,163,6453.96,5554.75,206.51,34.078220858895705,1.2669325153374233,2020,6,126,507,-344,1590969600000
2021,4,167,521,15552.33,13094.61,173.85,25.133608445297504,0.33368522072936657,2021,4,167,1163,-642,1617235200000
2017,9,81,49,1118.41,964.5,67.39,19.683673469387756,1.3753061224489795,2017,9,81,424,-375,1504224000000
2018,10,49,2405,42491.74,35916.75,3210.61,14.934199584199584,1.3349729729729731,2018,10,49,14309,-11904,1538352000000
2019,11,21,257,8076.21,7097.38,50.27,27.616264591439688,0.19560311284046694,2019,11,21,873,-616,1572566400000
2017,6,27,2,141.48000000000002,122.62,17.759999999999998,61.31,8.879999999999999,2017,6,27,77,-75,1496275200000
2021,2,177,406,13013.35,11071.33,178.8,27.269285714285715,0.4403940886699508,2021,2,177,884,-478,1612137600000
2021,10,146,2086,39775.88,31153.01,3386.02,14.934328859060402,1.6232118887823586,2021,10,146,3502,-1416,1633046400000
2022,9,250,96,2970.9,2622.6,52.35,27.318749999999998,0.5453125,2022,9,250,291,-195,1661990400000
2024,1,186,104522,2471001.46,1650044.58,322551.95,15.786576797229293,3.085971852815675,2024,1,186,64303,40219,1704067200000
2025,4,94,386,10542.31,9609.46,1.0,24.894974093264246,0.0025906735751295338,2025,4,94,535,-149,1743465600000
2025,9,22,710,19962.76,18386.67,178.26,25.896718309859153,0.2510704225352113,2025,9,22,1587,-877,1756684800000
2023,9,176,4,530.92,481.6,44.82,120.4,11.205,2023,9,176,22,-18,1693526400000
2023,7,121,160,4666.0199999999995,4204.92,88.6,26.28075,0.55375,2023,7,121,665,-505,1688169600000
2018,2,77,89,1714.22,1534.01,70.12,17.236067415730336,0.7878651685393259,2018,2,77,463,-374,1517443200000
2024,7,108,214,8769.5,8305.82,70.78,38.812242990654205,0.3307476635514019,2024,7,108,338,-124,1719792000000
2021,7,244,3978,93716.56,75339.32,7875.15,18.938994469582706,1.9796757164404222,2021,7,244,11211,-7233,1625097600000
2019,10,48,222064,3924065.4400000004,2639202.85,433224.56999999995,11.8848748558974,1.9508996055191294,2019,10,48,192420,29644,1569888000000
2018,4,91,362,10114.73,9227.0,236.67000000000002,25.488950276243095,0.6537845303867403,2018,4,91,1759,-1397,1522540800000
2024,12,78,324,11082.75,10086.23,40.76,31.130339506172838,0.12580246913580245,2024,12,78,514,-190,1733011200000
2021,8,47,339,13752.53,11531.27,462.5,34.01554572271387,1.364306784660767,2021,8,47,675,-336,1627776000000
2020,5,92,162,4695.63,3830.27,234.03,23.643641975308643,1.4446296296296297,2020,5,92,334,-172,1588291200000
2025,1,83,538,16028.95,13014.5,808.39,24.190520446096656,1.5025836431226764,2025,1,83,940,-402,1735689600000
2022,3,92,141,5179.87,4483.09,235.58,31.794964539007093,1.6707801418439716,2022,3,92,1777,-1636,1646092800000
2017,6,165,151,3054.17,2608.5,182.85,17.274834437086092,1.2109271523178808,2017,6,165,1901,-1750,1496275200000
2016,6,187,44,586.32,480.0,63.12,10.909090909090908,1.4345454545454546,2016,6,187,92,-48,1464739200000
2023,6,227,67,2803.99,2424.75,176.34,36.190298507462686,2.631940298507463,2023,6,227,711,-644,1685577600000
2024,1,126,105,3486.21,3133.71,33.76,29.844857142857144,0.3215238095238095,2024,1,126,335,-230,1704067200000
2022,12,113,43885,873547.74,576820.99,116932.67,13.143921385439215,2.6645247806767687,2022,12,113,39006,4879,1669852800000
2023,7,140,53897,1209528.95,802760.5,149547.93,14.894344768725531,2.7746985917583538,2023,7,140,56613,-2716,1688169600000
2024,7,166,12088,277437.61,206467.81,29654.44,17.080394606221045,2.453213103904699,2024,7,166,19056,-6968,1719792000000
2025,5,28,1519,46466.7,39506.84,1747.66,26.008452929558917,1.150533245556287,2025,5,28,2552,-1033,1746057600000
2024,9,232,7144,195641.02,150533.72,14605.26,21.071349384098543,2.044409294512878,2024,9,232,18801,-11657,1725148800000
2018,5,235,300,7265.65,6599.51,153.05,21.998366666666666,0.5101666666666667,2018,5,235,1765,-1465,1525132800000
2023,11,213,259,8947.869999999999,8020.56,104.85,30.967413127413128,0.4048262548262548,2023,11,213,575,-316,1698796800000
2022,6,19,76,2009.1399999999999,1884.59,32.4,24.797236842105264,0.4263157894736842,2022,6,19,349,-273,1654041600000
2017,11,24,27091,379918.17,304959.87,41941.58,11.256870178287992,1.5481739323022408,2017,11,24,30419,-3328,1509494400000
2020,1,122,162,6280.85,5617.71,0.0,34.67722222222222,0.0,2020,1,122,435,-273,1577836800000
2023,7,142,90230,1949197.12,1264424.8599999999,251587.94999999998,14.01335320846725,2.7882960212789536,2023,7,142,78419,11811,1688169600000
2021,6,187,2,124.85,113.45,0.0,56.725,0.0,2021,6,187,32,-30,1622505600000
2019,10,5,53,3415.74,3238.78,0.0,61.10905660377359,0.0,2019,10,5,91,-38,1569888000000
2021,12,232,6118,135871.07,98926.17,14750.05,16.169691075514873,2.4109267734553774,2021,12,232,17645,-11527,1638316800000
2018,8,144,82664,1240032.24,1002905.68,132933.05000000002,12.132314913384302,1.6081129633213977,2018,8,144,72243,10421,1533081600000
2020,10,249,34096,550654.12,353510.69,73049.72,10.368098603941812,2.1424718442045987,2020,10,249,27171,6925,1601510400000
2021,4,3,211,7749.63,6468.28,73.53,30.655355450236964,0.34848341232227487,2021,4,3,465,-254,1617235200000
2022,10,141,92655,1538393.9300000002,997309.05,201304.66,10.763683017646107,2.172625978090767,2022,10,141,98065,-5410,1664582400000
2024,10,61,2653,78743.74,72872.49,929.28,27.46795702977761,0.3502751601960045,2024,10,61,6049,-3396,1727740800000
2018,5,130,1037,49150.43,40118.62,4359.41,38.68719382835101,4.203866923818707,2018,5,130,2604,-1567,1525132800000
2024,12,34,298,8700.26,7509.1,318.55,25.19832214765101,1.0689597315436241,2024,12,34,378,-80,1733011200000
2020,4,230,2668,40494.97,26718.33,3971.8500000000004,10.014366566716642,1.4886994002998502,2020,4,230,2729,-61,1585699200000
2024,10,13,25091,809640.68,581600.19,98979.3,23.17963373321111,3.9448128811127496,2024,10,13,30227,-5136,1727740800000
2017,6,123,125,2576.96,2174.0,171.82,17.392,1.37456,2017,6,123,1232,-1107,1496275200000
2018,9,23,15,559.26,426.5,36.18,28.433333333333334,2.412,2018,9,23,208,-193,1535760000000
2021,4,255,510,13276.04,10221.72,1563.43,20.042588235294115,3.065549019607843,2021,4,255,3721,-3211,1617235200000
2018,8,85,275,7630.82,6975.42,134.57,25.365163636363636,0.48934545454545453,2018,8,85,1246,-971,1533081600000
2020,6,114,2539,45288.420000000006,30865.62,5113.64,12.156604962583694,2.0140370224497834,2020,6,114,2549,-10,1590969600000
2020,7,172,2,187.35,158.51999999999998,2.75,79.25999999999999,1.375,2020,7,172,6,-4,1593561600000
2023,2,11,43,1722.75,1543.35,57.6,35.891860465116274,1.3395348837209302,2023,2,11,192,-149,1675209600000
2023,7,117,158,8997.42,8079.2,105.82,51.13417721518987,0.6697468354430379,2023,7,117,395,-237,1688169600000
2023,10,95,572,19954.37,17269.86,916.42,30.19206293706294,1.602132867132867,2023,10,95,4415,-3843,1696118400000
2016,10,261,64758,1308213.6300000001,1086213.81,133489.74,16.773430464189754,2.0613629204113777,2016,10,261,57472,7286,1475280000000
2017,2,99,1,30.3,25.0,4.0,25.0,4.0,2017,2,99,4,-3,1485907200000
2017,1,106,1803,28389.24,22738.9,3163.41,12.611702717692735,1.7545257903494176,2017,1,106,5157,-3354,1483228800000
2024,3,147,171,5499.04,4994.12,13.78,29.205380116959063,0.08058479532163743,2024,3,147,299,-128,1709251200000
2017,7,32,35,740.28,615.7,67.35,17.591428571428573,1.9242857142857142,2017,7,32,671,-636,1498867200000
2019,12,52,3756,69872.85,52787.79,9168.92,14.054257188498402,2.441139510117146,2019,12,52,5447,-1691,1575158400000
2022,5,31,28,1356.1,1051.25,127.05,37.544642857142854,4.5375,2022,5,31,261,-233,1651363200000
2021,7,48,81384,1405126.13,930319.24,165899.97,11.431230217241717,2.0384838543202597,2021,7,48,73277,8107,1625097600000
2020,10,71,549,17477.8,15033.06,1348.04,27.38262295081967,2.455446265938069,2020,10,71,951,-402,1601510400000
2019,12,16,201,6417.96,5713.05,36.82,28.42313432835821,0.18318407960199004,2019,12,16,1077,-876,1575158400000
2024,5,230,121996,3517871.94,2408867.1599999997,432144.97,19.74546017902226,3.5422880258369123,2024,5,230,119123,2873,1714521600000
2024,11,264,9428,283723.92,199127.9,36197.02,21.12090581247348,3.8393105642766225,2024,11,264,13732,-4304,1730419200000
2023,9,138,100937,6884901.91,4482777.3,904640.61,44.411635970952176,8.96242814825089,2023,9,138,38947,61990,1693526400000
2025,10,210,878,31909.81,29942.04,53.18,34.102551252847384,0.06056947608200455,2025,10,210,1435,-557,1759276800000
2024,2,163,89182,2093724.12,1365075.97,274827.65,15.306631046623759,3.08164932385459,2024,2,163,74973,14209,1706745600000
2025,1,236,155647,3068195.08,1921094.88,392569.37,12.342639948087658,2.522177555622659,2025,1,236,161376,-5729,1735689600000
2023,9,147,70,2488.68,2198.72,22.85,31.41028571428571,0.32642857142857146,2023,9,147,245,-175,1693526400000
2018,1,214,3,110.89999999999999,97.5,0.0,32.5,0.0,2018,1,214,147,-144,1514764800000
2025,7,108,430,12975.56,12035.04,143.9,27.988465116279073,0.3346511627906977,2025,7,108,708,-278,1751328000000
2022,2,221,3,269.59000000000003,260.64,0.0,86.88,0.0,2022,2,221,42,-39,1643673600000
2024,4,139,214,10024.02,9251.85,70.53,43.23294392523365,0.32957943925233646,2024,4,139,672,-458,1711929600000
2021,11,14,200,8270.1,6977.2300000000005,259.87,34.88615,1.29935,2021,11,14,2218,-2018,1635724800000
2020,2,32,195,6864.18,5898.87,8.16,30.250615384615383,0.041846153846153845,2020,2,32,575,-380,1580515200000
2025,10,101,270,9856.25,8635.11,130.5,31.981888888888893,0.48333333333333334,2025,10,101,613,-343,1759276800000
2025,6,92,1618,48095.89,41936.04,516.2,25.918442521631643,0.3190358467243511,2025,6,92,4959,-3341,1748736000000
2020,12,133,208,6559.33,5583.43,529.82,26.843413461538464,2.547211538461539,2020,12,133,486,-278,1606780800000
2019,11,127,669,16443.489999999998,13764.960000000001,1158.15,20.575426008968613,1.7311659192825113,2019,11,127,5099,-4430,1572566400000
2017,7,241,106,1854.84,1605.52,84.02,15.146415094339622,0.7926415094339623,2017,7,241,1480,-1374,1498867200000
2019,11,169,338,10947.92,9594.47,85.44,28.38600591715976,0.2527810650887574,2019,11,169,1227,-889,1572566400000
2022,6,64,58,2571.54,2356.69,76.35,40.632586206896555,1.3163793103448276,2022,6,64,363,-305,1654041600000
2016,8,230,327979,6167843.85,5140449.41,514306.57,15.673105320767489,1.5681082325392786,2016,8,230,325090,2889,1470009600000
2017,12,155,85,2270.54,2015.38,112.39,23.71035294117647,1.3222352941176472,2017,12,155,977,-892,1512086400000
2025,2,169,674,18886.23,17189.89,5.76,25.50428783382789,0.0085459940652819,2025,2,169,829,-155,1738368000000
2025,8,116,7495,168535.49,135069.69,4179.59,18.021306204136092,0.557650433622415,2025,8,116,12325,-4830,1754006400000
2025,10,178,211,6240.7,5654.24,77.08,26.79734597156398,0.36530805687203793,2025,10,178,524,-313,1759276800000
2024,5,42,6024,148991.8,128904.07,4360.41,21.398417994687915,0.7238396414342629,2024,5,42,15446,-9422,1714521600000
2020,10,27,28,2203.69,1926.64,74.25,68.80857142857143,2.6517857142857144,2020,10,27,33,-5,1601510400000
2024,6,209,8375,249909.32,183536.15,26797.25,21.914764179104477,3.1996716417910447,2024,6,209,10831,-2456,1717200000000
2022,1,123,59,1977.75,1853.02,7.08,31.407118644067797,0.12,2022,1,123,514,-455,1640995200000
2022,1,145,2299,32662.04,25162.73,3098.12,10.945076120052196,1.3475946063505873,2022,1,145,7530,-5231,1640995200000
2020,8,124,156,5758.86,5050.52,273.94,32.375128205128206,1.756025641025641,2020,8,124,262,-106,1596240000000
2023,4,257,106,3806.41,2987.68,476.88,28.185660377358488,4.498867924528302,2023,4,257,1497,-1391,1680307200000
2017,11,173,292,4997.34,4329.8,241.01999999999998,14.828082191780823,0.8254109589041095,2017,11,173,2459,-2167,1509494400000
2019,11,100,133196,2375279.6500000004,1612188.38,251241.63,12.103879846241629,1.8862550677197514,2019,11,100,105591,27605,1572566400000
2019,9,197,661,27379.87,22243.49,2168.77,33.651270801815436,3.2810438729198186,2019,9,197,2430,-1769,1567296000000
2024,11,11,152,5141.96,4843.42,25.0,31.864605263157895,0.16447368421052633,2024,11,11,306,-154,1730419200000
2022,10,44,51,3590.02,3120.3,55.4,61.182352941176475,1.0862745098039215,2022,10,44,68,-17,1664582400000
2018,2,177,174,3603.7400000000002,3111.2,264.19,17.880459770114943,1.5183333333333333,2018,2,177,1376,-1202,1517443200000
2025,9,161,168871,4278484.2299999995,2769056.23,518778.54,16.397464514333425,3.072040433230099,2025,9,161,140001,28870,1756684800000
2019,12,198,311,8876.65,7458.43,270.68,23.982090032154343,0.8703536977491961,2019,12,198,3671,-3360,1575158400000
2021,10,139,226,9684.39,8645.9,17.14,38.25619469026549,0.07584070796460177,2021,10,139,671,-445,1633046400000
2017,6,170,315349,4619487.21,3629438.79,543730.14,11.509276357305716,1.7242171054926447,2017,6,170,310935,4414,1496275200000
2018,1,183,17,373.09000000000003,303.8,44.93,17.870588235294118,2.6429411764705883,2018,1,183,403,-386,1514764800000
2017,9,157,427,16169.78,12877.8,1601.23,30.15878220140515,3.7499531615925057,2017,9,157,3143,-2716,1504224000000
2022,6,176,2,83.3,82.2,0.0,41.1,0.0,2022,6,176,20,-18,1654041600000
2023,2,87,13896,446177.12,317724.24,57328.2,22.864438687392056,4.125518134715025,2023,2,87,20606,-6710,1675209600000
2021,11,88,8491,211549.6,153273.69,25589.92,18.051311977387822,3.0137698739842183,2021,11,88,11354,-2863,1635724800000
2024,5,159,537,15952.02,14534.71,52.47,27.0664990689013,0.09770949720670391,2024,5,159,927,-390,1714521600000
2023,8,203,148,6763.08,6055.58,110.41,40.91608108108108,0.7460135135135135,2023,8,203,810,-662,1690848000000
2025,4,208,533,16157.11,14089.74,113.22,26.434784240150094,0.2124202626641651,2025,4,208,1022,-489,1743465600000
2025,6,48,104920,2485651.17,1642308.9200000002,251275.41,15.65296340068624,2.3949238467403737,2025,6,48,102827,2093,1748736000000
2016,8,193,4261,53074.18,45475.81,3033.28,10.672567472424314,0.711870452945318,2016,8,193,5905,-1644,1470009600000
2017,12,184,7,428.19,356.5,39.05,50.92857142857143,5.578571428571428,2017,12,184,66,-59,1512086400000
2017,1,189,3056,45805.03,37028.3,4932.08,12.116590314136127,1.6139005235602093,2017,1,189,10275,-7219,1483228800000
2024,6,265,1996,201023.26,177861.84,17044.96,89.10913827655311,8.539559118236472,2024,6,265,15840,-13844,1717200000000
2018,12,49,2416,43966.42,37413.76,3060.2,15.485827814569538,1.266639072847682,2018,12,49,13107,-10691,1543622400000
2018,10,162,308637,4747480.96,3720982.45,585889.72,12.056177483581036,1.8983132936102929,2018,10,162,271427,37210,1538352000000
2022,8,255,1531,38877.97,29600.64,5283.98,19.334186806009143,3.451325930764206,2022,8,255,7917,-6386,1659312000000
2017,1,142,277244,3527054.07,2795335.43,397204.52,10.082582238028596,1.4326893278123243,2017,1,142,250999,26245,1483228800000
2024,12,89,1556,48233.8,44114.51,606.93,28.351227506426735,0.3900578406169665,2024,12,89,3545,-1989,1733011200000
2021,1,181,900,22256.73,18806.22,1566.95,20.8958,1.7410555555555556,2021,1,181,2757,-1857,1609459200000
2016,10,22,118,3316.51,2917.11,234.55,24.721271186440678,1.9877118644067797,2016,10,22,1945,-1827,1475280000000
2021,7,212,176,5938.36,4893.42,58.86,27.80352272727273,0.33443181818181816,2021,7,212,542,-366,1625097600000
2022,3,73,17,602.62,524.0,18.369999999999997,30.823529411764707,1.0805882352941174,2022,3,73,252,-235,1646092800000
2020,1,200,252,9717.45,8289.66,141.82,32.89547619047619,0.5627777777777777,2020,1,200,2245,-1993,1577836800000
2022,4,119,157,4930.0199999999995,4259.52,238.05,27.130700636942677,1.5162420382165607,2022,4,119,773,-616,1648771200000
2022,11,240,12,457.12,415.70000000000005,5.92,34.64166666666667,0.49333333333333335,2022,11,240,105,-93,1667260800000
2023,1,18,90,3485.67,3059.64,34.78,33.995999999999995,0.3864444444444445,2023,1,18,444,-354,1672531200000
2022,4,3,45,1634.81,1437.8,36.21,31.95111111111111,0.8046666666666666,2022,4,3,257,-212,1648771200000
2018,7,187,5,122.41999999999999,109.0,0.0,21.8,0.0,2018,7,187,44,-39,1530403200000
2018,7,9,63,1658.31,1487.0,84.21,23.603174603174605,1.3366666666666667,2018,7,9,752,-689,1530403200000
2024,4,79,83919,1876527.42,1275613.03,207443.06,15.200527055851476,2.471943898282868,2024,4,79,73840,10079,1711929600000
2016,1,73,38,865.87,743.8,70.59,19.573684210526313,1.8576315789473685,2016,1,73,668,-630,1451606400000
2017,2,211,81762,1190991.76,953329.93,138722.63,11.659816662997482,1.696663853623933,2017,2,211,82268,-506,1485907200000
2018,4,29,95,2927.89,2651.5,80.03,27.910526315789475,0.842421052631579,2018,4,29,828,-733,1522540800000
2021,1,212,346,10621.24,8871.02,498.0,25.63878612716763,1.439306358381503,2021,1,212,554,-208,1609459200000
2018,9,192,110,3130.27,2556.89,134.44,23.244454545454545,1.2221818181818183,2018,9,192,659,-549,1535760000000
2017,8,54,350,6059.11,4865.0,763.17,13.9,2.180485714285714,2017,8,54,2410,-2060,1501545600000
2023,11,142,112470,2518181.3400000003,1641967.6,333580.10000000003,14.599160665066242,2.9659473637414426,2023,11,142,95097,17373,1698796800000
2023,2,112,595,16977.42,12548.7,2282.01,21.09025210084034,3.835310924369748,2023,2,112,6390,-5795,1675209600000
2025,3,72,2857,72278.94,66870.46,61.849999999999994,23.40583129156458,0.021648582429121453,2025,3,72,2737,120,1740787200000
2024,6,225,1373,41706.44,38359.8,687.22,27.93867443554261,0.5005243991260014,2024,6,225,3332,-1959,1717200000000
2016,3,136,170,2583.65,2222.01,152.76,13.07064705882353,0.8985882352941176,2016,3,136,1636,-1466,1456790400000
2024,4,196,330,13636.8,11517.08,943.3,34.90024242424242,2.8584848484848484,2024,4,196,1100,-770,1711929600000
2024,9,258,446,13424.26,12202.3,179.78,27.359417040358743,0.40309417040358747,2024,9,258,1181,-735,1725148800000
2016,3,74,41310,543902.4500000001,450281.48,38722.39,10.9000600338901,0.9373611716291455,2016,3,74,89668,-48358,1456790400000
2017,11,92,394,7461.43,6357.51,477.13,16.135812182741116,1.210989847715736,2017,11,92,3546,-3152,1509494400000
2016,6,51,45,1664.55,1511.2,79.71000000000001,33.58222222222222,1.7713333333333334,2016,6,51,925,-880,1464739200000
2017,10,73,19,321.19,282.5,16.99,14.868421052631579,0.8942105263157893,2017,10,73,544,-525,1506816000000
2016,2,168,2132,31323.57,26815.46,1563.56,12.577607879924953,0.7333771106941839,2016,2,168,8831,-6699,1454284800000
2018,3,6,36,862.51,411.5,33.81,11.430555555555555,0.9391666666666667,2018,3,6,180,-144,1519862400000
2020,8,264,7269,135769.82,102226.2,14734.72,14.063309946347502,2.027062869720732,2020,8,264,6283,986,1596240000000
2025,11,152,5509,93068.11,67391.22,3436.14,12.232931566527501,0.6237320747867127,2025,11,152,7534,-2025,1761955200000
2016,11,7,17312,241579.72,201523.45,18826.34,11.640679875231054,1.08747342883549,2016,11,7,46216,-28904,1477958400000
2019,6,219,863,53489.59,43283.91,4469.27,50.15516801853998,5.178760139049826,2019,6,219,2863,-2000,1559347200000
2021,5,116,4130,82141.75,65925.34,6660.46,15.96255205811138,1.6127021791767555,2021,5,116,8549,-4419,1619827200000
2023,8,92,242,8346.789999999999,7257.47,398.28,29.989545454545457,1.645785123966942,2023,8,92,2563,-2321,1690848000000
2025,2,9,113,2801.4,2438.86,65.42,21.58283185840708,0.5789380530973451,2025,2,9,385,-272,1738368000000
2022,6,223,949,37939.07,28886.510000000002,4318.01,30.438893572181247,4.550063224446786,2022,6,223,5453,-4504,1654041600000
2025,11,212,807,19177.46,16271.03,172.7,20.162366790582404,0.21400247831474595,2025,11,212,946,-139,1761955200000
2016,5,159,624,9455.65,8202.77,432.48,13.145464743589745,0.6930769230769231,2016,5,159,3675,-3051,1462060800000
2017,8,121,61,1936.99,1624.3,159.98,26.627868852459017,2.622622950819672,2017,8,121,1456,-1395,1501545600000
2017,8,136,103,1623.35,1443.51,45.1,14.014660194174757,0.43786407766990293,2017,8,136,1043,-940,1501545600000
2022,5,119,184,5872.2699999999995,5093.49,259.02,27.682010869565215,1.4077173913043477,2022,5,119,798,-614,1651363200000
2025,7,29,674,20085.91,18617.93,17.369999999999997,27.623041543026705,0.025771513353115724,2025,7,29,1216,-542,1751328000000
2017,4,68,236752,3440648.17,2740510.17,387816.54,11.575446754409677,1.6380708082719468,2017,4,68,224169,12583,1491004800000
2017,5,97,10429,165042.95,136175.08,16287.2,13.05734778022821,1.5617221210087258,2017,5,97,18275,-7846,1493596800000
2018,4,228,844,18131.79,15339.07,1401.75,18.174253554502368,1.6608412322274881,2018,4,228,5704,-4860,1522540800000
2023,7,7,1720,39035.24,31269.49,2972.05,18.179936046511628,1.727936046511628,2023,7,7,9777,-8057,1688169600000
2020,5,225,374,9668.84,8512.48,345.05,22.760641711229944,0.9225935828877005,2020,5,225,711,-337,1588291200000
2018,2,14,404,9596.01,8273.58,614.66,20.479158415841585,1.5214356435643563,2018,2,14,5875,-5471,1517443200000
2022,7,96,6,279.85,227.2,33.05,37.86666666666667,5.508333333333333,2022,7,96,85,-79,1656633600000
2022,11,265,6680,463176.87,428509.28,24714.09,64.14809580838323,3.6997140718562873,2022,11,265,11479,-4799,1667260800000
2023,11,95,485,17057.53,14377.52,1211.6200000000001,29.64437113402062,2.4981855670103097,2023,11,95,4053,-3568,1698796800000
2017,2,9,28,561.27,478.2,47.09,17.07857142857143,1.6817857142857144,2017,2,9,500,-472,1485907200000
2018,1,74,32245,396961.82,330566.44,25918.23,10.251711583191193,0.8037906652194139,2018,1,74,65844,-33599,1514764800000
2022,8,92,208,7650.69,6658.57,467.27,32.012355769230766,2.2464903846153845,2022,8,92,2493,-2285,1659312000000
2020,8,26,445,13250.35,11657.82,799.91,26.197348314606742,1.7975505617977527,2020,8,26,843,-398,1596240000000
2018,2,5,3,222.44,201.14,19.9,67.04666666666667,6.633333333333333,2018,2,5,47,-44,1517443200000
2020,2,212,236,6248.72,5355.6,47.09,22.693220338983053,0.19953389830508475,2020,2,212,789,-553,1580515200000
2018,7,208,123,4323.96,3784.01,125.8,30.764308943089432,1.0227642276422764,2018,7,208,1133,-1010,1530403200000
2024,8,41,8903,196529.31,156011.07,13684.02,17.5234269347411,1.5370122430641358,2024,8,41,18504,-9601,1722470400000
2018,8,81,144,5317.11,4776.47,141.61,33.16993055555556,0.9834027777777778,2018,8,81,686,-542,1533081600000
2016,7,36,2480,40015.04,32177.91,4380.61,12.97496370967742,1.7663749999999998,2016,7,36,13037,-10557,1467331200000
2020,5,14,222,7669.05,6809.03,284.91,30.671306306306306,1.2833783783783785,2020,5,14,471,-249,1588291200000
2020,12,44,133,14580.38,12820.7,344.52,96.39624060150376,2.5903759398496238,2020,12,44,161,-28,1606780800000
2017,11,45,20809,347371.95,288067.99,34429.87,13.843432649334423,1.6545662934307273,2017,11,45,25529,-4720,1509494400000
2022,7,133,108,3332.59,2831.62,258.47,26.218703703703703,2.393240740740741,2022,7,133,998,-890,1656633600000
2020,2,190,184,3533.45,2842.44,313.19,15.44804347826087,1.7021195652173913,2020,2,190,824,-640,1580515200000
2016,3,186,414985,5860439.4,4707263.63,630716.83,11.34321392339482,1.5198545248623443,2016,3,186,339507,75478,1456790400000
2019,6,160,251,8044.82,6774.94,362.03,26.991792828685256,1.4423505976095616,2019,6,160,2072,-1821,1559347200000
2024,10,144,38511,942583.82,653421.1,107701.99,16.96712887227026,2.7966552413596117,2024,10,144,36894,1617,1727740800000
2016,4,68,290577,4189775.89,3335200.57,471130.58,11.477854647821403,1.621362255099337,2016,4,68,266966,23611,1459468800000
2017,4,99,4,91.52,81.5,3.32,20.375,0.83,2017,4,99,7,-3,1491004800000
2021,1,43,26286,392817.65,253848.58,50525.84,9.657177965456897,1.9221578026325798,2021,1,43,19422,6864,1609459200000
2022,6,25,2021,50276.54,39733.67,6341.52,19.660400791687284,3.137812963879268,2022,6,25,6019,-3998,1654041600000
2018,2,33,8282,149117.31999999998,121633.42,18168.99,14.686479111325767,2.193792562183048,2018,2,33,24360,-16078,1517443200000
2020,8,227,195,6305.02,5629.18,377.69,28.867589743589747,1.9368717948717948,2020,8,227,381,-186,1596240000000
2017,10,29,60,1852.99,1712.26,50.58,28.537666666666667,0.843,2017,10,29,805,-745,1506816000000
2019,4,124,333,16031.26,14096.880000000001,580.84,42.332972972972975,1.7442642642642643,2019,4,124,1110,-777,1554076800000
2022,6,192,40,1067.18,893.59,96.69,22.339750000000002,2.41725,2022,6,192,291,-251,1654041600000
2024,6,239,96815,2118642.0,1399498.94,263155.44,14.455393688994473,2.7181267365594173,2024,6,239,94311,2504,1717200000000
2016,4,133,610,13074.67,10990.07,1181.12,18.01650819672131,1.936262295081967,2016,4,133,3904,-3294,1459468800000
2017,3,198,473,7895.03,6488.08,748.72,13.716871035940803,1.5829175475687105,2017,3,198,6598,-6125,1488326400000
2024,3,188,1190,36962.56,33713.17,430.55,28.33039495798319,0.36180672268907565,2024,3,188,2799,-1609,1709251200000
2024,12,50,20436,484115.9,338347.02,51281.53,16.556421021726365,2.5093721863378353,2024,12,50,34757,-14321,1733011200000
2024,4,37,931,28639.26,25504.36,588.97,27.394586466165414,0.6326208378088077,2024,4,37,3369,-2438,1711929600000
2025,10,264,6591,216355.14,149738.31,28009.06,22.718602639963585,4.249591867698377,2025,10,264,8273,-1682,1759276800000
2017,6,144,108805,1659175.16,1337701.2,185942.48,12.294482790312944,1.7089516106796563,2017,6,144,94083,14722,1496275200000
2019,6,61,2156,54051.59,48657.11,1343.8700000000001,22.56823283858998,0.6233163265306123,2019,6,61,11196,-9040,1559347200000
2016,2,140,197832,2782407.29,2245238.28,303578.3,11.349216911318694,1.5345257592300536,2016,2,140,201759,-3927,1454284800000
2020,4,165,52,1231.42,1068.28,87.96000000000001,20.543846153846154,1.6915384615384617,2020,4,165,112,-60,1585699200000
2017,6,173,322,5213.36,4461.71,286.51,13.856242236024844,0.8897826086956522,2017,6,173,2707,-2385,1496275200000
2019,9,60,147,4428.38,3805.48,28.7,25.887619047619047,0.19523809523809524,2019,9,60,536,-389,1567296000000
2022,4,48,113540,2087262.51,1379630.41,264321.23,12.151051699841465,2.3280009688215606,2022,4,48,97362,16178,1648771200000
2021,9,51,344,15754.84,13625.09,111.49,39.60781976744186,0.3240988372093023,2021,9,51,772,-428,1630454400000
2022,7,114,39027,701006.2300000001,463106.33,92733.02,11.866306147026418,2.3761247341584033,2022,7,114,31294,7733,1656633600000
2024,8,141,64743,1305313.82,844317.61,159947.64,13.041064053256722,2.4705009035725873,2024,8,141,73574,-8831,1722470400000
2021,11,161,142504,2562543.36,1681052.36,330448.52,11.796527536069163,2.3188718913153314,2021,11,161,129527,12977,1635724800000
2020,9,234,32864,519038.57,335618.05,63588.28,10.212331122200585,1.9348916747809153,2020,9,234,27706,5158,1598918400000
2019,11,117,212,11040.38,9716.61,1.75,45.833066037735854,0.008254716981132075,2019,11,117,758,-546,1572566400000
2018,2,157,332,14092.94,11237.0,1494.28,33.846385542168676,4.500843373493976,2018,2,157,2288,-1956,1517443200000
2016,7,178,168,2556.47,1971.51,318.48,11.735178571428571,1.895714285714286,2016,7,178,829,-661,1467331200000
2016,5,105,10,217.39000000000001,178.0,27.89,17.8,2.789,2016,5,105,11,-1,1462060800000
2019,10,244,7120,142794.56999999998,115266.47,12219.95,16.18911095505618,1.7162851123595506,2019,10,244,23206,-16086,1569888000000
2019,12,243,1324,32723.4,26910.73,2592.53,20.325324773413897,1.9581042296072508,2019,12,243,12774,-11450,1575158400000
2020,10,128,51,2009.17,1754.53,105.3,34.40254901960784,2.064705882352941,2020,10,128,142,-91,1601510400000
2020,11,82,642,16154.74,13716.02,1101.04,21.364517133956387,1.7150155763239874,2020,11,82,1543,-901,1604188800000
2022,1,212,60,1907.46,1726.75,19.96,28.779166666666665,0.33266666666666667,2022,1,212,286,-226,1640995200000
2016,12,255,13298,205043.32,163795.62,23933.24,12.317312377801173,1.7997623702812455,2016,12,255,31873,-18575,1480550400000
2017,5,32,45,1037.67,848.26,76.67,18.85022222222222,1.7037777777777778,2017,5,32,672,-627,1493596800000
2022,12,38,97,4839.58,4389.97,74.55,45.257422680412375,0.7685567010309278,2022,12,38,558,-461,1669852800000
2023,5,113,46895,1085833.8299999998,714268.3,143853.95,15.231225077300353,3.0675754344812884,2023,5,113,43398,3497,1682899200000
2023,6,183,25,914.16,814.8199999999999,20.04,32.5928,0.8016,2023,6,183,155,-130,1685577600000
2024,8,91,858,26123.89,24674.24,76.99,28.75785547785548,0.08973193473193472,2024,8,91,1527,-669,1722470400000
2024,4,242,222,7429.92,6645.63,26.67,29.93527027027027,0.12013513513513514,2024,4,242,618,-396,1711929600000
2025,7,233,44566,1052905.64,687748.99,106568.38,15.43214535744738,2.3912484853924516,2025,7,233,57199,-12633,1751328000000
2020,11,251,9,552.67,363.05,42.6,40.33888888888889,4.733333333333333,2020,11,251,19,-10,1604188800000
2024,3,184,15,759.9399999999999,642.36,42.44,42.824,2.829333333333333,2024,3,184,35,-20,1709251200000
2016,10,43,141166,2017755.36,1652185.85,199378.23,11.703851139792869,1.4123672130683027,2016,10,43,126591,14575,1475280000000
2020,10,37,785,22887.48,19529.75,1811.86,24.878662420382167,2.308101910828025,2020,10,37,2167,-1382,1601510400000
2021,3,229,43630,642937.06,406260.56,79304.05,9.311495759798303,1.8176495530598213,2021,3,229,43517,113,1614556800000
2017,4,124,98,5894.81,5001.13,489.49,51.031938775510206,4.994795918367347,2017,4,124,1107,-1009,1491004800000
2018,4,227,176,4495.11,3983.5,189.65,22.633522727272727,1.0775568181818183,2018,4,227,2049,-1873,1522540800000
2025,11,84,1,-1.64,-3.14,0.0,-3.14,0.0,2025,11,84,36,-35,1761955200000
2017,10,235,141,2581.65,2286.11,71.52,16.21354609929078,0.5072340425531915,2017,10,235,1361,-1220,1506816000000
2018,8,205,342,12555.59,11372.91,315.79,33.254122807017545,0.9233625730994153,2018,8,205,1798,-1456,1533081600000
2022,6,47,83,2423.67,2133.96,26.9,25.710361445783132,0.32409638554216863,2022,6,47,379,-296,1654041600000
2016,2,124,52,2615.74,2179.11,229.37,41.90596153846154,4.410961538461539,2016,2,124,993,-941,1454284800000
2021,1,255,191,5213.14,4276.8,494.1,22.391623036649214,2.586910994764398,2021,1,255,1879,-1688,1609459200000
2021,10,263,77298,1311125.27,856489.84,167115.19,11.080362234469197,2.161960076586716,2021,10,263,76546,752,1633046400000
2019,7,250,267,7921.56,6862.47,61.79,25.702134831460675,0.23142322097378276,2019,7,250,844,-577,1561939200000
2021,2,53,54,2081.98,1777.7,44.79,32.92037037037037,0.8294444444444444,2021,2,53,196,-142,1612137600000
2020,3,190,91,1716.16,1418.69,112.14,15.59,1.2323076923076923,2020,3,190,409,-318,1583020800000
2024,11,200,183,7604.85,6712.5,117.83,36.68032786885246,0.643879781420765,2024,11,200,1100,-917,1730419200000
2024,12,256,2360,73504.74,62217.2,4155.84,26.363220338983048,1.760949152542373,2024,12,256,7922,-5562,1733011200000
2025,4,202,359,11198.8,9429.16,359.41,26.26506963788301,1.001142061281337,2025,4,202,1931,-1572,1743465600000
2016,10,32,38,879.76,800.51,20.69,21.06605263157895,0.5444736842105263,2016,10,32,791,-753,1475280000000
2023,6,252,41,2136.41,1797.21,190.6,43.83439024390244,4.648780487804878,2023,6,252,618,-577,1685577600000
2024,1,80,676,22380.66,18483.01,1740.11,27.341730769230768,2.574127218934911,2024,1,80,3276,-2600,1704067200000
2025,3,179,2751,71236.01,59583.5,1380.46,21.65885132679026,0.5018029807342784,2025,3,179,4476,-1725,1740787200000
2019,2,130,1371,66554.77,55232.92,4252.65,40.286593727206416,3.1018599562363236,2019,2,130,2625,-1254,1548979200000
2025,8,230,109457,2852876.42,1881673.39,319265.13,17.190982668993303,2.9168087011337787,2025,8,230,111226,-1769,1754006400000
2025,3,113,60373,1308884.86,829306.44,149036.88,13.73637950739569,2.468601527172743,2025,3,113,53896,6477,1740787200000
2019,12,10,2478,156396.24,120446.76,16753.9,48.6064406779661,6.761057304277644,2019,12,10,6262,-3784,1575158400000
2018,7,41,28530,373397.89,305637.44,31728.81,10.71284402383456,1.1121209253417457,2018,7,41,49792,-21262,1530403200000
2022,3,148,34995,691198.29,470092.16,91058.73,13.433123589084154,2.6020497213887697,2022,3,148,36245,-1250,1646092800000
2023,6,242,176,4893.94,4420.54,20.5,25.116704545454546,0.11647727272727272,2023,6,242,498,-322,1685577600000
2016,1,98,74,1644.75,1439.34,107.11,19.45054054054054,1.4474324324324324,2016,1,98,1046,-972,1451606400000
2020,10,158,8323,142632.88999999998,92831.78,19116.32,11.153644118707197,2.296806439985582,2020,10,158,12560,-4237,1601510400000
2022,8,158,24682,478590.08,319725.77,63064.8,12.953803176403857,2.5550927801636822,2022,8,158,30098,-5416,1659312000000
2025,2,224,7791,155031.75,104043.19,8927.15,13.354279296624311,1.1458285200872802,2025,2,224,15201,-7410,1738368000000
2017,5,85,243,4112.25,3563.0,233.88,14.662551440329219,0.9624691358024691,2017,5,85,1532,-1289,1493596800000
2022,3,139,139,6597.03,5913.54,146.99,42.54345323741007,1.0574820143884893,2022,3,139,608,-469,1646092800000
2016,11,134,456,13284.99,10878.15,1253.6,23.855592105263156,2.7491228070175437,2016,11,134,2241,-1785,1477958400000
2019,10,30,7,378.53,322.79,0.0,46.112857142857145,0.0,2019,10,30,38,-31,1569888000000
2023,8,15,37,1910.73,1691.3,98.94,45.71081081081081,2.674054054054054,2023,8,15,454,-417,1690848000000
2017,7,119,323,6144.13,5357.3,355.17,16.58606811145511,1.0995975232198143,2017,7,119,2092,-1769,1498867200000
2025,4,248,623,18847.42,16581.76,40.74,26.615987158908506,0.06539325842696629,2025,4,248,661,-38,1743465600000
2016,3,24,36174,510521.60000000003,412563.92,52753.74,11.404984795709625,1.4583330568916901,2016,3,24,38429,-2255,1456790400000
2016,3,106,2706,42658.44,34142.25,4921.59,12.617239467849224,1.818769401330377,2016,3,106,7481,-4775,1456790400000
2020,10,156,16,1110.54,782.02,94.3,48.87625,5.89375,2020,10,156,45,-29,1601510400000
2018,2,215,646,37790.12,29825.87,4174.57,46.1700773993808,6.462182662538699,2018,2,215,809,-163,1517443200000
2016,12,65,14199,256728.44,213222.33,26744.63,15.016714557363194,1.8835572927670963,2016,12,65,19696,-5497,1480550400000
2020,1,232,8232,173676.36000000002,126597.32,16813.03,15.378683187560739,2.0423991739552965,2020,1,232,26225,-17993,1577836800000
2022,2,202,64,1810.07,1434.83,250.14000000000001,22.41921875,3.9084375000000002,2022,2,202,1377,-1313,1643673600000
2025,5,218,891,27872.62,25447.22,218.82,28.560291806958475,0.24558922558922558,2025,5,218,1812,-921,1746057600000
2016,4,212,134,2474.69,2077.1,174.91,15.500746268656716,1.3052985074626866,2016,4,212,1399,-1265,1459468800000
2019,6,175,98,3777.68,3282.92,204.28,33.49918367346939,2.0844897959183672,2019,6,175,645,-547,1559347200000
2017,11,109,4,405.55,358.5,22.25,89.625,5.5625,2017,11,109,78,-74,1509494400000
2017,12,129,5451,81496.36,69258.87,4823.58,12.705718216840946,0.8848981838194826,2017,12,129,17220,-11769,1512086400000
2020,7,216,344,15963.210000000001,14411.83,608.51,41.89485465116279,1.768924418604651,2020,7,216,666,-322,1593561600000
2021,2,145,1104,16621.6,12813.47,1383.34,11.606403985507246,1.2530253623188405,2021,2,145,3726,-2622,1612137600000
2021,11,46,4,227.0,191.16,21.09,47.79,5.2725,2021,11,46,60,-56,1635724800000
2023,3,191,238,9824.56,8772.8,85.81,36.86050420168067,0.360546218487395,2023,3,191,810,-572,1677628800000
2025,8,69,1549,41491.88,37263.48,206.27,24.056475145255007,0.13316333118140736,2025,8,69,2568,-1019,1754006400000
2016,2,143,119529,1542506.09,1232357.2,171910.74,10.310110517113001,1.438234570689958,2016,2,143,128588,-9059,1454284800000
2016,12,252,56,3341.77,2305.7,902.4300000000001,41.17321428571428,16.114821428571428,2016,12,252,1265,-1209,1480550400000
2017,1,209,17624,316963.0,258803.65,36105.91,14.684728211529732,2.048678506581934,2017,1,209,24262,-6638,1483228800000
2019,4,196,806,26043.73,21442.93,1492.49,26.604131513647644,1.8517245657568238,2019,4,196,2975,-2169,1554076800000
2022,1,178,19,611.5,514.74,22.259999999999998,27.091578947368422,1.171578947368421,2022,1,178,270,-251,1640995200000
2016,6,118,17,489.96,369.01,62.61,21.706470588235295,3.6829411764705884,2016,6,118,204,-187,1464739200000
2017,9,59,2,13.1,11.5,0.0,5.75,0.0,2017,9,59,45,-43,1504224000000
2023,1,31,9,453.07,408.49,13.48,45.38777777777778,1.4977777777777779,2023,1,31,109,-100,1672531200000
2021,12,76,456,18834.49,16572.58,258.94,36.34337719298246,0.5678508771929824,2021,12,76,1374,-918,1638316800000
2019,11,58,28,937.77,706.42,136.06,25.229285714285712,4.859285714285714,2019,11,58,138,-110,1572566400000
2020,12,260,755,16662.06,13913.97,1300.54,18.429099337748344,1.722569536423841,2020,12,260,1650,-895,1606780800000
2016,3,119,320,4717.84,4105.81,200.19,12.83065625,0.62559375,2016,3,119,2622,-2302,1456790400000
2024,1,89,595,20377.44,18371.15,586.72,30.87588235294118,0.9860840336134454,2024,1,89,2409,-1814,1704067200000
2021,3,128,67,2116.86,1818.11,48.06,27.13597014925373,0.7173134328358209,2021,3,128,178,-111,1614556800000
2024,8,146,1754,43067.61,33933.88,3516.34,19.346567844925882,2.0047548460661346,2024,8,146,2513,-759,1722470400000
2018,1,147,89,1532.61,1346.2,72.53,15.125842696629213,0.8149438202247191,2018,1,147,930,-841,1514764800000
2024,3,149,166,5745.8,5186.31,83.59,31.242831325301207,0.5035542168674699,2024,3,149,569,-403,1709251200000
2016,10,196,1085,26594.32,21424.92,2305.43,19.746470046082948,2.1248202764976956,2016,10,196,4353,-3268,1475280000000
2023,11,163,103170,2594978.7,1728690.09,338399.59,16.755743820878163,3.2800192885528743,2023,11,163,85855,17315,1698796800000
2023,3,68,85434,2103887.98,1403378.77,271901.74000000005,16.426466863309688,3.182594049207576,2023,3,68,84180,1254,1677628800000
2024,1,37,563,19218.63,16983.16,756.3,30.165470692717584,1.3433392539964475,2024,1,37,2759,-2196,1704067200000
2016,8,13,100231,1987721.35,1615689.82,233493.65,16.11966178128523,2.329555227424649,2016,8,13,106434,-6203,1470009600000
2025,4,126,677,19191.43,16962.22,51.65,25.054977843426887,0.07629246676514033,2025,4,126,856,-179,1743465600000
2023,11,241,150,5343.82,4875.45,42.57,32.503,0.2838,2023,11,241,464,-314,1698796800000
2024,9,8,26,1193.34,977.23,104.59,37.58576923076923,4.022692307692308,2024,9,8,69,-43,1725148800000
2024,7,201,145,6258.57,5744.85,2.02,39.61965517241379,0.013931034482758621,2024,7,201,375,-230,1719792000000
2021,9,249,65125,1162550.01,759711.71,158185.19,11.665438925143953,2.428947255278311,2021,9,249,53236,11889,1630454400000
2016,6,109,6,428.85,368.5,33.89,61.416666666666664,5.648333333333333,2016,6,109,104,-98,1464739200000
2017,7,197,359,11629.93,9607.28,975.22,26.76122562674095,2.716490250696379,2017,7,197,2272,-1913,1498867200000
2017,10,11,69,2455.56,2203.51,114.3,31.934927536231886,1.6565217391304348,2017,10,11,653,-584,1506816000000
2020,7,182,303,11787.22,10363.81,393.83,34.20399339933993,1.2997689768976897,2020,7,182,542,-239,1593561600000
2025,5,257,923,23542.59,17528.56,325.71999999999997,18.990855904658723,0.3528927410617551,2025,5,257,2369,-1446,1746057600000
2019,3,118,19,1033.67,825.0,90.48,43.421052631578945,4.762105263157895,2019,3,118,167,-148,1551398400000
2020,2,66,2371,49869.77,38038.02,5783.26,16.043028258118937,2.4391649093209615,2020,2,66,8753,-6382,1580515200000
2019,12,19,197,7472.98,6732.03,137.25,34.17274111675127,0.6967005076142132,2019,12,19,587,-390,1575158400000
2018,12,188,1754,41594.69,37076.21,1315.7,21.13809007981756,0.7501140250855188,2018,12,188,6319,-4565,1543622400000
2020,2,231,105672,2034619.18,1383023.72,253235.01,13.08789196759785,2.3964248807631163,2020,2,231,106509,-837,1580515200000
2023,9,106,186,6667.95,5524.34,569.19,29.700752688172045,3.060161290322581,2023,9,106,1019,-833,1693526400000
2016,5,237,465263,5769327.05,4613186.6,610662.36,9.915223432768132,1.312510042707028,2016,5,237,402123,63140,1462060800000
2018,8,172,13,693.73,613.31,29.21,47.177692307692304,2.246923076923077,2018,8,172,106,-93,1533081600000
2020,11,89,923,30723.84,26093.49,2445.46,28.27030335861322,2.649469122426869,2020,11,89,1973,-1050,1604188800000
2023,9,107,57791,1342148.51,890611.44,168161.06,15.410902043570797,2.909813984876538,2023,9,107,53571,4220,1693526400000
2019,2,209,13436,309015.46,228590.61,31297.25,17.013293390890144,2.3293576957427806,2019,2,209,18809,-5373,1548979200000
2023,2,203,128,5771.82,5157.14,178.23,40.29015625,1.392421875,2023,2,203,554,-426,1675209600000
2024,10,10,1505,97993.54,78746.44,10642.9,52.32321594684385,7.071694352159469,2024,10,10,3908,-2403,1727740800000
2025,6,227,930,27584.96,24245.87,150.32,26.070827956989245,0.16163440860215053,2025,6,227,1887,-957,1748736000000
2019,8,50,53919,935695.17,634850.54,97899.9,11.774152710547304,1.8156846380682132,2019,8,50,74204,-20285,1564617600000
2024,4,134,425,24216.97,20276.28,2374.3,47.708894117647056,5.586588235294118,2024,4,134,1173,-748,1711929600000
2024,3,24,9252,205772.82,149068.88,22657.99,16.112070903588414,2.4489829226113273,2024,3,24,12105,-2853,1709251200000
2022,3,221,6,124.56,102.0,5.0,17.0,0.8333333333333334,2022,3,221,52,-46,1646092800000
2025,6,177,3058,90135.02,81792.41,242.1,26.747027468933943,0.07916939175931982,2025,6,177,3332,-274,1748736000000
2021,12,121,95,3461.56,3017.67,54.33,31.764947368421055,0.5718947368421052,2021,12,121,562,-467,1638316800000
2017,10,21,68,1694.61,1517.5,90.19,22.316176470588236,1.3263235294117646,2017,10,21,968,-900,1506816000000
2017,12,258,103,2575.89,2283.5,101.83,22.16990291262136,0.9886407766990291,2017,12,258,1454,-1351,1512086400000
2025,5,26,1472,31921.53,28381.81,51.57,19.281120923913043,0.03503396739130435,2025,5,26,2477,-1005,1746057600000
2024,8,49,934,28956.09,26024.33,1110.09,27.863308351177732,1.1885331905781584,2024,8,49,4606,-3672,1722470400000
2025,6,224,9896,218853.2,152580.92,11021.2,15.418443815683105,1.1137025060630559,2025,6,224,17125,-7229,1748736000000
2018,10,76,1306,47092.44,42499.53,997.13,32.54175344563553,0.7634992343032159,2018,10,76,2958,-1652,1538352000000
2024,5,169,362,12372.92,11432.4,58.099999999999994,31.58121546961326,0.16049723756906076,2024,5,169,561,-199,1714521600000
2022,3,201,38,2631.18,2274.0,112.93,59.8421052631579,2.9718421052631583,2022,3,201,305,-267,1646092800000
2019,4,227,249,8792.11,7838.72,62.56,31.480803212851406,0.2512449799196787,2019,4,227,1786,-1537,1554076800000
2017,9,205,36,779.93,667.61,42.9,18.544722222222223,1.1916666666666667,2017,9,205,1129,-1093,1504224000000
2020,5,64,76,3349.03,2899.05,132.0,38.14539473684211,1.736842105263158,2020,5,64,92,-16,1588291200000
2024,6,10,1335,89410.51,72324.86,8916.35,54.17592509363296,6.678913857677903,2024,6,10,3415,-2080,1717200000000
2025,3,126,921,25704.97,22786.45,62.68,24.74098805646037,0.06805646036916395,2025,3,126,955,-34,1740787200000
2025,6,258,1734,48550.85,43780.97,137.96,25.248540945790083,0.07956170703575548,2025,6,258,2605,-871,1748736000000
2023,7,211,21771,525646.07,356556.88,64494.69,16.377606908272472,2.962412842772496,2023,7,211,24194,-2423,1688169600000
2020,10,22,310,10349.51,8896.99,751.86,28.699967741935485,2.4253548387096773,2020,10,22,633,-323,1601510400000
2023,1,218,194,6833.59,6193.9800000000005,54.91,31.927731958762887,0.28304123711340207,2023,1,218,1005,-811,1672531200000
2017,8,207,416,5199.9,4273.9,448.54,10.273798076923075,1.078221153846154,2017,8,207,551,-135,1501545600000
2021,2,250,272,9756.43,7967.69,154.41,29.29297794117647,0.5676838235294117,2021,2,250,460,-188,1612137600000
2017,8,192,105,2369.94,1978.51,179.49,18.84295238095238,1.7094285714285715,2017,8,192,799,-694,1501545600000
2023,5,134,355,19664.21,16159.98,2053.0,45.52107042253521,5.783098591549296,2023,5,134,1121,-766,1682899200000
2019,7,150,114,3928.81,3541.6,119.41,31.066666666666666,1.047456140350877,2019,7,150,543,-429,1561939200000
2016,6,132,257053,14352770.48,11875548.92,1411655.07,46.1988341703851,5.491688756793346,2016,6,132,107147,149906,1464739200000
2016,12,152,10028,147102.55000000002,121327.03,12380.36,12.098826286398085,1.234579178300758,2016,12,152,17891,-7863,1480550400000
2024,11,115,13,492.0,418.92,0.0,32.22461538461538,0.0,2024,11,115,37,-24,1730419200000
2023,10,188,605,20429.43,18482.17,570.63,30.549041322314046,0.9431900826446281,2023,10,188,2849,-2244,1696118400000
2020,4,120,4,70.7,67.0,0.0,16.75,0.0,2020,4,120,31,-27,1585699200000
2023,1,65,1550,47752.38,37071.98,5147.6,23.917406451612905,3.321032258064516,2023,1,65,4024,-2474,1672531200000
2020,10,165,372,12468.1,10681.95,1014.82,28.714919354838713,2.728010752688172,2020,10,165,753,-381,1601510400000
2017,3,172,10,550.3100000000001,435.88,99.38999999999999,43.588,9.938999999999998,2017,3,172,144,-134,1488326400000
2019,12,202,322,9618.56,7921.32,620.76,24.600372670807452,1.9278260869565218,2019,12,202,2805,-2483,1575158400000
2024,10,211,31968,794171.38,548379.38,94233.1,17.154009634634633,2.9477321071071074,2024,10,211,34058,-2090,1727740800000
2019,10,45,12814,273049.62,199164.16,26118.13,15.542700171687217,2.0382495707819572,2019,10,45,18088,-5274,1569888000000
2021,1,156,16,1052.68,792.41,27.73,49.525625,1.733125,2021,1,156,46,-30,1609459200000
2016,4,88,45736,990235.7,808944.72,113646.93,17.687264299457755,2.4848462917614134,2016,4,88,50498,-4762,1459468800000
2025,1,44,3,200.5,169.0,27.5,56.333333333333336,9.166666666666666,2025,1,44,13,-10,1735689600000
2017,10,129,5076,85070.06,72570.6,5312.54,14.296808510638298,1.046599684791174,2017,10,129,16625,-11549,1506816000000
2020,7,57,31,1509.93,1325.87,11.0,42.769999999999996,0.3548387096774194,2020,7,57,33,-2,1593561600000
2025,2,124,397,11549.89,10341.18,202.64,26.04831234256927,0.5104282115869018,2025,2,124,982,-585,1738368000000
2017,9,125,58563,907062.92,721331.84,109529.37999999999,12.317194132814233,1.8702829431552344,2017,9,125,53706,4857,1504224000000
2016,6,95,1986,44239.15,36703.58,3849.37,18.48115810674723,1.9382527693857,2016,6,95,14381,-12395,1464739200000
2016,12,30,1,34.8,33.5,0.0,33.5,0.0,2016,12,30,37,-36,1480550400000
2018,2,219,429,27145.46,22167.13,2786.4900000000002,51.6716317016317,6.4953146853146855,2018,2,219,1306,-877,1517443200000
2020,4,258,41,1359.43,1141.68,93.37,27.845853658536587,2.2773170731707317,2020,4,258,154,-113,1585699200000
2018,7,157,472,19742.07,15755.84,2036.3600000000001,33.381016949152546,4.314322033898305,2018,7,157,2544,-2072,1530403200000
2018,7,2,5,282.41,238.0,23.13,47.6,4.6259999999999994,2018,7,2,2,3,1530403200000
2016,9,50,106459,1631789.4000000001,1323617.88,168561.62,12.433123362045482,1.5833477676852121,2016,9,50,118998,-12539,1472688000000
2018,5,35,379,10817.31,9976.0,234.84,26.321899736147756,0.6196306068601584,2018,5,35,1513,-1134,1525132800000
2022,2,263,68463,1118026.9400000002,719675.56,145830.19,10.511890510202592,2.1300584257190014,2022,2,263,68519,-56,1643673600000
2022,11,183,31,1045.8,898.2,54.3,28.9741935483871,1.7516129032258063,2022,11,183,157,-126,1667260800000
2023,9,228,256,11006.96,9007.7,753.71,35.186328125,2.9441796875,2023,9,228,1524,-1268,1693526400000
2024,1,14,403,16581.21,14312.79,486.66,35.51560794044665,1.207593052109181,2024,1,14,1844,-1441,1704067200000
2025,3,250,782,24195.87,21363.83,65.79,27.31947570332481,0.0841304347826087,2025,3,250,787,-5,1740787200000
2025,5,146,5117,124814.28,100273.25,4527.0,19.59610123119015,0.8846980652726206,2025,5,146,4367,750,1746057600000
2025,5,210,1104,27827.06,24966.0,120.09,22.61413043478261,0.10877717391304348,2025,5,210,1789,-685,1746057600000
2017,9,7,15127,210788.1,176800.07,15445.439999999999,11.687715343425664,1.0210511006809015,2017,9,7,41042,-25915,1504224000000
2016,10,216,645,34938.57,28275.420000000002,3959.12,43.83786046511628,6.138170542635659,2016,10,216,3906,-3261,1475280000000
2018,6,43,133072,1852506.35,1492883.37,200411.62,11.218613757965613,1.50603898641337,2018,6,43,110348,22724,1527811200000
2023,5,182,135,4574.26,4000.14,90.0,29.630666666666666,0.6666666666666666,2023,5,182,369,-234,1682899200000
2016,1,215,684,41135.78,33261.07,4580.19,48.627295321637426,6.696184210526315,2016,1,215,1025,-341,1451606400000
2018,10,134,699,26762.47,22035.67,2172.27,31.52456366237482,3.1076824034334765,2018,10,134,2140,-1441,1538352000000
2021,7,124,117,5163.0199999999995,4299.33,148.37,36.74641025641026,1.268119658119658,2021,7,124,648,-531,1625097600000
2019,1,58,24,967.0400000000001,821.07,73.99,34.21125,3.0829166666666663,2019,1,58,175,-151,1546300800000
2016,12,38,37,1659.85,1419.0,159.77,38.351351351351354,4.318108108108109,2016,12,38,587,-550,1480550400000
2019,8,5,43,3748.35,3311.58,78.66,77.01348837209302,1.8293023255813952,2019,8,5,106,-63,1564617600000
2022,1,8,19,946.78,752.7,75.58,39.61578947368421,3.977894736842105,2022,1,8,58,-39,1640995200000
2023,5,152,2396,55594.58,42561.51,5515.72,17.763568447412354,2.302053422370618,2023,5,152,5092,-2696,1682899200000
2024,8,245,9,493.03000000000003,409.13,0.0,45.458888888888886,0.0,2024,8,245,45,-36,1722470400000
2016,11,164,243273,3652433.73,2909317.75,394777.8,11.959065535427277,1.6227768802949771,2016,11,164,213781,29492,1477958400000
2023,6,89,450,16896.9,14523.36,875.39,32.27413333333333,1.945311111111111,2023,6,89,3032,-2582,1685577600000
2023,4,235,181,7702.63,6858.7300000000005,99.6,37.893535911602214,0.5502762430939226,2023,4,235,527,-346,1680307200000
2016,12,126,110,2315.59,1857.0,290.61,16.881818181818183,2.641909090909091,2016,12,126,1263,-1153,1480550400000
2021,11,47,154,6070.78,5209.41,64.07,33.82733766233766,0.416038961038961,2021,11,47,387,-233,1635724800000
2017,10,188,1017,15711.43,13343.41,1176.11,13.120363815142577,1.1564503441494591,2017,10,188,6597,-5580,1506816000000
2019,3,221,17,894.51,674.9,88.64,39.699999999999996,5.214117647058823,2019,3,221,172,-155,1551398400000
2019,10,63,323,10936.05,9448.89,220.51,29.253529411764703,0.6826934984520123,2019,10,63,1095,-772,1569888000000
2016,2,17,4724,64548.340000000004,52443.5,6252.34,11.101502963590178,1.3235266723116004,2016,2,17,23187,-18463,1454284800000
2023,9,175,46,1804.36,1675.46,19.2,36.42304347826087,0.41739130434782606,2023,9,175,334,-288,1693526400000
2019,1,182,603,20291.85,17940.02,146.95,29.751276948590384,0.243698175787728,2019,1,182,1460,-857,1546300800000
2021,10,221,5,271.35,228.1,0.0,45.62,0.0,2021,10,221,72,-67,1633046400000
2023,3,30,3,75.69,64.7,4.54,21.566666666666666,1.5133333333333334,2023,3,30,36,-33,1677628800000
2025,5,24,13192,275205.31,196128.51,23380.55,14.867230897513645,1.7723279260157672,2025,5,24,15127,-1935,1746057600000
2022,3,142,116788,1926583.37,1233729.49,258497.28,10.563837808678974,2.213389046819879,2022,3,142,100560,16228,1646092800000
2017,3,77,78,2046.98,1716.5,171.87,22.006410256410255,2.2034615384615384,2017,3,77,750,-672,1488326400000
2025,3,238,73002,1521444.3699999999,1002344.5599999999,172900.1,13.730371222706227,2.368429632064875,2025,3,238,83604,-10602,1740787200000
2016,4,45,27085,436927.68,361090.79,43086.19,13.331762599224662,1.5907768137345395,2016,4,45,31286,-4201,1459468800000
2025,6,154,108,3390.9,2777.89,169.31,25.721203703703704,1.5676851851851852,2025,6,154,491,-383,1748736000000
2025,3,226,7665,229851.62,189375.74,12192.38,24.706554468362686,1.5906562296151336,2025,3,226,7520,145,1740787200000
2018,6,39,463,16083.96,14570.3,518.25,31.469330453563714,1.119330453563715,2018,6,39,2030,-1567,1527811200000
2019,8,125,34262,614313.11,409338.52,74720.5,11.94730371840523,2.1808563423034264,2019,8,125,31253,3009,1564617600000
2016,2,183,18,348.31,295.0,29.37,16.38888888888889,1.6316666666666668,2016,2,183,602,-584,1454284800000
2016,11,18,138,1782.3300000000002,1513.5,92.0,10.967391304347826,0.6666666666666666,2016,11,18,1422,-1284,1477958400000
2017,1,195,434,9157.29,7431.95,836.35,17.124308755760367,1.927073732718894,2017,1,195,3499,-3065,1483228800000
2016,8,68,251666,3578031.58,2852751.84,388786.98,11.335467802563715,1.5448530194781973,2016,8,68,230644,21022,1470009600000
2018,4,171,142,4410.77,3760.5,267.90999999999997,26.482394366197184,1.8866901408450703,2018,4,171,1355,-1213,1522540800000
2018,8,249,155618,2125339.7899999996,1671915.06,256958.63999999998,10.743712552532484,1.651214126900487,2018,8,249,125058,30560,1533081600000
2017,7,130,754,36136.55,29185.08,3538.18,38.7070026525199,4.692546419098143,2017,7,130,2633,-1879,1498867200000
2018,2,194,286,16451.49,12630.29,1944.0,44.16185314685315,6.7972027972027975,2018,2,194,435,-149,1517443200000
2018,2,151,75305,968248.45,772961.52,107450.56000000001,10.264411659252374,1.4268715224752675,2018,2,151,72368,2937,1517443200000
2022,8,67,42,1516.8,1263.67,53.43,30.087380952380954,1.2721428571428572,2022,8,67,487,-445,1659312000000
2018,5,45,20869,369126.04,308117.77,34693.46,14.764376347692751,1.6624399827495329,2018,5,45,25929,-5060,1525132800000
2023,11,242,213,6522.35,5902.76,105.21,27.7124882629108,0.493943661971831,2023,11,242,544,-331,1698796800000
2022,11,235,137,6197.95,5524.51,100.68,40.324890510948904,0.7348905109489051,2022,11,235,491,-354,1667260800000
2017,5,172,4,367.70000000000005,264.0,100.0,66.0,25.0,2017,5,172,114,-110,1493596800000
2018,3,21,126,3574.41,3194.56,190.74,25.353650793650793,1.513809523809524,2018,3,21,1124,-998,1519862400000
2024,1,132,145242,11122112.83,8627856.64,1287358.55,59.40331749769351,8.863541881824817,2024,1,132,31307,113935,1704067200000
2025,7,162,125145,2951114.35,1871487.39,361361.23,14.954551839865754,2.8875402932598186,2025,7,162,109657,15488,1751328000000
2017,1,265,4523,351587.26,296695.87,39875.22,65.59714127791288,8.816099933672342,2017,1,265,21222,-16699,1483228800000
2017,2,14,307,7334.75,6175.83,502.12,20.11671009771987,1.6355700325732898,2017,2,14,7157,-6850,1485907200000
2016,3,126,115,2150.27,1837.5,119.03,15.978260869565217,1.0350434782608695,2016,3,126,1545,-1430,1456790400000
2020,6,91,402,15516.81,14125.02,472.55,35.13686567164179,1.1754975124378109,2020,6,91,578,-176,1590969600000
2020,5,191,177,7821.86,7008.88,202.62,39.59819209039548,1.1447457627118645,2020,5,191,263,-86,1588291200000
2021,5,235,524,17533.2,15284.37,134.73,29.16864503816794,0.257118320610687,2021,5,235,1252,-728,1619827200000
2024,1,79,65935,1445110.99,949425.13,182303.78,14.399410480018199,2.764901493895503,2024,1,79,59087,6848,1704067200000
2023,4,161,149098,3657145.26,2406436.64,471501.24,16.139965928449744,3.162357912245637,2023,4,161,123017,26081,1680307200000
2016,4,263,208094,2839384.48,2261132.73,321676.44,10.865919872749815,1.545822753178852,2016,4,263,209381,-1287,1459468800000
2016,4,52,7778,146710.02,119258.35,18354.51,15.332778349190024,2.359798148624325,2016,4,52,10607,-2829,1459468800000
2017,8,234,283352,4063174.6,3229633.56,458989.57,11.397955758208871,1.619856468279737,2017,8,234,244318,39034,1501545600000
2016,5,154,36,1592.8,1303.0,167.52,36.19444444444444,4.653333333333333,2016,5,154,113,-77,1462060800000
2016,2,160,214,5170.51,4216.14,519.83,19.70158878504673,2.4291121495327106,2016,2,160,3475,-3261,1454284800000
2016,6,77,87,2040.59,1616.3,286.40999999999997,18.57816091954023,3.292068965517241,2016,6,77,950,-863,1464739200000
2023,9,68,79790,2115744.1,1449038.7,267164.51,18.16065547061035,3.3483457826795338,2023,9,68,74044,5746,1693526400000
2017,9,15,21,798.38,699.06,59.4,33.28857142857142,2.8285714285714283,2017,9,15,765,-744,1504224000000
2021,2,239,45035,679530.37,430566.14,89560.28,9.560700344176752,1.9886816920173198,2021,2,239,42310,2725,1612137600000
2023,10,3,90,2994.7,2717.97,44.73,30.199666666666666,0.49699999999999994,2023,10,3,280,-190,1696118400000
2024,11,128,37,1400.92,1191.05,84.39,32.19054054054054,2.2808108108108107,2024,11,128,324,-287,1730419200000
2025,2,145,6321,160664.77,128902.94,6950.81,20.39280809998418,1.0996377155513368,2025,2,145,8941,-2620,1738368000000
2019,1,212,374,10527.12,9449.42,83.35,25.265828877005347,0.2228609625668449,2019,1,212,1260,-886,1546300800000
2018,6,31,52,1705.74,1484.0,98.76,28.53846153846154,1.8992307692307693,2018,6,31,493,-441,1527811200000
2020,4,257,30,950.4,790.14,103.16,26.338,3.4386666666666668,2020,4,257,96,-66,1585699200000
2022,7,3,44,1685.56,1485.0,40.45,33.75,0.9193181818181819,2022,7,3,251,-207,1656633600000
2017,12,221,7,293.57,262.5,3.45,37.5,0.4928571428571429,2017,12,221,187,-180,1512086400000
2018,4,85,273,6657.05,5900.81,253.85999999999999,21.614688644688645,0.9298901098901098,2018,4,85,1374,-1101,1522540800000
2022,1,157,119,4505.43,3395.98,609.15,28.53764705882353,5.11890756302521,2022,1,157,820,-701,1640995200000
2025,10,217,703,17694.25,15013.42,384.34,21.356216216216215,0.5467140825035561,2025,10,217,1613,-910,1759276800000
2024,2,1,287,27271.3,23715.03,2575.15,82.63076655052265,8.972648083623694,2024,2,1,7124,-6837,1706745600000
2017,2,185,67,948.0600000000001,821.5,51.019999999999996,12.261194029850746,0.7614925373134328,2017,2,185,1040,-973,1485907200000
2018,10,259,242,8954.93,7989.29,311.19,33.01359504132231,1.285909090909091,2018,10,259,916,-674,1538352000000
2018,4,250,177,4635.7300000000005,4087.5,172.33999999999997,23.093220338983052,0.9736723163841806,2018,4,250,881,-704,1522540800000
2021,12,37,373,12059.0,9967.710000000001,1036.34,26.723083109919575,2.778391420911528,2021,12,37,3535,-3162,1638316800000
2018,10,54,369,6703.11,5441.58,730.38,14.746829268292682,1.9793495934959349,2018,10,54,2372,-2003,1538352000000
2020,9,181,1137,28742.72,24132.93,2730.69,21.22509234828496,2.4016622691292877,2020,9,181,3101,-1964,1598918400000
2020,5,149,90,3508.67,3059.13,144.51,33.99033333333333,1.6056666666666666,2020,5,149,145,-55,1588291200000
2024,11,36,1202,35488.9,31145.39,751.97,25.91130615640599,0.6255990016638935,2024,11,36,2546,-1344,1730419200000
2025,4,139,396,15586.6,14377.86,10.79,36.30772727272728,0.027247474747474746,2025,4,139,1018,-622,1743465600000
2021,6,89,729,27086.39,22559.85,788.93,30.946296296296293,1.0822085048010974,2021,6,89,2629,-1900,1622505600000
2020,5,77,270,11426.75,10177.74,195.39000000000001,37.69533333333333,0.7236666666666667,2020,5,77,270,0,1588291200000
2022,9,113,42310,786442.66,520667.95,106334.54,12.306025762231151,2.513224769558024,2022,9,113,38223,4087,1661990400000
2025,7,44,2,89.03,71.15,0.0,35.575,0.0,2025,7,44,28,-26,1751328000000
2016,3,140,210647,3008391.36,2427111.85,328496.68,11.522176199993353,1.5594652665359583,2016,3,140,215143,-4496,1456790400000
2020,7,257,97,2998.71,2519.29,221.44,25.972061855670102,2.2828865979381443,2020,7,257,336,-239,1593561600000
2017,11,112,3794,59379.869999999995,47763.33,6359.8,12.589175013178703,1.6762783342119136,2017,11,112,22010,-18216,1509494400000
2018,9,14,760,23969.03,21072.23,899.25,27.72661842105263,1.1832236842105264,2018,9,14,6164,-5404,1535760000000
2021,5,166,15967,273035.76,199975.78,32661.24,12.524317655163776,2.0455464395315337,2021,5,166,19325,-3358,1619827200000
2023,7,40,332,10688.74,7992.4,1250.99,24.073493975903613,3.768042168674699,2023,7,40,2332,-2000,1688169600000
2016,12,244,10936,198001.64,164591.49,18275.02,15.050428858814922,1.6710881492318947,2016,12,244,38253,-27317,1480550400000
2018,5,217,672,10209.16,8712.03,635.73,12.964330357142858,0.9460267857142858,2018,5,217,2922,-2250,1525132800000
2018,7,183,45,1417.6200000000001,1245.0,41.22,27.666666666666668,0.9159999999999999,2018,7,183,407,-362,1530403200000
2017,3,186,357011,5303481.38,4265682.61,586486.08,11.948322628714523,1.642767533773469,2017,3,186,273963,83048,1488326400000
2021,9,206,10,733.07,585.9,49.019999999999996,58.589999999999996,4.901999999999999,2021,9,206,96,-86,1630454400000
2022,9,89,350,12545.36,10609.2,977.0600000000001,30.312,2.7916000000000003,2022,9,89,2906,-2556,1661990400000
2020,4,239,7542,106416.32,67033.83,12585.28,8.888070803500398,1.668692654468311,2020,4,239,6329,1213,1585699200000
2021,2,70,2762,111515.68,92165.99,7811.71,33.36929398986242,2.828280231716148,2021,2,70,684,2078,1612137600000
2023,2,177,182,6260.35,5717.05,110.7,31.412362637362637,0.6082417582417583,2023,2,177,749,-567,1675209600000
2024,7,58,15,628.25,546.45,17.6,36.43,1.1733333333333333,2024,7,58,104,-89,1719792000000
2016,10,220,220,4497.71,3871.98,284.45,17.59990909090909,1.2929545454545455,2016,10,220,3903,-3683,1475280000000
2023,2,69,200,5568.74,4963.27,140.02,24.816350000000003,0.7001000000000001,2023,2,69,997,-797,1675209600000
2018,4,36,998,18037.18,14869.27,1742.84,14.899068136272545,1.7463326653306612,2018,4,36,6757,-5759,1522540800000
2025,1,240,36,1428.94,1272.05,21.67,35.33472222222222,0.6019444444444445,2025,1,240,83,-47,1735689600000
2018,9,22,310,10577.04,9457.8,223.42,30.509032258064515,0.7207096774193548,2018,9,22,1757,-1447,1535760000000
2025,7,134,1429,51539.0,44467.4,2888.41,31.11784464660602,2.021280615815255,2025,7,134,2323,-894,1751328000000
2016,1,48,337406,4662035.76,3741934.92,488141.8,11.090303432659763,1.446749020467923,2016,1,48,291866,45540,1451606400000
2017,3,190,528,8969.28,7388.7,961.01,13.99375,1.820094696969697,2017,3,190,1810,-1282,1488326400000
2019,8,259,194,6820.13,6187.47,70.78,31.89417525773196,0.3648453608247423,2019,8,259,864,-670,1564617600000
2025,8,21,474,13254.85,12188.02,46.68,25.7131223628692,0.09848101265822785,2025,8,21,1127,-653,1754006400000
2017,6,100,190755,2769640.24,2233582.66,279394.42,11.709169667898614,1.4646767843568975,2017,6,100,145237,45518,1496275200000
2018,4,115,8,451.88,373.0,18.02,46.625,2.2525,2018,4,115,134,-126,1522540800000
2017,3,187,2,80.72999999999999,59.0,18.63,29.5,9.315,2017,3,187,51,-49,1488326400000
2016,2,74,36998,485385.57,401490.01,35420.96,10.851667927996107,0.957374993242878,2016,2,74,82801,-45803,1454284800000
2016,9,203,77,3400.79,3022.3,260.46999999999997,39.250649350649354,3.3827272727272724,2016,9,203,856,-779,1472688000000
2019,5,173,282,6049.87,5240.79,110.03,18.58436170212766,0.390177304964539,2019,5,173,2284,-2002,1556668800000
2020,12,175,39,1558.09,1388.64,92.41,35.60615384615385,2.3694871794871792,2020,12,175,125,-86,1606780800000
2024,1,190,53,1551.72,1320.6,92.3,24.91698113207547,1.741509433962264,2024,1,190,319,-266,1704067200000
2023,3,202,133,4516.53,3678.52,423.06,27.658045112781956,3.1809022556390976,2023,3,202,1871,-1738,1677628800000
2017,7,122,22,443.62,354.5,45.75,16.113636363636363,2.0795454545454546,2017,7,122,405,-383,1498867200000
2023,6,234,87235,1980909.8399999999,1283415.9,259733.95,14.71216713475096,2.977405284576145,2023,6,234,75329,11906,1685577600000
2024,1,216,735,41325.93,34945.78,3891.78,47.54527891156462,5.294938775510205,2024,1,216,2945,-2210,1704067200000
2024,1,242,194,6637.0599999999995,5966.7,77.42999999999999,30.75618556701031,0.39912371134020613,2024,1,242,472,-278,1704067200000
2017,6,10,2279,146412.92,116835.86,15968.99,51.26628345765687,7.007016235190873,2017,6,10,3741,-1462,1496275200000
2016,11,64,42,1268.24,1092.8,105.36,26.01904761904762,2.5085714285714285,2016,11,64,750,-708,1477958400000
2018,4,253,22,1303.96,1137.75,70.35,51.71590909090909,3.1977272727272723,2018,4,253,45,-23,1522540800000
2023,12,41,8397,182464.3,139842.01,15596.86,16.653806121233774,1.857432416339169,2023,12,41,19622,-11225,1701388800000
2018,6,109,1,3.8,2.5,0.0,2.5,0.0,2018,6,109,101,-100,1527811200000
2018,7,136,145,3452.57,3091.37,97.27,21.319793103448276,0.6708275862068965,2018,7,136,1061,-916,1530403200000
2024,8,9,57,2491.79,2248.68,65.63,39.45052631578947,1.1514035087719297,2024,8,9,393,-336,1722470400000
2022,6,86,142,7120.69,6585.52,112.32,46.376901408450706,0.7909859154929577,2022,6,86,719,-577,1654041600000
2016,2,262,135475,1845134.69,1480047.83,204058.88,10.924877874146523,1.5062474995386603,2016,2,262,144451,-8976,1454284800000
2016,7,59,6,371.34000000000003,306.83,57.21,51.13833333333333,9.535,2016,7,59,64,-58,1467331200000
2017,2,145,10731,172222.33000000002,137469.93,16686.35,12.810542353927872,1.5549669182741588,2017,2,145,27879,-17148,1485907200000
2020,8,64,121,5048.43,4292.16,265.15,35.47239669421487,2.1913223140495868,2020,8,64,195,-74,1596240000000
2025,10,56,927,27393.46,23449.82,555.75,25.296461704422867,0.5995145631067961,2025,10,56,2642,-1715,1759276800000
2018,5,157,392,15718.92,12557.85,1691.06,32.03533163265306,4.313928571428571,2018,5,157,2826,-2434,1525132800000
2018,12,19,166,6807.67,6289.8,97.97,37.890361445783135,0.5901807228915663,2018,12,19,537,-371,1543622400000
2018,12,119,458,13046.33,11345.62,433.24,24.772096069868997,0.9459388646288209,2018,12,119,1811,-1353,1543622400000
2022,5,115,10,598.1,480.5,36.4,48.05,3.6399999999999997,2022,5,115,50,-40,1651363200000
2016,10,260,7263,113844.37,97194.86,7258.54,13.382191931708661,0.999385928679609,2016,10,260,14187,-6924,1475280000000
2016,6,148,171381,2797217.7600000002,2265809.48,312891.09,13.220890763853635,1.825704658042607,2016,6,148,122849,48532,1464739200000
2025,2,15,117,4107.84,3585.98,44.07,30.649401709401708,0.37666666666666665,2025,2,15,452,-335,1738368000000
2019,11,196,806,30665.44,24618.29,2549.2599999999998,30.5437841191067,3.162853598014888,2019,11,196,2763,-1957,1572566400000
2018,9,211,66676,1023316.2300000001,824635.63,116905.41,12.367802957585939,1.7533356830043794,2018,9,211,71057,-4381,1535760000000
2021,7,46,30,1461.23,1228.61,53.52,40.95366666666666,1.784,2021,7,46,106,-76,1625097600000
2016,1,99,1,54.88,43.0,0.5,43.0,0.5,2016,1,99,4,-3,1451606400000
2022,4,185,73,2364.83,2076.23,103.35000000000001,28.44150684931507,1.4157534246575343,2022,4,185,443,-370,1648771200000
2022,6,228,252,8930.46,6819.17,1230.84,27.060198412698412,4.884285714285714,2022,6,228,2122,-1870,1654041600000
2022,2,139,100,4923.46,4296.66,214.2,42.9666,2.142,2022,2,139,455,-355,1643673600000
2023,4,80,706,22828.7,17905.18,2424.52,25.361444759206798,3.4341643059490083,2023,4,80,4326,-3620,1680307200000
2023,11,207,306,3171.68,2371.1,251.99,7.748692810457516,0.8234967320261438,2023,11,207,297,9,1698796800000
2017,8,102,78,2120.16,1703.5,177.35,21.83974358974359,2.2737179487179486,2017,8,102,1328,-1250,1501545600000
2024,5,168,1279,38938.73,34629.83,472.79,27.07570758405004,0.3696559812353401,2024,5,168,2068,-789,1714521600000
2023,8,34,32,1099.8,930.75,62.05,29.0859375,1.9390625,2023,8,34,273,-241,1690848000000
2023,11,224,4056,97332.21,67179.34,11310.79,16.562953648915187,2.788656311637081,2023,11,224,12816,-8760,1698796800000
2019,7,241,234,7601.78,6744.24,116.92999999999999,28.82153846153846,0.4997008547008547,2019,7,241,1141,-907,1561939200000
2018,10,113,138417,1973827.35,1565251.22,236473.57,11.30822962497381,1.708414212127123,2018,10,113,118690,19727,1538352000000
2021,8,43,43230,702922.09,459836.38,88856.21,10.636973860744853,2.0554293314827667,2021,8,43,34184,9046,1627776000000
2021,1,59,6,222.59,192.05,5.5,32.00833333333333,0.9166666666666666,2021,1,59,25,-19,1609459200000
2024,1,4,3568,84062.19,59564.05,8540.46,16.693960201793722,2.3936266816143497,2024,1,4,11536,-7968,1704067200000
2020,1,59,10,352.82,293.72,0.0,29.372000000000003,0.0,2020,1,59,43,-33,1577836800000
2021,11,100,58026,1046087.8200000001,695526.66,125283.5,11.986465722262434,2.1590924757867165,2021,11,100,49673,8353,1635724800000
2023,4,210,145,6497.33,5885.7,46.78,40.59103448275862,0.32262068965517243,2023,4,210,558,-413,1680307200000
2017,11,28,554,24518.23,19764.07,2448.36,35.675216606498196,4.41942238267148,2017,11,28,1861,-1307,1509494400000
2024,6,28,491,21736.85,18519.3,1418.67,37.71751527494908,2.889348268839104,2024,6,28,1226,-735,1717200000000
2020,6,68,11838,257095.87,197694.96,16876.43,16.700030410542322,1.4256149687447204,2020,6,68,9865,1973,1590969600000
2024,2,122,102,3803.33,3505.28,5.25,34.36549019607843,0.051470588235294115,2024,2,122,247,-145,1706745600000
2020,6,238,17888,272702.12,185231.86,29869.73,10.355090563506261,1.669819432021467,2020,6,238,15146,2742,1590969600000
2016,2,76,350,8731.81,7280.85,935.62,20.80242857142857,2.6732,2016,2,76,2678,-2328,1454284800000
2023,1,156,5,160.65,135.5,0.0,27.1,0.0,2023,1,156,46,-41,1672531200000
2025,3,98,255,6734.74,5984.79,71.84,23.46976470588235,0.28172549019607845,2025,3,98,715,-460,1740787200000
2017,12,60,80,1154.15,1013.01,42.93,12.662625,0.536625,2017,12,60,602,-522,1512086400000
2016,10,143,113858,1532270.78,1227814.93,170884.6,10.783738779883715,1.5008572081013192,2016,10,143,123089,-9231,1475280000000
2018,9,43,119746,1680596.3299999998,1355611.97,183016.91,11.320728625590833,1.52837597915588,2018,9,43,99394,20352,1535760000000
2020,9,170,43346,696733.9400000001,454707.46,81784.79,10.490182715821529,1.8867897845245234,2020,9,170,39862,3484,1598918400000
2021,12,244,2968,68554.26,54732.06,6378.73,18.44072102425876,2.149167789757412,2021,12,244,11005,-8037,1638316800000
2021,3,198,281,9086.49,7751.16,161.41,27.584199288256226,0.5744128113879003,2021,3,198,949,-668,1614556800000
2022,7,24,9371,172658.61000000002,123310.67,22134.33,13.158752534414683,2.362002987941522,2022,7,24,11015,-1644,1656633600000
2022,5,57,9,237.29,167.0,64.19,18.555555555555557,7.132222222222222,2022,5,57,120,-111,1651363200000
2020,4,114,648,10825.37,7335.39,1150.55,11.320046296296297,1.77554012345679,2020,4,114,770,-122,1585699200000
2024,3,223,914,37317.98,29585.72,3341.39,32.36949671772429,3.6557877461706783,2024,3,223,4374,-3460,1709251200000
2024,9,204,3,393.32,389.82,0.0,129.94,0.0,2024,9,204,17,-14,1725148800000
2023,2,150,38,1607.25,1390.7,55.35,36.597368421052636,1.4565789473684212,2023,2,150,196,-158,1675209600000
2016,4,175,16,542.25,456.34000000000003,58.53,28.521250000000002,3.658125,2016,4,175,853,-837,1459468800000
2023,1,264,40115,1527381.91,1060767.26,193318.81,26.443157422410568,4.819115293531098,2023,1,264,22587,17528,1672531200000
2016,4,157,523,17573.43,14095.7,1830.71,26.951625239005736,3.5004015296367115,2016,4,157,4426,-3903,1459468800000
2017,11,40,4652,81060.79,64370.0,10063.91,13.837059329320722,2.1633512467755804,2017,11,40,10259,-5607,1509494400000
2016,5,96,42,1071.82,932.5,60.08,22.202380952380953,1.4304761904761905,2016,5,96,243,-201,1462060800000
2021,4,198,281,9457.99,7894.07,278.54,28.092775800711742,0.9912455516014236,2021,4,198,1181,-900,1617235200000
2024,9,147,200,6626.72,5917.17,46.17,29.58585,0.23085,2024,9,147,332,-132,1725148800000
2025,11,79,107409,2156668.81,1341982.29,220787.67,12.49413261458537,2.0555788621065276,2025,11,79,90175,17234,1761955200000
2021,10,138,90752,4116983.6899999995,2851133.48,543458.65,31.416756435119886,5.988393093265162,2021,10,138,36343,54409,1633046400000
2021,1,151,21565,311816.85000000003,222511.07,35806.95,10.318157662879667,1.660419661488523,2021,1,151,19135,2430,1609459200000
2017,10,22,130,5169.39,4869.02,140.94,37.454,1.0841538461538462,2017,10,22,1594,-1464,1506816000000
2020,10,238,47326,733573.25,487771.01,89354.37,10.306618138021383,1.8880608967586527,2020,10,238,47179,147,1601510400000
2020,11,207,160,1766.42,1389.08,99.84,8.68175,0.624,2020,11,207,169,-9,1604188800000
2021,10,123,116,3981.32,3505.2200000000003,30.85,30.21741379310345,0.265948275862069,2021,10,123,606,-490,1633046400000
2024,2,106,160,4753.71,4051.12,274.43,25.319499999999998,1.7151875,2024,2,106,889,-729,1706745600000
2024,7,11,112,4216.1,3983.42,28.580000000000002,35.566250000000004,0.2551785714285714,2024,7,11,264,-152,1719792000000
2017,1,190,445,7400.2,6129.55,736.21,13.774269662921348,1.6544044943820226,2017,1,190,1529,-1084,1483228800000
2024,11,98,126,4451.22,4086.85,38.87,32.43531746031746,0.3084920634920635,2024,11,98,510,-384,1730419200000
2024,7,33,2075,66614.32,55242.63,5022.12,26.62295421686747,2.420298795180723,2024,7,33,7721,-5646,1719792000000
2025,11,68,104307,2543507.81,1647217.01,303544.4,15.792008302414986,2.9101057455396093,2025,11,68,106240,-1933,1761955200000
2022,4,208,76,2630.18,2246.34,126.79,29.557105263157897,1.6682894736842107,2022,4,208,470,-394,1648771200000
2019,7,233,91660,1654250.66,1099341.12,190792.0,11.993684486144447,2.0815186559022476,2019,7,233,101469,-9809,1561939200000
2021,11,207,367,5115.099999999999,4127.26,332.54,11.245940054495913,0.9061035422343324,2021,11,207,368,-1,1635724800000
2016,11,188,1190,20445.24,17117.82,1817.64,14.38472268907563,1.5274285714285716,2016,11,188,7515,-6325,1477958400000
2022,1,255,624,14764.47,10962.82,2267.15,17.568621794871795,3.6332532051282054,2022,1,255,5352,-4728,1640995200000
2023,10,114,47926,1158167.77,776672.85,149274.13,16.2056681133414,3.114679505904937,2023,10,114,34744,13182,1696118400000
2024,3,261,18849,596555.99,436667.31,66804.28,23.166603533343945,3.5441816541991615,2024,3,261,18209,640,1709251200000
2018,7,27,12,668.5600000000001,589.96,43.08,49.163333333333334,3.59,2018,7,27,119,-107,1530403200000
2016,2,97,12316,191852.06,158540.96,18686.28,12.872763884378044,1.5172361156219552,2016,2,97,21747,-9431,1454284800000
2018,9,233,101683,1609923.35,1272691.22,186327.54,12.516263485538389,1.8324355103606307,2018,9,233,115651,-13968,1535760000000
2018,3,108,90,2939.23,2401.79,337.46,26.686555555555554,3.7495555555555553,2018,3,108,561,-471,1519862400000
2025,10,115,37,1339.8,1061.28,50.25,28.683243243243243,1.3581081081081081,2025,10,115,60,-23,1759276800000
2021,3,41,13961,207313.98,160999.02,16987.77,11.532055010386074,1.2168018050282932,2021,3,41,20386,-6425,1614556800000
2021,5,28,282,11302.03,9153.24,566.55,32.458297872340424,2.009042553191489,2021,5,28,910,-628,1619827200000
2022,3,23,98,6578.21,5599.5,54.56,57.13775510204081,0.556734693877551,2022,3,23,162,-64,1646092800000
2023,3,126,70,2403.4,2155.54,15.06,30.79342857142857,0.21514285714285716,2023,3,126,344,-274,1677628800000
2017,2,102,80,1493.07,1284.84,78.53,16.060499999999998,0.981625,2017,2,102,1268,-1188,1485907200000
2024,10,37,1406,41730.01,37020.09,877.65,26.330078236130866,0.6242176386913229,2024,10,37,4207,-2801,1727740800000
2024,9,138,111111,7551025.28,4895695.99,1023953.07,44.061307971307976,9.215586845586845,2024,9,138,42537,68574,1725148800000
2018,1,166,42473,597852.89,476545.75,68342.26999999999,11.219969156876132,1.6090756480587665,2018,1,166,65374,-22901,1514764800000
2019,12,105,5,185.23,133.5,33.230000000000004,26.7,6.646000000000001,2019,12,105,4,1,1575158400000
2019,11,14,657,22778.0,20205.37,430.44,30.753987823439875,0.6551598173515981,2019,11,14,4992,-4335,1572566400000
2024,12,154,48,1687.61,1390.98,96.28,28.97875,2.0058333333333334,2024,12,154,319,-271,1733011200000
2025,1,66,2187,58102.34,46043.2,3184.61,21.053132144490167,1.4561545496113397,2025,1,66,4214,-2027,1735689600000
2024,12,47,267,9045.74,8332.14,36.1,31.20651685393258,0.1352059925093633,2024,12,47,394,-127,1733011200000
2022,1,122,33,1411.83,1317.14,9.84,39.913333333333334,0.29818181818181816,2022,1,122,182,-149,1640995200000
2021,7,22,184,8031.62,7087.93,27.32,38.521358695652175,0.14847826086956523,2021,7,22,670,-486,1625097600000
2019,1,217,624,11185.47,9894.63,384.73,15.856778846153844,0.6165544871794872,2019,1,217,2706,-2082,1546300800000
2017,4,143,104690,1358805.86,1082063.23,154233.06,10.335879549145094,1.4732358391441398,2017,4,143,118004,-13314,1491004800000
2020,9,34,103,4579.58,3560.8,675.96,34.570873786407766,6.562718446601942,2020,9,34,280,-177,1598918400000
2017,5,10,2113,134514.97,108052.73,13872.73,51.1371178419309,6.565418835778514,2017,5,10,3982,-1869,1493596800000
2025,4,58,62,1942.08,1722.03,0.0,27.774677419354838,0.0,2025,4,58,130,-68,1743465600000
2025,8,58,48,1173.13,990.35,6.36,20.632291666666667,0.1325,2025,8,58,200,-152,1754006400000
2025,8,80,6372,155470.52,125397.94,3611.33,19.679526051475204,0.5667498430634024,2025,8,80,8095,-1723,1754006400000
2020,8,244,2700,61985.63,52016.59,4226.66,19.2654037037037,1.5654296296296295,2020,8,244,6894,-4194,1596240000000
2024,1,53,48,2148.87,1810.46,78.27,37.71791666666667,1.630625,2024,1,53,392,-344,1704067200000
2023,11,132,158450,12514167.59,9701812.349999998,1444625.48,61.2294878510571,9.117232439255286,2023,11,132,40327,118123,1698796800000
2020,8,265,778,52677.8,45602.11,4402.65,58.614537275064265,5.658933161953727,2020,8,265,2759,-1981,1596240000000
2019,11,97,5280,97136.64,78280.6,8365.45,14.825871212121212,1.5843655303030304,2019,11,97,10553,-5273,1572566400000
2019,3,139,402,18227.5,17245.41,38.57,42.89902985074627,0.0959452736318408,2019,3,139,1031,-629,1551398400000
2021,4,89,1074,36551.29,30999.73,569.41,28.86380819366853,0.5301769087523277,2021,4,89,2459,-1385,1617235200000
2023,10,217,134,4444.96,3746.93,257.14,27.962164179104477,1.918955223880597,2023,10,217,1340,-1206,1696118400000
2024,3,73,38,1321.36,1155.4,65.31,30.40526315789474,1.7186842105263158,2024,3,73,204,-166,1709251200000
2024,6,187,4,243.36,190.72000000000003,0.0,47.68000000000001,0.0,2024,6,187,29,-25,1717200000000
2021,9,84,4,518.54,472.5,0.0,118.125,0.0,2021,9,84,30,-26,1630454400000
2016,5,252,50,2544.67,2123.01,256.14,42.46020000000001,5.1228,2016,5,252,1444,-1394,1462060800000
2019,5,98,157,5452.12,4938.08,15.7,31.452738853503185,0.09999999999999999,2019,5,98,991,-834,1556668800000
2018,12,247,1155,22694.06,19894.62,752.89,17.22477922077922,0.6518528138528138,2018,12,247,3271,-2116,1543622400000
2020,10,1,60,4371.8,3757.32,418.48,62.622,6.974666666666667,2020,10,1,985,-925,1601510400000
2021,1,74,11971,180752.91,143345.76,12192.24,11.974418177261716,1.0184813298805446,2021,1,74,20381,-8410,1609459200000
2023,10,182,198,6555.34,6006.94,36.26,30.338080808080807,0.18313131313131312,2023,10,182,399,-201,1696118400000
2017,1,32,25,449.03000000000003,402.0,9.54,16.08,0.38159999999999994,2017,1,32,646,-621,1483228800000
2022,12,258,83,2606.42,2242.88,168.94,27.02265060240964,2.035421686746988,2022,12,258,675,-592,1669852800000
2021,2,8,8,332.23,259.83,15.030000000000001,32.47875,1.8787500000000001,2021,2,8,17,-9,1612137600000
2024,4,30,9,377.89,313.59000000000003,25.0,34.843333333333334,2.7777777777777777,2024,4,30,42,-33,1711929600000
2019,7,8,108,5110.01,3786.47,685.71,35.05990740740741,6.349166666666667,2019,7,8,163,-55,1561939200000
2025,11,134,1018,44849.68,37417.39,4098.06,36.755785854616896,4.025599214145384,2025,11,134,1871,-853,1761955200000
2020,11,172,2,31.85,26.5,2.75,13.25,1.375,2020,11,172,16,-14,1604188800000
2017,11,122,18,397.28,306.5,71.93,17.02777777777778,3.9961111111111114,2017,11,122,314,-296,1509494400000
2020,12,42,5716,104296.03,86633.78,7498.18,15.156364590622813,1.3117879636109169,2020,12,42,12666,-6950,1606780800000
2021,11,162,112477,1998474.5,1302116.53,262623.7,11.576735954906336,2.334910248317434,2021,11,162,93595,18882,1635724800000
2017,7,152,8413,121999.41,101056.85,10177.76,12.011987400451682,1.2097658385831451,2017,7,152,14509,-6096,1498867200000
2021,10,253,15,824.2700000000001,749.3,21.27,49.95333333333333,1.418,2021,10,253,37,-22,1633046400000
2019,10,32,192,6874.0,5875.38,95.13,30.6009375,0.49546874999999996,2019,10,32,570,-378,1569888000000
2022,8,72,165,5363.2,4955.0,137.3,30.03030303030303,0.8321212121212122,2022,8,72,976,-811,1659312000000
2022,7,89,309,10804.289999999999,9137.93,761.51,29.572588996763756,2.4644336569579286,2022,7,89,3165,-2856,1656633600000
2024,11,111,10,430.66,352.98,44.739999999999995,35.298,4.473999999999999,2024,11,111,37,-27,1730419200000
2018,3,149,84,2084.5099999999998,1948.0,15.330000000000002,23.19047619047619,0.18250000000000002,2018,3,149,1075,-991,1519862400000
2024,12,246,63567,1608591.71,1109905.05,193064.46,17.46039690405399,3.037180612582,2024,12,246,70067,-6500,1733011200000
2023,6,243,495,18452.52,14970.74,1655.5,30.24391919191919,3.3444444444444446,2023,6,243,5800,-5305,1685577600000
2023,3,242,253,8253.52,7366.28,86.28999999999999,29.115731225296443,0.3410671936758893,2023,3,242,599,-346,1677628800000
2019,4,47,338,10474.74,9391.67,86.11,27.786005917159763,0.25476331360946747,2019,4,47,1060,-722,1554076800000
2023,8,4,3194,80112.01,56297.08,8871.54,17.625886036318096,2.7775641828428306,2023,8,4,10607,-7413,1690848000000
2020,11,27,18,1527.37,1338.8600000000001,49.5,74.38111111111112,2.75,2020,11,27,18,0,1604188800000
2018,10,94,134,4403.97,3534.29,598.08,26.375298507462688,4.463283582089552,2018,10,94,682,-548,1538352000000
2020,4,19,12,398.32,357.73,19.25,29.810833333333335,1.6041666666666667,2020,4,19,21,-9,1585699200000
2017,5,36,1894,31800.34,25900.4,3311.36,13.674973600844774,1.7483421330517424,2017,5,36,11547,-9653,1493596800000
2022,6,37,562,17084.86,13383.43,2193.53,23.813932384341637,3.903078291814947,2022,6,37,4528,-3966,1654041600000
2017,6,195,655,14876.93,12026.36,1585.9,18.36085496183206,2.4212213740458015,2017,6,195,4028,-3373,1496275200000
2018,8,161,322323,4758743.96,3760871.78,540771.83,11.66802176698529,1.6777326780899904,2018,8,161,319695,2628,1533081600000
2019,5,154,63,4568.01,4096.09,104.12,65.01730158730159,1.6526984126984128,2019,5,154,106,-43,1556668800000
2017,7,239,201569,2669893.07,2125408.91,297819.51,10.544324325665158,1.4775065114179264,2017,7,239,190278,11291,1498867200000
2016,7,65,15791,292230.23,242969.91,30813.62,15.38660692799696,1.9513406370717497,2016,7,65,22362,-6571,1467331200000
2016,7,10,2132,133514.62,107718.79,13304.44,50.52476078799249,6.240356472795497,2016,7,10,4226,-2094,1467331200000
2017,9,190,456,7527.42,6243.5,743.98,13.69188596491228,1.6315350877192982,2017,9,190,1806,-1350,1504224000000
2019,1,206,34,1877.71,1580.0,39.19,46.470588235294116,1.1526470588235294,2019,1,206,188,-154,1546300800000
2020,3,93,1233,82598.16,62183.67,10576.53,50.43282238442822,8.577883211678833,2020,3,93,4441,-3208,1583020800000
2020,12,195,201,6743.96,5636.07,591.93,28.040149253731343,2.944925373134328,2020,12,195,506,-305,1606780800000
2021,8,126,110,3547.26,2938.73,130.49,26.71572727272727,1.1862727272727274,2021,8,126,491,-381,1627776000000
2023,7,151,21093,453549.9,314416.95,56841.04,14.906222443464657,2.6947821552173705,2023,7,151,23989,-2896,1688169600000
2019,8,82,2248,68085.01,54776.0,5289.44,24.366548042704625,2.352953736654804,2019,8,82,6139,-3891,1564617600000
2024,4,155,332,11411.72,10399.63,137.99,31.324186746987948,0.41563253012048196,2024,4,155,921,-589,1711929600000
2020,6,80,261,7613.07,6586.92,392.13,25.237241379310344,1.5024137931034482,2020,6,80,869,-608,1590969600000
2024,3,5,1,101.0,100.0,0.0,100.0,0.0,2024,3,5,15,-14,1709251200000
2025,5,62,2443,59164.46,52607.35,484.46,21.533913221449037,0.19830536225951698,2025,5,62,3505,-1062,1746057600000
2017,8,56,333,10741.14,8723.57,882.29,26.196906906906907,2.6495195195195196,2017,8,56,2683,-2350,1501545600000
2016,2,90,230426,2995495.84,2350067.24,357865.51,10.198793712515082,1.5530604619270396,2016,2,90,181726,48700,1454284800000
2022,4,46,8,279.95,255.5,7.0,31.9375,0.875,2022,4,46,90,-82,1648771200000
2022,6,139,127,5620.93,5182.02,66.41,40.803307086614176,0.5229133858267716,2022,6,139,631,-504,1654041600000
2017,9,84,1,81.8,80.5,0.0,80.5,0.0,2017,9,84,52,-51,1504224000000
2025,3,116,7226,162532.97,133899.97,4693.58,18.530303072239136,0.6495405480210351,2025,3,116,13046,-5820,1740787200000
2025,8,119,917,27503.97,23692.5,820.09,25.836968375136316,0.8943184296619412,2025,8,119,1842,-925,1754006400000
2022,7,216,647,38020.76,31513.24,4363.67,48.70670788253478,6.744466769706337,2022,7,216,3069,-2422,1656633600000
2020,9,18,317,10994.37,9408.81,800.78,29.68078864353312,2.5261198738170347,2020,9,18,681,-364,1598918400000
2024,10,14,734,26433.44,23082.81,865.41,31.44797002724796,1.179032697547684,2024,10,14,2807,-2073,1727740800000
2025,7,260,3800,100880.05,84236.92,3403.17,22.16761052631579,0.895571052631579,2025,7,260,4398,-598,1751328000000
2016,6,145,14206,292552.58,233830.98,29973.5,16.460015486414193,2.1099183443615375,2016,6,145,35253,-21047,1464739200000
2018,10,172,10,513.0,411.5,8.36,41.15,0.836,2018,10,172,126,-116,1538352000000
2019,5,19,163,4992.67,4606.93,30.34,28.263374233128836,0.18613496932515336,2019,5,19,644,-481,1556668800000
2021,2,162,40085,607028.4299999999,382471.01,76951.98999999999,9.541499563427717,1.9197203442684294,2021,2,162,29847,10238,1612137600000
2024,3,57,18,612.45,511.66,26.089999999999996,28.425555555555558,1.4494444444444443,2024,3,57,60,-42,1709251200000
2016,3,236,400604,5033766.46,4014246.2,548102.51,10.020484568301864,1.3681903076354704,2016,3,236,408429,-7825,1456790400000
2020,8,38,185,9282.6,8264.01,353.0,44.670324324324326,1.9081081081081082,2020,8,38,309,-124,1596240000000
2019,12,184,15,578.75,459.03000000000003,62.04,30.602,4.136,2019,12,184,69,-54,1575158400000
2021,8,49,719,21860.68,17763.93,1947.7,24.70643949930459,2.7089012517385256,2021,8,49,4219,-3500,1627776000000
2024,3,164,83124,1980088.72,1320250.44,235018.11,15.882903132669265,2.8273195467013137,2024,3,164,78080,5044,1709251200000
2017,10,127,790,15837.86,13207.61,1414.55,16.718493670886076,1.7905696202531645,2017,10,127,6846,-6056,1506816000000
2024,8,196,322,13335.25,11556.85,768.05,35.89083850931677,2.385248447204969,2024,8,196,1243,-921,1722470400000
2025,11,204,4,197.67999999999998,166.98,28.2,41.745,7.05,2025,11,204,31,-27,1761955200000
2016,6,112,8895,144282.47,115639.9,16201.28,13.000550871275998,1.8213917931422148,2016,6,112,33823,-24928,1464739200000
2023,11,122,104,3433.79,3062.06,111.51,29.442884615384614,1.0722115384615385,2023,11,122,300,-196,1698796800000
2024,11,3,149,5645.79,5133.84,0.01,34.455302013422816,6.711409395973155e-05,2024,11,3,289,-140,1730419200000
2019,1,111,16,250.43,204.5,16.61,12.78125,1.038125,2019,1,111,82,-66,1546300800000
2022,8,223,818,35059.8,27114.12,3735.2,33.14684596577017,4.566259168704156,2022,8,223,5110,-4292,1659312000000
2024,8,239,73293,1597920.0,1049258.61,200770.44,14.315945724694037,2.739285334206541,2024,8,239,73515,-222,1722470400000
2024,7,15,64,2365.63,2147.34,47.91,33.5521875,0.74859375,2024,7,15,436,-372,1719792000000
2025,3,82,3371,89344.29,77809.27,1453.39,23.0819549095224,0.43114506081281523,2025,3,82,4747,-1376,1740787200000
2018,5,12,4015,84194.81,71780.01,7403.98,17.877960149439602,1.844079701120797,2018,5,12,6414,-2399,1525132800000
2020,10,258,240,8240.09,6970.58,582.31,29.044083333333333,2.4262916666666663,2020,10,258,706,-466,1601510400000
2023,8,23,18,1517.69,1275.28,25.0,70.8488888888889,1.3888888888888888,2023,8,23,117,-99,1690848000000
2017,4,158,126244,1908322.8,1523475.77,223038.72,12.06770832673236,1.7667272900098223,2017,4,158,116210,10034,1491004800000
2022,7,161,134064,2411901.13,1576313.9,307784.17,11.757920843776105,2.2958002894140113,2022,7,161,119070,14994,1656633600000
2017,2,33,9537,175866.57,143835.71,21428.58,15.081861172276396,2.246888958792073,2017,2,33,26697,-17160,1485907200000
2024,8,55,581,25825.43,24493.28,106.92,42.15710843373494,0.1840275387263339,2024,8,55,1050,-469,1722470400000
2024,12,253,3,108.56,96.61,0.01,32.20333333333333,0.0033333333333333335,2024,12,253,34,-31,1733011200000
2016,4,101,79,1781.83,1481.0,159.13,18.746835443037973,2.0143037974683544,2016,4,101,652,-573,1459468800000
2023,8,164,68720,1632715.55,1075382.41,197997.26,15.64875451105937,2.881217403958091,2023,8,164,64184,4536,1690848000000
2024,7,200,138,5842.65,5325.91,76.63,38.59355072463768,0.5552898550724638,2024,7,200,920,-782,1719792000000
2018,12,69,954,25069.35,22294.95,717.0,23.36996855345912,0.7515723270440252,2018,12,69,4043,-3089,1543622400000
2023,1,66,551,18396.7,14325.73,2087.07,25.99950998185118,3.7877858439201453,2023,1,66,3612,-3061,1672531200000
2019,7,186,242238,4373367.3,2972581.12,494023.31,12.271324565097137,2.039412932735574,2019,7,186,174649,67589,1561939200000
2018,6,216,1152,60087.71,49700.67,5298.63,43.14294270833333,4.599505208333333,2018,6,216,3544,-2392,1527811200000
2017,8,183,9,191.75,149.0,32.05,16.555555555555557,3.561111111111111,2017,8,183,456,-447,1501545600000
2019,8,234,183219,2986077.19,1928405.54,362191.93000000005,10.52513953247207,1.9768251655123106,2019,8,234,157406,25813,1564617600000
2016,9,204,2,41.699999999999996,18.0,21.1,9.0,10.55,2016,9,204,71,-69,1472688000000
2024,3,222,411,15664.89,14531.06,48.66,35.35537712895377,0.1183941605839416,2024,3,222,475,-64,1709251200000
2016,2,13,101283,2087428.1300000001,1709875.05,244271.57,16.882152483634965,2.411772656813088,2016,2,13,107805,-6522,1454284800000
2022,3,109,6,368.15,265.45,17.5,44.24166666666667,2.9166666666666665,2022,3,109,44,-38,1646092800000
2019,11,129,3010,57858.71,48594.58,3070.45,16.14437873754153,1.0200830564784054,2019,11,129,13567,-10557,1572566400000
2023,2,253,8,614.62,479.4,80.97,59.925,10.12125,2023,2,253,32,-24,1675209600000
2020,7,49,408,11876.09,10423.01,818.17,25.546593137254902,2.0053186274509804,2020,7,49,1173,-765,1593561600000
2020,12,111,3,73.19,59.17,5.5,19.723333333333333,1.8333333333333333,2020,12,111,22,-19,1606780800000
2023,1,33,1271,41729.54,31925.33,5467.51,25.118276947285604,4.3017387883556255,2023,1,33,7515,-6244,1672531200000
2021,7,59,8,329.78999999999996,274.7,4.29,34.3375,0.53625,2021,7,59,28,-20,1625097600000
2018,4,193,4498,53295.52,46328.64,2483.24,10.299831036016007,0.5520764784348599,2018,4,193,6605,-2107,1522540800000
2024,5,38,188,8942.92,8438.34,73.62,44.884787234042555,0.39159574468085107,2024,5,38,717,-529,1714521600000
2016,3,46,7,260.14,245.5,0.0,35.07142857142857,0.0,2016,3,46,174,-167,1456790400000
2016,2,61,4018,62562.020000000004,51126.41,6495.53,12.724342956694874,1.6166077650572424,2016,2,61,25104,-21086,1454284800000
2025,11,42,14159,258931.27,202881.91,4168.65,14.328830425877534,0.2944169786001836,2025,11,42,22024,-7865,1761955200000
2016,7,2,10,403.28,363.0,14.16,36.3,1.416,2016,7,2,5,5,1467331200000
2021,9,133,124,4473.43,3784.14,179.14,30.517258064516128,1.4446774193548386,2021,9,133,888,-764,1630454400000
2024,8,6,50,1122.86,192.19,17.19,3.8438,0.34380000000000005,2024,8,6,89,-39,1722470400000
2019,12,3,177,6569.65,5520.07,215.02,31.18683615819209,1.2148022598870056,2019,12,3,568,-391,1575158400000
2019,5,186,259205,4699264.4,3187401.12,537676.35,12.29683501475666,2.0743286202040854,2019,5,186,190375,68830,1556668800000
2022,7,152,2508,45777.36,35847.29,4409.11,14.293177830940989,1.7580183413078148,2022,7,152,4992,-2484,1656633600000
2023,6,184,8,471.82,405.7,10.0,50.7125,1.25,2023,6,184,29,-21,1685577600000
2020,1,182,413,14023.16,11857.78,38.74,28.71133171912833,0.09380145278450364,2020,1,182,949,-536,1577836800000
2019,11,28,1172,68805.66,53141.82,7375.5599999999995,45.342849829351536,6.293139931740614,2019,11,28,3736,-2564,1572566400000
2021,12,1,660,65505.8,55362.81,7679.15,83.88304545454545,11.635075757575757,2021,12,1,9992,-9332,1638316800000
2017,12,32,56,1212.3700000000001,1103.01,24.93,19.696607142857143,0.4451785714285714,2017,12,32,691,-635,1512086400000
2017,1,92,458,9174.19,7844.6,544.73,17.127947598253275,1.1893668122270742,2017,1,92,3670,-3212,1483228800000
2021,8,210,208,10332.61,9186.75,2.06,44.16706730769231,0.009903846153846154,2021,8,210,720,-512,1627776000000
2022,10,94,52,1347.6,1233.91,18.39,23.72903846153846,0.35365384615384615,2022,10,94,204,-152,1664582400000
2023,4,180,66,3622.58,3034.86,278.82,45.982727272727274,4.224545454545455,2023,4,180,398,-332,1680307200000
2021,10,80,985,29163.42,22522.33,3517.52,22.865309644670052,3.5710862944162436,2021,10,80,4481,-3496,1633046400000
2019,7,16,203,6556.17,5917.1900000000005,138.96,29.148719211822662,0.6845320197044336,2019,7,16,1203,-1000,1561939200000
2023,3,209,5520,170774.88,121271.72,21866.34,21.969514492753625,3.9612934782608695,2023,3,209,8977,-3457,1677628800000
2023,9,124,122,5818.5,4931.72,434.63,40.42393442622951,3.5625409836065574,2023,9,124,754,-632,1693526400000
2021,9,146,2317,45729.3,35468.79,4152.65,15.308066465256799,1.7922529132498919,2021,9,146,3467,-1150,1630454400000
2020,3,164,63332,1094538.26,711667.76,133898.16,11.23709593886187,2.11422598370492,2020,3,164,54644,8688,1583020800000
2016,9,145,13199,286115.06,231975.81,27493.89,17.575256458822636,2.083028259716645,2016,9,145,32119,-18920,1472688000000
2016,4,62,878,13494.53,11180.34,1267.09,12.73387243735763,1.4431548974943051,2016,4,62,6595,-5717,1459468800000
2018,3,80,4066,67768.7,54908.03,7355.96,13.504188391539596,1.809139203148057,2018,3,80,15363,-11297,1519862400000
2022,11,8,27,1247.96,890.9,165.52,32.99629629629629,6.130370370370371,2022,11,8,59,-32,1667260800000
2020,5,207,59,899.26,701.4,61.31,11.888135593220339,1.0391525423728813,2020,5,207,98,-39,1588291200000
2019,8,231,98667,1931245.52,1336662.0,222255.05,13.547204232418133,2.2525773561575804,2019,8,231,94962,3705,1564617600000
2023,1,161,135415,3155541.57,2042654.26,412116.47,15.084401728021268,3.0433590813425395,2023,1,161,116149,19266,1672531200000
2024,10,188,1723,52136.27,48179.86,596.18,27.962774230992455,0.3460127684271619,2024,10,188,3448,-1725,1727740800000
2025,2,162,113721,2604360.96,1616410.73,333499.99,14.213827964931719,2.9326156998267687,2025,2,162,91740,21981,1738368000000
2025,11,161,182907,4528583.0,2897199.54,571500.83,15.839741179943907,3.124543237820313,2025,11,161,148960,33947,1761955200000
2022,6,24,11416,212206.75,150412.58,28109.58,13.175593903293622,2.4622967764540995,2022,6,24,12963,-1547,1654041600000
2016,12,218,68,2286.24,1967.06,164.2,28.92735294117647,2.414705882352941,2016,12,218,1079,-1011,1480550400000
2018,2,209,14489,269630.41,219812.57,30958.0,15.170996618124095,2.1366553937469805,2018,2,209,21003,-6514,1517443200000
2018,10,22,432,14922.31,13487.5,311.84,31.221064814814813,0.7218518518518517,2018,10,22,1654,-1222,1538352000000
2018,3,171,116,3346.09,2961.07,114.71,25.52646551724138,0.9888793103448276,2018,3,171,1302,-1186,1519862400000
2025,3,38,360,14747.31,13532.96,191.51,37.59155555555555,0.5319722222222222,2025,3,38,917,-557,1740787200000
2020,3,44,33,3474.84,3350.52,0.0,101.53090909090909,0.0,2020,3,44,44,-11,1583020800000
2025,5,39,3567,89766.24,82757.5,212.97,23.200869077656293,0.059705634987384355,2025,5,39,4562,-995,1746057600000
2017,6,193,5117,102687.40000000001,94339.01,3103.75,18.43639046316201,0.6065565761188196,2017,6,193,6920,-1803,1496275200000
2017,4,126,110,2564.4500000000003,2221.02,137.39,20.19109090909091,1.2489999999999999,2017,4,126,1290,-1180,1491004800000
2017,5,57,43,800.29,663.29,78.62,15.4253488372093,1.8283720930232559,2017,5,57,620,-577,1493596800000
2017,11,161,361249,5436680.350000001,4302668.56,633284.22,11.910534174489063,1.7530407558221615,2017,11,161,352126,9123,1509494400000
2021,10,10,947,57529.01,45521.62,5204.21,48.06929250263992,5.495469904963041,2021,10,10,2126,-1179,1633046400000
2022,6,185,68,2125.0099999999998,1928.73,32.53,28.363676470588235,0.4783823529411765,2022,6,185,387,-319,1654041600000
2019,12,119,341,10496.65,9167.11,134.37,26.88302052785924,0.39404692082111437,2019,12,119,1406,-1065,1575158400000
2022,2,50,21961,373513.49,245743.0,46955.31,11.189973134192432,2.138122580938937,2022,2,50,34691,-12730,1643673600000
2021,1,141,46435,664625.6,418673.19,82113.4,9.016327985355874,1.7683514590287497,2021,1,141,44385,2050,1609459200000
2021,12,90,53598,923921.76,601121.67,119641.37,11.21537501399306,2.232198402925482,2021,12,90,41123,12475,1638316800000
2022,1,21,65,2994.67,2775.63,24.439999999999998,42.702,0.37599999999999995,2022,1,21,302,-237,1640995200000
2020,6,226,1187,31005.16,26348.07,1713.04,22.19719460825611,1.443167649536647,2020,6,226,2437,-1250,1590969600000
2020,8,142,30041,649205.33,487168.01,54968.11,16.21677074664625,1.8297696481475316,2020,8,142,25659,4382,1596240000000
2022,5,215,412,25677.57,20001.63,2753.16,48.547645631067965,6.682427184466019,2022,5,215,852,-440,1651363200000
2019,12,160,204,7352.5199999999995,6195.96,377.26,30.37235294117647,1.8493137254901961,2019,12,160,1974,-1770,1575158400000
2022,11,179,521,10895.95,9200.49,746.5600000000001,17.65928982725528,1.4329366602687141,2022,11,179,3756,-3235,1667260800000
2025,6,86,672,31061.42,29439.59,28.36,43.80891369047619,0.04220238095238095,2025,6,86,1266,-594,1748736000000
2019,7,182,348,10630.13,9275.37,20.58,26.65336206896552,0.059137931034482755,2019,7,182,1171,-823,1561939200000
2024,8,67,105,3359.2999999999997,3140.96,25.56,29.913904761904764,0.2434285714285714,2024,8,67,545,-440,1722470400000
2020,8,84,2,178.05,170.45,5.5,85.225,2.75,2020,8,84,5,-3,1596240000000
2016,11,205,26,550.62,478.51,34.08,18.404230769230768,1.3107692307692307,2016,11,205,1034,-1008,1477958400000
2021,2,243,546,13920.27,11484.2,966.16,21.033333333333335,1.7695238095238095,2021,2,243,3180,-2634,1612137600000
2019,1,32,371,13387.56,12060.58,5.0,32.50830188679245,0.013477088948787063,2019,1,32,979,-608,1546300800000
2023,7,139,106,4802.1,4372.31,49.19,41.24820754716981,0.4640566037735849,2023,7,139,698,-592,1688169600000
2024,3,174,195,7840.62,7055.65,105.78999999999999,36.18282051282051,0.5425128205128205,2024,3,174,497,-302,1709251200000
2022,11,77,49,1602.08,1454.03,48.65,29.67408163265306,0.9928571428571429,2022,11,77,311,-262,1667260800000
2021,11,141,94742,1546613.9,1001443.96,197749.89,10.570221865698423,2.087246311034177,2021,11,141,96943,-2201,1635724800000
2017,7,132,232522,12831908.63,10611373.31,1284051.97,45.635997066944206,5.522281633565856,2017,7,132,78010,154512,1498867200000
2016,3,97,13882,221322.11000000002,183006.82,21531.71,13.183029822792106,1.5510524420112375,2016,3,97,23926,-10044,1456790400000
2025,8,144,43336,969945.38,642211.1,92180.6,14.819344194203433,2.127113716079011,2025,8,144,38381,4955,1754006400000
2018,3,196,726,17119.58,14123.81,1299.26,19.454283746556474,1.7896143250688705,2018,3,196,3223,-2497,1519862400000
2023,9,195,554,31443.86,25942.18,2549.29,46.82703971119134,4.601606498194946,2023,9,195,1716,-1162,1693526400000
2023,4,213,258,9697.02,8086.22,438.95,31.341937984496123,1.7013565891472868,2023,4,213,594,-336,1680307200000
2022,11,7,1670,31686.56,25354.04,3197.42,15.182059880239521,1.914622754491018,2022,11,7,10412,-8742,1667260800000
2023,9,189,395,13792.0,11169.28,1524.72,28.276658227848102,3.8600506329113924,2023,9,189,2431,-2036,1693526400000
2018,1,65,10519,182071.12,150401.78,19623.02,14.298106283867288,1.8654834109706246,2018,1,65,15445,-4926,1514764800000
2024,12,142,126179,2841963.37,1869333.4600000002,372672.44,14.814933229776747,2.953521901425752,2024,12,142,105056,21123,1733011200000
2016,10,240,30,992.68,871.0,61.449999999999996,29.033333333333335,2.0483333333333333,2016,10,240,383,-353,1475280000000
2019,1,108,223,8635.14,8019.18,82.5,35.96044843049327,0.36995515695067266,2019,1,108,614,-391,1546300800000
2023,2,105,1,29.4,25.4,0.0,25.4,0.0,2023,2,105,3,-2,1675209600000
2023,8,244,1708,53100.93,43041.32,4118.25,25.19983606557377,2.4111533957845435,2023,8,244,8238,-6530,1690848000000
2025,2,67,322,8376.22,7419.14,47.36,23.04080745341615,0.14708074534161492,2025,2,67,641,-319,1738368000000
2021,7,224,4437,81647.66,54812.15,10018.02,12.353425738111337,2.2578363759296822,2021,7,224,9940,-5503,1625097600000
2017,8,17,2028,28938.13,23942.34,2347.62,11.805887573964498,1.157603550295858,2017,8,17,13415,-11387,1501545600000
2025,4,53,286,9260.34,7856.9,327.77,27.471678321678322,1.1460489510489509,2025,4,53,831,-545,1743465600000
2023,7,6,39,1160.96,577.5,29.61,14.807692307692308,0.7592307692307693,2023,7,6,104,-65,1688169600000
2016,12,177,304,6316.51,5414.8,435.43,17.811842105263157,1.4323355263157895,2016,12,177,2252,-1948,1480550400000
2017,12,187,2,111.35,82.0,16.25,41.0,8.125,2017,12,187,51,-49,1512086400000
2020,9,68,28021,464576.44,310223.19,52322.35,11.07109632061668,1.8672549159558902,2020,9,68,26084,1937,1598918400000
2018,5,204,3,137.84,129.0,5.94,43.0,1.9800000000000002,2018,5,204,54,-51,1525132800000
2022,8,236,108582,1759494.54,1130092.07,231037.13,10.407729365824908,2.127766388535853,2022,8,236,113485,-4903,1659312000000
2023,12,152,1989,45125.29,35582.78,3462.32,17.88978381096028,1.7407340372046256,2023,12,152,4263,-2274,1701388800000
2021,8,184,17,948.07,806.5500000000001,41.919999999999995,47.444117647058825,2.465882352941176,2021,8,184,83,-66,1627776000000
2018,7,133,369,7656.17,6510.47,466.54,17.643550135501357,1.2643360433604336,2018,7,133,2432,-2063,1530403200000
2019,2,57,15,601.07,549.7,21.35,36.64666666666667,1.4233333333333333,2019,2,57,176,-161,1548979200000
2022,5,106,224,6872.83,5538.74,744.39,24.726517857142856,3.3231696428571427,2022,5,106,1401,-1177,1651363200000
2023,7,163,83274,2008507.9,1334447.49,249495.99,16.024779523020392,2.996085092585921,2023,7,163,74670,8604,1688169600000
2019,10,46,28,1265.91,1120.33,7.71,40.011785714285715,0.27535714285714286,2019,10,46,116,-88,1569888000000
2018,5,78,224,5299.01,4685.5,124.22,20.917410714285715,0.5545535714285714,2018,5,78,968,-744,1525132800000
2024,9,145,4478,133447.6,107900.81,9662.62,24.09575926753015,2.1577981241625728,2024,9,145,9306,-4828,1725148800000
2025,6,44,8,537.2,458.8,0.0,57.35,0.0,2025,6,44,25,-17,1748736000000
2024,11,136,220,7783.45,7123.03,31.08,32.37740909090909,0.14127272727272727,2024,11,136,386,-166,1730419200000
2016,6,172,4,51.78,35.5,1.0,8.875,0.25,2016,6,172,141,-137,1464739200000
2017,12,260,5464,88942.73,75216.4,6116.59,13.765812591508052,1.1194344802342606,2017,12,260,11470,-6006,1512086400000
2017,4,60,78,1292.0900000000001,1138.41,38.13,14.595,0.4888461538461539,2017,4,60,636,-558,1491004800000
2023,4,207,234,2686.05,2029.4,226.2,8.672649572649574,0.9666666666666666,2023,4,207,255,-21,1680307200000
2017,2,209,17283,316020.18,257358.04,36679.51,14.890819880807731,2.1222883758606725,2017,2,209,23698,-6415,1485907200000
2025,5,209,10974,302864.21,213507.24,27245.28,19.455735374521595,2.4827118644067796,2025,5,209,14115,-3141,1746057600000
2021,4,147,263,8936.87,7502.89,155.10999999999999,28.52809885931559,0.5897718631178707,2021,4,147,572,-309,1617235200000
2020,2,246,117540,2094373.58,1375808.82,269012.61,11.705026544155182,2.28868989280245,2020,2,246,134204,-16664,1580515200000
2023,2,109,4,345.96000000000004,266.4,15.0,66.6,3.75,2023,2,109,25,-21,1675209600000
2017,9,115,5,202.66,147.01,18.919999999999998,29.401999999999997,3.784,2017,9,115,95,-90,1504224000000
2024,4,53,80,3040.17,2563.2,156.78,32.04,1.95975,2024,4,53,464,-384,1711929600000
2025,11,180,454,13645.119999999999,11741.36,607.9,25.862026431718064,1.338986784140969,2025,11,180,974,-520,1761955200000
2018,1,120,43,1361.08,1127.5,74.86,26.22093023255814,1.7409302325581395,2018,1,120,289,-246,1514764800000
2020,2,186,225580,3987306.4699999997,2666281.86,481357.31,11.8196731093182,2.1338651919496407,2020,2,186,160711,64869,1580515200000
2016,5,81,30,853.51,733.8199999999999,83.15,24.460666666666665,2.771666666666667,2016,5,81,562,-532,1462060800000
2022,3,52,861,21165.99,15933.66,2951.53,18.505993031358884,3.4280255516840885,2022,3,52,2428,-1567,1646092800000
2023,2,90,47547,1056440.83,685405.96,137002.65,14.415335562706375,2.8814152312448735,2023,2,90,41941,5606,1675209600000
2020,11,261,4960,106106.78,76535.19,11243.18,15.43048185483871,2.2667701612903226,2020,11,261,4313,647,1604188800000
2016,3,200,112,2681.19,2178.11,252.78,19.447410714285716,2.2569642857142855,2016,3,200,3931,-3819,1456790400000
2016,7,85,337,6262.68,5378.51,381.32,15.959970326409497,1.1315133531157269,2016,7,85,1931,-1594,1467331200000
2022,4,62,193,6426.32,5616.29,418.84,29.099948186528497,2.170155440414508,2022,4,62,1726,-1533,1648771200000
2021,9,24,10834,195338.98,139639.29,24831.4,12.888987446926343,2.2919881853424404,2021,9,24,11500,-666,1630454400000
2016,12,241,159,2767.98,2372.0,194.41,14.918238993710691,1.2227044025157232,2016,12,241,1931,-1772,1480550400000
2017,3,236,352754,4432342.5600000005,3517702.89,499871.5,9.972113399139344,1.417054094354706,2017,3,236,365006,-12252,1488326400000
2020,11,194,72,2774.38,2087.46,204.99,28.9925,2.8470833333333334,2020,11,194,359,-287,1604188800000
2021,2,120,18,898.62,788.47,12.16,43.80388888888889,0.6755555555555556,2021,2,120,117,-99,1612137600000
2016,1,253,18,1688.53,1531.5,108.97,85.08333333333333,6.053888888888888,2016,1,253,67,-49,1451606400000
2022,11,243,552,16528.85,13267.49,1791.1,24.035307971014493,3.244746376811594,2022,11,243,6736,-6184,1667260800000
2021,6,42,6224,115258.79,94457.52,6790.68,15.17633676092545,1.091047557840617,2021,6,42,15908,-9684,1622505600000
2023,1,121,105,2810.95,2565.66,51.99,24.43485714285714,0.49514285714285716,2023,1,121,624,-519,1672531200000
2023,5,258,123,4355.77,3876.6,187.72,31.517073170731706,1.5261788617886178,2023,5,258,844,-721,1682899200000
2017,8,245,6,387.64,313.51,48.31,52.251666666666665,8.051666666666668,2017,8,245,99,-93,1501545600000
2016,5,126,126,2322.11,1973.8,196.69,15.665079365079364,1.561031746031746,2016,5,126,1466,-1340,1462060800000
2019,11,191,376,16852.13,15478.27,53.98,41.16561170212766,0.14356382978723403,2019,11,191,1096,-720,1572566400000
2020,3,131,129,4244.42,3779.71,79.16,29.300077519379844,0.6136434108527131,2020,3,131,570,-441,1583020800000
2025,8,49,4013,94302.64,79329.28,1623.46,19.768073760279094,0.40455021181161227,2025,8,49,7477,-3464,1754006400000
2022,10,138,102579,4746069.4,3265836.35,648255.49,31.837280047573092,6.3195731095058445,2022,10,138,51476,51103,1664582400000
2021,3,39,1153,41576.62,35734.42,756.73,30.99255854293148,0.6563139635732871,2021,3,39,1936,-783,1614556800000
2025,5,98,318,8054.3,7249.08,43.79,22.795849056603775,0.13770440251572327,2025,5,98,912,-594,1746057600000
2016,6,20,93,2211.82,1847.05,226.91,19.86075268817204,2.4398924731182796,2016,6,20,1062,-969,1464739200000
2020,10,23,34,2419.17,1958.84,96.95,57.612941176470585,2.851470588235294,2020,10,23,81,-47,1601510400000
2020,12,33,971,23278.48,18778.0,2641.41,19.33882595262616,2.720298661174047,2020,12,33,3220,-2249,1606780800000
2018,4,79,249187,3492141.64,2764533.16,418370.06999999995,11.094211014218239,1.678940193509292,2018,4,79,211664,37523,1522540800000
2024,5,248,262,8907.57,8094.39,33.54,30.89461832061069,0.12801526717557252,2024,5,248,350,-88,1714521600000
2023,10,136,129,4677.62,4189.82,140.82,32.47922480620155,1.091627906976744,2023,10,136,416,-287,1696118400000
2017,12,208,58,1598.49,1335.32,99.92,23.022758620689654,1.7227586206896552,2017,12,208,1191,-1133,1512086400000
2018,5,8,89,3338.03,2589.0,369.04,29.089887640449437,4.146516853932584,2018,5,8,149,-60,1525132800000
2020,9,108,207,7190.32,6284.35,540.76,30.359178743961355,2.612367149758454,2020,9,108,337,-130,1598918400000
2024,1,160,97,3956.61,3356.34,253.14,34.60144329896907,2.6096907216494842,2024,1,160,908,-811,1704067200000
2023,3,9,52,1610.02,1428.42,34.15,27.469615384615388,0.6567307692307692,2023,3,9,307,-255,1677628800000
2024,4,138,111166,7388802.99,4728981.49,999612.64,42.53981873954267,8.992071676591763,2024,4,138,39129,72037,1711929600000
2018,10,157,494,21249.01,16991.7,2242.93,34.39615384615385,4.540344129554655,2018,10,157,2435,-1941,1538352000000
2020,4,175,18,920.22,728.66,122.58,40.48111111111111,6.81,2020,4,175,30,-12,1585699200000
2019,2,245,15,569.06,469.79,17.42,31.319333333333336,1.1613333333333336,2019,2,245,81,-66,1548979200000
2024,9,107,71964,1611890.72,1082494.53,187449.68,15.042167333666834,2.6047701628592073,2024,9,107,69893,2071,1725148800000
2025,9,143,47740,1027188.11,685310.56,96806.85,14.355059907834102,2.027793255131965,2025,9,143,57003,-9263,1756684800000
2024,2,11,67,2894.49,2665.17,21.78,39.77865671641791,0.3250746268656717,2024,2,11,190,-123,1706745600000
2016,12,85,286,5205.58,4369.6,431.61,15.27832167832168,1.5091258741258742,2016,12,85,1741,-1455,1480550400000
2025,4,189,1651,44177.96,37553.0,1280.7,22.745608721986674,0.7757116898849182,2025,4,189,3870,-2219,1743465600000
2017,3,214,6,148.85999999999999,134.5,8.06,22.416666666666668,1.3433333333333335,2017,3,214,211,-205,1488326400000
2016,6,228,1548,29515.25,24112.89,3006.04,15.576802325581395,1.9418863049095607,2016,6,228,8726,-7178,1464739200000
2025,6,127,2200,62929.41,54399.08,579.44,24.726854545454547,0.2633818181818182,2025,6,127,6469,-4269,1748736000000
2016,1,149,103,2097.05,1797.34,138.99,17.449902912621358,1.3494174757281554,2016,1,149,1361,-1258,1451606400000
2021,10,150,56,2717.88,2372.88,59.3,42.37285714285714,1.0589285714285714,2021,10,150,265,-209,1633046400000
2021,11,98,53,2099.82,1793.96,97.41,33.848301886792456,1.8379245283018868,2021,11,98,418,-365,1635724800000
2024,5,141,82919,1743697.68,1145500.27,209466.91,13.814689878073784,2.5261630024481723,2024,5,141,94890,-11971,1714521600000
2019,5,234,224122,3792465.3,2468162.75,469969.16,11.012585779173843,2.0969345267309767,2019,5,234,195300,28822,1556668800000
2024,7,23,13,679.48,510.08,56.43,39.23692307692308,4.340769230769231,2024,7,23,78,-65,1719792000000
2018,7,257,290,7216.68,5998.81,572.02,20.685551724137934,1.9724827586206897,2018,7,257,3716,-3426,1530403200000
2016,5,17,5983,85783.67,70251.76,8167.25,11.74189537021561,1.3650760488049474,2016,5,17,26115,-20132,1462060800000
2016,3,230,400941,6441824.54,5142703.66,679548.74,12.826584609705668,1.694884633898753,2016,3,230,375694,25247,1456790400000
2021,1,7,1777,32627.69,26766.18,2079.47,15.062566122678673,1.1702138435565559,2021,1,7,4625,-2848,1609459200000
2019,12,102,206,6347.8,5345.07,151.29,25.946941747572815,0.7344174757281553,2019,12,102,1004,-798,1575158400000
2022,1,215,197,11827.57,9645.27,979.5,48.9607614213198,4.972081218274112,2022,1,215,579,-382,1640995200000
2021,2,77,356,12284.19,10496.17,134.28,29.48362359550562,0.37719101123595505,2021,2,77,620,-264,1612137600000
2024,1,63,190,6409.0,5843.79,141.59,30.75678947368421,0.7452105263157895,2024,1,63,598,-408,1704067200000
2024,8,220,204,8302.55,7540.06,147.52,36.96107843137255,0.7231372549019608,2024,8,220,1179,-975,1722470400000
2024,9,198,617,18988.93,16752.15,457.84000000000003,27.15097244732577,0.7420421393841168,2024,9,198,2418,-1801,1725148800000
2023,2,107,63367,1397355.63,904377.38,181507.72,14.27205611753752,2.864388719680591,2023,2,107,58744,4623,1675209600000
2020,11,225,797,25066.0,21539.23,2034.63,27.025382685069008,2.5528607277289836,2020,11,225,1747,-950,1604188800000
2016,12,159,586,7925.92,6847.1,351.4,11.684470989761092,0.5996587030716723,2016,12,159,3245,-2659,1480550400000
2017,9,186,318156,4785955.67,3865262.54,518976.88,12.148953783678447,1.6312025547215832,2017,9,186,250573,67583,1504224000000
2023,10,175,65,2509.48,2276.92,44.78,35.029538461538465,0.688923076923077,2023,10,175,404,-339,1696118400000
2017,5,116,12394,199673.86000000002,165451.7,18250.48,13.349338389543329,1.4725254155236405,2017,5,116,29166,-16772,1493596800000
2024,6,16,97,3502.51,3251.55,59.94,33.52113402061856,0.6179381443298969,2024,6,16,605,-508,1717200000000
2022,5,56,158,7534.63,5956.17,820.26,37.69727848101266,5.191518987341772,2022,5,56,995,-837,1651363200000
2024,12,193,2100,32771.59,27814.43,1370.75,13.244966666666667,0.6527380952380952,2024,12,193,2843,-743,1733011200000
2016,12,147,113,2930.17,2552.7,199.01,22.590265486725663,1.761150442477876,2016,12,147,1173,-1060,1480550400000
2020,12,107,32968,515618.49,335168.57,62430.25,10.166481739868964,1.8936620359136132,2020,12,107,27521,5447,1606780800000
2018,10,159,633,13837.960000000001,12379.42,323.03000000000003,19.556745655608214,0.5103159557661928,2018,10,159,2485,-1852,1538352000000
2017,8,184,8,275.52,237.0,25.36,29.625,3.17,2017,8,184,84,-76,1501545600000
2019,4,247,1315,30702.920000000002,26268.61,1232.1299999999999,19.97612927756654,0.9369809885931558,2019,4,247,3286,-1971,1554076800000
2024,3,246,62207,1486004.53,1011164.93,173257.09,16.25484157731445,2.785170318452907,2024,3,246,69837,-7630,1709251200000
2022,9,216,698,43564.89,36211.0,5199.53,51.878223495702,7.449183381088825,2022,9,216,2988,-2290,1661990400000
2025,4,109,7,383.15999999999997,319.7,26.2,45.67142857142857,3.742857142857143,2025,4,109,45,-38,1743465600000
2025,11,215,1443,54164.76,46309.64,2717.28,32.09261261261261,1.8830769230769233,2025,11,215,2073,-630,1761955200000
2021,12,118,12,922.46,740.29,142.87,61.69083333333333,11.905833333333334,2021,12,118,63,-51,1638316800000
2025,10,106,1258,28066.23,20952.25,756.06,16.6552066772655,0.6010015898251192,2025,10,106,2334,-1076,1759276800000
2024,12,80,2073,64812.99,55373.55,3083.63,26.71179450072359,1.4875205016883744,2024,12,80,4804,-2731,1733011200000
2025,1,85,702,19080.98,17390.23,120.1,24.772407407407407,0.17108262108262107,2025,1,85,996,-294,1735689600000
2018,3,150,61,1843.71,1585.31,123.01,25.988688524590163,2.0165573770491805,2018,3,150,493,-432,1519862400000
2024,8,39,1392,44579.15,42093.37,188.16000000000003,30.23948994252874,0.13517241379310346,2024,8,39,2434,-1042,1722470400000
2021,7,236,109593,1718830.56,1100105.49,219432.77,10.038099969888588,2.0022516949075215,2021,7,236,109328,265,1625097600000
2022,12,177,223,7510.0199999999995,6556.6900000000005,449.68,29.402197309417044,2.0165022421524665,2022,12,177,928,-705,1669852800000
2018,7,54,267,5004.13,3974.16,602.58,14.88449438202247,2.25685393258427,2018,7,54,1984,-1717,1530403200000
2020,3,89,817,18697.61,16097.82,759.21,19.70357405140759,0.9292656058751531,2020,3,89,2884,-2067,1583020800000
2023,8,146,1639,39978.36,31178.1,3316.8,19.022635753508236,2.023672971323978,2023,8,146,2717,-1078,1690848000000
2019,10,111,7,190.36,138.0,29.14,19.714285714285715,4.162857142857143,2019,10,111,105,-98,1569888000000
2019,12,175,69,2562.48,2237.81,59.7,32.432028985507245,0.8652173913043478,2019,12,175,589,-520,1575158400000
2019,1,28,1093,47427.18,39834.17,3303.92,36.4448032936871,3.022799634034767,2019,1,28,2046,-953,1546300800000
2021,7,90,52565,864771.64,556797.25,109649.37,10.592547322362789,2.0859767906401596,2021,7,90,39567,12998,1625097600000
2016,1,2,26,651.13,514.5,78.63,19.78846153846154,3.024230769230769,2016,1,2,18,8,1451606400000
2023,11,205,361,12778.77,11887.99,39.42,32.93072022160665,0.10919667590027701,2023,11,205,1035,-674,1698796800000
2018,9,109,10,436.86,357.5,46.82,35.75,4.682,2018,9,109,99,-89,1535760000000
2016,6,218,76,2593.98,2186.01,233.97,28.763289473684214,3.0785526315789475,2016,6,218,1403,-1327,1464739200000
2023,10,261,19534,673449.87,492097.07,80361.8,25.191822975325074,4.113944916555749,2023,10,261,18132,1402,1696118400000
2024,12,196,447,17778.94,14925.76,1215.09,33.39096196868009,2.7183221476510067,2024,12,196,1224,-777,1733011200000
2019,1,194,371,20192.79,15435.41,2304.91,41.60487870619946,6.212695417789757,2019,1,194,581,-210,1546300800000
2022,2,32,68,2888.69,2504.57,76.47,36.831911764705886,1.1245588235294117,2022,2,32,239,-171,1643673600000
2019,8,88,26042,643059.49,468519.5,70761.69,17.990918516242992,2.7172141156593197,2019,8,88,27548,-1506,1564617600000
2025,4,209,8077,228499.44,161791.05,21689.79,20.031082084932525,2.685376996409558,2025,4,209,11302,-3225,1743465600000
2016,9,68,261307,3874508.02,3096491.67,428670.4,11.850014236128384,1.6404857122082455,2016,9,68,235078,26229,1472688000000
2025,1,186,119131,2720347.6300000004,1741845.31,350512.0,14.621259873584542,2.942240055065432,2025,1,186,76338,42793,1735689600000
2022,2,120,13,519.5799999999999,441.2,39.53,33.93846153846154,3.040769230769231,2022,2,120,112,-99,1643673600000
2024,5,65,3212,105615.74,87011.57,8166.44,27.0895298879203,2.5424782067247818,2024,5,65,5731,-2519,1714521600000
2025,6,101,296,11226.93,10201.44,144.13,34.46432432432432,0.4869256756756757,2025,6,101,694,-398,1748736000000
2025,7,243,4121,117527.27,97672.98,1741.42,23.701281242416886,0.42257219121572437,2025,7,243,11600,-7479,1751328000000
2022,8,185,80,2523.42,2251.17,71.25,28.139625000000002,0.890625,2022,8,185,483,-403,1659312000000
2025,8,176,10,582.3,400.89,56.52,40.089,5.652,2025,8,176,40,-30,1754006400000
2024,10,234,104876,2400953.54,1586160.85,301611.36,15.124154716045616,2.875885426599031,2024,10,234,91898,12978,1727740800000
2019,5,12,3361,80540.73,60262.83,7814.26,17.930029753049688,2.3249806605177032,2019,5,12,4688,-1327,1556668800000
2016,7,140,164970,2381990.61,1924447.58,258689.22,11.665439655694975,1.5680985633751592,2016,7,140,172562,-7592,1467331200000
2018,7,197,478,18753.44,15607.51,1460.63,32.651694560669455,3.05571129707113,2018,7,197,2201,-1723,1530403200000
2023,11,111,5,421.64,396.7,8.0,79.34,1.6,2023,11,111,31,-26,1698796800000
2021,9,8,22,996.25,715.24,142.24,32.51090909090909,6.465454545454546,2021,9,8,65,-43,1630454400000
2022,11,211,23305,459798.44,314396.93,59026.39,13.490535507401844,2.5327779446470715,2022,11,211,26442,-3137,1667260800000
2016,9,17,3985,59945.91,49504.33,5178.97,12.422667503136763,1.299616060225847,2016,9,17,20511,-16526,1472688000000
2022,11,67,49,1566.46,1255.75,117.11000000000001,25.627551020408163,2.39,2022,11,67,399,-350,1667260800000
2024,3,4,7586,175244.24,129878.71,12193.85,17.12084234115476,1.6074149749538624,2024,3,4,15999,-8413,1709251200000
2016,10,180,143,9663.5,8337.01,1012.14,58.300769230769234,7.077902097902098,2016,10,180,929,-786,1475280000000
2018,11,218,586,21615.19,19835.36,287.34,33.84873720136519,0.4903412969283276,2018,11,218,1261,-675,1541030400000
2025,9,72,2627,73236.53,67976.11,92.25999999999999,25.875945945945947,0.0351199086410354,2025,9,72,2780,-153,1756684800000
2017,11,261,55513,1116390.1,920459.24,119008.1,16.580967340983193,2.1437879415632377,2017,11,261,47656,7857,1509494400000
2018,12,189,1758,30105.46,25083.64,2664.2,14.268282138794083,1.5154721274175198,2018,12,189,7787,-6029,1543622400000
2017,7,112,4421,71115.64,57415.42,7481.39,12.98697579733092,1.6922393123727664,2017,7,112,21866,-17445,1498867200000
2021,1,243,486,12395.61,10476.58,832.18,21.556748971193414,1.7123045267489712,2021,1,243,3373,-2887,1609459200000
2023,2,118,6,273.57,216.3,31.12,36.050000000000004,5.1866666666666665,2023,2,118,72,-66,1675209600000
2023,6,131,147,5022.58,4529.28,47.05,30.81142857142857,0.32006802721088434,2023,6,131,760,-613,1685577600000
2025,3,134,1226,53160.33,46266.31,3264.2799999999997,37.73761011419249,2.6625448613376834,2025,3,134,1873,-647,1740787200000
2018,1,151,77425,987024.38,787437.89,109521.66,10.17033115918631,1.4145516306102681,2018,1,151,73724,3701,1514764800000
2017,8,115,13,345.95,289.85,17.2,22.29615384615385,1.323076923076923,2017,8,115,137,-124,1501545600000
2017,8,25,8072,126887.76,103980.02,13264.11,12.881568384539149,1.6432247274529237,2017,8,25,15961,-7889,1501545600000
2018,1,27,5,157.28,133.0,17.12,26.6,3.4240000000000004,2018,1,27,64,-59,1514764800000
2020,12,4,1333,28069.31,21001.12,2616.92,15.754778694673668,1.9631807951987998,2020,12,4,6884,-5551,1606780800000
2020,1,181,4314,79915.65000000001,63348.11,7517.12,14.684309225776541,1.7424942049142327,2020,1,181,18531,-14217,1577836800000
2024,1,187,2,243.01999999999998,204.85,36.17,102.425,18.085,2024,1,187,30,-28,1704067200000
2025,2,57,59,1624.1299999999999,1415.03,15.64,23.983559322033898,0.26508474576271185,2025,2,57,97,-38,1738368000000
2022,4,237,171644,2668457.79,1687510.37,352607.33,9.831455629092774,2.05429452820955,2022,4,237,148961,22683,1648771200000
2025,6,68,110399,2788345.01,1852531.73,305384.53,16.780330709517298,2.7661892770767853,2025,6,68,111257,-858,1748736000000
2025,11,198,2015,39101.89,31005.76,920.83,15.387473945409429,0.4569875930521092,2025,11,198,4638,-2623,1761955200000
2016,12,57,60,1704.19,1457.0,134.55,24.283333333333335,2.2425,2016,12,57,521,-461,1480550400000
2025,5,30,19,396.1,302.92,0.0,15.943157894736842,0.0,2025,5,30,73,-54,1746057600000
2020,11,45,1497,32961.38,25107.39,2896.59,16.77180360721443,1.9349298597194389,2020,11,45,3077,-1580,1604188800000
2024,8,258,240,8562.92,7709.51,171.27,32.12295833333334,0.7136250000000001,2024,8,258,1033,-793,1722470400000
2024,7,223,883,37539.26,29590.1,3465.93,33.51087202718006,3.925175537938845,2024,7,223,3769,-2886,1719792000000
2020,10,46,39,1719.1200000000001,1470.83,90.75,37.71358974358974,2.326923076923077,2020,10,46,78,-39,1601510400000
2021,4,236,112462,1708309.9100000001,1083017.5,219788.97999999998,9.630075047571625,1.9543399548291867,2021,4,236,113005,-543,1617235200000
2017,12,207,451,7048.18,5734.28,753.14,12.71458980044346,1.6699334811529933,2017,12,207,455,-4,1512086400000
2025,1,136,290,9340.99,8490.73,50.480000000000004,29.278379310344825,0.17406896551724138,2025,1,136,476,-186,1735689600000
2021,8,206,15,777.23,659.82,25.01,43.98800000000001,1.6673333333333333,2021,8,206,107,-92,1627776000000
2022,3,114,43464,772475.62,504856.89,105582.58,11.615518360022088,2.429196116326155,2022,3,114,35551,7913,1646092800000
2022,10,169,108,3399.61,3056.36,65.75,28.29962962962963,0.6087962962962963,2022,10,169,559,-451,1664582400000
2024,8,69,577,18990.68,17358.35,181.43,30.08379549393414,0.3144367417677643,2024,8,69,1249,-672,1722470400000
2025,10,194,206,9792.6,6855.71,1171.39,33.28014563106796,5.686359223300971,2025,10,194,911,-705,1759276800000
2023,2,128,15,515.16,409.39,46.12,27.292666666666666,3.0746666666666664,2023,2,128,173,-158,1675209600000
2019,2,44,31,1979.46,1881.0,15.16,60.67741935483871,0.4890322580645161,2019,2,44,102,-71,1548979200000
2017,9,156,2,142.0,140.0,0.4,70.0,0.2,2017,9,156,74,-72,1504224000000
2020,10,4,1669,34547.66,25548.59,3285.81,15.307723187537448,1.9687297783103654,2020,10,4,7813,-6144,1601510400000
2024,5,128,58,2440.11,2138.11,119.17999999999999,36.86396551724138,2.0548275862068963,2024,5,128,506,-448,1714521600000
2018,10,2,9,266.16,201.5,38.44,22.38888888888889,4.271111111111111,2018,10,2,3,6,1538352000000
2017,4,162,331266,4934559.59,3879241.0,585855.1,11.710350594386384,1.7685337462945185,2017,4,162,294296,36970,1491004800000
2018,1,162,308355,4341312.840000001,3375879.17,542393.2200000001,10.948027987222519,1.7589895412754781,2018,1,162,267096,41259,1514764800000
2016,2,135,209,5385.52,4503.9,542.04,21.54976076555024,2.593492822966507,2016,2,135,2393,-2184,1454284800000
2020,5,216,214,8642.35,7598.28,238.25,35.505981308411215,1.1133177570093458,2020,5,216,334,-120,1588291200000
2018,10,229,166744,2262722.22,1796376.1,261371.44,10.773257808376913,1.567501319387804,2018,10,229,158905,7839,1538352000000
2020,12,245,2,99.5,86.53,2.75,43.265,1.375,2020,12,245,21,-19,1606780800000
2025,4,14,1266,38317.25,32628.1,505.77,25.77259083728278,0.3995023696682464,2025,4,14,3400,-2134,1743465600000
2016,10,99,1,9.3,8.0,0.0,8.0,0.0,2016,10,99,2,-1,1475280000000
2021,3,196,472,15172.78,12534.91,447.22,26.557012711864406,0.9475,2021,3,196,1101,-629,1614556800000
2018,3,158,92854,1371047.85,1083072.33,168139.94,11.664250651560515,1.810799103969673,2018,3,158,94105,-1251,1519862400000
2016,1,145,11840,237053.87,191011.58,23603.23,16.132734797297296,1.9935160472972973,2016,1,145,32588,-20748,1451606400000
2019,1,177,692,21338.29,19656.73,112.22,28.405679190751446,0.16216763005780346,2019,1,177,1902,-1210,1546300800000
2019,9,116,6945,117978.82,94687.19,9403.84,13.633864650827935,1.3540446364290857,2019,9,116,16964,-10019,1567296000000
2021,5,34,70,1996.43,1606.0,218.33,22.942857142857143,3.119,2021,5,34,350,-280,1619827200000
2022,9,256,1346,36685.55,28090.71,5010.65,20.86976968796434,3.7226225854383355,2022,9,256,7377,-6031,1661990400000
2024,9,161,153988,3881349.4499999997,2601638.24,489294.68,16.895071304257478,3.17748577811258,2024,9,161,124103,29885,1725148800000
2016,2,256,18106,280034.84,225836.58,31653.86,12.473024411797194,1.7482525129791229,2016,2,256,40102,-21996,1454284800000
2023,6,52,689,21820.26,16819.34,2811.47,24.411233671988388,4.080507982583454,2023,6,52,2114,-1425,1685577600000
2023,5,25,1639,47219.89,37740.08,4796.66,23.02628431970714,2.9265771812080534,2023,5,25,6045,-4406,1682899200000
2016,1,148,168934,2628460.75,2119216.55,299425.89,12.544641990363099,1.7724430250867202,2016,1,148,121925,47009,1451606400000
2021,10,262,47315,826345.0700000001,544158.81,106760.2,11.50076740991229,2.2563711296628974,2021,10,262,54439,-7124,1633046400000
2021,6,217,185,5032.25,4259.65,209.08,23.025135135135134,1.1301621621621623,2021,6,217,1374,-1189,1622505600000
2022,11,48,90531,1737487.07,1162984.22,220166.39,12.846253990345849,2.4319447482077963,2022,11,48,81909,8622,1667260800000
2017,10,194,605,29641.65,22612.88,3597.9,37.37666115702479,5.946942148760331,2017,10,194,1434,-829,1506816000000
2016,3,261,58427,1153509.17,946760.12,124791.41,16.204154243757166,2.1358517466239926,2016,3,261,54238,4189,1456790400000
2021,5,130,692,27599.93,23272.79,855.81,33.63119942196532,1.2367196531791906,2021,5,130,1681,-989,1619827200000
2024,2,177,378,12541.039999999999,11492.54,182.96,30.403544973544975,0.484021164021164,2024,2,177,821,-443,1706745600000
2024,8,131,221,9011.9,8265.1,76.08,37.39864253393665,0.34425339366515834,2024,8,131,823,-602,1722470400000
2022,7,256,1343,34693.96,26356.05,4745.46,19.62475800446761,3.5334772896500373,2022,7,256,7201,-5858,1656633600000
2016,4,93,987,53369.49,42639.05,5929.38,43.20065856129686,6.007477203647417,2016,4,93,1917,-930,1459468800000
2018,2,118,3,152.36,133.5,14.96,44.5,4.986666666666667,2018,2,118,118,-115,1517443200000
2017,8,157,413,15640.35,12494.92,1514.22,30.254043583535108,3.6663922518159806,2017,8,157,3181,-2768,1501545600000
2023,12,151,27403,579326.4,404462.23,70858.34,14.759779221253147,2.5857876874794727,2023,12,151,30790,-3387,1701388800000
2022,11,92,149,5151.23,4445.33,290.05,29.83442953020134,1.9466442953020135,2022,11,92,1720,-1571,1667260800000
2020,12,116,2902,53223.2,43149.85,4600.9,14.869004135079255,1.5854238456237078,2020,12,116,6365,-3463,1606780800000
2023,5,193,2637,24683.33,19843.43,1131.54,7.525001896094047,0.4291012514220705,2023,5,193,3305,-668,1682899200000
2024,8,57,39,1514.56,1278.83,100.27000000000001,32.79051282051282,2.571025641025641,2024,8,57,93,-54,1722470400000
2021,1,44,135,14499.14,12950.85,192.5,95.93222222222222,1.4259259259259258,2021,1,44,152,-17,1609459200000
2020,5,46,5,171.78,147.29,8.25,29.458,1.65,2020,5,46,21,-16,1588291200000
2021,9,49,697,20470.77,16560.42,1999.1,23.759569583931132,2.8681492109038738,2021,9,49,4176,-3479,1630454400000
2024,1,217,160,5038.29,4398.52,223.18,27.490750000000002,1.394875,2024,1,217,1294,-1134,1704067200000
2021,3,257,163,5615.9,4594.45,278.73,28.18680981595092,1.7100000000000002,2021,3,257,636,-473,1614556800000
2017,3,217,1296,16145.65,13245.0,1223.81,10.219907407407407,0.9442978395061727,2017,3,217,3988,-2692,1488326400000
2018,4,96,20,753.72,652.5,49.68,32.625,2.484,2018,4,96,134,-114,1522540800000
2017,3,155,51,1946.43,1647.21,141.68,32.298235294117646,2.7780392156862748,2017,3,155,1094,-1043,1488326400000
2024,12,234,99814,2332978.33,1548256.82,300361.63,15.511419440158695,3.0092134369928067,2024,12,234,85521,14293,1733011200000
2020,7,241,271,11397.42,10027.63,499.34,37.00232472324723,1.8425830258302582,2020,7,241,648,-377,1593561600000
2016,10,100,201204,2921024.31,2373258.37,281696.63,11.795284238881932,1.4000548199836982,2016,10,100,155704,45500,1475280000000
2022,5,60,49,1219.62,1088.92,29.05,22.222857142857144,0.5928571428571429,2022,5,60,267,-218,1651363200000
2022,1,247,246,5555.91,4879.7,199.66,19.836178861788618,0.8116260162601626,2022,1,247,959,-713,1640995200000
2021,5,22,310,12532.17,11020.85,31.61,35.55112903225807,0.10196774193548387,2021,5,22,647,-337,1619827200000
2024,8,123,273,8397.07,7916.79,39.06999999999999,28.99923076923077,0.1431135531135531,2024,8,123,614,-341,1722470400000
2025,1,121,358,11172.57,9954.96,168.0,27.807150837988825,0.4692737430167598,2025,1,121,836,-478,1735689600000
2020,8,83,168,4106.93,3473.87,272.06,20.677797619047617,1.619404761904762,2020,8,83,570,-402,1596240000000
2025,2,115,24,1103.96,936.68,0.0,39.02833333333333,0.0,2025,2,115,30,-6,1738368000000
2017,1,37,3141,47369.99,38446.72,4675.26,12.240280165552372,1.4884622731614137,2017,1,37,15692,-12551,1483228800000
2020,11,68,33146,548047.84,364370.58,64434.36,10.99289748385929,1.943955831774573,2020,11,68,30768,2378,1604188800000
2016,4,63,97,2951.18,2340.8,447.58,24.1319587628866,4.614226804123711,2016,4,63,1337,-1240,1459468800000
2016,6,10,2346,157708.32,128939.25,14523.83,54.96131713554987,6.190890878090366,2016,6,10,4110,-1764,1464739200000
2017,5,240,22,794.51,680.5,83.00999999999999,30.931818181818183,3.773181818181818,2017,5,240,327,-305,1493596800000
2018,1,253,23,2105.16,1761.0,277.93,76.56521739130434,12.083913043478262,2018,1,253,38,-15,1514764800000
2017,10,105,17,432.88,345.5,59.760000000000005,20.323529411764707,3.515294117647059,2017,10,105,12,5,1506816000000
2021,3,142,59554,904252.34,574518.34,115115.91,9.64701514591799,1.932966887194815,2021,3,142,53328,6226,1614556800000
2020,7,243,587,15600.35,13649.63,812.93,23.25320272572402,1.3848892674616695,2020,7,243,2811,-2224,1593561600000
2016,3,59,1,7.8,7.0,0.0,7.0,0.0,2016,3,59,88,-87,1456790400000
2016,9,264,130929,3017886.08,2569611.54,265203.32,19.6259922553445,2.0255506419509812,2016,9,264,118010,12919,1472688000000
2024,7,87,19300,600280.23,438586.29,67060.94,22.72467823834197,3.474660103626943,2024,7,87,26463,-7163,1719792000000
2017,8,36,1002,16531.33,13364.5,1773.67,13.337824351297405,1.7701297405189622,2017,8,36,7656,-6654,1501545600000
2024,12,239,107090,2365805.22,1551035.78,308245.63,14.483479129703987,2.878379213745448,2024,12,239,104778,2312,1733011200000
2019,12,262,87134,1432454.75,938435.22,170494.6,10.770023412215668,1.956694286960314,2019,12,262,95351,-8217,1575158400000
2020,7,74,9023,141715.14999999997,114603.08,8589.92,12.701216890169567,0.9520026598692231,2020,7,74,15338,-6315,1593561600000
2016,5,178,186,2623.64,2060.5,329.8,11.077956989247312,1.7731182795698925,2016,5,178,1153,-967,1462060800000
2022,9,49,519,15967.84,12774.51,2021.78,24.61369942196532,3.8955298651252406,2022,9,49,4880,-4361,1661990400000
2018,2,165,154,3001.65,2685.5,141.51,17.43831168831169,0.9188961038961039,2018,2,165,1584,-1430,1517443200000
2022,11,145,2494,69751.18,53371.81,8205.53,21.400084202085004,3.290108259823577,2022,11,145,9390,-6896,1667260800000
2019,2,186,247348,4245812.4799999995,2861895.5,491733.63,11.570319954072804,1.988023473001601,2019,2,186,180205,67143,1548979200000
2022,5,123,54,1983.83,1768.94,61.54,32.75814814814815,1.1396296296296295,2022,5,123,553,-499,1651363200000
2021,7,29,158,7815.8,6914.81,137.14000000000001,43.76462025316456,0.8679746835443038,2021,7,29,512,-354,1625097600000
2022,6,91,190,6349.66,5786.91,99.3,30.457421052631577,0.5226315789473684,2022,6,91,899,-709,1654041600000
2018,10,52,4883,89536.15,72474.67,11590.95,14.842242473889002,2.3737354085603113,2018,10,52,7397,-2514,1538352000000
2020,1,207,339,4088.14,3288.42,332.05,9.700353982300886,0.9794985250737464,2020,1,207,454,-115,1577836800000
2023,10,130,666,34844.57,29202.05,2588.03,43.84692192192192,3.885930930930931,2023,10,130,1914,-1248,1696118400000
2020,3,205,371,12689.86,11753.24,13.06,31.67989218328841,0.03520215633423181,2020,3,205,895,-524,1583020800000
2021,3,156,9,670.28,523.11,10.0,58.123333333333335,1.1111111111111112,2021,3,156,59,-50,1614556800000
2024,4,197,750,31705.329999999998,27785.93,1709.18,37.04790666666667,2.278906666666667,2024,4,197,1618,-868,1711929600000
2017,2,254,37,542.7,484.0,10.7,13.08108108108108,0.2891891891891892,2017,2,254,716,-679,1485907200000
2017,2,75,57733,730647.15,595316.07,66147.03,10.311538807960783,1.145740391110803,2017,2,75,104099,-46366,1485907200000
2017,12,61,1633,26980.83,22567.61,2277.68,13.81972443355787,1.394782608695652,2017,12,61,15439,-13806,1512086400000
2018,5,33,11229,210419.59,172629.97,24824.62,15.373583578234928,2.210759640217294,2018,5,33,28168,-16939,1525132800000
2023,5,230,112023,3242814.09,2210835.5999999996,399098.99,19.73555073511689,3.5626522232041635,2023,5,230,104816,7207,1682899200000
2022,2,238,70561,1159633.0,760714.42,154175.99,10.780947265486601,2.1850029052876234,2022,2,238,76208,-5647,1643673600000
2020,3,224,6697,113429.07,76328.86,12989.01,11.397470509183217,1.9395266537255489,2020,3,224,12294,-5597,1583020800000
2021,10,60,84,2895.16,2381.77,47.989999999999995,28.35440476190476,0.5713095238095237,2021,10,60,291,-207,1633046400000
2024,1,71,401,11655.88,10891.16,44.14,27.16,0.11007481296758105,2024,1,71,736,-335,1704067200000
2020,7,131,171,7299.44,6591.39,248.38,38.546140350877195,1.452514619883041,2020,7,131,307,-136,1593561600000
2017,6,150,43,1341.65,1113.0,121.08,25.88372093023256,2.815813953488372,2017,6,150,518,-475,1496275200000
2018,7,83,990,16132.62,13755.72,985.35,13.894666666666666,0.9953030303030304,2018,7,83,3310,-2320,1530403200000
2019,2,10,2762,157723.43,125437.97,14081.210000000001,45.41562997827661,5.098193338160754,2019,2,10,3359,-597,1548979200000
2021,5,265,12399,573487.33,552404.1,7714.86,44.55231067021534,0.6222163077667554,2021,5,265,6966,5433,1619827200000
2022,1,153,20,672.42,607.29,9.33,30.3645,0.4665,2022,1,153,112,-92,1640995200000
2021,12,256,978,25098.2,19378.51,3107.04,19.814427402862982,3.1769325153374233,2021,12,256,6273,-5295,1638316800000
2023,9,187,2,24.04,18.6,2.44,9.3,1.22,2023,9,187,19,-17,1693526400000
2016,5,5,6,298.83,271.88,21.65,45.31333333333333,3.608333333333333,2016,5,5,68,-62,1462060800000
2017,5,252,70,3497.93,2990.26,299.36,42.718,4.276571428571429,2017,5,252,1420,-1350,1493596800000
2017,8,235,120,2338.66,1989.07,114.28999999999999,16.575583333333334,0.9524166666666666,2017,8,235,1645,-1525,1501545600000
2020,6,98,28,958.29,855.9300000000001,40.74,30.568928571428575,1.455,2020,6,98,103,-75,1590969600000
2023,11,16,49,1756.65,1605.32,38.63,32.76163265306122,0.7883673469387755,2023,11,16,564,-515,1698796800000
2017,4,93,1212,67576.15,54202.57,7220.07,44.72159240924093,5.957153465346535,2017,4,93,1644,-432,1491004800000
2022,2,134,172,7885.349999999999,6455.22,783.97,37.5303488372093,4.55796511627907,2022,2,134,844,-672,1643673600000
2022,2,171,29,1056.54,953.9100000000001,15.48,32.89344827586207,0.5337931034482759,2022,2,171,449,-420,1643673600000
2018,2,196,668,16393.81,13194.34,1618.81,19.752005988023953,2.423368263473054,2018,2,196,2994,-2326,1517443200000
2024,6,58,12,626.62,547.47,21.95,45.6225,1.8291666666666666,2024,6,58,86,-74,1717200000000
2025,10,220,869,26928.579999999998,23470.74,353.66,27.00890678941312,0.40697353279631765,2025,10,220,2358,-1489,1759276800000
2016,2,212,147,2679.01,2324.01,148.58,15.809591836734695,1.0107482993197279,2016,2,212,1367,-1220,1454284800000
2016,4,97,14200,232920.14,192437.41,23332.53,13.551930281690142,1.6431359154929577,2016,4,97,24019,-9819,1459468800000
2024,6,14,553,19592.42,17429.47,309.26,31.518028933092225,0.5592405063291139,2024,6,14,2324,-1771,1717200000000
2021,7,161,99420,1625968.18,1046305.92,202145.57,10.524098974049487,2.0332485415409374,2021,7,161,92025,7395,1625097600000
2018,5,254,301,10227.710000000001,9079.7,255.01,30.16511627906977,0.8472093023255813,2018,5,254,1120,-819,1525132800000
2025,4,52,1365,37132.68,29025.65,1986.33,21.264212454212455,1.455186813186813,2025,4,52,2668,-1303,1743465600000
2023,3,4,3973,97291.08,66793.57,12021.81,16.811872640322175,3.025877170903599,2023,3,4,13286,-9313,1677628800000
2024,2,142,97253,2059777.28,1321855.51,273411.69,13.591925287651796,2.8113445343588372,2024,2,142,85650,11603,1706745600000
2016,9,243,2336,46264.79,38363.26,4457.19,16.422628424657535,1.9080436643835614,2016,9,243,19546,-17210,1472688000000
2019,2,107,162861,2628769.44,1722437.33,314989.57,10.576119083144523,1.9341006748085792,2019,2,107,151952,10909,1548979200000
2025,7,212,940,27994.65,24258.75,155.2,25.80718085106383,0.1651063829787234,2025,7,212,938,2,1751328000000
2017,7,255,9972,162059.67,130574.15,18588.4,13.094078419574808,1.8640593662254314,2017,7,255,25972,-16000,1498867200000
2022,3,56,150,6902.79,5478.97,644.77,36.52646666666667,4.298466666666666,2022,3,56,892,-742,1646092800000
2022,9,90,53645,995685.17,654400.83,131386.02,12.198729238512442,2.449175505638922,2022,9,90,43576,10069,1661990400000
2019,6,191,323,13122.44,11960.99,69.69,37.03092879256966,0.21575851393188855,2019,6,191,1180,-857,1559347200000
2016,10,182,96,1739.99,1476.5,119.7,15.380208333333334,1.246875,2016,10,182,1341,-1245,1475280000000
2021,12,14,198,8914.32,7658.7300000000005,512.74,38.680454545454545,2.5895959595959597,2021,12,14,2104,-1906,1638316800000
2019,2,132,174843,10271028.459999999,8152894.48,1160800.61,46.62980205098288,6.63910256630234,2019,2,132,53460,121383,1548979200000
2016,2,65,15355,276842.06,230299.31,28873.22,14.998326929338978,1.8803790296320417,2016,2,65,20598,-5243,1454284800000
2018,9,176,8,599.47,505.5,58.769999999999996,63.1875,7.3462499999999995,2018,9,176,67,-59,1535760000000
2019,12,218,566,23698.36,21077.71,128.63,37.2397703180212,0.22726148409893993,2019,12,218,1975,-1409,1575158400000
2022,1,189,202,4780.9,3781.3,640.3,18.71930693069307,3.1698019801980197,2022,1,189,1964,-1762,1640995200000
2022,9,147,38,1153.42,1013.1600000000001,26.31,26.662105263157898,0.6923684210526315,2022,9,147,262,-224,1661990400000
2016,1,240,40,1589.25,763.0,785.75,19.075,19.64375,2016,1,240,338,-298,1451606400000
2020,4,92,81,2458.09,2184.24,92.61,26.965925925925923,1.1433333333333333,2020,4,92,174,-93,1585699200000
2022,12,2,2,97.33,61.3,20.93,30.65,10.465,2022,12,2,9,-7,1669852800000
2019,4,98,154,5572.86,5098.71,32.089999999999996,33.108506493506496,0.20837662337662335,2019,4,98,956,-802,1554076800000
2025,10,122,399,11341.119999999999,10071.54,251.0,25.241954887218046,0.6290726817042607,2025,10,122,588,-189,1759276800000
2016,12,248,109,2147.45,1904.51,96.14,17.47256880733945,0.8820183486238532,2016,12,248,1190,-1081,1480550400000
2024,3,230,122966,3331522.3,2254554.6,408174.45,18.33478034578664,3.319409023632549,2024,3,230,112210,10756,1709251200000
2017,8,166,32138,481371.82,387156.35,51460.43,12.046684610118861,1.6012331196714171,2017,8,166,50830,-18692,1501545600000
2017,11,76,274,7363.82,6466.8,477.34000000000003,23.6014598540146,1.742116788321168,2017,11,76,1760,-1486,1509494400000
2017,5,42,17080,220474.78,183020.44,15647.02,10.71548243559719,0.9161018735362998,2017,5,42,43920,-26840,1493596800000
2018,7,265,4091,325946.48,282456.76,31076.59,69.04345147885603,7.59633097042288,2018,7,265,20644,-16553,1530403200000
2020,11,13,5809,127115.24,88539.39,16710.57,15.24176106042348,2.8766689619555863,2020,11,13,7382,-1573,1604188800000
2021,3,21,218,8106.49,6928.03,143.62,31.779954128440366,0.6588073394495413,2021,3,21,443,-225,1614556800000
2019,8,51,479,17969.12,15774.050000000001,47.4,32.9312108559499,0.09895615866388309,2019,8,51,1314,-835,1564617600000
2021,1,241,241,8059.54,6764.09,478.21,28.06676348547718,1.9842738589211617,2021,1,241,665,-424,1609459200000
2022,6,227,58,1650.67,1424.75,133.57,24.564655172413794,2.3029310344827585,2022,6,227,715,-657,1654041600000
2024,9,148,43570,1099363.06,777102.5900000001,118529.84999999999,17.835726187743862,2.720446408078953,2024,9,148,43234,336,1725148800000
2025,3,102,729,18703.65,16600.81,196.69,22.772030178326478,0.2698079561042524,2025,3,102,1320,-591,1740787200000
2021,1,28,226,8824.13,7440.74,539.07,32.92362831858407,2.3852654867256637,2021,1,28,589,-363,1609459200000
2016,4,75,75151,1025530.46,838030.2,94733.33,11.151284746709957,1.2605731127995636,2016,4,75,137770,-62619,1459468800000
2016,10,183,18,438.24,367.5,37.81,20.416666666666668,2.1005555555555557,2016,10,183,514,-496,1475280000000
2019,12,263,130731,2028373.27,1303378.1,239758.28,9.96992373652768,1.8339818405733912,2019,12,263,133093,-2362,1575158400000
2017,3,207,592,5026.08,4124.74,279.97,6.9674662162162155,0.47292229729729734,2017,3,207,637,-45,1488326400000
2019,2,184,21,1110.3,976.86,15.0,46.51714285714286,0.7142857142857143,2019,2,184,143,-122,1548979200000
2023,1,216,577,34547.88,28891.57,3516.25,50.07204506065858,6.094020797227037,2023,1,216,2803,-2226,1672531200000
2020,3,106,401,7569.85,6284.07,498.84,15.670997506234412,1.2439900249376559,2020,3,106,1275,-874,1583020800000
2024,9,262,48797,1085625.11,740730.03,119057.57,15.179827243478083,2.4398542943213726,2024,9,262,53163,-4366,1725148800000
2024,9,97,2983,88524.41,75667.77,4677.58,25.366332551123033,1.5680791149849145,2024,9,97,5222,-2239,1725148800000
2016,8,100,219609,3127844.91,2538624.45,295558.62,11.559746868297749,1.3458401978061008,2016,8,100,167952,51657,1470009600000
2023,6,163,96117,2412704.41,1602031.8599999999,309736.17,16.66751833702675,3.222491026561378,2023,6,163,82354,13763,1685577600000
2021,3,45,1944,42877.97,32044.95,3686.27,16.48402777777778,1.8962294238683128,2021,3,45,3948,-2004,1614556800000
2020,3,81,169,5456.45,4825.31,15.64,28.552130177514794,0.09254437869822485,2020,3,81,367,-198,1583020800000
2021,4,84,10,958.02,825.4,0.0,82.53999999999999,0.0,2021,4,84,25,-15,1617235200000
2024,6,56,519,21153.09,18107.29,907.46,34.88880539499037,1.7484778420038536,2024,6,56,1016,-497,1717200000000
2025,7,175,276,7974.08,7041.41,43.62,25.512355072463766,0.15804347826086956,2025,7,175,685,-409,1751328000000
2018,5,193,5062,55108.06,47290.38,2831.11,9.342232319241406,0.559286843145002,2018,5,193,7328,-2266,1525132800000
2018,1,85,170,2761.9700000000003,2444.8,107.94,14.381176470588237,0.6349411764705882,2018,1,85,1228,-1058,1514764800000
2020,1,63,298,10854.97,9372.01,141.17000000000002,31.44969798657718,0.47372483221476513,2020,1,63,1054,-756,1577836800000
2024,5,254,371,14852.16,13791.64,17.04,37.17423180592992,0.0459299191374663,2024,5,254,638,-267,1714521600000
2016,7,17,4265,64503.76,52642.53,6491.29,12.342914419695193,1.5219906213364596,2016,7,17,21303,-17038,1467331200000
2024,8,134,515,29440.54,25205.01,2545.62,48.941766990291256,4.94295145631068,2024,8,134,1293,-778,1722470400000
2020,12,109,1,111.29,95.0,2.75,95.0,2.75,2020,12,109,9,-8,1606780800000
2025,10,177,2623,69635.0,61977.46,198.86,23.628463591307664,0.0758139534883721,2025,10,177,3006,-383,1759276800000
2024,2,254,205,8422.83,7702.41,3.72,37.572731707317075,0.018146341463414636,2024,2,254,449,-244,1706745600000
2021,12,190,122,3638.73,2918.43,455.9,23.92155737704918,3.736885245901639,2021,12,190,704,-582,1638316800000
2020,10,139,250,9839.43,8634.1,647.84,34.5364,2.5913600000000003,2020,10,139,457,-207,1601510400000
2017,10,111,22,324.83,252.5,45.78,11.477272727272727,2.080909090909091,2017,10,111,121,-99,1506816000000
2019,4,191,471,20929.95,19080.11,32.339999999999996,40.509787685774945,0.06866242038216559,2019,4,191,1379,-908,1554076800000
2023,3,194,103,7342.63,5239.88,1007.6,50.8726213592233,9.782524271844661,2023,3,194,301,-198,1677628800000
2016,7,124,110,5853.08,4955.59,529.49,45.05081818181818,4.813545454545455,2016,7,124,1197,-1087,1467331200000
2019,1,247,1163,23007.39,20512.33,438.40999999999997,17.637429062768703,0.37696474634565774,2019,1,247,2914,-1751,1546300800000
2020,11,159,577,14531.130000000001,12310.3,1051.94,21.335008665511264,1.8231195840554593,2020,11,159,1351,-774,1604188800000
2019,5,139,265,12646.05,11752.52,33.57,44.3491320754717,0.12667924528301888,2019,5,139,1057,-792,1556668800000
2016,2,60,82,1323.68,1064.5,154.04,12.981707317073171,1.8785365853658536,2016,2,60,711,-629,1454284800000
2020,11,111,4,99.78999999999999,87.84,8.25,21.96,2.0625,2020,11,111,20,-16,1604188800000
2023,4,214,18,1327.3,1130.0,0.0,62.77777777777778,0.0,2023,4,214,53,-35,1680307200000
2023,11,31,15,767.2,650.56,50.54,43.370666666666665,3.369333333333333,2023,11,31,150,-135,1698796800000
2024,3,124,218,10723.55,9339.9,628.16,42.84357798165137,2.8814678899082566,2024,3,124,736,-518,1709251200000
2016,2,188,2032,33597.19,28048.98,3232.87,13.80363188976378,1.5909793307086613,2016,2,188,9637,-7605,1454284800000
2021,7,86,160,8994.79,7989.35,24.59,49.933437500000004,0.1536875,2021,7,86,758,-598,1625097600000
2025,2,14,1289,36802.09,31905.84,397.12,24.752397207137317,0.30808378588052754,2025,2,14,2992,-1703,1738368000000
2017,7,128,57,1195.48,1004.5,97.0,17.62280701754386,1.7017543859649122,2017,7,128,589,-532,1498867200000
2023,9,2,2,150.4,124.1,19.8,62.05,9.9,2023,9,2,4,-2,1693526400000
2017,3,58,9,514.23,400.3,106.33,44.47777777777778,11.814444444444444,2017,3,58,226,-217,1488326400000
2024,3,227,150,5796.64,5299.78,55.84,35.33186666666666,0.3722666666666667,2024,3,227,630,-480,1709251200000
2016,5,227,216,4746.72,3360.9,1078.6200000000001,15.559722222222222,4.993611111111112,2016,5,227,3165,-2949,1462060800000
2024,12,65,3215,100551.57,83041.72,7435.54,25.829461897356143,2.312765163297045,2024,12,65,5614,-2399,1733011200000
2020,11,59,1,50.12,40.45,2.75,40.45,2.75,2020,11,59,39,-38,1604188800000
2021,7,66,863,22574.14,17290.63,2919.31,20.035492468134414,3.3827462340672074,2021,7,66,3391,-2528,1625097600000
2016,4,174,115,2453.17,2133.25,162.48,18.55,1.4128695652173913,2016,4,174,1545,-1430,1459468800000
2021,10,247,367,10134.22,8496.14,297.17,23.150245231607627,0.8097275204359673,2021,10,247,1211,-844,1633046400000
2017,11,9,32,714.7,641.5,31.58,20.046875,0.986875,2017,11,9,452,-420,1509494400000
2018,2,3,47,956.31,852.5,33.77,18.138297872340427,0.7185106382978724,2018,2,3,483,-436,1517443200000
2016,9,257,436,8401.07,6625.6,945.09,15.196330275229359,2.1676376146788994,2016,9,257,5656,-5220,1472688000000
2019,1,221,34,2161.89,1921.84,4.36,56.52470588235294,0.12823529411764706,2019,1,221,192,-158,1546300800000
2018,6,150,89,3652.45,3227.8,140.89000000000001,36.26741573033708,1.5830337078651686,2018,6,150,564,-475,1527811200000
2016,3,242,134,2346.36,1747.5,112.17,13.041044776119403,0.837089552238806,2016,3,242,1364,-1230,1456790400000
2021,5,215,485,23426.46,19829.68,862.91,40.8859381443299,1.7791958762886597,2021,5,215,1031,-546,1619827200000
2023,8,52,505,15531.76,11971.0,1868.67,23.704950495049506,3.7003366336633663,2023,8,52,1716,-1211,1690848000000
2021,7,78,249,8657.21,7295.54,69.45,29.299357429718874,0.2789156626506024,2021,7,78,592,-343,1625097600000
2024,1,114,40344,895266.2,585589.09,116262.67,14.514899117588737,2.8817834126512,2024,1,114,27473,12871,1704067200000
2022,12,250,81,2578.72,2207.2400000000002,146.58,27.24987654320988,1.8096296296296297,2022,12,250,308,-227,1669852800000
2020,11,137,28047,477408.77,322821.91,51882.52,11.510033515170962,1.8498420508432274,2020,11,137,25585,2462,1604188800000
2019,8,49,1332,25987.53,21992.81,1510.13,16.51111861861862,1.1337312312312313,2019,8,49,9134,-7802,1564617600000
2021,12,72,197,8099.59,7265.21,54.92,36.8792385786802,0.2787817258883249,2021,12,72,778,-581,1638316800000
2024,12,127,359,12567.68,11071.5,432.76,30.83983286908078,1.2054596100278552,2024,12,127,2493,-2134,1733011200000
2025,11,76,4920,134628.81,122790.72,485.82,24.957463414634148,0.0987439024390244,2025,11,76,6306,-1386,1761955200000
2022,2,239,90467,1480512.37,945352.31,203721.97,10.44969226347729,2.2518926238296837,2022,2,239,88384,2083,1643673600000
2023,12,56,286,12610.33,10664.23,693.93,37.28751748251748,2.426328671328671,2023,12,56,844,-558,1701388800000
2024,6,260,1149,38825.3,31986.49,2801.81,27.838546562228025,2.4384769364664924,2024,6,260,2505,-1356,1717200000000
2023,5,213,275,10514.72,8962.74,278.78,32.591781818181815,1.0137454545454545,2023,5,213,653,-378,1682899200000
2020,2,70,738,24875.72,20807.66,1715.0,28.194661246612466,2.323848238482385,2020,2,70,2938,-2200,1580515200000
2021,7,10,890,52182.36,41891.19,4382.93,47.06875280898877,4.924640449438202,2021,7,10,2391,-1501,1625097600000
2018,3,225,909,16484.08,14378.32,873.95,15.817733773377338,0.9614411441144115,2018,3,225,9059,-8150,1519862400000
2019,5,15,145,6231.3,5514.86,89.8,38.03351724137931,0.6193103448275862,2019,5,15,866,-721,1556668800000
2020,2,146,4702,74199.07,57902.26,6279.31,12.314389621437687,1.3354551254785199,2020,2,146,6838,-2136,1580515200000
2021,11,190,102,2772.07,2262.54,274.88,22.18176470588235,2.6949019607843137,2021,11,190,572,-470,1635724800000
2022,7,140,61109,1085028.1,719219.37,137591.56,11.769450817391874,2.251576036263071,2022,7,140,62629,-1520,1656633600000
2025,11,32,616,19234.75,17274.16,21.45,28.042467532467533,0.03482142857142857,2025,11,32,1011,-395,1761955200000
2020,10,233,23006,360921.04000000004,233837.85,43202.48,10.16421151004086,1.877878814222377,2020,10,233,25565,-2559,1601510400000
2019,1,123,437,11961.84,10873.77,34.03,24.882768878718537,0.07787185354691076,2019,1,123,1566,-1129,1546300800000
2023,9,136,138,4690.62,4285.41,56.92,31.05369565217391,0.41246376811594204,2023,9,136,363,-225,1693526400000
2024,8,124,271,11322.24,9791.55,772.62,36.131180811808115,2.8509963099630995,2024,8,124,1028,-757,1722470400000
2022,10,263,77481,1345001.12,875783.18,177891.05,11.303199235941715,2.2959312605671065,2022,10,263,78841,-1360,1664582400000
2022,11,223,784,33492.77,25503.31,4138.06,32.52973214285714,5.278137755102041,2022,11,223,5157,-4373,1667260800000
2017,2,184,4,372.04999999999995,321.0,46.85,80.25,11.7125,2017,2,184,40,-36,1485907200000
2019,6,58,18,875.75,785.28,22.0,43.626666666666665,1.2222222222222223,2019,6,58,178,-160,1559347200000
2023,4,255,1644,50114.33,37747.37,6351.71,22.960687347931874,3.8635705596107055,2023,4,255,8808,-7164,1680307200000
2021,6,245,1,79.28,61.2,1.68,61.2,1.68,2021,6,245,19,-18,1622505600000
2017,7,177,193,4540.77,3847.25,305.73,19.933937823834196,1.5840932642487047,2017,7,177,2050,-1857,1498867200000
2022,7,101,45,1955.04,1711.3600000000001,166.98,38.03022222222223,3.7106666666666666,2022,7,101,327,-282,1656633600000
2023,11,49,452,14338.94,11914.24,1213.3,26.358938053097344,2.68429203539823,2023,11,49,4313,-3861,1698796800000
2016,1,102,128,3038.2000000000003,2564.51,288.07,20.035234375,2.250546875,2016,1,102,1721,-1593,1451606400000
2016,4,197,321,10188.130000000001,7858.8,1595.23,24.482242990654207,4.969563862928349,2016,4,197,2550,-2229,1459468800000
2017,8,105,8,209.14,189.0,5.4799999999999995,23.625,0.6849999999999999,2017,8,105,9,-1,1501545600000
2018,9,153,173,4553.7699999999995,4179.16,55.66,24.15699421965318,0.32173410404624275,2018,9,153,340,-167,1535760000000
2022,11,252,36,1255.27,1000.85,65.64,27.80138888888889,1.8233333333333333,2022,11,252,504,-468,1667260800000
2024,6,247,738,25858.93,22028.01,1276.96,29.848252032520325,1.7302981029810298,2024,6,247,1553,-815,1717200000000
2020,7,34,68,3465.37,3307.54,39.73,48.64029411764706,0.5842647058823529,2020,7,34,90,-22,1593561600000
2021,4,178,70,2328.92,1958.68,3.0,27.981142857142856,0.04285714285714286,2021,4,178,304,-234,1617235200000
2022,11,255,1427,37874.21,29264.18,4871.88,20.507484232655923,3.4140714786264894,2022,11,255,8010,-6583,1667260800000
2020,12,262,25617,390565.60000000003,251740.5,49106.2,9.827087480969668,1.9169379708787133,2020,12,262,26821,-1204,1606780800000
2025,8,115,20,732.15,512.53,23.89,25.6265,1.1945000000000001,2025,8,115,72,-52,1754006400000
2021,2,146,1227,23033.16,18429.21,1575.42,15.019731051344742,1.283960880195599,2021,2,146,1331,-104,1612137600000
2016,3,16,82,2067.13,1751.45,181.86,21.359146341463415,2.2178048780487805,2016,3,16,1634,-1552,1456790400000
2016,8,139,33,1152.43,1040.8,39.18,31.53939393939394,1.1872727272727273,2016,8,139,935,-902,1470009600000
2018,3,155,167,5317.26,4731.0,315.02,28.32934131736527,1.8863473053892215,2018,3,155,1045,-878,1519862400000
2019,9,184,15,767.34,661.81,44.73,44.120666666666665,2.9819999999999998,2019,9,184,76,-61,1567296000000
2025,1,259,299,11487.55,10464.23,46.88,34.997424749163876,0.15678929765886288,2025,1,259,414,-115,1735689600000
2017,6,146,10274,157883.02,131736.97,13876.17,12.82236422036208,1.350610278372591,2017,6,146,12679,-2405,1496275200000
2022,6,8,24,1566.67,1151.15,230.37,47.96458333333334,9.59875,2022,6,8,85,-61,1654041600000
2017,7,14,360,9740.28,8016.78,784.84,22.268833333333333,2.180111111111111,2017,7,14,6589,-6229,1498867200000
2018,6,189,2067,35307.05,29132.7,3546.16,14.094194484760523,1.7156071601354619,2018,6,189,9142,-7075,1527811200000
2020,5,177,361,11092.35,10055.01,235.95,27.85321329639889,0.653601108033241,2020,5,177,466,-105,1588291200000
2020,7,116,2828,51712.48,42458.19,3719.15,15.013504243281472,1.3151166902404527,2020,7,116,5153,-2325,1593561600000
2024,7,127,317,11168.73,9804.6,400.9,30.92933753943218,1.2646687697160883,2024,7,127,2388,-2071,1719792000000
2019,2,198,381,10545.27,9249.12,195.0,24.275905511811025,0.5118110236220472,2019,2,198,3818,-3437,1548979200000
2016,3,129,6892,108036.8,91089.73,6359.49,13.216733894370284,0.92273505513639,2016,3,129,21563,-14671,1456790400000
2022,1,183,57,2130.89,1848.54,18.29,32.43052631578947,0.32087719298245615,2022,1,183,182,-125,1640995200000
2025,5,101,304,8849.72,8055.06,70.69,26.496907894736843,0.2325328947368421,2025,5,101,684,-380,1746057600000
2016,8,251,8,233.56,162.01,63.15,20.25125,7.89375,2016,8,251,163,-155,1470009600000
2023,3,129,741,25400.28,20382.76,2250.92,27.507098515519566,3.0376788124156544,2023,3,129,4791,-4050,1677628800000
2022,1,164,48407,802574.67,514964.97,101072.57,10.638233519945462,2.087974259921086,2022,1,164,43337,5070,1640995200000
2018,12,241,294,9245.89,8281.11,227.84,28.167040816326534,0.7749659863945578,2018,12,241,1443,-1149,1543622400000
2019,9,57,25,474.66,391.24,15.69,15.6496,0.6275999999999999,2019,9,57,271,-246,1567296000000
2018,12,107,198516,2760059.0900000003,2170926.86,330849.83,10.935777771061273,1.6666154365391204,2018,12,107,172130,26386,1543622400000
2022,1,11,37,1487.1299999999999,1341.68,41.45,36.26162162162162,1.1202702702702703,2022,1,11,160,-123,1640995200000
2021,3,154,17,1047.15,888.1,8.13,52.241176470588236,0.4782352941176471,2021,3,154,56,-39,1614556800000
2023,10,124,140,6599.06,5722.31,425.85,40.87364285714286,3.0417857142857145,2023,10,124,769,-629,1696118400000
2016,6,238,200279,2712786.65,2166951.46,297815.97,10.81966386890288,1.487005477359084,2016,6,238,203109,-2830,1464739200000
2022,4,86,123,6846.37,6260.400000000001,60.32,50.897560975609764,0.49040650406504066,2022,4,86,696,-573,1648771200000
2020,7,21,157,6654.67,5997.75,293.18,38.202229299363054,1.867388535031847,2020,7,21,326,-169,1593561600000
2024,1,200,98,3968.85,3580.43,76.80000000000001,36.535,0.7836734693877552,2024,1,200,1032,-934,1704067200000
2019,2,1,490,44324.5,36030.49,5714.29,73.53161224489796,11.661816326530612,2019,2,1,11746,-11256,1548979200000
2018,6,20,80,2388.03,2012.5,160.39000000000001,25.15625,2.004875,2018,6,20,800,-720,1527811200000
2019,8,239,140797,2240331.3200000003,1455742.09,260967.13,10.339297641284972,1.8534992222845657,2019,8,239,135877,4920,1564617600000
2017,3,85,268,4712.0,4016.8,288.55,14.988059701492539,1.076679104477612,2017,3,85,1569,-1301,1488326400000
2020,4,156,3,153.62,123.99000000000001,2.75,41.330000000000005,0.9166666666666666,2020,4,156,5,-2,1585699200000
2017,6,88,41756,919733.87,752745.49,105869.04,18.027241354535875,2.5354210173388254,2017,6,88,44497,-2741,1496275200000
2024,12,163,110389,2878052.73,1957122.6199999999,369768.13,17.72932647274638,3.34968275824584,2024,12,163,93046,17343,1733011200000
2025,4,186,127533,3058087.1,1980815.0,389104.5,15.531783930433692,3.051010326738962,2025,4,186,85788,41745,1743465600000
2016,6,41,39141,535967.49,436517.82,49123.21,11.152444240055186,1.2550320635650596,2016,6,41,69010,-29869,1464739200000
2017,1,235,191,3222.54,2719.5,218.47,14.238219895287958,1.1438219895287958,2017,1,235,1794,-1603,1483228800000
2018,11,71,571,18687.36,16956.93,408.17,29.69690017513135,0.7148336252189142,2018,11,71,1643,-1072,1541030400000
2021,12,143,40433,684106.91,448397.08,87238.22,11.08987905918433,2.157599485568719,2021,12,143,49465,-9032,1638316800000
2023,6,99,4,745.4100000000001,699.1,21.51,174.775,5.3775,2023,6,99,6,-2,1685577600000
2020,1,241,263,9623.13,8511.24,79.06,32.36212927756654,0.3006083650190114,2020,1,241,1170,-907,1577836800000
2020,6,77,320,14958.4,13558.79,242.21,42.371218750000004,0.75690625,2020,6,77,351,-31,1590969600000
2025,6,226,9766,315869.81,260061.82,17505.38,26.62930780258038,1.7924820806881017,2025,6,226,9270,496,1748736000000
2022,6,82,431,14065.93,11143.04,1390.47,25.853921113689097,3.2261484918793504,2022,6,82,2156,-1725,1654041600000
2025,6,107,80251,1798990.33,1165384.68,184084.86,14.52174652029258,2.2938637524766046,2025,6,107,75061,5190,1748736000000
2024,3,112,1214,36397.63,30318.71,1750.88,24.974225700164745,1.4422405271828667,2024,3,112,7011,-5797,1709251200000
2022,12,202,168,6379.3,5098.71,820.64,30.349464285714287,4.884761904761905,2022,12,202,1884,-1716,1669852800000
2025,9,43,54045,1239167.36,810799.98,153892.78,15.002312517346656,2.8474933851420112,2025,9,43,39485,14560,1756684800000
2019,12,209,14463,335527.27,243504.0,36768.81,16.836341008089608,2.542267164488695,2019,12,209,19419,-4956,1575158400000
2019,10,237,334832,5064445.800000001,3244263.19,592551.65,9.68922680627897,1.769698386056291,2019,10,237,299703,35129,1569888000000
2020,12,180,71,2531.68,2111.39,193.05,29.73788732394366,2.7190140845070423,2020,12,180,203,-132,1606780800000
2019,3,244,9241,179802.4,147674.99,13417.95,15.980412293041878,1.4520019478411428,2019,3,244,28045,-18804,1551398400000
2023,2,160,49,2750.87,2210.95,330.62,45.12142857142857,6.74734693877551,2023,2,160,890,-841,1675209600000
2019,1,234,237936,3112614.8600000003,2410743.89,396976.9199999999,10.131900553089906,1.668418902562033,2019,1,234,204548,33388,1546300800000
2016,5,195,1356,30967.57,25302.11,3162.64,18.659373156342184,2.332330383480826,2016,5,195,6537,-5181,1462060800000
2017,11,27,3,50.76,50.46,0.0,16.82,0.0,2017,11,27,67,-64,1509494400000
2025,10,119,959,29608.86,26357.29,347.99,27.484139728884255,0.36286757038581857,2025,10,119,1471,-512,1759276800000
2022,4,141,92967,1521854.63,979688.3,199639.13,10.538022093861263,2.1474192993212644,2022,4,141,95738,-2771,1648771200000
2024,11,106,495,14455.86,12553.04,430.8,25.35967676767677,0.8703030303030304,2024,11,106,1251,-756,1730419200000
2023,8,169,160,5218.68,4714.8,50.46,29.4675,0.315375,2023,8,169,546,-386,1690848000000
2020,11,182,363,13141.57,10970.78,903.56,30.22253443526171,2.489146005509642,2020,11,182,666,-303,1604188800000
2025,11,127,2129,42683.8,34028.97,667.72,15.983546265852514,0.3136308125880695,2025,11,127,5737,-3608,1761955200000
2024,12,201,108,5390.57,4925.14,70.36,45.60314814814815,0.6514814814814814,2024,12,201,361,-253,1733011200000
2021,1,22,344,11658.28,10049.82,558.53,29.214593023255812,1.6236337209302325,2021,1,22,641,-297,1609459200000
2019,5,131,248,9944.2,8955.42,31.0,36.11056451612903,0.125,2019,5,131,1262,-1014,1556668800000
2017,7,228,900,16462.14,13465.7,1590.69,14.96188888888889,1.7674333333333334,2017,7,228,5712,-4812,1498867200000
2018,8,38,126,6153.93,5643.81,141.99,44.79214285714286,1.126904761904762,2018,8,38,835,-709,1533081600000
2020,7,196,225,6464.68,5606.33,386.73,24.917022222222222,1.7188,2020,7,196,510,-285,1593561600000
2025,4,113,57333,1259971.91,797735.86,147784.44,13.9140784539445,2.577650567735859,2025,4,113,51727,5606,1743465600000
2016,12,162,336712,5138460.22,4088418.18,579860.53,12.14218138943667,1.7221261196512154,2016,12,162,312367,24345,1480550400000
2020,10,236,86340,1289582.47,822054.84,161963.34999999998,9.52113551077137,1.8758785035904562,2020,10,236,88809,-2469,1601510400000
2018,5,93,1139,65700.08,52114.41,7445.16,45.75453028972783,6.53657594381036,2018,5,93,1362,-223,1525132800000
2020,1,252,140,4879.43,4187.51,40.13,29.910785714285716,0.28664285714285714,2020,1,252,1097,-957,1577836800000
2022,5,86,122,5999.57,5478.58,69.94,44.90639344262295,0.5732786885245902,2022,5,86,718,-596,1651363200000
2022,11,101,43,1509.71,1339.31,70.75,31.14674418604651,1.6453488372093024,2022,11,101,331,-288,1667260800000
2016,7,257,466,8857.48,7104.54,988.13,15.245793991416308,2.1204506437768242,2016,7,257,5853,-5387,1467331200000
2020,12,216,506,22175.46,19173.38,1407.19,37.89205533596838,2.78100790513834,2020,12,216,978,-472,1606780800000
2025,2,239,93952,1914832.74,1216839.77,229629.79,12.951717579189374,2.4441181667234333,2025,2,239,94359,-407,1738368000000
2024,3,74,10154,213531.81,171197.68,10923.18,16.860122119361826,1.0757514280086666,2024,3,74,24691,-14537,1709251200000
2020,11,33,1031,24621.65,19989.73,2734.98,19.388680892337536,2.6527449078564502,2020,11,33,3516,-2485,1604188800000
2024,9,85,594,17032.13,15810.86,128.9,26.617609427609427,0.217003367003367,2024,9,85,922,-328,1725148800000
2016,1,222,42,1446.53,1209.8,170.47,28.804761904761904,4.058809523809524,2016,1,222,398,-356,1451606400000
2024,7,160,244,8383.6,7456.15,337.92,30.557991803278686,1.3849180327868853,2024,7,160,1182,-938,1719792000000
2020,6,227,144,4900.7,4248.15,358.73,29.501041666666666,2.4911805555555557,2020,6,227,234,-90,1590969600000
2025,4,219,929,45401.32,38901.24,2961.74,41.87431646932185,3.188094725511302,2025,4,219,1899,-970,1743465600000
2016,2,179,7502,110660.28,91291.33,10367.2,12.168932284724074,1.3819248200479872,2016,2,179,17237,-9735,1454284800000
2016,10,145,12713,269400.56,218526.82,26170.08,17.18924093447652,2.0585290647368835,2016,10,145,33869,-21156,1475280000000
2018,9,148,122256,1960770.4300000002,1583193.97,223386.28,12.9498263479911,1.8272009553723334,2018,9,148,93027,29229,1535760000000
2019,12,55,268,10592.72,9416.68,110.71,35.13686567164179,0.4130970149253731,2019,12,55,1011,-743,1575158400000
2020,7,120,23,906.62,786.54,20.34,34.197391304347825,0.8843478260869565,2020,7,120,151,-128,1593561600000
2016,7,247,2311,41397.42,34784.02,3141.6,15.051501514495888,1.359411510168758,2016,7,247,5845,-3534,1467331200000
2023,2,120,14,666.48,568.76,46.32,40.62571428571429,3.3085714285714287,2023,2,120,112,-98,1675209600000
2023,11,229,62336,1393739.76,915727.16,180863.68,14.690181596509241,2.9014322381930184,2023,11,229,71406,-9070,1698796800000
2017,11,253,18,1550.04,1325.0,156.98,73.61111111111111,8.72111111111111,2017,11,253,59,-41,1509494400000
2021,11,73,35,1241.19,1076.89,22.1,30.768285714285717,0.6314285714285715,2021,11,73,266,-231,1635724800000
2022,6,48,109998,2123796.93,1420266.48,267774.05000000005,12.911748213603884,2.4343538064328447,2022,6,48,94677,15321,1654041600000
2019,5,76,1566,55028.26,50435.72,447.29,32.206717752234994,0.2856257982120051,2019,5,76,3323,-1757,1556668800000
2021,3,118,19,1356.57,1191.54,20.009999999999998,62.71263157894737,1.053157894736842,2021,3,118,53,-34,1614556800000
2018,7,69,472,10128.67,9071.16,402.84000000000003,19.218559322033897,0.8534745762711865,2018,7,69,3584,-3112,1530403200000
2016,7,28,779,34127.74,28047.08,3103.06,36.003953786906294,3.9833889602053913,2016,7,28,2894,-2115,1467331200000
2025,5,53,462,12411.56,10464.03,309.42,22.649415584415586,0.6697402597402597,2025,5,53,1219,-757,1746057600000
2022,6,193,4427,23383.39,18516.32,1509.46,4.182588660492433,0.34096679466907615,2022,6,193,5533,-1106,1654041600000
2017,2,178,153,2865.78,1800.04,877.7199999999999,11.764967320261437,5.73673202614379,2017,2,178,843,-690,1485907200000
2019,4,236,299363,4555456.08,2920343.72,539541.4,9.755192592270923,1.802298213206041,2019,4,236,315337,-15974,1554076800000
2017,5,171,65,1170.56,1018.61,51.7,15.670923076923078,0.7953846153846155,2017,5,171,1430,-1365,1493596800000
2024,11,195,774,34757.83,29297.71,2158.53,37.85233850129199,2.788798449612403,2024,11,195,1440,-666,1730419200000
2019,11,74,25470,369527.58999999997,288109.35,26261.53,11.311713780918726,1.0310769532783666,2019,11,74,53338,-27868,1572566400000
2021,5,75,28764,472165.08,348214.49,42834.31,12.105913294395773,1.4891638854123208,2021,5,75,43128,-14364,1619827200000
2022,1,37,303,9081.99,7365.28,938.76,24.307854785478547,3.0982178217821783,2022,1,37,2988,-2685,1640995200000
2022,6,44,35,2443.18,2121.1,20.0,60.60285714285714,0.5714285714285714,2022,6,44,48,-13,1654041600000
2023,5,13,21129,706224.52,501534.47,93753.2,23.736782147759,4.437181125467367,2023,5,13,26549,-5420,1682899200000
2020,8,251,4,280.85,214.53,8.25,53.6325,2.0625,2020,8,251,14,-10,1596240000000
2024,2,101,64,3041.18,2771.73,63.85,43.30828125,0.99765625,2024,2,101,251,-187,1706745600000
2019,4,153,237,8056.96,7235.63,98.86,30.530084388185653,0.41713080168776373,2019,4,153,389,-152,1554076800000
2024,11,73,50,1567.57,1350.62,28.41,27.0124,0.5682,2024,11,73,250,-200,1730419200000
2021,8,108,111,5439.78,4844.72,90.77,43.64612612612613,0.8177477477477477,2021,8,108,332,-221,1627776000000
2024,11,119,344,11361.92,10198.44,171.7,29.646627906976747,0.49912790697674414,2024,11,119,571,-227,1730419200000
2021,2,174,503,16610.88,14178.68,186.26,28.18823061630219,0.37029821073558644,2021,2,174,765,-262,1612137600000
2017,11,85,155,2713.63,2311.5,210.5,14.912903225806451,1.3580645161290323,2017,11,85,1259,-1104,1509494400000
2025,3,240,108,3309.13,3002.35,28.4,27.799537037037037,0.26296296296296295,2025,3,240,202,-94,1740787200000
2017,5,149,29,737.8199999999999,583.92,90.45,20.135172413793104,3.1189655172413793,2017,5,149,1016,-987,1493596800000
2018,12,244,8649,162531.96000000002,137151.75,12893.68,15.85752688172043,1.4907711874205112,2018,12,244,27377,-18728,1543622400000
2024,3,6,29,622.8,245.21999999999997,20.4,8.455862068965516,0.7034482758620689,2024,3,6,80,-51,1709251200000
2024,7,152,2024,41951.74,34112.61,2487.99,16.854056324110672,1.229244071146245,2024,7,152,4056,-2032,1719792000000
2024,11,39,1654,51608.37,48510.97,184.52,29.32948609431681,0.11155985489721887,2024,11,39,2235,-581,1730419200000
2020,12,52,397,7855.56,6032.5,975.57,15.19521410579345,2.45735516372796,2020,12,52,805,-408,1606780800000
2020,11,96,22,880.09,749.31,58.46,34.05954545454545,2.6572727272727272,2020,11,96,92,-70,1604188800000
2025,2,198,1493,36389.28,31201.53,311.42,20.89854655056932,0.20858673811118555,2025,2,198,2760,-1267,1738368000000
2019,11,8,74,4245.81,3133.3,565.33,42.3418918918919,7.6395945945945956,2019,11,8,128,-54,1572566400000
2020,3,262,43092,688824.3200000001,449484.39,82983.01,10.430808270676692,1.925717302515548,2020,3,262,44252,-1160,1583020800000
2017,10,148,142768,2289354.2300000004,1849443.7,259604.43,12.954189314132018,1.8183656701781912,2017,10,148,111328,31440,1506816000000
2021,12,70,13796,598870.23,424413.78,77163.89,30.763538706871557,5.593207451435198,2021,12,70,1804,11992,1638316800000
2019,9,134,568,24465.94,19902.89,2280.46,35.040299295774645,4.014894366197183,2019,9,134,2133,-1565,1567296000000
2020,1,18,276,9755.14,8421.9,50.38,30.514130434782608,0.182536231884058,2020,1,18,1038,-762,1577836800000
2021,12,254,172,7073.84,6190.12,71.01,35.98906976744186,0.4128488372093024,2021,12,254,533,-361,1638316800000
2024,1,139,162,6936.64,6437.0,41.44,39.73456790123457,0.25580246913580246,2024,1,139,605,-443,1704067200000
2019,11,7,8772,129647.22,106016.59,8055.89,12.08579457364341,0.9183641130870953,2019,11,7,23922,-15150,1572566400000
2017,8,111,14,129.12,98.0,14.42,7.0,1.03,2017,8,111,106,-92,1501545600000
2024,7,96,28,786.11,725.93,14.8,25.926071428571426,0.5285714285714286,2024,7,96,125,-97,1719792000000
2018,3,247,1498,24464.25,21232.8,1195.64,14.174098798397864,0.7981575433911883,2018,3,247,3559,-2061,1519862400000
2020,1,163,176119,3034990.8000000003,1990412.37,365403.56,11.301519824664005,2.0747537744366027,2020,1,163,150489,25630,1577836800000
2023,8,134,281,15451.8,12850.25,1297.21,45.730427046263344,4.616405693950178,2023,8,134,1203,-922,1690848000000
2024,1,52,530,15162.539999999999,11843.26,1690.97,22.34577358490566,3.1905094339622644,2024,1,52,1843,-1313,1704067200000
2021,3,177,638,21034.53,18092.73,203.73,28.358510971786835,0.3193260188087774,2021,3,177,1155,-517,1614556800000
2017,11,20,63,1225.38,1020.5,115.44,16.1984126984127,1.8323809523809524,2017,11,20,795,-732,1509494400000
2019,1,107,177231,2324972.19,1816733.67,282850.45999999996,10.250654061648357,1.5959423577139438,2019,1,107,162969,14262,1546300800000
2016,6,4,33027,500526.60000000003,405904.49,53740.39,12.290080540164109,1.6271653495624792,2016,6,4,55662,-22635,1464739200000
2023,3,254,206,7670.29,6869.03,171.26,33.344805825242716,0.8313592233009708,2023,3,254,515,-309,1677628800000
2022,7,72,143,4459.5199999999995,4173.5,45.269999999999996,29.185314685314687,0.3165734265734265,2022,7,72,761,-618,1656633600000
2025,8,12,2042,58245.35,42104.4,5268.67,20.619196865817827,2.5801518119490696,2025,8,12,3041,-999,1754006400000
2023,2,95,337,10383.93,8786.81,555.17,26.07362017804154,1.6473887240356082,2023,2,95,3519,-3182,1675209600000
2017,2,196,693,15328.76,12685.51,1269.3,18.305209235209237,1.8316017316017315,2017,2,196,3501,-2808,1485907200000
2022,11,74,7878,133639.56,101547.34,12767.3,12.88998984513836,1.6206270627062704,2022,11,74,23461,-15583,1667260800000
2022,12,257,71,2675.15,2132.91,321.34,30.040985915492957,4.525915492957746,2022,12,257,1493,-1422,1669852800000
2022,11,57,7,241.82999999999998,208.2,21.98,29.74285714285714,3.14,2022,11,57,47,-40,1667260800000
2024,5,216,1377,73886.12,63330.6,6556.21,45.9917211328976,4.761227305737109,2024,5,216,3922,-2545,1714521600000
2016,4,19,146,2958.15,2191.5,558.61,15.01027397260274,3.826095890410959,2016,4,19,734,-588,1459468800000
2023,5,71,207,7078.93,6362.18,153.45,30.735169082125605,0.7413043478260869,2023,5,71,848,-641,1682899200000
2025,10,182,1159,37649.69,34050.55,36.989999999999995,29.379249352890426,0.031915444348576356,2025,10,182,1364,-205,1759276800000
2020,10,176,2,146.66,121.45,2.75,60.725,1.375,2020,10,176,14,-12,1601510400000
2025,7,1,497,46456.84,40158.84,4797.03,80.80249496981891,9.651971830985914,2025,7,1,7124,-6627,1751328000000
2021,10,68,84424,1574430.62,1053015.61,200378.06,12.472941462143467,2.373472709182223,2021,10,68,82137,2287,1633046400000
2022,7,230,103730,2122962.47,1433580.5,257443.8,13.820307529162248,2.481864455798708,2022,7,230,104701,-971,1656633600000
2022,4,71,128,3907.99,3464.7200000000003,129.28,27.068125000000002,1.01,2022,4,71,718,-590,1648771200000
2018,5,106,1476,25985.18,21354.2,2476.17,14.467615176151762,1.6776219512195123,2018,5,106,4938,-3462,1525132800000
2016,4,53,101,2405.87,2029.33,178.35999999999999,20.09237623762376,1.7659405940594057,2016,4,53,1130,-1029,1459468800000
2019,8,28,1046,57064.31,44702.68,5407.6,42.73678776290631,5.169789674952199,2019,8,28,3643,-2597,1564617600000
2021,9,82,593,17725.54,14318.22,1203.8,24.145396290050588,2.030016863406408,2021,9,82,2269,-1676,1630454400000
2019,7,129,3661,72481.76,61035.42,3978.86,16.671789128653373,1.0868232723299645,2019,7,129,13394,-9733,1561939200000
2022,7,115,8,653.75,548.1,8.0,68.5125,1.0,2022,7,115,75,-67,1656633600000
2023,2,35,203,6386.83,5918.3,19.08,29.15418719211823,0.09399014778325122,2023,2,35,493,-290,1675209600000
2025,11,126,778,19082.579999999998,16549.69,40.57,21.272095115681232,0.052146529562982005,2025,11,126,1113,-335,1761955200000
2016,8,83,1691,25998.84,22054.22,1484.41,13.042117090479007,0.8778296865759906,2016,8,83,5170,-3479,1470009600000
2023,4,234,88527,1995802.35,1296231.8499999999,260749.47,14.642220452517309,2.9454230912602934,2023,4,234,77193,11334,1680307200000
2022,2,164,62837,1080040.74,697375.07,139414.07,11.098159842131228,2.2186620939892103,2022,2,164,55746,7091,1643673600000
2018,6,184,18,658.62,608.5,21.7,33.80555555555556,1.2055555555555555,2018,6,184,83,-65,1527811200000
2025,5,118,34,1531.42,1080.34,10.0,31.77470588235294,0.29411764705882354,2025,5,118,110,-76,1746057600000
2022,7,2,3,195.21,153.0,22.21,51.0,7.403333333333333,2022,7,2,1,2,1656633600000
2023,9,226,1961,69313.3,56063.68,6594.96,28.589331973482917,3.363059663437022,2023,9,226,4624,-2663,1693526400000
2025,7,21,525,14454.02,13358.69,73.32,25.44512380952381,0.13965714285714284,2025,7,21,1203,-678,1751328000000
2019,8,81,265,9599.29,8481.65,96.57000000000001,32.00622641509434,0.36441509433962266,2019,8,81,673,-408,1564617600000
2022,5,8,27,1347.3600000000001,1074.2,96.21,39.785185185185185,3.563333333333333,2022,5,8,86,-59,1651363200000
2019,5,221,14,939.15,614.31,227.30999999999997,43.87928571428571,16.23642857142857,2019,5,221,134,-120,1556668800000
2016,2,54,634,11207.04,9088.8,1340.72,14.33564668769716,2.114700315457413,2016,2,54,3604,-2970,1454284800000
2016,9,75,63416,887333.0800000001,726421.02,81051.56,11.454853980068123,1.2780932256843698,2016,9,75,112210,-48794,1472688000000
2020,9,21,183,6129.599999999999,5256.94,469.29,28.72644808743169,2.564426229508197,2020,9,21,400,-217,1598918400000
2017,8,40,4281,79265.32,63219.72,9759.820000000002,14.76751226348984,2.279799112356926,2017,8,40,9818,-5537,1501545600000
2024,11,108,201,8181.96,7645.88,38.94,38.0392039800995,0.19373134328358207,2024,11,108,404,-203,1730419200000
2022,8,11,51,2491.73,2298.61,66.62,45.07078431372549,1.3062745098039217,2022,8,11,310,-259,1659312000000
2018,6,186,290855,4390847.45,3543645.78,483448.54,12.183547747159237,1.6621634147599318,2018,6,186,234059,56796,1527811200000
2025,10,239,110329,2338847.58,1488488.62,286006.8,13.491363286171362,2.592308459244623,2025,10,239,110744,-415,1759276800000
2017,5,1,814,71436.87,59944.75,8545.22,73.64219901719902,10.497813267813267,2017,5,1,21263,-20449,1493596800000
2022,3,40,603,14669.83,10913.47,1929.36,18.098623548922056,3.199601990049751,2022,3,40,3399,-2796,1646092800000
2017,5,136,112,2276.34,2057.66,74.21,18.371964285714284,0.6625892857142857,2017,5,136,1113,-1001,1493596800000
2016,8,31,31,1613.75,1277.5,260.19,41.20967741935484,8.393225806451612,2016,8,31,427,-396,1470009600000
2022,9,57,17,758.0699999999999,633.16,83.41,37.24470588235294,4.906470588235294,2022,9,57,91,-74,1661990400000
2022,6,34,133,3634.49,2729.47,563.62,20.522330827067666,4.237744360902256,2022,6,34,619,-486,1654041600000
2021,3,122,132,5530.5,4860.83,70.0,36.82446969696969,0.5303030303030303,2021,3,122,326,-194,1614556800000
2021,4,92,514,18797.91,15975.5,330.57,31.080739299610894,0.6431322957198443,2021,4,92,1412,-898,1617235200000
2022,7,243,463,14027.95,11100.94,1630.06,23.976112311015118,3.5206479481641466,2022,7,243,6437,-5974,1656633600000
2018,4,28,665,27681.91,22743.96,2480.61,34.201443609022554,3.7302406015037595,2018,4,28,2306,-1641,1522540800000
2020,11,65,1156,30740.58,25172.96,2899.28,21.7759169550173,2.5080276816609,2020,11,65,1921,-765,1604188800000
2023,1,247,315,8488.42,7363.91,214.01,23.377492063492063,0.6793968253968253,2023,1,247,985,-670,1672531200000
2024,12,175,77,2697.12,2367.73,43.089999999999996,30.74974025974026,0.5596103896103896,2024,12,175,356,-279,1733011200000
2017,2,26,198,3238.44,2798.18,186.5,14.132222222222222,0.9419191919191919,2017,2,26,2068,-1870,1485907200000
2016,12,238,196552,2548533.63,2027381.47,280904.42,10.31473335300582,1.4291608327567258,2016,12,238,206075,-9523,1480550400000
2016,7,240,50,1126.06,946.0,88.51,18.92,1.7702,2016,7,240,448,-398,1467331200000
2019,9,226,9030,229627.13,183239.44,20373.87,20.292296788482837,2.2562425249169435,2019,9,226,14862,-5832,1567296000000
2021,1,62,388,11461.53,9951.81,608.45,25.648994845360825,1.5681701030927837,2021,1,62,1030,-642,1609459200000
2024,6,39,1377,44667.68,42204.23,116.45,30.64940450254176,0.08456790123456791,2024,6,39,2028,-651,1717200000000
2019,2,236,280931,4155555.31,2679749.79,494881.13999999996,9.538818393128562,1.7615754046367256,2019,2,236,292370,-11439,1548979200000
2021,1,231,13255,260235.29,184326.88,27923.74,13.906215013202566,2.1066571105243304,2021,1,231,15558,-2303,1609459200000
2017,5,174,86,1936.92,1627.06,179.99,18.919302325581395,2.092906976744186,2017,5,174,1157,-1071,1493596800000
2022,12,182,122,3950.6,3554.23,53.67,29.133032786885245,0.43991803278688524,2022,12,182,423,-301,1669852800000
2016,12,63,107,3333.14,2819.92,315.36,26.354392523364485,2.9472897196261685,2016,12,63,1053,-946,1480550400000
2024,9,249,86675,1979631.77,1337083.6800000002,235397.89,15.426405307182003,2.715868358811653,2024,9,249,67461,19214,1725148800000
2022,9,53,38,1526.1599999999999,1300.9,51.71,34.23421052631579,1.3607894736842105,2022,9,53,380,-342,1661990400000
2022,3,32,75,3247.89,2864.32,55.47,38.190933333333334,0.7396,2022,3,32,289,-214,1646092800000
2016,8,155,78,2876.45,2379.0,266.15,30.5,3.412179487179487,2016,8,155,1337,-1259,1470009600000
2020,10,34,492,19244.91,14488.42,2965.89,29.448008130081302,6.028231707317073,2020,10,34,712,-220,1601510400000
2016,1,219,566,33040.74,27734.95,2987.33,49.001678445229686,5.277968197879859,2016,1,219,2037,-1471,1451606400000
2017,6,75,64551,856858.33,698025.62,78125.59,10.813552384935942,1.2102924819135257,2017,6,75,113009,-48458,1496275200000
2023,10,36,382,13834.210000000001,11440.47,1136.24,29.948874345549736,2.9744502617801047,2023,10,36,2193,-1811,1696118400000
2023,10,118,4,415.77,348.58,30.0,87.145,7.5,2023,10,118,74,-70,1696118400000
2022,1,97,728,15720.57,12707.57,1540.05,17.455453296703297,2.1154532967032966,2022,1,97,2995,-2267,1640995200000
2025,9,174,593,20422.47,18603.28,73.34,31.3714671163575,0.12367622259696459,2025,9,174,1664,-1071,1756684800000
2020,11,135,252,10056.45,8632.21,577.52,34.254801587301586,2.291746031746032,2020,11,135,523,-271,1604188800000
2023,6,158,29269,748379.5599999999,501735.78,99059.37,17.14222487956541,3.3844466842051317,2023,6,158,32141,-2872,1685577600000
2018,10,80,3811,70845.62000000001,58386.79,6907.75,15.320595644187877,1.8125819994752033,2018,10,80,15904,-12093,1538352000000
2016,11,100,194432,3013055.88,2480376.06,278131.28,12.757036187458855,1.4304809907834102,2016,11,100,150779,43653,1477958400000
2019,11,27,4,201.91,169.64,0.0,42.41,0.0,2019,11,27,96,-92,1572566400000
2024,1,65,1393,45331.86,36587.37,4105.11,26.26516152189519,2.946956209619526,2024,1,65,3583,-2190,1704067200000
2017,1,16,70,1848.6299999999999,1482.0,256.93,21.17142857142857,3.6704285714285714,2017,1,16,1265,-1195,1483228800000
2024,10,92,456,16983.15,14943.8,551.52,32.771491228070175,1.2094736842105263,2024,10,92,2687,-2231,1727740800000
2019,6,76,1573,48754.94,44605.85,488.8,28.35718372536554,0.31074380165289256,2019,6,76,3075,-1502,1559347200000
2025,3,12,1282,39237.43,28236.43,4334.6,22.025296411856473,3.3811232449297974,2025,3,12,1979,-697,1740787200000
2020,3,92,239,7580.79,6782.36,171.9,28.37807531380753,0.7192468619246862,2020,3,92,1301,-1062,1583020800000
2023,4,34,54,1462.75,1122.93,195.32,20.795,3.617037037037037,2023,4,34,369,-315,1680307200000
2024,2,237,140800,2788670.52,1752620.55,369200.93,12.447589133522728,2.6221656960227273,2024,2,237,128854,11946,1706745600000
2018,12,163,212794,3397044.0500000003,2724000.81,378466.01000000007,12.801116619829507,1.778555833341166,2018,12,163,189173,23621,1543622400000
2017,4,205,47,1055.15,871.51,107.49,18.542765957446807,2.2870212765957447,2017,4,205,1138,-1091,1491004800000
2016,4,209,21880,412716.5,337940.29,47034.87,15.44516864716636,2.149674131627057,2016,4,209,29640,-7760,1459468800000
2024,9,41,11587,254602.4,203747.93,15444.69,17.58418313627341,1.3329325968758092,2024,9,41,22257,-10670,1725148800000
2017,2,46,7,137.1,125.5,3.0,17.928571428571427,0.42857142857142855,2017,2,46,151,-144,1485907200000
2021,6,212,173,5868.19,4933.9,21.98,28.51965317919075,0.12705202312138728,2021,6,212,440,-267,1622505600000
2024,9,165,453,12944.85,12079.64,89.46000000000001,26.665871964679912,0.1974834437086093,2024,9,165,1103,-650,1725148800000
2022,2,255,1274,30881.39,22932.04,4369.0,18.000031397174254,3.4293563579277864,2022,2,255,7647,-6373,1643673600000
2023,1,64,23,1068.2,931.4,63.5,40.495652173913044,2.760869565217391,2023,1,64,321,-298,1672531200000
2025,8,196,1269,35012.0,29415.84,1304.77,23.18033096926714,1.028187549251379,2025,8,196,2602,-1333,1754006400000
2023,9,154,57,2772.35,2297.2,264.51,40.30175438596491,4.640526315789473,2023,9,154,188,-131,1693526400000
2025,10,218,924,35635.04,31979.15,480.61,34.6094696969697,0.5201406926406926,2025,10,218,1807,-883,1759276800000
2018,2,20,41,813.28,739.51,19.0,18.03682926829268,0.4634146341463415,2018,2,20,677,-636,1517443200000
2021,12,246,43497,798467.04,532896.17,100519.45,12.251331586086398,2.31095132997678,2021,12,246,50149,-6652,1638316800000
2025,7,131,889,25622.49,22804.08,61.69,25.65138357705287,0.069392575928009,2025,7,131,1579,-690,1751328000000
2025,2,25,3379,85005.05,70984.51,2723.69,21.007549570878957,0.8060639242379403,2025,2,25,5793,-2414,1738368000000
2017,7,211,71904,1066350.65,861101.47,117338.57,11.975710252558967,1.6318781987093904,2017,7,211,73836,-1932,1498867200000
2022,3,12,1152,27517.59,20139.15,3154.49,17.481901041666667,2.7382725694444443,2022,3,12,1657,-505,1646092800000
2022,4,145,3443,72410.58,54655.48,8172.28,15.874376996805113,2.3735927969793784,2022,4,145,10878,-7435,1648771200000
2023,8,38,131,6334.31,5832.63,134.58,44.52389312977099,1.0273282442748093,2023,8,38,731,-600,1690848000000
2020,6,237,22467,319763.31,204167.88,35418.51,9.087456269194819,1.5764681532914944,2020,6,237,18523,3944,1590969600000
2019,8,80,1995,42584.83,34260.82,3946.9900000000002,17.17334335839599,1.9784411027568924,2019,8,80,9176,-7181,1564617600000
2024,8,200,141,6376.89,5677.05,204.13,40.26276595744681,1.4477304964539006,2024,8,200,1005,-864,1722470400000
2017,4,24,30715,422530.28,340261.97,44788.08,11.078039068858862,1.4581826469151882,2017,4,24,32357,-1642,1491004800000
2023,2,202,94,3496.01,2804.56,365.1,29.835744680851064,3.8840425531914895,2023,2,202,1620,-1526,1675209600000
2024,6,94,146,4888.16,4577.73,13.51,31.354315068493147,0.09253424657534247,2024,6,94,253,-107,1717200000000
2018,9,125,51492,802490.54,636353.58,99339.99,12.358299930086226,1.929231531111629,2018,9,125,44648,6844,1535760000000
2019,12,13,55793,1298389.5100000002,919882.87,160292.72999999998,16.487424408079868,2.8729899808219668,2019,12,13,62252,-6459,1575158400000
2020,2,106,651,13431.42,10788.25,1019.32,16.571812596006144,1.5657757296466974,2020,2,106,2644,-1993,1580515200000
2018,3,114,128194,1799926.4300000002,1422378.69,217282.01,11.095516872864565,1.6949467993821865,2018,3,114,101922,26272,1519862400000
2017,9,194,539,25224.59,19071.82,3066.9,35.38371057513915,5.689981447124304,2017,9,194,1865,-1326,1504224000000
2020,3,20,112,2359.54,2038.5,57.61,18.200892857142858,0.514375,2020,3,20,357,-245,1583020800000
2021,7,260,819,20313.79,16300.0,1613.42,19.902319902319903,1.96998778998779,2021,7,260,2784,-1965,1625097600000
2024,9,185,148,5880.0599999999995,5358.9,68.2,36.20878378378378,0.4608108108108108,2024,9,185,453,-305,1725148800000
2024,10,36,884,28027.43,24109.72,1168.31,27.27343891402715,1.3216176470588235,2024,10,36,2511,-1627,1727740800000
2020,3,58,15,580.5600000000001,383.72,134.55,25.581333333333337,8.97,2020,3,58,58,-43,1583020800000
2025,2,38,297,12573.69,11743.85,70.71000000000001,39.541582491582496,0.23808080808080812,2025,2,38,916,-619,1738368000000
2018,12,33,8292,157480.47999999998,129859.43,17825.59,15.66080921369995,2.1497334780511337,2018,12,33,22396,-14104,1543622400000
2022,2,99,1,45.31,45.0,0.01,45.0,0.01,2022,2,99,3,-2,1643673600000
2021,5,16,193,7740.8,6906.96,46.44,35.78735751295337,0.24062176165803106,2021,5,16,555,-362,1619827200000
2025,4,42,10667,247074.01,207307.99,4327.51,19.434516733852067,0.4056913846442299,2025,4,42,19647,-8980,1743465600000
2024,10,107,75196,1682995.0799999998,1118992.5699999998,204075.48,14.88101188893026,2.713914037980744,2024,10,107,72648,2548,1727740800000
2017,1,192,111,1996.56,1655.0,155.04,14.90990990990991,1.3967567567567567,2017,1,192,774,-663,1483228800000
2017,2,167,220,3811.34,2929.5,608.04,13.315909090909091,2.7638181818181815,2017,2,167,1485,-1265,1485907200000
2020,10,181,1191,29007.85,24164.85,2820.35,20.28954659949622,2.368052057094878,2020,10,181,3804,-2613,1601510400000
2025,5,156,16,580.14,499.62,5.46,31.22625,0.34125,2025,5,156,70,-54,1746057600000
2021,8,131,169,6167.62,5364.22,14.68,31.74094674556213,0.08686390532544379,2021,8,131,824,-655,1627776000000
2022,2,101,54,2568.5699999999997,2273.1,76.22,42.09444444444444,1.4114814814814816,2022,2,101,248,-194,1643673600000
2020,6,20,153,4332.86,3780.57,177.14,24.709607843137256,1.1577777777777778,2020,6,20,243,-90,1590969600000
2018,6,205,327,11299.83,10269.3,248.02,31.404587155963302,0.7584709480122325,2018,6,205,1477,-1150,1527811200000
2024,1,86,275,14341.79,13502.05,49.6,49.098363636363636,0.18036363636363636,2024,1,86,611,-336,1704067200000
2024,11,225,1565,45833.8,41963.95,499.49,26.814025559105428,0.3191629392971246,2024,11,225,3582,-2017,1730419200000
2025,11,86,999,47817.81,45641.49,70.17,45.687177177177176,0.07024024024024024,2025,11,86,1430,-431,1761955200000
2020,3,37,667,14075.0,12107.33,663.04,18.15191904047976,0.994062968515742,2020,3,37,3518,-2851,1583020800000
2016,4,37,6212,93342.76,75333.17,9962.29,12.127039600772697,1.6037169993560851,2016,4,37,24018,-17806,1459468800000
2016,12,28,665,29073.760000000002,23835.53,2710.13,35.842902255639096,4.075383458646617,2016,12,28,2217,-1552,1480550400000
2021,6,265,11644,609503.97,585698.79,10827.32,50.30048007557541,0.9298625901751975,2021,6,265,8211,3433,1622505600000
2023,1,77,74,2920.58,2618.48,53.6,35.384864864864866,0.7243243243243244,2023,1,77,314,-240,1672531200000
2024,11,25,2485,70911.14,60909.87,3471.97,24.511014084507043,1.3971710261569417,2024,11,25,5953,-3468,1730419200000
2019,8,142,157829,2513353.63,1638691.47,288389.99,10.382701974922226,1.8272306737038186,2019,8,142,146273,11556,1564617600000
2024,8,62,720,21459.43,19858.33,477.71,27.58101388888889,0.6634861111111111,2024,8,62,1733,-1013,1722470400000
2016,8,255,15852,256349.77,206227.97,29415.7,13.009586802927075,1.8556459752712593,2016,8,255,34617,-18765,1470009600000
2019,7,4,9640,175466.25999999998,122156.48,17505.48,12.671834024896265,1.815921161825726,2019,7,4,26210,-16570,1561939200000
2025,3,192,315,8898.15,7733.5,188.26,24.55079365079365,0.5976507936507937,2025,3,192,715,-400,1740787200000
2022,2,97,1243,27271.85,21702.86,2938.94,17.460064360418343,2.3643925985518908,2022,2,97,3806,-2563,1643673600000
2017,1,206,7,263.2,221.5,10.0,31.642857142857142,1.4285714285714286,2017,1,206,183,-176,1483228800000
2021,12,33,1843,47693.350000000006,37004.15,6082.95,20.07821486706457,3.300569723277265,2021,12,33,7545,-5702,1638316800000
2016,1,201,8,339.13,309.14,18.05,38.6425,2.25625,2016,1,201,381,-373,1451606400000
2016,2,215,662,40936.92,32427.68,4501.56,48.984410876132934,6.799939577039275,2016,2,215,887,-225,1454284800000
2022,8,192,47,1427.49,1316.32,62.57,28.006808510638297,1.3312765957446808,2022,8,192,332,-285,1659312000000
2023,3,29,97,4439.95,3965.91,24.84,40.885670103092785,0.25608247422680414,2023,3,29,412,-315,1677628800000
2022,6,90,59090,1076602.33,706192.32,142396.30000000002,11.951130817397189,2.40982061262481,2022,6,90,46232,12858,1654041600000
2025,11,260,2656,57906.9,44269.31,3799.35,16.66766189759036,1.4304781626506025,2025,11,260,3783,-1127,1761955200000
2019,11,190,255,4767.27,3892.9,423.23,15.266274509803923,1.6597254901960785,2019,11,190,1063,-808,1572566400000
2018,10,65,11861,227234.15,190091.79,22833.18,16.02662423067195,1.925063653992075,2018,10,65,17294,-5433,1538352000000
2019,5,116,9295,156478.4,125536.67,12363.52,13.50582786444325,1.3301258741258741,2019,5,116,20880,-11585,1556668800000
2019,8,25,4665,87431.52,71404.91,7159.46,15.306518756698821,1.5347181136120043,2019,8,25,10676,-6011,1564617600000
2018,6,256,7523,126097.08,103100.6,13126.75,13.704718862156055,1.744882360760335,2018,6,256,21353,-13830,1527811200000
2020,2,130,1319,75257.42,58445.799999999996,7655.48,44.310689916603486,5.804003032600455,2020,2,130,4269,-2950,1580515200000
2020,10,5,14,1267.04,1073.49,80.81,76.67785714285715,5.772142857142858,2020,10,5,38,-24,1601510400000
2017,5,53,64,1943.8,1596.8,193.21,24.95,3.01890625,2017,5,53,1001,-937,1493596800000
2021,8,53,90,4023.0099999999998,3502.91,66.9,38.92122222222222,0.7433333333333334,2021,8,53,451,-361,1627776000000
2020,1,90,109575,1703119.01,1086862.77,208038.97999999998,9.91889363449692,1.8985989504905314,2020,1,90,92164,17411,1577836800000
2021,6,218,295,11478.17,10081.62,69.03999999999999,34.17498305084746,0.23403389830508473,2021,6,218,989,-694,1622505600000
2023,5,250,83,2772.49,2362.98,99.94,28.469638554216868,1.2040963855421687,2023,5,250,341,-258,1682899200000
2024,6,216,1470,78473.13,66968.42,7162.91,45.55674829931973,4.872727891156463,2024,6,216,4205,-2735,1717200000000
2024,8,86,340,18427.55,17237.44,144.53,50.698352941176466,0.42508823529411766,2024,8,86,900,-560,1722470400000
2023,5,33,2106,71204.98,55133.43,8823.6,26.179216524216525,4.18974358974359,2023,5,33,9238,-7132,1682899200000
2025,3,228,1929,55542.07,47388.71,657.96,24.56646448937273,0.3410886469673406,2025,3,228,3240,-1311,1740787200000
2025,10,99,1,107.96,90.9,0.0,90.9,0.0,2025,10,99,6,-5,1759276800000
2022,3,248,78,2790.7599999999998,2486.57,7.94,31.879102564102567,0.1017948717948718,2022,3,248,349,-271,1646092800000
2025,4,183,211,6621.12,5737.39,10.05,27.191421800947868,0.04763033175355451,2025,4,183,344,-133,1743465600000
2019,6,37,1382,31215.29,26752.96,1436.07,19.358147612156294,1.0391244573082488,2019,6,37,8495,-7113,1559347200000
2019,3,31,83,2749.9,2288.75,149.17,27.575301204819276,1.7972289156626504,2019,3,31,535,-452,1551398400000
2016,3,111,19,315.0,249.5,41.3,13.131578947368421,2.1736842105263157,2016,3,111,166,-147,1456790400000
2016,7,145,13098,270406.47000000003,217371.47,26424.47,16.59577569094518,2.017443121087189,2016,7,145,33377,-20279,1467331200000
2024,12,23,12,1032.36,860.37,80.35,71.6975,6.695833333333333,2024,12,23,91,-79,1733011200000
2017,2,30,2,53.64,42.0,6.46,21.0,3.23,2017,2,30,29,-27,1485907200000
2022,8,121,111,3786.84,3410.11,136.68,30.721711711711713,1.2313513513513514,2022,8,121,718,-607,1659312000000
2022,11,242,127,5150.16,4620.03,185.57999999999998,36.37818897637795,1.461259842519685,2022,11,242,386,-259,1667260800000
2020,3,6,6,489.29,421.5,40.0,70.25,6.666666666666667,2020,3,6,49,-43,1583020800000
2020,10,175,41,1787.73,1560.05,103.08,38.05,2.5141463414634146,2020,10,175,144,-103,1601510400000
2022,2,56,101,4003.0499999999997,3218.73,302.96999999999997,31.868613861386137,2.9997029702970295,2022,2,56,774,-673,1643673600000
2023,10,111,3,173.55,146.7,17.849999999999998,48.9,5.949999999999999,2023,10,111,34,-31,1696118400000
2017,1,152,8830,124751.87000000001,103602.41,10072.6,11.733002265005663,1.1407248018120046,2017,1,152,15827,-6997,1483228800000
2016,12,113,175707,2430504.61,1933175.88,279899.33,11.002270142908364,1.5929890670263565,2016,12,113,146434,29273,1480550400000
2018,9,174,261,8326.1,7417.24,211.34,28.418544061302683,0.8097318007662835,2018,9,174,1165,-904,1535760000000
2019,2,180,268,11553.3,10641.55,154.39000000000001,39.707276119402984,0.5760820895522388,2019,2,180,660,-392,1548979200000
2016,2,96,36,783.25,647.5,76.83,17.98611111111111,2.1341666666666668,2016,2,96,229,-193,1454284800000
2019,4,184,28,1293.47,1170.02,0.0,41.78642857142857,0.0,2019,4,184,110,-82,1554076800000
2021,6,48,74727,1282603.93,847679.51,153220.21,11.343684478167196,2.0503995878330454,2021,6,48,65399,9328,1622505600000
2022,10,30,22,19.86,16.51,0.0,0.7504545454545455,0.0,2022,10,30,46,-24,1664582400000
2016,12,7,19613,272018.15,226028.66,21681.82,11.52443073471677,1.1054820782134298,2016,12,7,50794,-31181,1480550400000
2019,7,75,45674,692911.3700000001,514209.64,59366.07,11.258257214169987,1.299778210798266,2019,7,75,75594,-29920,1561939200000
2020,4,34,5,78.35,67.13,5.27,13.425999999999998,1.0539999999999998,2020,4,34,18,-13,1585699200000
2023,4,162,112060,2687708.7399999998,1761806.71,348480.8,15.721994556487596,3.1097697661966803,2023,4,162,90039,22021,1680307200000
2024,6,43,56813,1289282.0,865372.52,160195.36,15.231945505430096,2.819695492228891,2024,6,43,39545,17268,1717200000000
2024,11,150,137,5455.04,5060.24,71.19,36.93605839416058,0.5196350364963503,2024,11,150,382,-245,1730419200000
2022,5,32,40,1391.31,1231.04,24.67,30.776,0.61675,2022,5,32,285,-245,1651363200000
2023,1,133,74,2841.79,2407.49,212.25,32.533648648648644,2.8682432432432434,2023,1,133,835,-761,1672531200000
2017,1,186,339978,4734371.29,3798976.92,521130.52,11.17418456488361,1.5328360070357494,2017,1,186,264881,75097,1483228800000
2017,12,251,9,670.94,572.0,38.22,63.55555555555556,4.246666666666666,2017,12,251,137,-128,1512086400000
2020,3,33,2980,61602.71,47562.07,7215.25,15.960426174496645,2.421224832214765,2020,3,33,9084,-6104,1583020800000
2017,6,69,432,7123.04,6079.63,368.27,14.073217592592593,0.8524768518518518,2017,6,69,3916,-3484,1496275200000
2024,2,173,70,1977.22,1723.18,68.64,24.616857142857143,0.9805714285714285,2024,2,173,475,-405,1706745600000
2022,9,161,117753,2311726.0400000005,1534460.33,304939.77,13.031178229004782,2.589656059718224,2022,9,161,114832,2921,1661990400000
2020,2,94,119,3564.4,3123.54,19.37,26.248235294117645,0.16277310924369748,2020,2,94,518,-399,1580515200000
2021,12,248,118,5759.47,5097.32,14.4,43.197627118644064,0.12203389830508475,2021,12,248,355,-237,1638316800000
2019,5,185,211,6617.65,5850.76,69.5,27.72872037914692,0.3293838862559242,2019,5,185,993,-782,1556668800000
2016,4,145,15683,307339.79,244141.98,31890.0,15.56730089906268,2.033411974749729,2016,4,145,40314,-24631,1459468800000
2020,11,77,416,14309.97,12356.16,1057.92,29.70230769230769,2.5430769230769235,2020,11,77,618,-202,1604188800000
2025,5,202,514,17161.22,14043.42,817.92,27.32182879377432,1.591284046692607,2025,5,202,2237,-1723,1746057600000
2020,12,169,491,14761.0,12685.02,1126.73,25.835071283095726,2.294765784114053,2020,12,169,948,-457,1606780800000
2021,8,256,1665,41950.66,32048.35,5368.47,19.248258258258257,3.2243063063063064,2021,8,256,6759,-5094,1627776000000
2017,3,63,457,8377.86,6833.8,975.74,14.953610503282276,2.1350984682713348,2017,3,63,1488,-1031,1488326400000
2019,5,181,6338,115788.63,92958.3,11088.78,14.666819185863048,1.749570842537078,2019,5,181,23306,-16968,1556668800000
2023,3,62,210,6485.8,5673.84,322.40999999999997,27.018285714285714,1.5352857142857141,2023,3,62,1525,-1315,1677628800000
2019,5,38,172,8497.07,7874.72,96.42,45.78325581395349,0.5605813953488372,2019,5,38,908,-736,1556668800000
2021,11,197,321,15236.68,13007.57,806.66,40.522024922118376,2.5129595015576323,2021,11,197,1304,-983,1635724800000
2017,3,188,1496,23911.920000000002,20330.71,1700.39,13.59004679144385,1.1366243315508022,2017,3,188,7888,-6392,1488326400000
2019,1,170,239612,3297286.98,2569369.21,400766.51,10.723040624008814,1.6725644375073034,2019,1,170,242438,-2826,1546300800000
2019,4,161,318909,5729363.29,3791532.52,683440.72,11.889073434741572,2.143058740894738,2019,4,161,293294,25615,1554076800000
2019,4,111,19,262.0,209.0,23.3,11.0,1.2263157894736842,2019,4,111,117,-98,1554076800000
2021,2,264,9461,174094.52,126321.13,20220.21,13.351773596871368,2.1372169960892085,2021,2,264,9259,202,1612137600000
2021,10,5,4,333.95,296.0,0.0,74.0,0.0,2021,10,5,18,-14,1633046400000
2018,8,149,140,4306.94,3793.7400000000002,159.34,27.098142857142857,1.1381428571428571,2018,8,149,1080,-940,1533081600000
2022,11,38,88,4037.91,3724.7000000000003,130.96,42.326136363636365,1.4881818181818183,2022,11,38,655,-567,1667260800000
2023,12,18,177,5976.13,5454.28,24.95,30.81514124293785,0.14096045197740112,2023,12,18,416,-239,1701388800000
2019,3,145,9687,215686.1,167223.47,20908.08,17.262668524827088,2.158364818829359,2019,3,145,25396,-15709,1551398400000
2024,4,50,22609,522155.48,364576.08,51793.71,16.125263390685127,2.2908447963200493,2024,4,50,38626,-16017,1711929600000
2024,8,32,128,5102.5599999999995,4662.67,7.04,36.427109375,0.055,2024,8,32,329,-201,1722470400000
2023,12,182,215,7528.18,6839.14,11.04,31.809953488372095,0.05134883720930232,2023,12,182,392,-177,1701388800000
2020,7,189,230,9387.11,8340.6,649.57,36.26347826086957,2.824217391304348,2020,7,189,610,-380,1593561600000
2018,2,85,176,2807.62,2497.8,94.92,14.192045454545456,0.5393181818181818,2018,2,85,1066,-890,1517443200000
2020,2,18,216,7229.46,6275.65,37.02,29.053935185185182,0.1713888888888889,2020,2,18,974,-758,1580515200000
2020,9,156,15,938.98,612.51,57.17,40.833999999999996,3.8113333333333332,2020,9,156,47,-32,1598918400000
2024,10,49,1493,44082.659999999996,39336.23,1029.79,26.347106496985937,0.6897454789015405,2024,10,49,5301,-3808,1727740800000
2019,12,192,124,3993.41,3494.7,56.879999999999995,28.18306451612903,0.4587096774193548,2019,12,192,651,-527,1575158400000
2019,8,154,55,2963.94,2515.57,182.87,45.73763636363637,3.324909090909091,2019,8,154,128,-73,1564617600000
2022,2,257,63,2076.43,1720.23,216.45,27.305238095238096,3.4357142857142855,2022,2,257,1074,-1011,1643673600000
2025,7,112,6582,171580.2,136214.63,3406.01,20.69502127013066,0.5174734123366758,2025,7,112,11982,-5400,1751328000000
2020,2,166,35686,560736.98,408574.03,66727.4,11.449140559322984,1.8698481197108108,2020,2,166,50200,-14514,1580515200000
2019,4,131,385,15212.09,13418.59,166.09,34.85348051948052,0.4314025974025974,2019,4,131,1459,-1074,1554076800000
2021,11,31,23,1084.59,771.45,216.24,33.54130434782609,9.401739130434782,2021,11,31,213,-190,1635724800000
2016,9,211,93604,1456487.19,1182677.9,158572.19,12.634907696252295,1.694074932695184,2016,9,211,96766,-3162,1472688000000
2022,12,88,8760,255536.53,187990.59,29985.12,21.46011301369863,3.422958904109589,2022,12,88,11671,-2911,1669852800000
2023,11,258,133,4765.57,4262.81,102.00999999999999,32.0512030075188,0.7669924812030074,2023,11,258,686,-553,1698796800000
2017,3,255,14189,219026.05,174417.26,26047.3,12.2924279371344,1.8357389527098456,2017,3,255,31060,-16871,1488326400000
2017,4,108,49,2349.94,2173.51,61.97,44.357346938775514,1.2646938775510204,2017,4,108,558,-509,1491004800000
2023,9,65,2260,75035.83,59019.52,7976.98,26.11483185840708,3.529637168141593,2023,9,65,4679,-2419,1693526400000
2022,4,249,73878,1323020.61,864286.24,182606.65,11.698831045778174,2.4717324507972602,2022,4,249,62119,11759,1648771200000
2018,2,69,412,6190.93,5217.65,479.42,12.664199029126213,1.163640776699029,2018,2,69,3422,-3010,1517443200000
2016,5,179,8085,123734.71,102469.81,11381.11,12.674064316635745,1.407682127396413,2016,5,179,17696,-9611,1462060800000
2019,8,68,150531,2624096.6599999997,1751519.28,295744.06,11.635605157741596,1.9646721273358976,2019,8,68,141483,9048,1564617600000
2018,12,15,121,4897.78,4394.25,68.78999999999999,36.31611570247934,0.5685123966942148,2018,12,15,739,-618,1543622400000
2018,10,167,324,8956.43,8007.49,164.15,24.714475308641976,0.5066358024691359,2018,10,167,1282,-958,1538352000000
2016,3,116,14031,224283.18,185916.59,20299.04,13.250416221224432,1.4467279595182096,2016,3,116,34993,-20962,1456790400000
2020,4,21,53,1366.78,1233.38,70.03999999999999,23.27132075471698,1.321509433962264,2020,4,21,98,-45,1585699200000
2017,5,180,96,3551.9900000000002,2907.0,366.08,30.28125,3.813333333333333,2017,5,180,787,-691,1493596800000
2023,2,172,7,536.68,443.63,18.15,63.37571428571429,2.5928571428571425,2023,2,172,42,-35,1675209600000
2020,9,185,343,9971.11,8417.05,805.76,24.53950437317784,2.3491545189504373,2020,9,185,540,-197,1598918400000
2018,12,192,142,4129.03,3668.28,93.26,25.832957746478876,0.6567605633802818,2018,12,192,689,-547,1543622400000
2018,3,201,11,646.46,504.5,82.14,45.86363636363637,7.467272727272728,2018,3,201,373,-362,1519862400000
2018,9,163,197996,3118516.56,2492389.79,351756.39,12.588081526899533,1.7765833148144408,2018,9,163,182112,15884,1535760000000
2018,11,145,9959,210314.71,168420.58,19935.920000000002,16.911394718345214,2.001799377447535,2018,11,145,24434,-14475,1541030400000
2018,10,250,245,6788.6900000000005,5924.06,225.63,24.17983673469388,0.9209387755102041,2018,10,250,936,-691,1538352000000
2020,12,238,43541,663342.22,439744.54,81265.88,10.099550768241427,1.8664219930640087,2020,12,238,43553,-12,1606780800000
2025,10,202,728,23334.81,19732.26,919.96,27.104752747252746,1.2636813186813187,2025,10,202,2389,-1661,1759276800000
2019,4,2,5,269.7,216.0,25.46,43.2,5.0920000000000005,2019,4,2,9,-4,1554076800000
2016,1,250,166,2561.8,2183.41,135.77,13.153072289156626,0.8178915662650603,2016,1,250,897,-731,1451606400000
2018,6,219,841,51391.77,42632.02,4600.33,50.692057074910814,5.4700713436385255,2018,6,219,2017,-1176,1527811200000
2016,5,101,39,1223.32,1093.3,100.02,28.03333333333333,2.5646153846153843,2016,5,101,680,-641,1462060800000
2021,5,54,68,1944.22,1578.13,166.94,23.20779411764706,2.455,2021,5,54,483,-415,1619827200000
2018,4,258,159,6467.02,5937.7,188.24,37.3440251572327,1.1838993710691825,2018,4,258,1430,-1271,1522540800000
2020,12,166,10303,162925.36000000002,121701.1,18450.78,11.812200330000971,1.7908162671066679,2020,12,166,12715,-2412,1606780800000
2025,10,87,33183,911578.64,635835.57,85387.6,19.161485399150166,2.5732332821022816,2025,10,87,43444,-10261,1759276800000
2022,7,232,4469,103982.87,75248.3,12378.1,16.83783844260461,2.7697695233833075,2022,7,232,15679,-11210,1656633600000
2024,3,146,1919,46366.29,37135.45,3167.97,19.351459093277747,1.650844189682126,2024,3,146,2632,-713,1709251200000
2018,1,245,5,394.28,298.5,52.46,59.7,10.492,2018,1,245,73,-68,1514764800000
2023,7,53,59,2670.39,2179.43,197.60999999999999,36.939491525423726,3.349322033898305,2023,7,53,494,-435,1688169600000
2024,8,142,81093,1746757.93,1144297.78,217326.36,14.110931646381315,2.6799644852206725,2024,8,142,72824,8269,1722470400000
2025,5,32,584,17000.3,15022.98,51.64,25.72428082191781,0.08842465753424658,2025,5,32,876,-292,1746057600000
2025,7,15,183,6099.14,5345.89,76.09,29.212513661202188,0.415792349726776,2025,7,15,708,-525,1751328000000
2021,2,161,43264,675141.31,431474.52,82954.29,9.973061205621303,1.9173976053994082,2021,2,161,38092,5172,1612137600000
2024,8,14,535,19950.04,17699.81,385.81,33.083757009345796,0.7211401869158879,2024,8,14,2425,-1890,1722470400000
2020,8,247,792,19724.41,17090.74,930.53,21.579217171717175,1.1749116161616162,2020,8,247,1413,-621,1596240000000
2021,6,56,275,10170.06,8277.33,228.38,30.09938181818182,0.8304727272727273,2021,6,56,961,-686,1622505600000
2016,4,91,214,4792.19,4020.9,521.33,18.789252336448598,2.436121495327103,2016,4,91,2037,-1823,1459468800000
2018,5,229,174080,2344070.9299999997,1859707.57,269673.23,10.683062787224266,1.5491339039522058,2018,5,229,161793,12287,1525132800000
2025,11,239,109905,2276016.97,1435307.17,280793.56,13.059525681270188,2.5548752104089893,2025,11,239,107473,2432,1761955200000
2023,10,134,400,22561.64,18640.43,2518.31,46.601075,6.295775,2023,10,134,1093,-693,1696118400000
2018,12,213,790,26397.55,23162.02,477.64,29.319012658227848,0.6046075949367088,2018,12,213,1952,-1162,1543622400000
2022,3,238,77590,1310603.46,863153.91,173814.95,11.12455097306354,2.24017205825493,2022,3,238,86096,-8506,1646092800000
2016,1,192,158,3606.56,3151.14,222.22,19.943924050632912,1.4064556962025316,2016,1,192,893,-735,1451606400000
2016,9,129,6473,98666.48,84224.46,5215.1,13.011657654874094,0.8056697049281631,2016,9,129,18533,-12060,1472688000000
2020,12,99,23,2315.89,2196.5,63.25,95.5,2.75,2020,12,99,23,0,1606780800000
2016,7,52,6143,116964.07,95229.6,14658.4,15.502132508546314,2.3861956698681426,2016,7,52,8428,-2285,1467331200000
2021,9,88,8081,198276.62,142872.81,24343.32,17.680090335354535,3.0124143051602523,2021,9,88,10040,-1959,1630454400000
2019,11,140,122118,2087804.58,1399128.3,239619.06,11.45718321623348,1.962192797130644,2019,11,140,125654,-3536,1572566400000
2021,11,216,522,28994.86,24125.91,2601.97,46.218218390804594,4.984616858237548,2021,11,216,2237,-1715,1635724800000
2023,3,82,429,16086.82,13141.07,1187.8799999999999,30.6318648018648,2.7689510489510485,2023,3,82,2164,-1735,1677628800000
2023,2,91,219,7946.66,7049.87,142.34,32.19118721461187,0.6499543378995434,2023,2,91,636,-417,1675209600000
2024,7,135,185,6627.97,6010.05,118.26,32.486756756756755,0.6392432432432432,2024,7,135,950,-765,1719792000000
2025,9,213,1304,40265.43,36232.32,94.91,27.785521472392638,0.07278374233128834,2025,9,213,1758,-454,1756684800000
2021,3,244,4603,102806.02,83574.35,7465.33,18.156495763632414,1.6218401042798174,2021,3,244,10187,-5584,1614556800000
2018,3,162,335702,4869689.71,3790709.47,605403.48,11.291888252080716,1.8033955114953142,2018,3,162,290077,45625,1519862400000
2018,10,118,20,991.31,889.13,29.17,44.4565,1.4585000000000001,2018,10,118,195,-175,1538352000000
2019,7,36,558,13454.44,11030.08,1002.02,19.767168458781363,1.7957347670250896,2019,7,36,4503,-3945,1561939200000
2020,11,247,610,13998.630000000001,11889.81,989.78,19.491491803278688,1.6225901639344262,2020,11,247,1312,-702,1604188800000
2021,3,220,376,12925.869999999999,10948.85,189.2,29.11928191489362,0.5031914893617021,2021,3,220,1223,-847,1614556800000
2021,8,134,249,10793.71,8911.6,827.61,35.789558232931725,3.3237349397590363,2021,8,134,1049,-800,1627776000000
2022,4,150,30,1025.08,864.0,66.97999999999999,28.8,2.2326666666666664,2022,4,150,262,-232,1648771200000
2024,10,139,229,10199.36,9574.03,37.69,41.80799126637555,0.16458515283842795,2024,10,139,690,-461,1727740800000
2022,12,134,396,22933.09,18885.48,2652.99,47.69060606060606,6.699469696969697,2022,12,134,1210,-814,1669852800000
2022,3,50,26465,466068.44,308850.99,58171.030000000006,11.670167768751181,2.19803627432458,2022,3,50,39845,-13380,1646092800000
2017,5,21,53,1170.15,995.3,74.73,18.779245283018867,1.4100000000000001,2017,5,21,1163,-1110,1493596800000
2022,6,160,89,3704.83,2967.44,428.48,33.34202247191011,4.814382022471911,2022,6,160,1009,-920,1654041600000
2024,10,189,823,24535.18,21446.43,1081.74,26.058845686512758,1.3143863912515188,2024,10,189,3491,-2668,1727740800000
2021,6,197,515,21954.71,18559.72,709.77,36.03829126213592,1.3781941747572815,2021,6,197,1380,-865,1622505600000
2017,6,30,6,220.13,137.0,69.41,22.833333333333332,11.568333333333333,2017,6,30,36,-30,1496275200000
2019,3,227,361,11433.44,10189.24,176.07,28.225041551246537,0.48772853185595566,2019,3,227,1889,-1528,1551398400000
2019,1,38,244,10500.17,9700.73,99.48,39.75709016393442,0.4077049180327869,2019,1,38,927,-683,1546300800000
2019,10,209,15491,359963.32000000007,261813.71,38554.450000000004,16.901020592602155,2.4888289974824094,2019,10,209,21303,-5812,1569888000000
2016,7,212,140,2835.64,2382.0,212.0,17.014285714285716,1.5142857142857142,2016,7,212,1345,-1205,1467331200000
2020,9,132,20741,1081863.4,885570.13,107046.1,42.69659756038764,5.161086736415795,2020,9,132,2466,18275,1598918400000
2022,4,196,170,7930.73,6450.6,773.88,37.94470588235294,4.552235294117647,2022,4,196,1151,-981,1648771200000
2019,2,156,37,1961.32,1607.93,11.6,43.45756756756757,0.31351351351351353,2019,2,156,90,-53,1548979200000
2017,3,235,296,4672.75,4081.5,173.52,13.78885135135135,0.5862162162162162,2017,3,235,2218,-1922,1488326400000
2016,10,68,264669,3885905.39,3111590.54,427682.28,11.756535672859307,1.6159137639844485,2016,10,68,243825,20844,1475280000000
2020,1,102,187,5938.12,5115.32,75.2,27.35465240641711,0.4021390374331551,2020,1,102,1050,-863,1577836800000
2022,9,174,101,3341.81,2960.4300000000003,124.53,29.311188118811884,1.232970297029703,2022,9,174,417,-316,1661990400000
2023,6,39,272,12293.45,11126.67,126.55,40.906875,0.4652573529411765,2023,6,39,1188,-916,1685577600000
2018,8,131,163,5454.03,4906.31,180.97,30.100061349693252,1.110245398773006,2018,8,131,1353,-1190,1533081600000
2024,8,159,531,15907.869999999999,14237.94,209.08,26.813446327683618,0.3937476459510358,2024,8,159,908,-377,1722470400000
2018,10,132,230165,13232127.63,10797374.69,1415439.8900000001,46.911453479025916,6.149674755067018,2018,10,132,79659,150506,1538352000000
2022,12,139,92,3838.7599999999998,3483.28,62.33,37.861739130434785,0.6775,2022,12,139,549,-457,1669852800000
2021,4,259,291,13431.039999999999,11535.39,98.09,39.640515463917524,0.3370790378006873,2021,4,259,657,-366,1617235200000
2024,7,121,235,8175.53,7382.19,203.66,31.413574468085105,0.8666382978723404,2024,7,121,776,-541,1719792000000
2018,3,147,123,2872.7200000000003,2607.31,56.68,21.197642276422762,0.4608130081300813,2018,3,147,994,-871,1519862400000
2025,10,161,192288,4870646.5,3120595.8200000003,615937.43,16.22876008903312,3.203202643950741,2025,10,161,159841,32447,1759276800000
2022,2,102,40,1327.8700000000001,1104.05,157.12,27.60125,3.928,2022,2,102,479,-439,1643673600000
2017,1,260,6317,99874.71,84840.76,6777.09,13.430546145322145,1.0728336235554852,2017,1,260,12524,-6207,1483228800000
2022,10,67,63,2630.68,2236.78,94.8,35.504444444444445,1.5047619047619047,2022,10,67,464,-401,1664582400000
2022,6,102,44,1293.84,1189.9,59.190000000000005,27.04318181818182,1.345227272727273,2022,6,102,564,-520,1654041600000
2022,10,262,49472,905540.24,596145.35,121446.97,12.050156654269081,2.4548627506468303,2022,10,262,57731,-8259,1664582400000
2021,9,150,46,2389.19,2118.16,72.23,46.046956521739126,1.570217391304348,2021,9,150,271,-225,1630454400000
2025,11,21,547,15929.61,14920.71,64.52,27.277349177330894,0.11795246800731261,2025,11,21,1129,-582,1761955200000
2025,2,29,344,11249.64,10195.05,149.75,29.636773255813953,0.43531976744186046,2025,2,29,675,-331,1738368000000
2017,5,147,71,1924.25,1717.5,89.89,24.190140845070424,1.266056338028169,2017,5,147,1106,-1035,1493596800000
2017,4,100,194194,2770293.47,2237932.22,273946.54,11.524208883899606,1.410684882128181,2017,4,100,149488,44706,1491004800000
2023,6,229,62602,1368100.72,891246.6799999999,174006.19999999998,14.236712565093766,2.779562953260279,2023,6,229,68936,-6334,1685577600000
2022,8,46,11,446.62,387.90000000000003,17.17,35.263636363636365,1.560909090909091,2022,8,46,77,-66,1659312000000
2016,6,100,205770,2985861.25,2414687.3,294052.8,11.73488506585022,1.4290363026680273,2016,6,100,164383,41387,1464739200000
2020,1,164,141646,2427006.6900000004,1574544.41,293477.08999999997,11.116052765344591,2.0719052426471625,2020,1,164,125682,15964,1577836800000
2018,12,237,360971,4385954.3,3457089.64,505218.98,9.577194954719355,1.3996109936809327,2018,12,237,311966,49005,1543622400000
2017,6,259,58,1045.52,899.1,73.9,15.501724137931035,1.274137931034483,2017,6,259,1136,-1078,1496275200000
2020,9,258,174,6009.26,5063.22,446.9,29.098965517241382,2.568390804597701,2020,9,258,597,-423,1598918400000
2022,5,17,531,15620.98,12930.92,1683.26,24.35201506591337,3.1699811676082863,2022,5,17,4531,-4000,1651363200000
2019,8,119,412,12206.39,10541.16,423.43,25.585339805825242,1.027742718446602,2019,8,119,1654,-1242,1564617600000
2017,11,215,701,44189.73,34934.21,5003.79,49.834821683309556,7.138074179743224,2017,11,215,810,-109,1509494400000
2023,8,9,46,1418.77,1280.49,33.08,27.836739130434783,0.7191304347826086,2023,8,9,461,-415,1690848000000
2021,5,101,109,4259.95,3829.92,23.93,35.136880733944956,0.2195412844036697,2021,5,101,304,-195,1619827200000
2016,6,224,35293,511969.54000000004,410092.27,58305.58,11.619648938883065,1.6520437480520216,2016,6,224,46450,-11157,1464739200000
2017,7,145,11130,190526.22,154364.58,16863.08,13.869234501347707,1.5151015274034143,2017,7,145,27989,-16859,1498867200000
2023,2,167,147,4463.44,3858.86,126.53,26.250748299319728,0.8607482993197278,2023,2,167,399,-252,1675209600000
2025,4,43,57854,1298692.64,837836.23,167032.02,14.481906696166211,2.8871300169391914,2025,4,43,42035,15819,1743465600000
2019,10,217,365,6715.22,5649.46,364.06,15.477972602739726,0.9974246575342466,2019,10,217,2032,-1667,1569888000000
2017,1,131,68,1694.12,1398.0,202.56,20.558823529411764,2.978823529411765,2017,1,131,1315,-1247,1483228800000
2021,5,237,136430,2002126.76,1252819.48,255975.28,9.182873854724035,1.876238950377483,2021,5,237,119220,17210,1619827200000
2024,2,15,55,2526.74,2227.32,39.3,40.49672727272728,0.7145454545454545,2024,2,15,382,-327,1706745600000
2025,4,261,21584,647038.84,453071.32,71207.64,20.99107301704967,3.299093773165308,2025,4,261,21155,429,1743465600000
2019,4,55,309,15215.98,13636.17,186.47,44.13,0.603462783171521,2019,4,55,1214,-905,1554076800000
2017,10,91,137,3865.5499999999997,3379.61,327.76,24.668686131386863,2.3924087591240877,2017,10,91,1329,-1192,1506816000000
2018,8,193,4743,52823.880000000005,45341.17,2536.17,9.559597301286106,0.5347185325743201,2018,8,193,6474,-1731,1533081600000
2023,9,53,48,2230.37,1874.25,156.4,39.046875,3.2583333333333333,2023,9,53,469,-421,1693526400000
2023,10,55,183,8951.64,8397.56,60.26,45.88830601092896,0.3292896174863388,2023,10,55,508,-325,1696118400000
2020,3,168,1026,17590.11,15229.21,454.04,14.843284600389863,0.4425341130604289,2020,3,168,3436,-2410,1583020800000
2025,1,59,8,272.74,248.85999999999999,0.0,31.107499999999998,0.0,2025,1,59,24,-16,1735689600000
2018,3,145,11312,180238.93,143196.12,17005.82,12.658780056577086,1.503343352192362,2018,3,145,30505,-19193,1519862400000
2021,12,6,6,636.6,592.0,0.0,98.66666666666667,0.0,2021,12,6,49,-43,1638316800000
2024,5,75,24844,550517.68,412715.83,46624.57,16.612293914023507,1.8766933666076315,2024,5,75,43664,-18820,1714521600000
2021,6,117,197,11027.36,9434.02,55.65,47.888426395939085,0.28248730964467006,2021,6,117,614,-417,1622505600000
2022,7,241,108,4168.62,3531.07,289.79,32.695092592592594,2.683240740740741,2022,7,241,571,-463,1656633600000
2017,12,197,301,10919.18,9032.35,1204.17,30.0078073089701,4.000564784053156,2017,12,197,1930,-1629,1512086400000
2018,6,10,3054,186514.33,149650.34,19217.02,49.00142108709888,6.292409954158481,2018,6,10,4084,-1030,1527811200000
2023,3,178,21,814.05,723.2,2.95,34.438095238095244,0.14047619047619048,2023,3,178,304,-283,1677628800000
2016,11,148,147619,2364471.77,1914501.81,264423.85,12.969209993293546,1.7912589165351342,2016,11,148,106079,41540,1477958400000
2019,11,52,3247,62504.58,47466.03,8240.64,14.618426239605789,2.53792423775793,2019,11,52,5379,-2132,1572566400000
2022,7,19,73,2270.31,2161.63,23.830000000000002,29.6113698630137,0.3264383561643836,2022,7,19,344,-271,1656633600000
2023,11,125,16233,409145.17,276908.81,53261.22,17.05838785190661,3.28104601737202,2023,11,125,16351,-118,1698796800000
2024,8,88,10389,327990.8,243546.0,33974.61,23.442679757435748,3.270248339589951,2024,8,88,12863,-2474,1722470400000
2024,10,35,1173,33799.56,32011.27,21.259999999999998,27.290085251491902,0.018124467178175615,2024,10,35,1319,-146,1727740800000
2023,11,22,139,5781.12,5308.94,35.09,38.19381294964028,0.25244604316546765,2023,11,22,482,-343,1698796800000
2020,9,107,31872,507171.58,332430.45,59809.97,10.430172251506024,1.8765678338353413,2020,9,107,25781,6091,1598918400000
2021,9,112,948,25250.81,19280.05,3178.76,20.337605485232068,3.3531223628691986,2021,9,112,6620,-5672,1630454400000
2017,9,116,9201,149049.27,124065.3,13060.87,13.483893055102707,1.4195054885338552,2017,9,116,23878,-14677,1504224000000
2023,3,182,157,4753.57,4156.72,58.05,26.475923566878983,0.3697452229299363,2023,3,182,423,-266,1677628800000
2016,4,236,416343,5328823.98,4259267.77,583604.9,10.230189459171884,1.4017406321230332,2016,4,236,419843,-3500,1459468800000
2023,11,6,17,474.09000000000003,285.5,11.7,16.794117647058822,0.6882352941176471,2023,11,6,90,-73,1698796800000
2021,8,259,144,7243.69,6270.12,28.92,43.5425,0.20083333333333334,2021,8,259,556,-412,1627776000000
2016,7,38,43,1500.52,1295.0,149.54,30.11627906976744,3.477674418604651,2016,7,38,873,-830,1467331200000
2022,8,186,117345,2135315.97,1419571.72,269902.44,12.09741974519579,2.300076185606545,2022,8,186,79617,37728,1659312000000
2016,12,164,255865,3828557.52,3059543.84,403913.0,11.957648916420768,1.5786176303910264,2016,12,164,219514,36351,1480550400000
2016,10,85,340,6803.32,5754.5,530.81,16.925,1.561205882352941,2016,10,85,1799,-1459,1475280000000
2019,1,151,69838,892626.37,711660.62,98391.45,10.190163234915088,1.4088526303731492,2019,1,151,68023,1815,1546300800000
2019,8,170,200473,3481511.96,2285739.71,411372.12999999995,11.401733450389829,2.0520076519032484,2019,8,170,199986,487,1564617600000
2020,7,118,5,441.7,348.11,32.629999999999995,69.622,6.525999999999999,2020,7,118,21,-16,1593561600000
2018,7,57,37,856.8100000000001,721.5,59.65,19.5,1.612162162162162,2018,7,57,455,-418,1530403200000
2021,8,51,383,17231.68,14772.93,114.38,38.57161879895561,0.29864229765013056,2021,8,51,912,-529,1627776000000
2023,9,48,73385,1833456.96,1245818.31,218739.52,16.976470804660355,2.9807115895618996,2023,9,48,68986,4399,1693526400000
2020,3,87,21110,497875.67,354962.74,61225.94,16.814909521553766,2.900328754144955,2020,3,87,22596,-1486,1583020800000
2023,8,10,974,67640.0,54008.97,6527.22,55.45068788501027,6.701457905544148,2023,8,10,3022,-2048,1690848000000
2025,5,72,2855,68850.66,63111.48,141.59,22.105597197898426,0.04959369527145359,2025,5,72,3106,-251,1746057600000
2024,4,224,5560,126384.16,91376.39,10173.95,16.43460251798561,1.8298471223021584,2024,4,224,13910,-8350,1711929600000
2016,9,249,218813,3159414.23,2515894.24,366042.55,11.497919410638309,1.6728555890189338,2016,9,249,173650,45163,1472688000000
2021,1,91,626,20326.57,17458.29,968.86,27.888642172523962,1.5476996805111822,2021,1,91,1131,-505,1609459200000
2023,6,193,2619,25123.67,20749.05,957.32,7.9225085910652915,0.36552882779686907,2023,6,193,3132,-513,1685577600000
2020,5,50,3192,64182.2,49667.5,3937.6099999999997,15.559993734335839,1.2335870927318295,2020,5,50,4727,-1535,1588291200000
2020,11,246,14134,232129.80000000002,152397.15,28623.11,10.78230861751804,2.0251245224281873,2020,11,246,20155,-6021,1604188800000
2022,7,156,9,975.96,865.0,0.0,96.11111111111111,0.0,2022,7,156,54,-45,1656633600000
2023,5,117,192,11405.43,10259.01,29.22,53.43234375,0.1521875,2023,5,117,409,-217,1682899200000
2016,11,214,14,257.59,224.01,17.38,16.000714285714285,1.2414285714285713,2016,11,214,164,-150,1477958400000
2016,3,252,46,2640.27,2147.0,328.21999999999997,46.67391304347826,7.135217391304347,2016,3,252,1528,-1482,1456790400000
2016,8,158,138139,2073347.86,1658832.21,231300.44,12.008427815461237,1.6744036079600981,2016,8,158,121640,16499,1470009600000
2019,7,82,2400,71114.1,56951.3,5586.51,23.729708333333335,2.3277125,2019,7,82,6101,-3701,1561939200000
2019,7,164,153216,2695101.2600000002,1781959.81,306967.31,11.630376788324979,2.0034938257101085,2019,7,164,142073,11143,1561939200000
2020,1,204,1,107.8,107.0,0.0,107.0,0.0,2020,1,204,33,-32,1577836800000
2018,6,118,12,831.9300000000001,724.5,73.81,60.375,6.150833333333334,2018,6,118,149,-137,1527811200000
2021,1,239,45486,667385.08,419616.07,87937.85,9.225169722551994,1.93329485995691,2021,1,239,42040,3446,1609459200000
2017,4,249,216815,3076090.74,2442564.95,364072.35,11.265664045384314,1.679184327652607,2017,4,249,174645,42170,1491004800000
2020,9,24,6428,99499.78,72213.06,11315.1,11.234141257000623,1.7602831362787803,2020,9,24,6830,-402,1598918400000
2021,4,146,1456,25932.12,20089.39,2106.56,13.797657967032967,1.4468131868131868,2021,4,146,1980,-524,1617235200000
2021,9,15,64,2806.07,2429.44,21.13,37.96,0.33015625,2021,9,15,403,-339,1630454400000
2019,4,225,1134,31185.5,27566.1,734.52,24.308730158730157,0.6477248677248677,2019,4,225,6837,-5703,1554076800000
2024,7,1,555,48306.13,42425.8,4487.33,76.44288288288288,8.085279279279279,2024,7,1,8751,-8196,1719792000000
2019,1,130,1441,67409.11,56575.0,4823.72,39.26092990978487,3.3474809160305345,2019,1,130,2740,-1299,1546300800000
2022,2,190,73,1897.15,1406.28,338.82,19.264109589041094,4.641369863013699,2022,2,190,508,-435,1643673600000
2022,5,170,108276,2037776.47,1339872.51,264389.19,12.37460295910451,2.4418078798625733,2022,5,170,102741,5535,1651363200000
2020,1,205,715,29270.84,26254.06,22.23,36.71896503496504,0.031090909090909093,2020,1,205,1591,-876,1577836800000
2020,3,217,225,3841.72,3378.51,144.27,15.015600000000001,0.6412,2020,3,217,1292,-1067,1583020800000
2022,6,81,59,2166.35,1974.98,10.67,33.47423728813559,0.18084745762711865,2022,6,81,240,-181,1654041600000
2018,12,186,275521,4246960.970000001,3433297.34,465394.81,12.461109461710722,1.6891446024078018,2018,12,186,213153,62368,1543622400000
2020,4,35,267,6933.41,6087.67,435.15,22.800262172284643,1.6297752808988764,2020,4,35,362,-95,1585699200000
2021,10,13,19557,471202.96,332886.18,62386.47,17.021331492560208,3.189981592268753,2021,10,13,25985,-6428,1633046400000
2022,9,249,66076,1225357.66,809041.69,168614.21000000002,12.24410814819299,2.551822295538471,2022,9,249,51788,14288,1661990400000
2023,1,146,1406,32234.36,24978.77,2531.24,17.765839260312944,1.8003129445234707,2023,1,146,2651,-1245,1672531200000
2023,5,7,1919,44144.18,35057.62,3663.61,18.268692027097448,1.9091245440333509,2023,5,7,10025,-8106,1682899200000
2025,5,133,1384,36102.19,29180.05,341.56,21.083851156069365,0.24679190751445088,2025,5,133,1827,-443,1746057600000
2025,5,171,431,10327.94,9002.01,52.349999999999994,20.88633410672854,0.12146171693735497,2025,5,171,1203,-772,1746057600000
2016,4,104,1,14.76,10.5,2.46,10.5,2.46,2016,4,104,2,-1,1459468800000
2016,1,154,42,1959.61,1531.5,143.75,36.464285714285715,3.4226190476190474,2016,1,154,92,-50,1451606400000
2017,3,256,12282,190479.15,154138.3,20525.41,12.549934864028659,1.6711781468816154,2017,3,256,29740,-17458,1488326400000
2019,8,106,715,13463.62,10971.94,919.47,15.34537062937063,1.285972027972028,2019,8,106,2836,-2121,1564617600000
2017,10,240,24,978.74,830.31,105.71000000000001,34.59625,4.404583333333334,2017,10,240,302,-278,1506816000000
2022,2,113,41563,702407.6599999999,453192.56,96176.43000000001,10.903749969925174,2.3139915309289516,2022,2,113,38128,3435,1643673600000
2016,1,217,1399,18547.71,15334.9,1438.89,10.96132952108649,1.0285132237312367,2016,1,217,4335,-2936,1451606400000
2023,11,154,37,1423.61,1166.25,182.78,31.52027027027027,4.94,2023,11,154,239,-202,1698796800000
2020,6,239,16270,245020.58000000002,157506.46,29340.23,9.68079041180086,1.8033331284572833,2020,6,239,13683,2587,1590969600000
2018,5,22,261,8407.39,7604.05,255.0,29.134291187739464,0.9770114942528736,2018,5,22,1743,-1482,1525132800000
2019,6,214,15,1127.35,976.71,4.45,65.114,0.2966666666666667,2019,6,214,130,-115,1559347200000
2018,10,115,13,537.24,453.0,23.759999999999998,34.84615384615385,1.8276923076923075,2018,10,115,149,-136,1538352000000
2020,5,42,5629,115899.78000000001,99402.35,2520.32,17.658971398116897,0.44773849706875113,2020,5,42,7440,-1811,1588291200000
2022,1,29,63,2774.81,2440.7400000000002,82.72,38.74190476190476,1.313015873015873,2022,1,29,340,-277,1640995200000
2016,9,138,251410,11201441.8,8606675.56,1429399.91,34.233624597271394,5.685533232568314,2016,9,138,129076,122334,1472688000000
2017,10,136,93,1455.1,1273.05,78.89,13.688709677419354,0.8482795698924731,2017,10,136,954,-861,1506816000000
2017,9,184,3,155.39999999999998,142.5,0.0,47.5,0.0,2017,9,184,62,-59,1504224000000
2020,5,195,117,3396.63,2925.96,184.68,25.008205128205127,1.5784615384615386,2020,5,195,203,-86,1588291200000
2016,2,211,101836,1474475.19,1181355.05,169620.16,11.600564142346519,1.6656208020739227,2016,2,211,105539,-3703,1454284800000
2018,11,54,302,5819.58,4670.19,663.59,15.464205298013244,2.197317880794702,2018,11,54,2089,-1787,1541030400000
2019,5,254,403,16852.82,15049.96,100.22999999999999,37.344813895781634,0.24870967741935482,2019,5,254,1090,-687,1556668800000
2024,7,176,1,24.2,22.7,0.0,22.7,0.0,2024,7,176,27,-26,1719792000000
2016,3,52,7915,147737.18,119973.81,18626.27,15.157777637397347,2.353287428932407,2016,3,52,10692,-2777,1456790400000
2025,10,130,3634,100050.38,84674.54,2923.02,23.300643918547053,0.8043533296642817,2025,10,130,4548,-914,1759276800000
2023,1,244,1867,55245.98,44355.24,4769.28,23.757493304767006,2.5545152651312266,2023,1,244,9422,-7555,1672531200000
2025,1,265,1380,123597.06,108090.83,10837.56,78.3266884057971,7.853304347826087,2025,1,265,12086,-10706,1735689600000
2018,8,211,62690,921547.03,739508.52,103622.18999999999,11.796275642048174,1.6529301323975114,2018,8,211,65513,-2823,1533081600000
2020,11,115,54,3405.44,2616.82,205.92000000000002,48.45962962962963,3.8133333333333335,2020,11,115,91,-37,1604188800000
2017,2,122,17,543.86,456.5,65.86,26.852941176470587,3.8741176470588234,2017,2,122,295,-278,1485907200000
2016,12,143,109682,1446978.36,1154197.98,161713.12,10.52313032220419,1.4743815758283036,2016,12,143,121291,-11609,1480550400000
2018,8,157,429,17443.88,14081.18,1657.6100000000001,32.823263403263404,3.863892773892774,2018,8,157,2579,-2150,1533081600000
2020,10,48,45233,707447.2200000001,464620.49,78548.62,10.271715119492406,1.736533504299958,2020,10,48,39820,5413,1601510400000
2021,6,70,5926,255081.50999999998,184946.92,31333.93,31.209402632467096,5.2875345933175835,2021,6,70,1425,4501,1622505600000
2025,5,27,24,665.69,512.71,0.0,21.362916666666667,0.0,2025,5,27,104,-80,1746057600000
2018,10,151,76296,1036641.38,829435.27,114625.11,10.8712811942959,1.5023737810632274,2018,10,151,74525,1771,1538352000000
2025,5,238,82872,1734511.51,1145624.6,188190.11,13.82402500241336,2.2708527608842553,2025,5,238,90454,-7582,1746057600000
2018,4,94,76,1491.54,1311.5,73.36,17.25657894736842,0.9652631578947368,2018,4,94,684,-608,1522540800000
2024,8,120,20,1149.95,965.97,93.72,48.298500000000004,4.686,2024,8,120,178,-158,1722470400000
2020,8,185,308,9811.53,8406.69,509.05,27.294448051948052,1.6527597402597403,2020,8,185,443,-135,1596240000000
2023,3,137,39365,867679.33,570608.4299999999,103230.57,14.495324018798422,2.6223947669249337,2023,3,137,44139,-4774,1677628800000
2017,3,144,114300,1712048.56,1372775.77,197471.9,12.010286701662292,1.7276631671041118,2017,3,144,96326,17974,1488326400000
2024,12,28,553,26066.579999999998,22075.52,1811.06,39.91956600361664,3.2749728752260396,2024,12,28,1347,-794,1733011200000
2017,1,153,78,1092.37,955.5,39.08,12.25,0.501025641025641,2017,1,153,446,-368,1483228800000
2021,2,194,83,3501.9,2563.89,228.24,30.89024096385542,2.7498795180722895,2021,2,194,268,-185,1612137600000
2021,5,46,52,2431.65,2086.43,14.8,40.12365384615384,0.2846153846153846,2021,5,46,120,-68,1619827200000
2021,12,93,318,21002.56,16116.19,2607.82,50.6798427672956,8.200691823899371,2021,12,93,428,-110,1638316800000
2017,2,59,3,81.89999999999999,78.5,0.0,26.166666666666668,0.0,2017,2,59,43,-40,1485907200000
2025,1,63,622,17548.0,15902.1,41.71,25.56607717041801,0.06705787781350482,2025,1,63,1025,-403,1735689600000
2018,10,19,183,5852.69,5320.13,141.14,29.071748633879782,0.7712568306010928,2018,10,19,600,-417,1538352000000
2019,9,32,200,6447.55,5620.72,24.32,28.1036,0.1216,2019,9,32,672,-472,1567296000000
2016,8,222,34,1108.41,901.25,106.92,26.50735294117647,3.144705882352941,2016,8,222,408,-374,1470009600000
2023,12,140,63590,1455284.52,974310.77,179594.95,15.32176081144834,2.8242640352256645,2023,12,140,65260,-1670,1701388800000
2016,5,158,161779,2458417.58,1965122.12,280546.1,12.146954301856237,1.7341317476310274,2016,5,158,143878,17901,1462060800000
2022,8,221,5,222.8,205.5,0.0,41.1,0.0,2022,8,221,92,-87,1659312000000
2024,3,138,107434,7133492.63,4544987.19,967189.06,42.304923860230474,9.002634733883129,2024,3,138,41216,66218,1709251200000
2023,4,54,72,2415.84,1968.22,255.57,27.33638888888889,3.549583333333333,2023,4,54,793,-721,1680307200000
2024,11,32,184,7123.96,6443.46,65.06,35.018804347826084,0.35358695652173916,2024,11,32,317,-133,1730419200000
2019,2,211,55711,953302.68,638560.51,114382.64,11.462018452370268,2.0531428263718117,2019,2,211,57208,-1497,1548979200000
2019,5,194,1223,51479.770000000004,37748.31,6022.63,30.865339329517578,4.924472608340147,2019,5,194,2947,-1724,1556668800000
2021,12,3,63,2695.04,2292.34,15.0,36.38634920634921,0.23809523809523808,2021,12,3,235,-172,1638316800000
2025,3,18,942,27684.93,24966.92,20.35,26.50416135881104,0.021602972399150745,2025,3,18,1146,-204,1740787200000
2020,5,142,9654,576530.42,525816.76,16440.94,54.466206753677234,1.7030184379531799,2020,5,142,7358,2296,1588291200000
2021,4,214,8,405.25,305.0,56.53,38.125,7.06625,2021,4,214,45,-37,1617235200000
2022,5,81,48,2149.68,1904.6100000000001,12.91,39.679375,0.26895833333333335,2022,5,81,252,-204,1651363200000
2022,7,90,53272,915728.3400000001,592352.34,119819.06,11.119393677729388,2.2491939480402463,2022,7,90,42217,11055,1656633600000
2022,7,22,87,3335.5,3004.9500000000003,88.9,34.539655172413795,1.0218390804597701,2022,7,22,595,-508,1656633600000
2025,11,96,67,1844.2,1516.07,96.4,22.62791044776119,1.4388059701492537,2025,11,96,193,-126,1761955200000
2021,11,15,47,2196.1,1945.56,35.59,41.394893617021275,0.7572340425531916,2021,11,15,383,-336,1635724800000
2017,3,46,4,147.45999999999998,132.0,10.26,33.0,2.565,2017,3,46,167,-163,1488326400000
2022,7,10,1319,82497.73,63007.91,9835.89,47.769454131918124,7.457081122062168,2022,7,10,3146,-1827,1656633600000
2017,4,21,52,1171.45,958.0,141.22,18.423076923076923,2.7157692307692307,2017,4,21,1250,-1198,1491004800000
2023,1,95,464,13530.89,11187.81,863.48,24.11165948275862,1.860948275862069,2023,1,95,3844,-3380,1672531200000
2023,10,160,99,4668.04,3719.04,532.27,37.5660606060606,5.376464646464647,2023,10,160,1046,-947,1696118400000
2023,7,80,966,34542.92,26771.24,3735.98,27.713498964803314,3.8674741200828158,2023,7,80,3908,-2942,1688169600000
2022,7,218,215,7792.88,7110.6900000000005,181.42000000000002,33.07297674418605,0.8438139534883722,2022,7,218,1054,-839,1656633600000
2019,1,127,725,16530.8,14307.94,1015.67,19.735089655172416,1.4009241379310344,2019,1,127,5394,-4669,1546300800000
2025,3,117,650,30415.9,28103.99,17.96,43.236907692307696,0.027630769230769233,2025,3,117,887,-237,1740787200000
2022,10,15,42,1586.13,1438.27,47.81,34.24452380952381,1.1383333333333334,2022,10,15,398,-356,1664582400000
2022,11,6,55,1057.8999999999999,482.0,28.45,8.763636363636364,0.5172727272727272,2022,11,6,85,-30,1667260800000
2019,5,216,1399,77487.18,64225.96,6226.83,45.90847748391708,4.450914939242316,2019,5,216,7056,-5657,1556668800000
2017,1,83,1321,20796.0,17817.31,1123.26,13.4877441332324,0.8503103709311128,2017,1,83,4254,-2933,1483228800000
2017,7,249,176934,2465881.56,1953294.65,290745.62,11.039679485005708,1.6432433562797426,2017,7,249,140761,36173,1498867200000
2023,4,145,2630,70584.67,53551.72,7300.95,20.361870722433462,2.776026615969582,2023,4,145,9333,-6703,1680307200000
2020,7,126,230,9183.35,8067.7,264.19,35.07695652173913,1.1486521739130435,2020,7,126,570,-340,1593561600000
2020,4,164,2172,34362.57,22745.0,3457.35,10.471915285451198,1.591781767955801,2020,4,164,2538,-366,1585699200000
2019,1,113,114314,1474198.95,1154830.95,181897.33,10.102270500551112,1.5912078135661423,2019,1,113,101679,12635,1546300800000
2023,6,122,74,3276.98,2976.15,29.43,40.21824324324324,0.3977027027027027,2023,6,122,307,-233,1685577600000
2024,3,166,17775,421214.56,312521.38,44443.77,17.58207482419128,2.5003527426160335,2024,3,166,26995,-9220,1709251200000
2022,9,265,2402,247179.88,215752.54,24052.43,89.82203996669442,10.013501248959201,2022,9,265,13011,-10609,1661990400000
2023,5,37,496,17816.72,14896.85,1404.27,30.03397177419355,2.831189516129032,2023,5,37,4001,-3505,1682899200000
2018,7,76,719,24131.77,21703.2,857.14,30.18525730180807,1.1921279554937414,2018,7,76,2599,-1880,1530403200000
2016,11,48,318498,4706579.55,3802161.48,485520.26,11.93778761562082,1.5244059931302552,2016,11,48,268794,49704,1477958400000
2020,11,18,323,11082.18,9376.31,885.27,29.028823529411763,2.7407739938080495,2020,11,18,758,-435,1604188800000
2020,12,150,88,3190.98,2783.44,277.28,31.63,3.1509090909090904,2020,12,150,210,-122,1606780800000
2025,7,36,4695,129201.96,109191.32,1233.29,23.25693716719915,0.26268157614483495,2025,7,36,6502,-1807,1751328000000
2018,8,124,172,8052.74,6944.47,459.87,40.37482558139535,2.6736627906976747,2018,8,124,1049,-877,1533081600000
2019,8,65,7087,145519.64,113621.1,14028.4,16.03232679554113,1.9794553407647806,2019,8,65,11412,-4325,1564617600000
2020,9,91,654,21760.26,18844.8,1655.88,28.81467889908257,2.5319266055045873,2020,9,91,1110,-456,1598918400000
2017,3,228,1135,19220.77,15600.06,1896.8,13.744546255506608,1.6711894273127752,2017,3,228,7081,-5946,1488326400000
2019,4,182,567,19298.48,16665.45,185.74,29.392328042328042,0.32758377425044094,2019,4,182,1286,-719,1554076800000
2025,1,239,96614,1972623.41,1246395.45,251018.53,12.900774732440432,2.598158962469207,2025,1,239,97560,-946,1735689600000
2019,10,52,3623,68523.55,51597.93,9012.21,14.241769252001104,2.487499309964118,2019,10,52,5774,-2151,1569888000000
2023,4,196,221,10907.35,8907.0,1020.5,40.30316742081448,4.617647058823529,2023,4,196,1149,-928,1680307200000
2019,3,126,298,8362.93,7413.39,110.18,24.877147651006712,0.3697315436241611,2019,3,126,1220,-922,1551398400000
2021,12,115,7,423.0,321.9,45.2,45.98571428571428,6.457142857142857,2021,12,115,59,-52,1638316800000
2024,12,66,2725,86316.17,71570.28,5571.54,26.264322935779816,2.044601834862385,2024,12,66,5542,-2817,1733011200000
2020,4,263,9522,132132.08,84796.2,14379.14,8.905293005671076,1.5100966183574878,2020,4,263,6877,2645,1585699200000
2022,2,84,1,120.21,88.33,24.53,88.33,24.53,2022,2,84,18,-17,1643673600000
2022,3,253,6,503.79999999999995,400.5,77.85,66.75,12.975,2022,3,253,45,-39,1646092800000
2025,9,20,470,14189.78,12627.710000000001,141.31,26.867468085106385,0.3006595744680851,2025,9,20,1112,-642,1756684800000
2020,8,136,381,15574.11,13784.7,635.98,36.18031496062992,1.669238845144357,2020,8,136,677,-296,1596240000000
2024,10,206,9,405.24,317.56,3.28,35.284444444444446,0.3644444444444444,2024,10,206,70,-61,1727740800000
2016,8,20,74,2034.29,1784.38,131.48,24.113243243243243,1.7767567567567566,2016,8,20,1017,-943,1470009600000
2022,12,261,18516,526004.98,385472.42,61847.54,20.81834197450853,3.3402214301144957,2022,12,261,17113,1403,1669852800000
2024,9,80,2627,84873.75,71801.05,3589.95,27.33195660449182,1.3665588123334602,2024,9,80,5325,-2698,1725148800000
2022,2,20,56,2000.6899999999998,1736.08,64.31,31.00142857142857,1.1483928571428572,2022,2,20,288,-232,1643673600000
2016,9,57,79,1492.67,1199.0,181.87,15.177215189873417,2.302151898734177,2016,9,57,662,-583,1472688000000
2016,12,36,1858,30070.29,24284.35,3263.3,13.070156081808395,1.756350914962325,2016,12,36,11149,-9291,1480550400000
2017,8,140,140038,1954273.58,1567668.65,215030.56,11.194594681443608,1.5355157885716735,2017,8,140,145318,-5280,1501545600000
2018,5,195,734,20447.57,17141.16,1623.39,23.35307901907357,2.2117029972752045,2018,5,195,4066,-3332,1525132800000
2019,5,57,24,838.27,640.66,103.61,26.694166666666664,4.317083333333334,2019,5,57,297,-273,1556668800000
2019,11,60,138,4331.78,3737.87,15.38,27.086014492753623,0.11144927536231884,2019,11,60,526,-388,1572566400000
2021,2,222,329,11362.86,9812.85,26.71,29.82629179331307,0.08118541033434651,2021,2,222,501,-172,1612137600000
2017,9,113,147029,2008185.1800000002,1592386.13,235937.09000000003,10.830422093600582,1.6046976446823418,2017,9,113,127014,20015,1504224000000
2022,3,67,37,1566.44,1372.2,22.990000000000002,37.086486486486486,0.6213513513513514,2022,3,67,447,-410,1646092800000
2022,7,180,52,2184.97,1802.54,240.28,34.66423076923077,4.6207692307692305,2022,7,180,482,-430,1656633600000
2018,2,81,46,924.98,829.0,50.18,18.02173913043478,1.0908695652173912,2018,2,81,372,-326,1517443200000
2016,4,170,377413,5417711.5600000005,4255044.23,632317.67,11.274238645727626,1.6753998139968682,2016,4,170,373143,4270,1459468800000
2023,11,239,93372,2090499.56,1361603.53,281626.7,14.582567900441246,3.0161793685473164,2023,11,239,94346,-974,1698796800000
2017,7,153,97,1500.74,1244.06,110.67999999999999,12.825360824742267,1.1410309278350514,2017,7,153,384,-287,1498867200000
2022,5,116,3838,80987.66,63162.44,8900.45,16.45712350182387,2.3190333507034917,2022,5,116,9999,-6161,1651363200000
2019,12,98,138,4947.55,4359.49,27.39,31.59050724637681,0.19847826086956522,2019,12,98,742,-604,1575158400000
2017,12,239,258812,3336148.31,2640800.37,385514.57,10.203546860269231,1.4895544642443164,2017,12,239,245280,13532,1512086400000
2021,10,195,157,5648.42,4342.16,393.31,27.657070063694267,2.5051592356687897,2021,10,195,883,-726,1633046400000
2025,11,255,9141,165178.69,116918.92,6385.57,12.790604966633847,0.698563614484192,2025,11,255,12531,-3390,1761955200000
2017,11,203,66,2325.9,2058.5,172.45,31.189393939393938,2.612878787878788,2017,11,203,711,-645,1509494400000
2022,7,229,65543,1069735.8900000001,687476.96,138811.81,10.488945577712341,2.117873914834536,2022,7,229,65422,121,1656633600000
2018,2,52,4533,78398.75,63107.9,10434.08,13.921883962056034,2.301804544451798,2018,2,52,7035,-2502,1517443200000
2024,8,156,4,201.37,155.91,19.14,38.9775,4.785,2024,8,156,51,-47,1722470400000
2020,2,217,350,7122.49,5891.76,422.21,16.8336,1.2063142857142857,2020,2,217,2154,-1804,1580515200000
2018,11,42,13373,193947.89,164184.08,11453.199999999999,12.277281088760935,0.8564420847977267,2018,11,42,33939,-20566,1541030400000
2019,2,89,1779,52057.770000000004,46093.22,513.2,25.909623383923552,0.28847667228780216,2019,2,89,6528,-4749,1548979200000
2022,1,155,117,5338.69,4898.47,87.82,41.86726495726496,0.7505982905982905,2022,1,155,519,-402,1640995200000
2022,11,47,81,2245.8,1988.74,40.81,24.552345679012348,0.5038271604938271,2022,11,47,299,-218,1667260800000
2016,11,16,56,1603.71,1327.1,197.69,23.698214285714283,3.5301785714285714,2016,11,16,1337,-1281,1477958400000
2018,3,109,2,215.70999999999998,116.01,99.0,58.005,49.5,2018,3,109,83,-81,1519862400000
2020,10,140,47178,818582.1100000001,555495.23,93589.5,11.7744548306414,1.9837530204756455,2020,10,140,42382,4796,1601510400000
2018,12,1,664,62013.46,52317.84,6972.14,78.79192771084337,10.500210843373495,2018,12,1,15486,-14822,1543622400000
2019,6,197,848,37687.52,32246.94,2325.69,38.02705188679245,2.742558962264151,2019,6,197,4552,-3704,1559347200000
2019,4,21,404,13058.869999999999,11611.05,69.28999999999999,28.740222772277225,0.171509900990099,2019,4,21,1201,-797,1554076800000
2025,4,244,6582,171425.75,141729.78,4804.81,21.532935278030994,0.7299924035247646,2025,4,244,17208,-10626,1743465600000
2018,8,160,168,4665.15,3905.77,374.36,23.248630952380953,2.2283333333333335,2018,8,160,2550,-2382,1533081600000
2018,10,209,20360,415749.49,342119.64,44849.439999999995,16.803518664047154,2.202821218074656,2018,10,209,24480,-4120,1538352000000
2019,6,172,8,409.21,313.09,43.14,39.13625,5.3925,2019,6,172,96,-88,1559347200000
2019,4,97,6423,119969.29000000001,98251.91,9123.15,15.29688774715865,1.420387669313405,2019,4,97,12210,-5787,1554076800000
2019,9,36,619,13785.56,11255.95,1012.16,18.184087237479808,1.6351534733441033,2019,9,36,4916,-4297,1567296000000
2017,6,141,218136,3367443.19,2802277.76,305497.88,12.84647082554003,1.4004927201378956,2017,6,141,218461,-325,1496275200000
2019,9,244,6546,128090.48,103454.43,10414.25,15.804220898258478,1.5909333944393522,2019,9,244,22055,-15509,1567296000000
2021,1,71,506,16232.11,13757.94,775.45,27.189604743083006,1.532509881422925,2021,1,71,952,-446,1609459200000
2021,12,225,343,11763.85,10174.64,569.71,29.663673469387753,1.6609620991253646,2021,12,225,2754,-2411,1638316800000
2021,12,39,300,12057.87,10773.03,98.11,35.9101,0.32703333333333334,2021,12,39,1171,-871,1638316800000
2017,2,61,2279,37902.48,31232.59,3714.75,13.704515138218516,1.6299912242211496,2017,2,61,17542,-15263,1485907200000
2018,11,95,1464,39987.83,33742.4,2250.99,23.04808743169399,1.537561475409836,2018,11,95,9332,-7868,1541030400000
2020,12,149,234,9048.03,7894.88,582.25,33.73880341880342,2.4882478632478633,2020,12,149,488,-254,1606780800000
2021,9,191,195,9104.41,8102.4800000000005,51.03,41.55117948717949,0.2616923076923077,2021,9,191,777,-582,1630454400000
2021,5,208,286,9849.71,8237.22,51.08,28.80146853146853,0.1786013986013986,2021,5,208,666,-380,1619827200000
2022,8,207,327,4235.0599999999995,3374.16,294.0,10.318532110091743,0.8990825688073395,2022,8,207,323,4,1659312000000
2020,7,232,1161,30752.14,25642.74,2079.97,22.086770025839794,1.7915331610680447,2020,7,232,4631,-3470,1593561600000
2022,7,116,2855,59067.82,46272.99,6200.47,16.20770227670753,2.1717933450087568,2022,7,116,8763,-5908,1656633600000
2023,10,93,422,34418.44,26908.45,4258.66,63.76409952606635,10.091611374407583,2023,10,93,751,-329,1696118400000
2020,4,179,212,3833.34,3121.14,281.81,14.722358490566037,1.3292924528301886,2020,4,179,409,-197,1585699200000
2019,4,37,1449,33914.32,28863.53,1614.58,19.919620427881295,1.114271911663216,2019,4,37,8550,-7101,1554076800000
2022,7,34,125,3262.95,2528.46,424.64,20.22768,3.3971199999999997,2022,7,34,560,-435,1656633600000
2019,3,234,248493,4098798.81,2646870.31,510901.8,10.651689625059861,2.0560007726575797,2019,3,234,211562,36931,1551398400000
2018,11,37,1573,33077.52,28398.42,2062.46,18.053668150031786,1.311163382072473,2018,11,37,9673,-8100,1541030400000
2024,11,58,14,421.92,372.98,0.0,26.641428571428573,0.0,2024,11,58,79,-65,1730419200000
2017,1,172,4,197.4,147.0,30.08,36.75,7.52,2017,1,172,121,-117,1483228800000
2018,4,2,4,195.49,158.5,22.270000000000003,39.625,5.567500000000001,2018,4,2,7,-3,1522540800000
2017,1,135,195,3807.91,3069.72,413.29,15.742153846153846,2.1194358974358973,2017,1,135,2064,-1869,1483228800000
2021,8,3,98,4032.36,3382.67,3.92,34.51704081632653,0.04,2021,8,3,383,-285,1627776000000
2018,9,80,3514,64926.39,53524.9,6205.74,15.231900967558339,1.7660045532157085,2018,9,80,13723,-10209,1535760000000
2025,5,131,801,21818.65,19145.37,86.66,23.90183520599251,0.10818976279650437,2025,5,131,1441,-640,1746057600000
2025,11,160,705,17434.17,14359.72,854.64,20.368397163120566,1.2122553191489363,2025,11,160,1817,-1112,1761955200000
2019,9,30,6,248.04,221.67000000000002,0.0,36.945,0.0,2019,9,30,36,-30,1567296000000
2016,7,92,600,12542.89,10846.25,744.09,18.077083333333334,1.24015,2016,7,92,4865,-4265,1467331200000
2021,2,32,225,8172.28,6830.51,114.85,30.35782222222222,0.5104444444444444,2021,2,32,474,-249,1612137600000
2020,2,173,205,5090.2300000000005,4293.46,83.85,20.94370731707317,0.4090243902439024,2020,2,173,1566,-1361,1580515200000
2023,7,77,96,3350.44,3033.97,59.12,31.603854166666665,0.6158333333333333,2023,7,77,444,-348,1688169600000
2023,8,165,152,5561.5199999999995,4945.47,76.83,32.53598684210527,0.5054605263157894,2023,8,165,835,-683,1690848000000
2024,5,26,392,12282.74,11457.46,54.81,29.228214285714284,0.13982142857142857,2024,5,26,1205,-813,1714521600000
2018,8,41,29336,388138.72000000003,318591.51,31599.56,10.860086923916008,1.0771598036542134,2018,8,41,51103,-21767,1533081600000
2021,3,49,684,19919.56,17122.47,606.46,25.032850877192985,0.8866374269005849,2021,3,49,2516,-1832,1614556800000
2016,11,184,7,288.18,229.5,40.0,32.785714285714285,5.714285714285714,2016,11,184,63,-56,1477958400000
2023,5,58,4,236.39999999999998,187.44,34.41,46.86,8.6025,2023,5,58,90,-86,1682899200000
2025,1,102,331,7718.17,6700.49,90.28999999999999,20.243172205438064,0.2727794561933535,2025,1,102,778,-447,1735689600000
2025,4,74,14631,315946.07,252395.15,11249.79,17.250710819492856,0.7689009637071971,2025,4,74,29022,-14391,1743465600000
2016,6,186,373869,5590381.33,4521742.64,591637.08,12.094457256418691,1.5824716143889972,2016,6,186,308414,65455,1464739200000
2020,5,138,2844,101673.17,78708.86,10575.64,27.67540787623066,3.7185794655414908,2020,5,138,694,2150,1588291200000
2025,10,140,84092,1880972.2,1239538.15,210322.36,14.740262450649288,2.5010983208866477,2025,10,140,84480,-388,1759276800000
2016,10,214,6,260.33,223.88,21.57,37.31333333333333,3.595,2016,10,214,166,-160,1475280000000
2023,4,123,96,3927.04,3333.1,231.59,34.719791666666666,2.4123958333333335,2023,4,123,540,-444,1680307200000
2024,8,155,430,14380.84,13386.35,269.44,31.131046511627908,0.6266046511627907,2024,8,155,1179,-749,1722470400000
2022,5,98,26,1126.41,1002.52,71.44,38.558461538461536,2.7476923076923074,2022,5,98,464,-438,1651363200000
2023,11,34,66,1730.94,1408.75,152.69,21.34469696969697,2.3134848484848485,2023,11,34,361,-295,1698796800000
2024,4,247,651,20504.56,17744.71,615.62,27.257619047619045,0.945652841781874,2024,4,247,1228,-577,1711929600000
2017,7,217,590,8758.7,7333.1,666.93,12.428983050847458,1.1303898305084745,2017,7,217,2390,-1800,1498867200000
2024,5,161,174675,4390863.710000001,2926956.1999999997,558471.49,16.756583369114068,3.1972033204522683,2024,5,161,141824,32851,1714521600000
2016,8,165,183,4248.99,3412.3,581.11,18.646448087431693,3.175464480874317,2016,8,165,2111,-1928,1470009600000
2016,9,11,42,668.5600000000001,575.52,23.91,13.702857142857143,0.5692857142857143,2016,9,11,845,-803,1472688000000
2017,4,96,24,363.96,304.0,25.2,12.666666666666666,1.05,2017,4,96,195,-171,1491004800000
2025,1,251,11,369.83,299.75,0.0,27.25,0.0,2025,1,251,36,-25,1735689600000
2017,6,91,137,3213.6,2788.0,208.58,20.35036496350365,1.5224817518248177,2017,6,91,1598,-1461,1496275200000
2023,3,158,26963,674080.39,449443.71,90284.41,16.66890590809628,3.348455661462004,2023,3,158,31574,-4611,1677628800000
2016,1,113,188237,2468426.37,1955100.61,288088.72,10.386377864075607,1.5304574552293118,2016,1,113,158904,29333,1451606400000
2020,9,161,41655,654523.35,421635.92,77754.3,10.122096266954747,1.8666258552394672,2020,9,161,36875,4780,1598918400000
2021,9,239,85002,1451180.07,941702.54,193334.93,11.078592738994377,2.2744750711747956,2021,9,239,81017,3985,1630454400000
2023,4,128,26,853.0699999999999,692.35,78.02,26.628846153846155,3.0007692307692304,2023,4,128,178,-152,1680307200000
2024,7,230,108811,3005129.96,2062723.66,349411.1,18.95694056667065,3.2111744217036877,2024,7,230,107865,946,1719792000000
2020,10,178,51,1410.36,1198.2,103.66,23.494117647058825,2.0325490196078433,2020,10,178,203,-152,1601510400000
2025,6,23,34,1948.68,1536.02,34.0,45.177058823529414,1.0,2025,6,23,88,-54,1748736000000
2016,9,252,55,2657.7,2217.5,280.15,40.31818181818182,5.093636363636363,2016,9,252,1372,-1317,1472688000000
2022,7,235,216,10250.64,9233.06,96.92,42.74564814814815,0.4487037037037037,2022,7,235,626,-410,1656633600000
2019,7,191,338,13699.52,12565.76,61.49,37.17680473372781,0.18192307692307694,2019,7,191,1295,-957,1561939200000
2022,4,47,87,2944.13,2648.89,45.89,30.447011494252873,0.5274712643678161,2022,4,47,365,-278,1648771200000
2021,7,157,215,8329.38,6513.08,745.95,30.29339534883721,3.4695348837209306,2021,7,157,1044,-829,1625097600000
2023,10,224,4302,105322.14,73432.89,11748.75,17.0694769874477,2.730997210599721,2023,10,224,13070,-8768,1696118400000
2016,2,164,278819,3961385.18,3121207.19,445583.41,11.194384851821432,1.5981099207729745,2016,2,164,245185,33634,1454284800000
2019,11,136,342,11723.6,10431.06,84.69999999999999,30.50017543859649,0.24766081871345025,2019,11,136,1028,-686,1572566400000
2016,6,217,1400,18414.59,15109.81,1381.02,10.792721428571427,0.9864428571428572,2016,6,217,4467,-3067,1464739200000
2023,2,82,387,15842.77,12270.09,1876.51,31.705658914728684,4.848863049095607,2023,2,82,1784,-1397,1675209600000
2023,2,67,55,2382.97,1926.74,76.68,35.031636363636366,1.3941818181818184,2023,2,67,346,-291,1675209600000
2020,4,200,34,1998.98,1824.65,41.25,53.66617647058824,1.213235294117647,2020,4,200,128,-94,1585699200000
2016,5,153,134,2282.13,1982.0,146.85,14.791044776119403,1.0958955223880598,2016,5,153,650,-516,1462060800000
2019,6,183,100,3710.31,3339.21,22.37,33.3921,0.2237,2019,6,183,423,-323,1559347200000
2023,12,259,131,5524.46,5031.4,48.22,38.40763358778626,0.3680916030534351,2023,12,259,351,-220,1701388800000
2023,2,56,182,9481.94,7639.55,923.77,41.97554945054945,5.075659340659341,2023,2,56,785,-603,1675209600000
2018,8,98,137,5053.21,4577.54,143.09,33.41270072992701,1.0444525547445256,2018,8,98,1605,-1468,1533081600000
2019,4,73,56,1528.78,1321.07,30.8,23.590535714285714,0.55,2019,4,73,506,-450,1554076800000
2016,4,73,52,1035.83,837.0,94.87,16.096153846153847,1.824423076923077,2016,4,73,726,-674,1459468800000
2025,1,100,50730,1135918.0,725792.57,131893.25,14.306969643209145,2.5999063670411986,2025,1,100,43810,6920,1735689600000
2023,9,156,2,54.49,51.99,0.0,25.995,0.0,2023,9,156,38,-36,1693526400000
2016,9,28,785,35084.82,28759.87,3295.07,36.636777070063694,4.197541401273885,2016,9,28,2537,-1752,1472688000000
2017,10,239,244201,3224854.9099999997,2555415.47,371506.75999999995,10.464393962350687,1.5213154737286085,2017,10,239,238069,6132,1506816000000
2024,7,76,1710,54844.84,51486.04,349.68,30.108795321637427,0.20449122807017545,2024,7,76,2749,-1039,1719792000000
2024,10,43,59843,1401110.6099999999,943602.55,179057.34,15.767968684725032,2.9921183764182944,2024,10,43,44137,15706,1727740800000
2017,6,108,42,2420.88,2214.5,86.50999999999999,52.726190476190474,2.0597619047619045,2017,6,108,491,-449,1496275200000
2025,11,60,687,18847.13,16710.44,23.490000000000002,24.323784570596796,0.03419213973799127,2025,11,60,860,-173,1761955200000
2025,10,189,1917,46724.9,38174.56,1492.99,19.913698487219612,0.7788158581116328,2025,10,189,4599,-2682,1759276800000
2020,6,188,951,24925.47,22372.05,917.72,23.524763406940064,0.9650052576235542,2020,6,188,1212,-261,1590969600000
2023,11,101,47,1757.96,1591.74,60.4,33.8668085106383,1.2851063829787235,2023,11,101,333,-286,1698796800000
2022,6,229,75509,1272026.1300000001,824380.7,165654.55,10.917648227363625,2.1938384828298614,2022,6,229,73853,1656,1654041600000
2019,6,224,13541,236488.00999999998,160288.22,26550.13,11.837251310833764,1.9607215124436896,2019,6,224,26895,-13354,1559347200000
2020,2,74,23158,329131.71,257650.34,22756.79,11.12575956472925,0.9826751014768115,2020,2,74,48476,-25318,1580515200000
2024,7,77,400,12195.17,11548.39,17.08,28.870974999999998,0.042699999999999995,2024,7,77,708,-308,1719792000000
2018,11,77,322,11680.41,10391.86,365.21,32.27285714285714,1.134192546583851,2018,11,77,875,-553,1541030400000
2017,1,148,144858,2224654.37,1791355.59,254591.0,12.36628691546204,1.7575211586519213,2017,1,148,101941,42917,1483228800000
2022,8,217,108,2796.89,2329.31,290.48,21.567685185185184,2.68962962962963,2022,8,217,1189,-1081,1659312000000
2018,10,197,772,30546.11,26140.08,1611.84,33.86020725388601,2.0878756476683935,2018,10,197,2480,-1708,1538352000000
2019,6,141,157459,2436253.59,1581999.87,278875.63999999996,10.047059043941598,1.7711000323893835,2019,6,141,165339,-7880,1559347200000
2023,1,129,587,16607.72,13473.56,1319.96,22.953253833049402,2.248654173764906,2023,1,129,4328,-3741,1672531200000
2017,3,199,18,394.93,300.0,58.95,16.666666666666668,3.2750000000000004,2017,3,199,17,1,1488326400000
2017,5,84,6,225.85,222.5,0.15000000000000002,37.083333333333336,0.025000000000000005,2017,5,84,60,-54,1493596800000
2023,3,187,4,228.45,179.66,29.189999999999998,44.915,7.297499999999999,2023,3,187,23,-19,1677628800000
2020,7,54,56,2084.47,1852.03,86.15,33.07196428571429,1.5383928571428573,2020,7,54,182,-126,1593561600000
2021,12,4,3433,75489.77,53296.2,9234.35,15.524672298281386,2.689877658025051,2021,12,4,12558,-9125,1638316800000
2023,9,151,21927,485572.77,340596.06,59767.53,15.53318100971405,2.725750444657272,2023,9,151,24404,-2477,1693526400000
2023,5,261,17495,591385.8400000001,430222.89,70928.53,24.591191197484996,4.05421720491569,2023,5,261,16318,1177,1682899200000
2021,7,101,99,4541.48,4068.64,15.39,41.097373737373736,0.15545454545454546,2021,7,101,383,-284,1625097600000
2017,11,255,9105,142530.31999999998,114157.95,16557.940000000002,12.537940691927512,1.8185546403075237,2017,11,255,26551,-17446,1509494400000
2022,10,64,49,1505.12,1325.1000000000001,48.07,27.042857142857144,0.9810204081632653,2022,10,64,484,-435,1664582400000
2023,7,67,56,2409.94,1996.78,71.36,35.65678571428571,1.2742857142857142,2023,7,67,420,-364,1688169600000
2017,1,122,16,559.91,405.01,136.7,25.313125,8.54375,2017,1,122,351,-335,1483228800000
2019,11,79,180557,3071724.95,2024595.17,374782.66,11.213052775577795,2.075702742070371,2019,11,79,150323,30234,1572566400000
2022,9,107,73563,1333373.91,871250.95,177831.84,11.8436027622582,2.4174087516822316,2022,9,107,59361,14202,1661990400000
2020,4,231,1172,22278.31,15717.29,2380.91,13.410656996587031,2.0314931740614335,2020,4,231,1421,-249,1585699200000
2018,2,112,3161,47290.28,37914.85,5036.16,11.994574501739955,1.5932173362859854,2018,2,112,18911,-15750,1517443200000
2021,3,242,866,27617.82,23961.25,97.92,27.668879907621246,0.1130715935334873,2021,3,242,1225,-359,1614556800000
2022,6,17,530,15056.27,12485.66,1636.96,23.557849056603775,3.088603773584906,2022,6,17,4403,-3873,1654041600000
2018,4,151,80489,1054977.58,843704.58,116032.34,10.482234591062133,1.4415925157474934,2018,4,151,77615,2874,1522540800000
2023,6,256,1298,40653.72,31577.28,4535.03,24.32764252696456,3.493859784283513,2023,6,256,7775,-6477,1685577600000
2016,12,191,58,1617.69,1388.51,140.53,23.939827586206896,2.4229310344827586,2016,12,191,947,-889,1480550400000
2019,10,192,129,4174.34,3644.32,58.86,28.250542635658917,0.45627906976744187,2019,10,192,637,-508,1569888000000
2024,4,17,985,30172.88,27207.32,577.75,27.62164467005076,0.5865482233502538,2024,4,17,3445,-2460,1711929600000
2019,8,122,135,5539.03,4968.28,11.870000000000001,36.80207407407407,0.08792592592592594,2019,8,122,550,-415,1564617600000
2020,8,1,65,4315.349999999999,3769.0,478.6,57.98461538461538,7.363076923076924,2020,8,1,729,-664,1596240000000
2024,5,198,431,13371.14,12009.71,290.04,27.86475638051044,0.6729466357308586,2024,5,198,2030,-1599,1714521600000
2024,8,202,268,8605.92,7538.42,344.1,28.128432835820895,1.2839552238805971,2024,8,202,1596,-1328,1722470400000
2023,4,227,60,2294.71,2058.28,77.53,34.30466666666667,1.2921666666666667,2023,4,227,611,-551,1680307200000
2024,9,117,333,17006.24,15612.73,97.0,46.88507507507507,0.2912912912912913,2024,9,117,545,-212,1725148800000
2024,10,184,12,334.58,275.98,10.28,22.998333333333335,0.8566666666666666,2024,10,184,41,-29,1727740800000
2016,5,14,622,13024.59,10703.89,1105.38,17.208826366559485,1.777138263665595,2016,5,14,10676,-10054,1462060800000
2025,2,161,161413,3880352.2600000002,2472914.48,469486.04000000004,15.320417066779008,2.908601165953176,2025,2,161,124544,36869,1738368000000
2019,9,42,10387,156047.28999999998,128446.99,9050.08,12.366129777606623,0.8712891113892366,2019,9,42,27606,-17219,1567296000000
2019,3,211,62263,1086692.8,724435.86,130248.13,11.635094036586736,2.091902574562742,2019,3,211,63940,-1677,1551398400000
2019,7,235,469,14019.55,12493.01,129.47,26.637547974413646,0.27605543710021324,2019,7,235,1631,-1162,1561939200000
2019,11,213,563,18781.41,15877.95,124.47,28.20239786856128,0.22108348134991118,2019,11,213,1370,-807,1572566400000
2020,4,215,94,2977.4,2632.5,132.68,28.00531914893617,1.4114893617021278,2020,4,215,130,-36,1585699200000
2020,7,219,239,13209.19,11779.88,562.2,49.28820083682008,2.3523012552301257,2020,7,219,494,-255,1593561600000
2018,9,137,98826,1391217.54,1110914.91,152656.41999999998,11.241119847003825,1.5446989658591868,2018,9,137,112381,-13555,1535760000000
2018,9,217,667,10267.4,8806.28,545.18,13.202818590704648,0.8173613193403297,2018,9,217,2473,-1806,1535760000000
2020,3,248,152,4569.32,4036.94,75.71,26.558815789473684,0.49809210526315784,2020,3,248,513,-361,1583020800000
2021,5,239,81663,1302969.73,830431.53,174595.19000000003,10.169005914551265,2.1379962773838828,2021,5,239,76607,5056,1619827200000
2021,3,5,13,1218.94,1100.5,0.0,84.65384615384616,0.0,2021,3,5,29,-16,1614556800000
2017,3,261,55949,1129194.97,925078.95,124824.12,16.534325010277215,2.23103397737225,2017,3,261,48833,7116,1488326400000
2023,6,28,254,11459.93,9427.32,926.46,37.11543307086614,3.64748031496063,2023,6,28,1230,-976,1685577600000
2018,12,114,105385,1522749.75,1209724.17,180348.43,11.4790925653556,1.711329221426199,2018,12,114,80112,25273,1543622400000
2017,11,158,97355,1472038.7200000002,1169737.66,175631.69,12.015178059678496,1.8040335884135381,2017,11,158,95884,1471,1509494400000
2025,7,200,405,13969.47,11694.98,124.63,28.87649382716049,0.3077283950617284,2025,7,200,1513,-1108,1751328000000
2018,2,62,311,4757.74,4066.8,306.98,13.07652733118971,0.9870739549839229,2018,2,62,3326,-3015,1517443200000
2018,12,174,321,10514.11,9376.14,264.77,29.20915887850467,0.824828660436137,2018,12,174,1231,-910,1543622400000
2019,3,43,107314,1765241.1500000001,1179684.37,200637.74,10.992828242354214,1.8696324803846656,2019,3,43,95021,12293,1551398400000
2022,10,106,252,8230.19,6658.55,869.54,26.42281746031746,3.4505555555555554,2022,10,106,1674,-1422,1664582400000
2024,7,163,88125,2115464.96,1412196.42,259967.26,16.024923914893616,2.9499830921985817,2024,7,163,78961,9164,1719792000000
2024,9,216,1794,102480.78,87736.84,9788.47,48.90570791527313,5.456226309921962,2024,9,216,4385,-2591,1725148800000
2019,5,86,235,14671.37,13544.76,19.02,57.63727659574468,0.08093617021276596,2019,5,86,885,-650,1556668800000
2020,2,116,7281,119544.71,95389.98,9680.04,13.101219612690564,1.329493201483313,2020,2,116,16153,-8872,1580515200000
2017,10,137,116908,1598383.4300000002,1269235.56,180385.09,10.856704074999145,1.5429661785335478,2017,10,137,133046,-16138,1506816000000
2016,9,102,90,2017.67,1652.0,173.4,18.355555555555554,1.9266666666666667,2016,9,102,1579,-1489,1472688000000
2025,2,244,5452,132102.78,108602.74,4466.49,19.919798239178284,0.8192388114453412,2025,2,244,15727,-10275,1738368000000
2021,5,139,278,11486.27,10223.89,61.36,36.776582733812944,0.22071942446043166,2021,5,139,652,-374,1619827200000
2019,12,109,6,284.3,278.5,0.0,46.416666666666664,0.0,2019,12,109,98,-92,1575158400000
2019,12,69,668,17829.79,15519.47,182.81,23.232739520958084,0.2736676646706587,2019,12,69,3099,-2431,1575158400000
2024,5,167,384,12437.3,11323.72,105.1,29.488854166666666,0.27369791666666665,2024,5,167,560,-176,1714521600000
2022,11,161,140031,2638964.72,1743559.04,348260.79000000004,12.451236083438667,2.4870263727317523,2022,11,161,127418,12613,1667260800000
2020,5,48,10380,158698.41,107156.82,14249.85,10.323393063583815,1.3728179190751446,2020,5,48,9160,1220,1588291200000
2018,4,116,11205,171372.83,143167.88,14190.73,12.777142347166444,1.2664640785363677,2018,4,116,26113,-14908,1522540800000
2025,10,28,1007,36946.3,31178.27,1901.53,30.961539225422047,1.8883118172790467,2025,10,28,2381,-1374,1759276800000
2018,4,67,111,2946.37,2592.06,143.0,23.351891891891892,1.2882882882882882,2018,4,67,1434,-1323,1522540800000
2023,5,232,3894,111194.62,80608.51,12606.21,20.7006959424756,3.237342064714946,2023,5,232,15735,-11841,1682899200000
2017,2,249,208879,2893570.2,2286071.5,350329.86,10.944477424729149,1.6771904308235868,2017,2,249,164712,44167,1485907200000
2021,3,102,169,5206.42,4399.89,46.769999999999996,26.03485207100592,0.2767455621301775,2021,3,102,509,-340,1614556800000
2022,10,4,4945,109260.72,76422.89,14478.69,15.454578361981799,2.9279453993933267,2022,10,4,14662,-9717,1664582400000
2020,2,169,311,9667.88,8554.06,60.12,27.505016077170417,0.19331189710610933,2020,2,169,1057,-746,1580515200000
2022,5,23,102,6116.58,5146.9800000000005,39.87,50.460588235294125,0.39088235294117646,2022,5,23,180,-78,1651363200000
2022,8,23,104,6520.15,5423.860000000001,108.38,52.1525,1.0421153846153846,2022,8,23,188,-84,1659312000000
2017,6,8,137,3671.93,2897.0,419.89,21.145985401459853,3.064890510948905,2017,6,8,253,-116,1496275200000
2025,10,6,96,1923.74,649.3,0.0,6.763541666666666,0.0,2025,10,6,136,-40,1759276800000
2022,8,53,63,2905.44,2408.56,156.33,38.23111111111111,2.4814285714285718,2022,8,53,440,-377,1659312000000
2021,10,175,42,1972.92,1711.46,69.86,40.74904761904762,1.6633333333333333,2021,10,175,325,-283,1633046400000
2017,1,75,62592,790270.02,644110.5,71250.3,10.290620207055214,1.1383291794478527,2017,1,75,113843,-51251,1483228800000
2024,1,88,7008,227236.51,165723.34,25804.02,23.64773687214612,3.682080479452055,2024,1,88,9651,-2643,1704067200000
2016,7,45,26051,426529.16000000003,356942.25,38374.22,13.701671720855245,1.4730421097078807,2016,7,45,30264,-4213,1467331200000
2018,4,32,133,4180.94,3681.3,133.53,27.678947368421053,1.003984962406015,2018,4,32,887,-754,1522540800000
2022,6,95,480,16558.01,13529.5,1668.41,28.186458333333334,3.4758541666666667,2022,6,95,4451,-3971,1654041600000
2022,8,201,33,1534.31,1363.31,20.95,41.31242424242424,0.6348484848484848,2022,8,201,319,-286,1659312000000
2024,4,78,285,9651.64,8741.34,45.6,30.671368421052634,0.16,2024,4,78,446,-161,1711929600000
2022,3,230,114755,2244582.51,1483094.93,288547.94,12.92401141562459,2.5144694348830114,2022,3,230,106047,8708,1646092800000
2020,3,9,78,1538.59,1398.5,13.620000000000001,17.92948717948718,0.17461538461538462,2020,3,9,287,-209,1583020800000
2023,3,87,16670,538178.71,382835.73,68831.43,22.965550689862027,4.129059988002399,2023,3,87,24010,-7340,1677628800000
2024,7,259,178,7835.65,7286.46,65.13,40.93516853932584,0.36589887640449437,2024,7,259,435,-257,1719792000000
2017,10,246,138909,2066488.78,1646496.53,242241.54000000004,11.85305869310124,1.7438865732241975,2017,10,246,173897,-34988,1506816000000
2021,3,133,244,8067.75,6778.63,195.96,27.78127049180328,0.8031147540983606,2021,3,133,683,-439,1614556800000
2019,2,79,188766,3110420.47,2056715.62,375611.75,10.895582996938009,1.989827352383374,2019,2,79,162751,26015,1548979200000
2023,10,192,63,2257.27,2023.68,65.51,32.121904761904766,1.03984126984127,2023,10,192,355,-292,1696118400000
2022,8,37,403,12946.43,10533.27,1357.16,26.137146401985113,3.3676426799007446,2022,8,37,4259,-3856,1659312000000
2024,6,196,410,16590.89,14351.2,861.85,35.0029268292683,2.1020731707317073,2024,6,196,1144,-734,1717200000000
2025,1,131,375,11144.11,9840.25,81.75,26.240666666666666,0.218,2025,1,131,815,-440,1735689600000
2016,5,144,145694,2242306.34,1818258.9,243805.36,12.479984762584595,1.6734070037201256,2016,5,144,120441,25253,1462060800000
2025,3,84,5,400.46,357.78,14.3,71.556,2.8600000000000003,2025,3,84,33,-28,1740787200000
2025,8,253,76,3136.29,2563.29,246.53,33.7275,3.2438157894736843,2025,8,253,146,-70,1754006400000
2021,2,127,346,10575.72,9004.710000000001,380.08,26.025173410404626,1.0984971098265897,2021,2,127,1383,-1037,1612137600000
2021,3,253,14,715.5699999999999,632.63,37.62,45.18785714285714,2.687142857142857,2021,3,253,22,-8,1614556800000
2019,9,38,203,8396.7,7555.96,126.39,37.22147783251231,0.6226108374384236,2019,9,38,863,-660,1567296000000
2016,6,237,425957,5263091.71,4205558.45,552927.23,9.873199524834666,1.2980822712151696,2016,6,237,366227,59730,1464739200000
2017,4,265,5131,422231.5,357858.56,46992.17,69.74440849736894,9.1584817774313,2017,4,265,25698,-20567,1491004800000
2019,10,20,147,4850.44,4144.1,73.44,28.191156462585038,0.4995918367346939,2019,10,20,703,-556,1569888000000
2022,9,207,343,4847.48,3807.28,482.8,11.0999416909621,1.4075801749271137,2022,9,207,348,-5,1661990400000
2017,9,161,312532,4758189.71,3769928.41,545267.53,12.062535708343466,1.7446774410300385,2017,9,161,309018,3514,1504224000000
2019,5,251,29,1415.9,1082.39,153.43,37.32379310344828,5.290689655172414,2019,5,251,135,-106,1556668800000
2022,1,30,3,63.25,52.5,0.0,17.5,0.0,2022,1,30,17,-14,1640995200000
2023,9,131,133,4553.72,4046.94,102.12,30.42812030075188,0.7678195488721805,2023,9,131,673,-540,1693526400000
2024,1,121,187,6058.28,5506.97,94.69,29.44903743315508,0.5063636363636363,2024,1,121,705,-518,1704067200000
2018,10,255,9820,172989.61000000002,140095.82,19650.5,14.266376782077394,2.0010692464358453,2018,10,255,27604,-17784,1538352000000
2019,11,63,263,9380.14,8188.1,215.20000000000002,31.13346007604563,0.8182509505703423,2019,11,63,1043,-780,1572566400000
2020,5,159,2368,58381.97,51498.32,411.27,21.747601351351353,0.17367820945945944,2020,5,159,2025,343,1588291200000
2021,7,243,865,25341.29,20743.35,2073.08,23.980751445086703,2.3966242774566475,2021,7,243,5710,-4845,1625097600000
2021,10,164,73584,1313816.55,859337.83,166893.62,11.67832449989128,2.2680694172646225,2021,10,164,66117,7467,1633046400000
2020,8,21,201,7559.61,6731.16,396.36,33.488358208955226,1.9719402985074628,2020,8,21,376,-175,1596240000000
2023,1,83,132,3873.85,3124.08,272.32,23.667272727272728,2.063030303030303,2023,1,83,788,-656,1672531200000
2024,6,149,212,6371.21,5973.86,66.77,28.178584905660376,0.3149528301886792,2024,6,149,544,-332,1717200000000
2025,5,229,70056,1576144.14,1006270.57,183738.26,14.363802814890944,2.6227340984355374,2025,5,229,85341,-15285,1746057600000
2016,7,144,127117,1965807.92,1598709.32,210629.07,12.576675975675952,1.6569701141468096,2016,7,144,109638,17479,1467331200000
2024,6,22,288,9343.41,8678.63,44.900000000000006,30.13413194444444,0.1559027777777778,2024,6,22,645,-357,1717200000000
2018,11,79,211660,3019146.63,2394516.41,359469.15,11.313032268732874,1.6983329396201456,2018,11,79,179845,31815,1541030400000
2023,3,81,120,4344.19,3947.35,12.39,32.89458333333333,0.10325000000000001,2023,3,81,273,-153,1677628800000
2018,2,74,31059,378261.23000000004,314388.93,24947.94,10.122313339128755,0.803243504298271,2018,2,74,63434,-32375,1517443200000
2022,11,52,750,18942.29,14186.91,2712.78,18.91588,3.6170400000000003,2022,11,52,2103,-1353,1667260800000
2024,4,257,154,5432.89,4752.2,131.35,30.85844155844156,0.8529220779220779,2024,4,257,1433,-1279,1711929600000
2024,11,54,217,6707.98,5495.2,404.06,25.323502304147464,1.8620276497695853,2024,11,54,813,-596,1730419200000
2017,3,218,69,2689.13,2398.54,150.81,34.76144927536232,2.1856521739130437,2017,3,218,1170,-1101,1488326400000
2017,7,218,95,3405.81,2917.5,204.99,30.710526315789473,2.1577894736842107,2017,7,218,1472,-1377,1498867200000
2022,9,130,450,22372.81,17793.37,2288.13,39.54082222222222,5.084733333333333,2022,9,130,1818,-1368,1661990400000
2016,5,43,161422,2280309.7600000002,1859304.19,229991.04,11.51828245220602,1.4247812565821265,2016,5,43,141302,20120,1462060800000
2021,9,177,219,8556.63,7456.25,243.48,34.04680365296804,1.1117808219178082,2021,9,177,855,-636,1630454400000
2019,9,174,228,6631.08,5834.32,67.1,25.589122807017542,0.29429824561403506,2019,9,174,880,-652,1567296000000
2016,4,155,66,1130.88,972.34,81.2,14.732424242424242,1.2303030303030305,2016,4,155,1380,-1314,1459468800000
2025,5,154,102,3389.91,2786.91,233.09,27.322647058823527,2.2851960784313725,2025,5,154,500,-398,1746057600000
2020,3,192,75,1821.83,1668.41,38.36,22.24546666666667,0.5114666666666666,2020,3,192,304,-229,1583020800000
2022,5,141,90571,1516814.2500000002,984456.38,197263.81,10.869443640900508,2.1780018990626138,2022,5,141,93238,-2667,1651363200000
2017,6,244,10568,195950.91,163193.1,18377.04,15.442193414080243,1.7389326267978804,2017,6,244,37040,-26472,1496275200000
2017,8,112,4001,62765.44,50730.4,6471.67,12.679430142464383,1.6175131217195702,2017,8,112,21185,-17184,1501545600000
2019,9,171,257,9629.34,8353.0,130.77,32.50194552529183,0.5088326848249027,2019,9,171,1155,-898,1567296000000
2016,10,258,154,5391.9400000000005,4625.0,479.58,30.032467532467532,3.114155844155844,2016,10,258,1924,-1770,1475280000000
2019,9,112,1964,36730.15,29409.82,3301.04,14.974450101832995,1.680773930753564,2019,9,112,14260,-12296,1567296000000
2018,4,265,4109,353237.04,304137.64,36174.19,74.0174348990022,8.803648089559504,2018,4,265,21689,-17580,1522540800000
2018,6,157,413,17211.73,13770.12,1794.31,33.34169491525424,4.34457627118644,2018,6,157,2646,-2233,1527811200000
2019,12,62,594,16253.74,14368.11,261.3,24.188737373737375,0.4398989898989899,2019,12,62,2776,-2182,1575158400000
2022,8,253,24,1111.82,891.12,104.5,37.13,4.354166666666667,2022,8,253,85,-61,1659312000000
2016,7,214,12,240.63,182.58,50.05,15.215000000000002,4.170833333333333,2016,7,214,156,-144,1467331200000
2025,2,52,1174,29977.37,23459.88,1507.97,19.982862010221467,1.2844718909710393,2025,2,52,2205,-1031,1738368000000
2017,3,120,55,1625.94,1279.5,176.96,23.263636363636362,3.2174545454545456,2017,3,120,446,-391,1488326400000
2017,5,223,7092,145472.22,115362.13,14289.22,16.26651579244219,2.0148364354201918,2017,5,223,22407,-15315,1493596800000
2019,9,90,117524,1934233.6400000001,1263529.37,229635.08,10.751245447738336,1.9539420033354888,2019,9,90,95904,21620,1567296000000
2016,4,40,8248,148892.64,117529.8,18201.59,14.249490785645005,2.2067883123181375,2016,4,40,14275,-6027,1459468800000
2018,8,141,175122,2130645.96,1682727.23,239684.62,9.608885405602951,1.368672239924167,2018,8,141,181071,-5949,1533081600000
2022,12,193,2999,23239.260000000002,19085.100000000002,1242.71,6.36382127375792,0.4143747915971991,2022,12,193,4175,-1176,1669852800000
2024,4,239,100930,2178563.46,1429955.5,270812.44,14.16779451104726,2.683170910532052,2024,4,239,99239,1691,1711929600000
2025,8,65,5753,143091.96,116576.41,6071.14,20.263585955153832,1.055299843559882,2025,8,65,7436,-1683,1754006400000
2022,6,111,4,163.95,141.10000000000002,0.0,35.275000000000006,0.0,2022,6,111,40,-36,1654041600000
2020,8,154,5,88.66,69.66,13.5,13.931999999999999,2.7,2020,8,154,35,-30,1596240000000
2021,12,235,169,6406.81,5794.43,34.03,34.28656804733728,0.20136094674556212,2021,12,235,674,-505,1638316800000
2023,12,75,19780,422998.28,307204.82,41809.14,15.531082912032357,2.1137077856420627,2023,12,75,37958,-18178,1701388800000
2023,11,105,1,9.8,5.8,0.0,5.8,0.0,2023,11,105,1,0,1698796800000
2022,10,116,3220,69039.7,54210.97,7348.47,16.8357049689441,2.282133540372671,2022,10,116,9760,-6540,1664582400000
2025,1,212,429,12240.8,10480.9,75.28,24.43100233100233,0.1754778554778555,2025,1,212,402,27,1735689600000
2016,5,186,385863,5682836.5600000005,4591551.16,602232.78,11.899433633180688,1.5607424915060528,2016,5,186,316073,69790,1462060800000
2018,1,146,8821,124230.47,103529.13,10495.51,11.736665910894457,1.1898322185693233,2018,1,146,10138,-1317,1514764800000
2019,1,132,196640,11162245.06,9068919.74,1262307.53,46.11940469894223,6.419383289259561,2019,1,132,53557,143083,1546300800000
2016,3,13,111588,2154569.88,1738520.74,266211.96,15.579818080797219,2.3856683514356383,2016,3,13,121435,-9847,1456790400000
2024,2,39,622,23722.05,22116.16,59.550000000000004,35.55652733118971,0.0957395498392283,2024,2,39,1254,-632,1706745600000
2019,6,223,4194,129483.6,100124.42,12584.56,23.873252265140678,3.0006103958035286,2019,6,223,13474,-9280,1559347200000
2025,1,128,36,1256.75,1044.68,83.55,29.018888888888892,2.3208333333333333,2025,1,128,354,-318,1735689600000
2019,6,101,210,8491.44,7797.3,80.77,37.13,0.3846190476190476,2019,6,101,636,-426,1559347200000
2025,11,50,28603,544870.02,341567.93,47072.54,11.941681991399504,1.6457203789812258,2025,11,50,40895,-12292,1761955200000
2020,8,101,96,5176.599999999999,4612.31,212.38,48.044895833333335,2.2122916666666668,2020,8,101,156,-60,1596240000000
2023,5,50,23279,552242.14,372720.75,67421.6,16.01102925383393,2.8962412474762664,2023,5,50,38125,-14846,1682899200000
2021,9,147,156,5882.97,4870.31,106.5,31.2199358974359,0.6826923076923077,2021,9,147,420,-264,1630454400000
2017,11,83,1014,16043.66,13655.07,921.9,13.46653846153846,0.909171597633136,2017,11,83,3691,-2677,1509494400000
2025,5,14,2302,61987.24,52299.3,520.66,22.719070373588185,0.22617723718505645,2025,5,14,5036,-2734,1746057600000
2016,5,222,35,1419.71,1117.0,200.97,31.914285714285715,5.742,2016,5,222,434,-399,1462060800000
2024,4,93,620,40154.26,31700.58,4589.84,51.12996774193549,7.402967741935484,2024,4,93,1051,-431,1711929600000
2023,4,151,26867,584914.04,405414.03,74617.98,15.089665016563071,2.7773097107976326,2023,4,151,29843,-2976,1680307200000
2017,12,192,77,1471.84,1294.0,73.71,16.805194805194805,0.9572727272727272,2017,12,192,693,-616,1512086400000
2017,8,179,5487,80852.46,67609.54,6566.4,12.321767814835063,1.1967195188627664,2017,8,179,12588,-7101,1501545600000
2018,6,35,431,12273.289999999999,11180.5,335.94,25.940835266821345,0.7794431554524361,2018,6,35,1500,-1069,1527811200000
2019,5,118,35,879.4,751.91,39.980000000000004,21.483142857142855,1.1422857142857143,2019,5,118,197,-162,1556668800000
2024,11,183,97,4052.38,3551.83,58.13,36.61680412371134,0.599278350515464,2024,11,183,193,-96,1730419200000
2016,2,253,24,1734.93,1507.75,153.01,62.822916666666664,6.375416666666666,2016,2,253,51,-27,1454284800000
2021,5,100,37524,625941.1200000001,416158.21,68813.52,11.090454375866113,1.8338535337384074,2021,5,100,31318,6206,1619827200000
2022,10,1,1159,118151.45000000001,98944.62,14104.93,85.370681622088,12.169913718723038,2022,10,1,11812,-10653,1664582400000
2019,11,3,155,5364.49,4549.03,183.53,29.348580645161288,1.1840645161290322,2019,11,3,549,-394,1572566400000
2017,4,14,387,8946.01,7236.21,851.41,18.698217054263566,2.2000258397932817,2017,4,14,7926,-7539,1491004800000
2020,1,17,1248,28722.27,24501.15,842.01,19.63233173076923,0.6746875,2020,1,17,7386,-6138,1577836800000
2021,4,182,436,14431.23,12096.6,78.77,27.74449541284404,0.1806651376146789,2021,4,182,810,-374,1617235200000
2022,8,250,83,2610.0299999999997,2300.41,26.060000000000002,27.71578313253012,0.3139759036144579,2022,8,250,281,-198,1659312000000
2018,8,49,2215,36999.67,30905.83,3152.31,13.95297065462754,1.4231647855530474,2018,8,49,13529,-11314,1533081600000
2019,4,88,29234,735996.24,534549.82,83392.36,18.285209687350342,2.8525812410207294,2019,4,88,29638,-404,1554076800000
2022,12,195,182,7850.46,6477.66,657.57,35.59153846153846,3.6130219780219783,2022,12,195,1059,-877,1669852800000
2021,10,30,4,203.05,184.85000000000002,0.0,46.212500000000006,0.0,2021,10,30,23,-19,1633046400000
2021,12,185,85,3232.97,2790.36,56.56,32.82776470588235,0.6654117647058824,2021,12,185,381,-296,1638316800000
2025,1,68,91242,2139593.26,1372913.85,261071.0,15.046950417570857,2.861302908748164,2025,1,68,89235,2007,1735689600000
2023,8,72,313,9560.12,8818.14,73.98,28.172971246006387,0.23635782747603834,2023,8,72,957,-644,1690848000000
2021,2,73,31,1061.08,877.81,43.0,28.316451612903226,1.3870967741935485,2021,2,73,120,-89,1612137600000
2019,2,178,157,4540.29,4084.44,32.36,26.015541401273886,0.20611464968152865,2019,2,178,676,-519,1548979200000
2020,9,54,54,1204.83,983.67,118.10000000000001,18.21611111111111,2.187037037037037,2020,9,54,272,-218,1598918400000
2020,9,142,41650,642499.59,415168.41,78690.04,9.968029051620647,1.8893166866746698,2020,9,142,36636,5014,1598918400000
2024,9,157,882,33333.83,27136.12,2398.69,30.766575963718818,2.719603174603175,2024,9,157,1412,-530,1725148800000
2017,4,220,213,3876.78,3279.72,250.85,15.397746478873238,1.177699530516432,2017,4,220,3734,-3521,1491004800000
2019,9,173,253,5536.29,4691.3,103.94,18.542687747035576,0.4108300395256917,2019,9,173,1817,-1564,1567296000000
2019,8,188,1219,27857.35,24670.92,545.33,20.238654634946677,0.44735849056603777,2019,8,188,5107,-3888,1564617600000
2023,9,221,8,539.86,473.72,26.2,59.215,3.275,2023,9,221,72,-64,1693526400000
2018,2,116,10070,151996.09000000003,126625.72,13095.869999999999,12.574550148957298,1.3004836146971201,2018,2,116,24774,-14704,1517443200000
2022,10,182,90,2798.41,2514.25,26.11,27.93611111111111,0.2901111111111111,2022,10,182,368,-278,1664582400000
2021,1,218,417,16417.98,14432.67,642.57,34.610719424460434,1.5409352517985613,2021,1,218,659,-242,1609459200000
2025,7,95,3236,88819.88,75674.6,1462.26,23.385228677379484,0.45187268232385663,2025,7,95,7091,-3855,1751328000000
2025,9,7,8835,236628.25,193744.62,4114.15,21.929215619694396,0.4656649688737974,2025,9,7,13431,-4596,1756684800000
2016,4,117,85,5560.56,5005.21,419.75,58.88482352941177,4.938235294117647,2016,4,117,434,-349,1459468800000
2019,6,36,720,16502.33,13701.34,1190.55,19.02963888888889,1.6535416666666667,2019,6,36,5136,-4416,1559347200000
2023,7,55,204,10566.47,9575.08,126.78999999999999,46.93666666666667,0.6215196078431372,2023,7,55,663,-459,1688169600000
2020,1,203,361,16801.69,14912.33,329.57,41.308393351800554,0.9129362880886427,2020,1,203,1496,-1135,1577836800000
2022,12,23,135,8533.88,7189.7300000000005,50.03,53.257259259259264,0.3705925925925926,2022,12,23,211,-76,1669852800000
2025,7,165,981,24632.11,22617.58,168.54999999999998,23.055637104994904,0.1718144750254842,2025,7,165,1686,-705,1751328000000
2017,8,145,10607,180145.43,145319.43,15898.0,13.700332799094937,1.4988215329499388,2017,8,145,27475,-16868,1501545600000
2023,3,74,7347,151013.84,114479.83,12372.31,15.581847012386008,1.6839948278208792,2023,3,74,22803,-15456,1677628800000
2021,12,8,20,1275.17,801.06,342.71,40.053,17.1355,2021,12,8,67,-47,1638316800000
2018,5,98,105,3745.9500000000003,3307.6,189.83,31.50095238095238,1.8079047619047621,2018,5,98,1127,-1022,1525132800000
2019,11,109,5,128.96,121.0,1.46,24.2,0.292,2019,11,109,80,-75,1572566400000
2020,11,64,120,5941.07,5071.78,306.35,42.26483333333333,2.552916666666667,2020,11,64,203,-83,1604188800000
2021,7,234,77243,1267394.33,814052.79,162942.83,10.538855171342387,2.1094834483383607,2021,7,234,68900,8343,1625097600000
2024,5,234,97082,2226940.5399999996,1476673.26,274987.51,15.210577243979317,2.832528275066439,2024,5,234,86138,10944,1714521600000
2018,10,31,38,1580.21,1383.65,103.57,36.41184210526316,2.7255263157894736,2018,10,31,402,-364,1538352000000
2018,8,162,295778,4331896.46,3393392.1,519124.82,11.47276707530648,1.7551164048712211,2018,8,162,261351,34427,1533081600000
2024,3,58,12,443.59,386.93,9.899999999999999,32.244166666666665,0.8249999999999998,2024,3,58,95,-83,1709251200000
2016,3,83,1801,28112.260000000002,23663.32,1814.68,13.138989450305386,1.0075957801221544,2016,3,83,5785,-3984,1456790400000
2017,7,247,1872,33381.590000000004,28032.16,2575.61,14.974444444444444,1.3758600427350427,2017,7,247,4977,-3105,1498867200000
2023,11,82,456,16911.3,14107.05,1206.08,30.936513157894737,2.6449122807017544,2023,11,82,1717,-1261,1698796800000
2024,10,7,2594,67129.21,56491.85,2995.43,21.777891287586737,1.1547532767925983,2024,10,7,8716,-6122,1727740800000
2024,12,40,780,24165.2,19601.97,1478.33,25.13073076923077,1.8952948717948717,2024,12,40,3404,-2624,1733011200000
2021,3,265,14881,578273.41,558537.16,5666.74,37.53357704455346,0.3808037094281298,2021,3,265,4313,10568,1614556800000
2024,12,179,978,26168.25,22200.620000000003,1031.31,22.700020449897753,1.0545092024539877,2024,12,179,3157,-2179,1733011200000
2017,2,144,111397,1638165.12,1311474.87,190015.3,11.772981947449214,1.7057488083162022,2017,2,144,92457,18940,1485907200000
2019,7,179,3527,57081.61,46862.41,3572.73,13.286762120782535,1.0129656932237028,2019,7,179,7964,-4437,1561939200000
2020,4,207,22,688.11,491.85,67.5,22.356818181818184,3.0681818181818183,2020,4,207,26,-4,1585699200000
2022,5,239,101433,1799716.2000000002,1169180.32,244625.37,11.526626640245286,2.4116941232143385,2022,5,239,98311,3122,1651363200000
2019,3,143,90322,1430933.8800000001,938525.46,164815.72,10.39088439139966,1.8247572020105844,2019,3,143,105495,-15173,1551398400000
2021,3,79,38399,624519.21,405803.79,77982.51,10.568082241725044,2.0308474179015077,2021,3,79,34706,3693,1614556800000
2019,10,19,156,6460.57,5812.82,174.86,37.26166666666666,1.120897435897436,2019,10,19,572,-416,1569888000000
2023,3,164,79778,1910419.46,1246510.92,243111.47000000003,15.624745167840757,3.0473497706134527,2023,3,164,72055,7723,1677628800000
2023,5,198,117,3993.21,3285.26,373.55,28.079145299145303,3.192735042735043,2023,5,198,1960,-1843,1682899200000
2024,8,96,27,704.53,578.61,69.53999999999999,21.43,2.5755555555555554,2024,8,96,146,-119,1722470400000
2025,11,258,982,21185.12,17895.61,137.95,18.223635437881875,0.1404786150712831,2025,11,258,1953,-971,1761955200000
2019,7,141,140707,2135275.92,1376262.36,243746.82,9.781051120413341,1.732300596274528,2019,7,141,145726,-5019,1561939200000
2022,5,69,182,4324.47,3694.03,237.93,20.296868131868134,1.3073076923076923,2022,5,69,1341,-1159,1651363200000
2018,6,222,186,7122.21,6565.2,161.61,35.29677419354839,0.8688709677419355,2018,6,222,457,-271,1527811200000
2021,3,234,49878,775571.01,492724.55,98702.38,9.87859477124183,1.9788760575804965,2021,3,234,43443,6435,1614556800000
2021,12,241,126,4751.14,4088.62,158.48,32.44936507936508,1.2577777777777777,2021,12,241,556,-430,1638316800000
2017,4,2,5,292.59000000000003,227.0,49.07,45.4,9.814,2017,4,2,6,-1,1491004800000
2023,6,245,1,14.09,12.59,0.0,12.59,0.0,2023,6,245,45,-44,1685577600000
2023,11,69,310,9690.01,8771.69,151.37,28.29577419354839,0.4882903225806452,2023,11,69,1017,-707,1698796800000
2021,7,97,1610,38272.56,30750.33,3345.64,19.09958385093168,2.078037267080745,2021,7,97,3935,-2325,1625097600000
2024,10,137,39059,864015.6799999999,587745.63,92138.08,15.047636396221101,2.3589462095803784,2024,10,137,45943,-6884,1727740800000
2017,7,114,121739,1730911.6300000001,1381680.89,196843.29,11.349533756643309,1.6169287574236688,2017,7,114,95703,26036,1498867200000
2022,5,48,111285,2139845.7600000002,1427403.98,270736.67,12.826562250078627,2.4328226625331353,2022,5,48,95586,15699,1651363200000
2024,8,149,245,7451.78,7043.14,26.8,28.747510204081635,0.10938775510204082,2024,8,149,649,-404,1722470400000
2025,2,40,1087,29183.01,21890.94,1132.67,20.138859245630172,1.0420147194112237,2025,2,40,2960,-1873,1738368000000
2019,8,192,115,2903.1,2578.2,87.09,22.419130434782605,0.757304347826087,2019,8,192,653,-538,1564617600000
2025,6,89,5010,143503.13,126611.38,674.54,25.27173253493014,0.1346387225548902,2025,6,89,7217,-2207,1748736000000
2016,5,151,101756,1405985.83,1133511.84,147763.37,11.139508628483824,1.4521342230433585,2016,5,151,91539,10217,1462060800000
2018,2,107,202769,2653687.62,2071874.72,326537.78,10.217906681987877,1.6103930087932574,2018,2,107,182985,19784,1517443200000
2021,4,37,774,24842.21,21312.0,552.22,27.53488372093023,0.7134625322997417,2021,4,37,2606,-1832,1617235200000
2021,1,175,44,1814.73,1595.8,89.27,36.268181818181816,2.0288636363636363,2021,1,175,133,-89,1609459200000
2023,10,234,93708,2195364.37,1446341.37,284810.65,15.434555961070561,3.0393418918342086,2023,10,234,81119,12589,1696118400000
2024,3,29,276,11837.61,10916.34,55.72,39.55195652173913,0.2018840579710145,2024,3,29,505,-229,1709251200000
2018,6,190,603,11169.98,9284.5,1130.94,15.397180762852404,1.8755223880597016,2018,6,190,1962,-1359,1527811200000
2023,3,241,133,4766.12,4317.87,48.9,32.46518796992481,0.3676691729323308,2023,3,241,503,-370,1677628800000
2021,11,250,86,3334.29,2828.69,0.0,32.89174418604651,0.0,2021,11,250,347,-261,1635724800000
2019,1,72,879,28153.47,26178.96,78.99,29.782662116040953,0.08986348122866894,2019,1,72,1938,-1059,1546300800000
2023,2,257,63,2358.23,1900.95,243.73,30.173809523809524,3.8687301587301586,2023,2,257,1216,-1153,1675209600000
2024,8,212,201,6715.59,5987.79,22.4,29.79,0.11144278606965173,2024,8,212,381,-180,1722470400000
2024,7,97,1671,45885.08,39271.8,2636.32,23.501974865350093,1.5776900059844405,2024,7,97,3961,-2290,1719792000000
2017,2,250,82,1527.41,1308.55,113.23,15.957926829268292,1.3808536585365854,2017,2,250,769,-687,1485907200000
2016,5,127,1576,29388.21,24615.86,2503.59,15.619200507614213,1.5885723350253809,2016,5,127,10210,-8634,1462060800000
2018,10,175,147,5260.5,4665.0,135.54,31.73469387755102,0.9220408163265306,2018,10,175,684,-537,1538352000000
2020,5,265,629,36582.01,32869.62,1216.92,52.25694753577107,1.9346899841017489,2020,5,265,2270,-1641,1588291200000
2025,3,85,1578,42778.34,38826.44,147.4,24.604841571609633,0.09340937896070976,2025,3,85,2015,-437,1740787200000
2021,2,241,256,9910.9,8142.99,516.45,31.8085546875,2.0173828125,2021,2,241,646,-390,1612137600000
2025,6,235,1032,29933.0,27110.96,27.009999999999998,26.27031007751938,0.026172480620155036,2025,6,235,1655,-623,1748736000000
2022,9,58,5,181.06,171.10000000000002,5.96,34.220000000000006,1.192,2022,9,58,89,-84,1661990400000
2024,3,221,9,376.72,298.65999999999997,4.54,33.18444444444444,0.5044444444444445,2024,3,221,70,-61,1709251200000
2020,3,17,765,14535.79,12687.68,622.78,16.585202614379085,0.8140915032679739,2020,3,17,3947,-3182,1583020800000
2023,9,57,15,626.2,504.12,61.45,33.608,4.096666666666667,2023,9,57,79,-64,1693526400000
2019,12,147,223,7351.49,6380.23,44.26,28.610896860986546,0.19847533632286996,2019,12,147,808,-585,1575158400000
2017,10,131,72,1926.68,1756.8,85.81,24.4,1.1918055555555556,2017,10,131,1088,-1016,1506816000000
2018,5,160,159,4950.02,4067.31,416.99,25.58056603773585,2.622578616352201,2018,5,160,2516,-2357,1525132800000
2019,3,91,1010,31787.89,28874.0,97.75,28.588118811881188,0.09678217821782178,2019,3,91,2133,-1123,1551398400000
2019,10,82,2161,75959.32,60122.19,6817.45,27.82146691346599,3.1547663118926423,2019,10,82,5531,-3370,1569888000000
2017,2,195,372,7664.59,6083.81,804.08,16.35432795698925,2.161505376344086,2017,2,195,3233,-2861,1485907200000
2017,10,75,60802,806964.04,656596.08,75251.02,10.798922403868293,1.237640538140193,2017,10,75,108419,-47617,1506816000000
2021,8,26,174,6415.92,5475.64,83.44,31.46919540229885,0.47954022988505746,2021,8,26,1136,-962,1627776000000
2021,4,85,375,12489.98,10703.16,83.29,28.54176,0.22210666666666667,2021,4,85,744,-369,1617235200000
2021,9,125,16730,322008.22000000003,215557.23,43025.02,12.88447280334728,2.5717286312014345,2021,9,125,14595,2135,1630454400000
2021,2,44,122,12797.26,11597.71,0.0,95.06319672131147,0.0,2021,2,44,134,-12,1612137600000
2018,6,26,428,10083.78,9064.0,230.54,21.177570093457945,0.5386448598130841,2018,6,26,2013,-1585,1527811200000
2018,7,147,115,2938.11,2551.3,131.60999999999999,22.18521739130435,1.1444347826086956,2018,7,147,883,-768,1530403200000
2019,6,246,122182,2193727.2199999997,1469053.28,261307.75,12.023483655530274,2.138676318934049,2019,6,246,141090,-18908,1559347200000
2021,2,204,6,753.14,657.0,0.0,109.5,0.0,2021,2,204,13,-7,1612137600000
2021,8,96,22,835.85,689.8299999999999,25.47,31.355909090909087,1.1577272727272727,2021,8,96,106,-84,1627776000000
2023,4,29,97,4917.51,4243.96,193.1,43.75216494845361,1.9907216494845361,2023,4,29,456,-359,1680307200000
2024,2,155,220,8067.85,7295.85,147.66,33.16295454545455,0.6711818181818182,2024,2,155,723,-503,1706745600000
2017,10,62,357,5719.41,4829.6,428.42,13.528291316526612,1.2000560224089636,2017,10,62,4015,-3658,1506816000000
2024,9,264,9445,298624.33,211870.19,38044.76,22.431994706193752,4.028031762837481,2024,9,264,13082,-3637,1725148800000
2025,10,109,8,382.46,290.76,38.75,36.345,4.84375,2025,10,109,38,-30,1759276800000
2016,2,147,117,2657.77,2317.35,184.66,19.806410256410256,1.5782905982905984,2016,2,147,1207,-1090,1454284800000
2024,9,46,40,2057.36,1820.24,5.0,45.506,0.125,2024,9,46,116,-76,1725148800000
2020,11,62,449,13386.25,11603.53,1121.06,25.843051224944322,2.4967928730512248,2020,11,62,955,-506,1604188800000
2022,4,24,12537,225579.91,159133.93,30045.63,12.693142697615059,2.396556592486241,2022,4,24,13916,-1379,1648771200000
2018,3,10,2562,160218.21,127374.02,17814.95,49.71663544106167,6.953532396565183,2018,3,10,3556,-994,1519862400000
2023,8,114,37794,861160.44,567451.5,109207.7,15.014327671058899,2.8895512515214055,2023,8,114,26673,11121,1690848000000
2017,6,94,65,1176.39,1046.3,46.38,16.096923076923076,0.7135384615384616,2017,6,94,748,-683,1496275200000
2017,10,135,165,3377.63,2996.51,157.49,18.160666666666668,0.9544848484848485,2017,10,135,1975,-1810,1506816000000
2016,3,30,5,228.5,187.5,29.8,37.5,5.96,2016,3,30,51,-46,1456790400000
2020,6,200,44,1689.81,1508.68,64.77,34.28818181818182,1.4720454545454544,2020,6,200,261,-217,1590969600000
2023,5,21,102,3939.78,3576.55,36.68,35.06421568627451,0.3596078431372549,2023,5,21,428,-326,1682899200000
2020,7,33,634,15912.99,13430.01,1331.69,21.182981072555204,2.1004574132492113,2020,7,33,1715,-1081,1593561600000
2022,8,240,12,628.52,557.34,40.98,46.445,3.4149999999999996,2022,8,240,130,-118,1659312000000
2025,9,51,1220,46199.42,42484.43,34.82,34.82330327868853,0.028540983606557376,2025,9,51,1757,-537,1756684800000
2023,9,73,27,852.17,723.96,47.45,26.813333333333336,1.7574074074074075,2023,9,73,235,-208,1693526400000
2025,8,203,493,19097.91,17406.01,171.55,35.30630831643002,0.3479716024340771,2025,8,203,1446,-953,1754006400000
2020,2,81,170,6514.35,5642.11,16.740000000000002,33.18888235294118,0.09847058823529413,2020,2,81,479,-309,1580515200000
2024,7,32,134,5527.3,5023.28,24.54,37.487164179104475,0.18313432835820895,2024,7,32,324,-190,1719792000000
2022,6,231,53498,1146109.41,791924.64,152066.41,14.802883098433586,2.8424690642640846,2022,6,231,53451,47,1654041600000
2019,9,175,107,3712.15,3229.51,107.89,30.182336448598132,1.0083177570093458,2019,9,175,617,-510,1567296000000
2025,9,28,1093,38055.33,32462.76,1620.42,29.700603842634948,1.4825434583714547,2025,9,28,2435,-1342,1756684800000
2017,7,116,9968,161770.19,134329.1,14255.89,13.47603330658106,1.430165529695024,2017,7,116,25472,-15504,1498867200000
2021,4,93,200,10720.69,8443.65,1289.23,42.21825,6.44615,2021,4,93,431,-231,1617235200000
2022,10,27,2,136.3,119.2,7.0,59.6,3.5,2022,10,27,50,-48,1664582400000
2019,7,130,1589,79632.47,63896.54,6400.99,40.21179358086847,4.028313404657017,2019,7,130,4430,-2841,1561939200000
2019,7,108,126,4298.85,3899.82,9.0,30.950952380952383,0.07142857142857142,2019,7,108,564,-438,1561939200000
2020,9,217,208,5456.35,4738.68,405.39,22.782115384615388,1.9489903846153847,2020,9,217,1186,-978,1598918400000
2021,7,102,96,3407.03,2873.88,60.28,29.93625,0.6279166666666667,2021,7,102,631,-535,1625097600000
2023,9,201,38,1922.83,1630.51,108.06,42.90815789473684,2.843684210526316,2023,9,201,319,-281,1693526400000
2018,9,134,547,21126.5,17403.93,1862.92,31.81705667276051,3.4057038391224865,2018,9,134,2012,-1465,1535760000000
2022,9,3,65,2151.81,1942.7,16.11,29.88769230769231,0.24784615384615383,2022,9,3,239,-174,1661990400000
2016,7,93,1087,59249.73,47716.75,6441.12,43.897654093836245,5.925593376264949,2016,7,93,2033,-946,1467331200000
2017,8,135,185,4615.34,3931.8,313.04,21.252972972972973,1.6921081081081082,2017,8,135,2135,-1950,1501545600000
2024,10,62,826,24195.23,22452.59,310.16,27.18231234866828,0.3754963680387409,2024,10,62,1827,-1001,1727740800000
2018,11,23,51,4606.0,4037.88,105.8,79.17411764705882,2.0745098039215684,2018,11,23,292,-241,1541030400000
2022,4,224,5774,109897.73,73773.79,13959.94,12.776894700381018,2.4177242812608246,2022,4,224,13659,-7885,1648771200000
2024,12,150,117,3669.07,3360.71,91.32,28.724017094017093,0.7805128205128204,2024,12,150,360,-243,1733011200000
2016,12,131,81,2130.85,1831.6,167.32999999999998,22.612345679012346,2.0658024691358023,2016,12,131,1274,-1193,1480550400000
2025,11,91,2179,56133.02,51757.05,57.260000000000005,23.752661771454797,0.026278109224414873,2025,11,91,2646,-467,1761955200000
2018,5,143,107523,1447303.43,1151672.13,166864.43,10.710937473842804,1.5518952224175293,2018,5,143,120869,-13346,1525132800000
2024,7,53,102,4145.13,3472.73,247.07,34.04637254901961,2.4222549019607844,2024,7,53,589,-487,1719792000000
2021,2,165,413,13784.8,11870.130000000001,394.17,28.74123486682809,0.954406779661017,2021,2,165,792,-379,1612137600000
2024,7,83,309,13577.05,11306.45,1019.76,36.59045307443366,3.3001941747572814,2024,7,83,795,-486,1719792000000
2025,1,234,95897,2001306.69,1229775.2000000002,242321.99000000002,12.823917327966466,2.5268985473998145,2025,1,234,84670,11227,1735689600000
2020,8,250,242,9166.7,7816.45,452.73,32.29938016528926,1.8707851239669422,2020,8,250,436,-194,1596240000000
2022,11,245,2,69.85,61.7,0.0,30.85,0.0,2022,11,245,40,-38,1667260800000
2025,9,49,3999,107346.11,91477.97,1563.34,22.875211302825708,0.3909327331832958,2025,9,49,7807,-3808,1756684800000
2017,9,244,7682,143405.38,119834.92,13092.66,15.599442853423588,1.7043296016662328,2017,9,244,30170,-22488,1504224000000
2024,3,168,1177,33578.8,29541.37,406.38,25.098870008496174,0.345267629566695,2024,3,168,2022,-845,1709251200000
2025,9,261,23261,709406.73,503058.7,72327.58,21.626701345599933,3.109392545462362,2025,9,261,23678,-417,1756684800000
2025,5,66,6175,162226.82,130310.11,6153.88,21.102851821862348,0.9965797570850202,2025,5,66,7439,-1264,1746057600000
2025,7,178,251,6080.25,5492.44,18.63,21.88223107569721,0.07422310756972111,2025,7,178,484,-233,1751328000000
2018,3,17,2057,29520.63,24734.71,2034.29,12.024652406417111,0.9889596499756927,2018,3,17,12871,-10814,1519862400000
2016,10,170,336389,4881124.38,3862051.04,558362.5,11.480907639667171,1.6598714583413845,2016,10,170,332940,3449,1475280000000
2016,7,158,148006,2225044.54,1779225.77,250672.79,12.021308392902991,1.6936664054159967,2016,7,158,130750,17256,1467331200000
2019,6,113,100917,1691013.34,1113092.36,203353.92,11.029780512698554,2.015061089806475,2019,6,113,87097,13820,1559347200000
2019,12,193,4798,59630.86,50044.12,2471.54,10.430204251771572,0.5151187994997916,2019,12,193,6429,-1631,1575158400000
2017,11,66,4090,77016.83,62967.0,9226.44,15.395354523227384,2.2558533007334964,2017,11,66,13307,-9217,1509494400000
2021,9,80,1072,32867.98,25335.13,4125.51,23.633516791044777,3.848423507462687,2021,9,80,4364,-3292,1630454400000
2017,4,115,12,408.07,347.58,42.13,28.965,3.5108333333333337,2017,4,115,137,-125,1491004800000
2022,4,155,136,6093.41,5490.55,126.06,40.37169117647059,0.9269117647058823,2022,4,155,731,-595,1648771200000
2022,10,26,99,3142.38,2774.91,124.12,28.029393939393938,1.2537373737373738,2022,10,26,842,-743,1664582400000
2019,2,12,1826,41674.340000000004,31018.3,4145.81,16.987020810514785,2.270432639649507,2019,2,12,3087,-1261,1548979200000
2022,11,246,50004,954930.45,639818.58,126148.38,12.795347972162226,2.522765778737701,2022,11,246,60245,-10241,1667260800000
2018,5,118,8,385.54,342.5,24.12,42.8125,3.015,2018,5,118,156,-148,1525132800000
2016,12,78,121,2329.39,2113.5,60.33,17.46694214876033,0.498595041322314,2016,12,78,961,-840,1480550400000
2016,12,144,128552,1962704.3,1594607.1,208865.46,12.404374105420375,1.6247546518140519,2016,12,144,107036,21516,1480550400000
2019,7,143,65621,1049601.22,687015.11,121725.06,10.469439813474345,1.854971122049344,2019,7,143,75693,-10072,1561939200000
2023,9,36,327,11443.49,9324.42,1025.54,28.515045871559632,3.1362079510703365,2023,9,36,2080,-1753,1693526400000
2024,5,228,468,16589.55,14489.43,495.31,30.960320512820513,1.058354700854701,2024,5,228,1804,-1336,1714521600000
2023,2,215,384,25383.62,20417.4,2460.61,53.1703125,6.407838541666667,2023,2,215,757,-373,1675209600000
2019,7,55,419,17507.07,16077.75,162.44,38.37171837708831,0.3876849642004773,2019,7,55,1428,-1009,1561939200000
2020,5,232,607,14737.699999999999,12225.59,820.4,20.141004942339375,1.3515650741350906,2020,5,232,2012,-1405,1588291200000
2024,11,219,641,39777.78,33313.78,3475.41,51.97157566302652,5.42185647425897,2024,11,219,1592,-951,1730419200000
2017,8,151,65233,880449.5,706344.88,92579.06,10.828029984823631,1.419205923382337,2017,8,151,61173,4060,1501545600000
2023,4,256,1313,39932.42,30686.8,4794.87,23.37151561309977,3.651843107387662,2023,4,256,7593,-6280,1680307200000
2024,6,86,319,16738.14,15821.61,61.81,49.59752351097179,0.19376175548589342,2024,6,86,825,-506,1717200000000
2020,6,264,4562,85829.63,65736.81,8992.01,14.409647084612011,1.9710675142481369,2020,6,264,3816,746,1590969600000
2018,7,165,250,5727.64,5142.0,141.78,20.568,0.56712,2018,7,165,1623,-1373,1530403200000
2021,8,4,4111,87125.64,60957.34,10554.44,14.827861834103624,2.5673656044757966,2021,8,4,12658,-8547,1627776000000
2022,9,31,12,464.71999999999997,368.18,55.29,30.68166666666667,4.6075,2022,9,31,161,-149,1661990400000
2023,8,27,5,355.33,295.44,30.490000000000002,59.088,6.098000000000001,2023,8,27,76,-71,1690848000000
2023,3,258,110,3806.9,3430.43,44.32,31.18572727272727,0.40290909090909094,2023,3,258,733,-623,1677628800000
2016,2,237,418432,4915777.19,3902214.06,530992.39,9.325802185301315,1.2690052147063322,2016,2,237,361643,56789,1454284800000
2018,12,13,67667,1350759.3,1092139.03,164903.97,16.139906158097745,2.436992477869567,2018,12,13,73595,-5928,1543622400000
2019,3,89,1966,56679.53,50312.7,738.4,25.59140386571719,0.3755849440488301,2019,3,89,7511,-5545,1551398400000
2017,10,161,376038,5703312.99,4511873.8,659016.9600000001,11.99845175221653,1.7525275637036684,2017,10,161,367930,8108,1506816000000
2023,2,75,17909,375642.23,267366.49,40093.54,14.929169132838238,2.238736947903289,2023,2,75,35466,-17557,1675209600000
2020,5,82,1869,52024.88,45813.3,437.32,24.51219903691814,0.23398608881754948,2020,5,82,1646,223,1588291200000
2021,11,49,563,16897.91,13756.5,1675.39,24.434280639431616,2.9758259325044407,2021,11,49,4694,-4131,1635724800000
2017,11,35,123,2116.45,1862.5,117.44,15.142276422764228,0.9547967479674797,2017,11,35,965,-842,1509494400000
2024,5,147,247,7879.17,7188.79,26.2,29.104412955465587,0.10607287449392712,2024,5,147,339,-92,1714521600000
2020,5,256,178,4065.89,3407.36,220.6,19.14247191011236,1.2393258426966292,2020,5,256,606,-428,1588291200000
2017,7,17,2130,29992.97,24825.38,2467.91,11.655107981220658,1.1586431924882628,2017,7,17,13386,-11256,1498867200000
2024,2,197,434,18658.19,16386.66,953.1899999999999,37.757281105990785,2.196290322580645,2024,2,197,1199,-765,1706745600000
2019,1,157,525,24672.11,20227.71,2266.27,38.528971428571424,4.316704761904762,2019,1,157,2200,-1675,1546300800000
2019,5,263,138314,2174790.5500000003,1406168.66,253846.19999999998,10.166495510215885,1.835289269343667,2019,5,263,140767,-2453,1556668800000
2022,4,69,172,4759.01,4226.38,171.88,24.571976744186045,0.9993023255813953,2022,4,69,1242,-1070,1648771200000
2022,7,189,354,8985.5,7121.3,1180.25,20.116666666666667,3.334039548022599,2022,7,189,3036,-2682,1656633600000
2024,11,20,169,6265.44,5640.91,127.07,33.37816568047337,0.7518934911242603,2024,11,20,416,-247,1730419200000
2018,3,62,571,9906.74,8607.9,575.4,15.075131348511382,1.0077057793345008,2018,3,62,3949,-3378,1519862400000
2025,11,14,1824,48091.36,40314.4,632.8,22.102192982456142,0.3469298245614035,2025,11,14,4287,-2463,1761955200000
2023,7,12,2260,72178.81,54414.5,7376.06,24.07721238938053,3.2637433628318586,2023,7,12,2399,-139,1688169600000
2019,4,264,69176,1377630.92,1023300.44,161504.55,14.792709032034232,2.334690499595235,2019,4,264,72076,-2900,1554076800000
2021,11,150,52,2276.73,1985.3500000000001,91.38,38.1798076923077,1.7573076923076922,2021,11,150,245,-193,1635724800000
2023,6,196,208,9243.27,7633.12,792.9,36.69769230769231,3.8120192307692307,2023,6,196,1245,-1037,1685577600000
2017,1,219,444,28645.98,23654.79,2883.4900000000002,53.27655405405405,6.494346846846847,2017,1,219,1804,-1360,1483228800000
2018,9,172,13,611.64,484.11,34.760000000000005,37.23923076923077,2.673846153846154,2018,9,172,116,-103,1535760000000
2019,8,171,203,7681.38,6527.19,277.17,32.15364532019704,1.3653694581280789,2019,8,171,1276,-1073,1564617600000
2024,12,9,81,2646.2,2343.61,94.09,28.933456790123458,1.161604938271605,2024,12,9,332,-251,1733011200000
2020,11,214,11,577.6,476.61,19.25,43.32818181818182,1.75,2020,11,214,30,-19,1604188800000
2024,4,152,3318,75118.1,60347.29,4815.12,18.187851115129597,1.4512115732368898,2024,4,152,5671,-2353,1711929600000
2016,5,116,14686,241019.66,199496.17,22263.41,13.58410527032548,1.5159614598937763,2016,5,116,35212,-20526,1462060800000
2018,11,81,272,9666.56,8422.64,217.75,30.965588235294117,0.8005514705882353,2018,11,81,637,-365,1541030400000
2017,3,56,331,10399.33,8396.15,1007.6,25.366012084592143,3.0441087613293054,2017,3,56,2773,-2442,1488326400000
2017,11,254,93,1741.33,1525.01,90.1,16.397956989247312,0.9688172043010752,2017,11,254,791,-698,1509494400000
2017,12,15,26,699.79,653.5,8.97,25.134615384615383,0.34500000000000003,2017,12,15,747,-721,1512086400000
2023,10,49,572,19209.09,16060.89,1588.14,28.07847902097902,2.776468531468532,2023,10,49,4718,-4146,1696118400000
2024,1,151,24381,507569.85,350790.46,64076.73,14.387861859644806,2.6281419958164145,2024,1,151,28755,-4374,1704067200000
2019,1,36,707,15874.57,13503.710000000001,1003.43,19.100014144271572,1.4192786421499293,2019,1,36,4833,-4126,1546300800000
2021,4,44,94,10008.57,9081.5,0.0,96.61170212765957,0.0,2021,4,44,116,-22,1617235200000
2018,8,56,435,15729.78,12700.73,1316.02,29.197080459770113,3.025333333333333,2018,8,56,2508,-2073,1533081600000
2019,5,51,565,23379.4,20943.13,64.71,37.06748672566372,0.11453097345132743,2019,5,51,1376,-811,1556668800000
2021,3,83,183,4840.88,4200.9,95.78999999999999,22.955737704918032,0.5234426229508197,2021,3,83,689,-506,1614556800000
2023,6,107,69139,1554281.1800000002,1012896.5399999999,200110.45,14.650147384254906,2.8943208608744704,2023,6,107,63236,5903,1685577600000
2017,7,140,135733,1890022.82,1516660.91,210064.61,11.173855363102561,1.5476310845557086,2017,7,140,142595,-6862,1498867200000
2020,9,218,408,15914.85,13915.99,1027.07,34.10781862745098,2.517328431372549,2020,9,218,599,-191,1598918400000
2020,7,90,14434,228376.15,150609.49,25741.69,10.434355687958986,1.7834065401136205,2020,7,90,10706,3728,1593561600000
2017,10,84,5,292.53,277.51,0.0,55.501999999999995,0.0,2017,10,84,64,-59,1506816000000
2025,8,4,12782,253718.02,173714.68,11052.27,13.590571115631356,0.8646745423251447,2025,8,4,17259,-4477,1754006400000
2016,1,84,4,269.11,231.81,35.6,57.9525,8.9,2016,1,84,93,-89,1451606400000
2016,6,64,30,1539.23,1312.38,177.88,43.746,5.929333333333333,2016,6,64,758,-728,1464739200000
2017,11,30,1,21.8,20.0,0.0,20.0,0.0,2017,11,30,27,-26,1509494400000
2022,9,128,25,840.5,699.41,70.99,27.976399999999998,2.8396,2022,9,128,233,-208,1661990400000
2017,8,265,4548,385242.7,329604.74,39464.76,72.4724582233949,8.677387862796834,2017,8,265,23278,-18730,1501545600000
2024,1,161,143469,3369010.78,2181744.64,441544.26,15.207080553987273,3.0776283378290783,2024,1,161,111942,31527,1704067200000
2024,2,8,2,69.49,54.300000000000004,1.0,27.150000000000002,0.5,2024,2,8,30,-28,1706745600000
2016,11,175,29,884.38,697.3,139.81,24.044827586206896,4.821034482758621,2016,11,175,741,-712,1477958400000
2023,4,120,31,1280.07,1013.27,139.55,32.686129032258066,4.501612903225807,2023,4,120,160,-129,1680307200000
2023,11,182,205,6662.33,6077.58,19.91,29.646731707317073,0.0971219512195122,2023,11,182,385,-180,1698796800000
2025,3,121,706,20343.51,18218.1,153.09,25.80467422096317,0.2168413597733711,2025,3,121,1522,-816,1740787200000
2023,12,8,20,1593.42,1263.83,148.68,63.1915,7.434,2023,12,8,61,-41,1701388800000
2022,2,17,359,9599.03,8204.0,797.38,22.852367688022284,2.2211142061281337,2022,2,17,3690,-3331,1643673600000
2021,10,196,226,8208.0,6726.75,396.05,29.76438053097345,1.7524336283185842,2021,10,196,1255,-1029,1633046400000
2021,12,61,621,22185.03,19266.32,1169.56,31.024669887278584,1.8833494363929146,2021,12,61,4520,-3899,1638316800000
2016,5,119,454,8170.78,6953.01,605.29,15.315000000000001,1.333237885462555,2016,5,119,2856,-2402,1462060800000
2019,6,233,95483,1788265.69,1195358.12,210377.78000000003,12.519067477980375,2.2033009017311986,2019,6,233,103647,-8164,1559347200000
2020,5,91,426,12576.16,11450.19,366.92,26.87838028169014,0.8613145539906104,2020,5,91,682,-256,1588291200000
2025,6,132,187466,13756843.15,10583565.88,1682233.81,56.455922033862144,8.973540855408448,2025,6,132,43386,144080,1748736000000
2018,12,158,79330,1232475.43,978628.98,149472.27000000002,12.336177738560444,1.884183411067692,2018,12,158,81563,-2233,1543622400000
2019,12,174,282,9051.65,8004.81,75.17,28.38585106382979,0.26656028368794327,2019,12,174,1008,-726,1575158400000
2021,1,119,393,12362.22,10504.22,501.89,26.7282951653944,1.2770737913486006,2021,1,119,876,-483,1609459200000
2016,7,6,75,1574.64,905.42,124.27,12.072266666666666,1.6569333333333334,2016,7,6,293,-218,1467331200000
2023,2,158,26142,653350.58,436658.19,88132.57,16.703319944916228,3.371301736668962,2023,2,158,29868,-3726,1675209600000
2019,5,133,494,11776.710000000001,9971.84,516.4399999999999,20.18591093117409,1.0454251012145748,2019,5,133,2268,-1774,1556668800000
2023,11,118,1,15.0,13.5,0.0,13.5,0.0,2023,11,118,57,-56,1698796800000
2020,10,107,39740,629538.4099999999,410429.7,76069.79000000001,10.327873678912935,1.9141869652742831,2020,10,107,33050,6690,1601510400000
2016,5,174,102,1859.2,1582.5,124.82,15.514705882352942,1.2237254901960783,2016,5,174,1600,-1498,1462060800000
2024,5,143,42671,930279.19,631671.89,101994.85,14.803306461062549,2.3902615359377566,2024,5,143,54115,-11444,1714521600000
2017,9,262,102617,1399269.84,1112666.71,159876.02,10.842908192599666,1.5579876628628784,2017,9,262,108169,-5552,1504224000000
2019,12,227,243,7936.04,6832.95,270.94,28.119135802469135,1.1149794238683128,2019,12,227,1658,-1415,1575158400000
2016,4,132,249454,14003609.13,11559242.15,1395702.3,46.33817116582617,5.595028742774219,2016,4,132,100084,149370,1459468800000
2017,5,208,79,2762.82,2334.37,229.07,29.54898734177215,2.899620253164557,2017,5,208,1345,-1266,1493596800000
2016,2,225,2447,38295.08,31441.45,3777.17,12.8489783408255,1.5435921536575399,2016,2,225,17089,-14642,1454284800000
2024,9,58,15,601.88,526.78,4.96,35.11866666666666,0.33066666666666666,2024,9,58,94,-79,1725148800000
2020,8,114,7570,126515.95,83962.58,15055.68,11.091490092470277,1.9888612945838837,2020,8,114,6875,695,1596240000000
2017,10,223,5109,114550.64,90449.71,11430.58,17.70399491094148,2.2373419455862202,2017,10,223,18620,-13511,1506816000000
2017,2,194,392,22139.83,17015.51,2646.26,43.406913265306116,6.750663265306123,2017,2,194,483,-91,1485907200000
2021,8,161,98022,1601917.25,1028893.88,198042.15,10.496560772071575,2.020384709554998,2021,8,161,89462,8560,1627776000000
2016,1,106,2325,36710.8,29272.99,4282.97,12.590533333333335,1.8421376344086022,2016,1,106,6407,-4082,1451606400000
2021,6,60,170,6248.3099999999995,5323.65,27.71,31.315588235294115,0.163,2021,6,60,369,-199,1622505600000
2022,12,255,1451,39708.7,30773.61,5220.39,21.20855272226051,3.597787732598208,2022,12,255,7984,-6533,1669852800000
2019,9,251,3,518.84,464.95,5.0,154.98333333333332,1.6666666666666667,2019,9,251,101,-98,1567296000000
2019,10,76,1346,43919.68,38985.88,444.73,28.96424962852897,0.33040861812778605,2019,10,76,3145,-1799,1569888000000
2019,10,220,317,10336.29,9068.55,109.17,28.607413249211355,0.344384858044164,2019,10,220,2791,-2474,1569888000000
2020,3,151,32359,465446.95,329249.23,52777.73,10.17488890262369,1.6310062115640163,2020,3,151,29899,2460,1583020800000
2017,7,120,86,2226.25,1842.3,184.29999999999998,21.42209302325581,2.1430232558139535,2017,7,120,382,-296,1498867200000
2016,10,96,24,556.39,457.5,59.11,19.0625,2.4629166666666666,2016,10,96,193,-169,1475280000000
2023,3,114,44210,1022919.2400000001,671119.37,135042.1,15.180261705496495,3.0545600542863607,2023,3,114,32289,11921,1677628800000
2016,2,198,507,7853.64,6440.0,717.32,12.702169625246547,1.4148323471400395,2016,2,198,7664,-7157,1454284800000
2021,10,31,49,2132.02,1727.57,178.35,35.256530612244894,3.639795918367347,2021,10,31,418,-369,1633046400000
2016,8,10,2118,131696.94,106770.32,12002.72,50.41091595845137,5.667006610009443,2016,8,10,4275,-2157,1470009600000
2021,8,39,452,19378.13,17004.03,280.49,37.619535398230084,0.6205530973451328,2021,8,39,1716,-1264,1627776000000
2022,3,223,812,29416.0,22070.84,3437.11,27.180837438423644,4.232894088669951,2022,3,223,5486,-4674,1646092800000
2020,5,87,1059,25359.77,18843.3,2599.55,17.793484419263457,2.4547214353163365,2020,5,87,1350,-291,1588291200000
2022,5,49,652,19254.39,15318.49,2559.5,23.49461656441718,3.9256134969325154,2022,5,49,5327,-4675,1651363200000
2023,5,190,67,2273.28,1841.6,237.23,27.486567164179103,3.5407462686567164,2023,5,190,523,-456,1682899200000
2023,3,154,72,2421.41,2062.61,110.1,28.647361111111113,1.5291666666666666,2023,3,154,232,-160,1677628800000
2022,12,232,4517,121156.28,88870.89,14310.39,19.674759796324995,3.1681182200575604,2022,12,232,15956,-11439,1669852800000
2022,2,23,91,6120.34,5089.5,35.49,55.92857142857143,0.39,2022,2,23,138,-47,1643673600000
2024,2,134,315,16725.58,14457.89,1233.2,45.89806349206349,3.914920634920635,2024,2,134,964,-649,1706745600000
2016,4,147,102,2162.88,1896.02,129.1,18.58843137254902,1.2656862745098039,2016,4,147,1246,-1144,1459468800000
2017,8,259,41,1039.6,893.5,86.47999999999999,21.79268292682927,2.1092682926829265,2017,8,259,1035,-994,1501545600000
2022,8,257,77,2599.29,2170.75,224.99,28.191558441558442,2.921948051948052,2022,8,257,1322,-1245,1659312000000
2022,8,26,80,3353.95,2976.36,128.09,37.2045,1.6011250000000001,2022,8,26,889,-809,1659312000000
2022,7,259,56,2182.52,1978.41,10.21,35.32875,0.18232142857142858,2022,7,259,415,-359,1656633600000
2022,8,38,73,3625.27,3222.34,224.03,44.14164383561644,3.0689041095890413,2022,8,38,691,-618,1659312000000
2023,5,145,3335,84045.66,63931.56,8622.95,19.169883058470763,2.585592203898051,2023,5,145,10631,-7296,1682899200000
2025,1,89,1891,50896.59,45348.06,344.36,23.980994182971973,0.18210470650449498,2025,1,89,3519,-1628,1735689600000
2016,6,149,58,1051.1299999999999,932.89,59.54,16.084310344827585,1.026551724137931,2016,6,149,1270,-1212,1464739200000
2018,1,152,7930,108097.56,89343.17,9017.27,11.266477931904161,1.1371084489281211,2018,1,152,14211,-6281,1514764800000
2023,5,164,79769,2007992.79,1333455.3,252180.82,16.71646002833181,3.161388760044629,2023,5,164,74021,5748,1682899200000
2018,4,163,253004,3800415.29,3015359.91,433852.25,11.918230186084015,1.7148039161436184,2018,4,163,226715,26289,1522540800000
2019,3,95,1876,52863.08,45096.05,1646.23,24.03840618336887,0.8775213219616205,2019,3,95,10848,-8972,1551398400000
2021,7,93,299,17363.01,13280.62,2122.42,44.416789297658866,7.098394648829432,2021,7,93,678,-379,1625097600000
2024,11,250,266,9030.11,7923.15,154.7,29.78627819548872,0.581578947368421,2024,11,250,347,-81,1730419200000
2019,1,120,46,1425.82,1281.18,52.18,27.851739130434783,1.1343478260869566,2019,1,120,291,-245,1546300800000
2025,9,135,566,17038.31,15056.67,125.14,26.601890459363958,0.22109540636042402,2025,9,135,1517,-951,1756684800000
2024,9,156,4,210.49,171.73000000000002,0.0,42.932500000000005,0.0,2024,9,156,43,-39,1725148800000
2018,3,166,50011,741201.3200000001,590587.22,84005.4,11.809146387794685,1.6797384575393413,2018,3,166,72165,-22154,1519862400000
2020,3,201,31,1391.76,1203.9,54.14,38.83548387096774,1.746451612903226,2020,3,201,180,-149,1583020800000
2017,3,91,162,3620.16,3110.31,295.8,19.199444444444445,1.825925925925926,2017,3,91,1824,-1662,1488326400000
2022,2,39,219,9555.63,8845.99,109.79,40.392648401826484,0.501324200913242,2022,2,39,859,-640,1643673600000
2016,7,218,78,2283.53,1885.0,190.09,24.166666666666668,2.437051282051282,2016,7,218,1635,-1557,1467331200000
2017,3,130,791,39094.8,31572.25,4071.57,39.91434892541087,5.147370417193426,2017,3,130,2400,-1609,1488326400000
2019,9,124,245,10743.15,9186.09,535.55,37.494244897959184,2.1859183673469387,2019,9,124,1104,-859,1567296000000
2016,7,46,14,420.45,401.5,6.05,28.678571428571427,0.4321428571428571,2016,7,46,150,-136,1467331200000
2016,9,130,1068,55243.51,44797.18,5336.95,41.94492509363296,4.9971441947565545,2016,9,130,3036,-1968,1472688000000
2020,6,48,18468,295476.01,199210.48,29649.26,10.786792289365389,1.6054396794455272,2020,6,48,14847,3621,1590969600000
2024,5,160,235,9406.98,8247.11,466.5,35.094085106382984,1.9851063829787234,2024,5,160,1152,-917,1714521600000
2023,8,73,31,912.36,773.4,36.32,24.948387096774194,1.1716129032258065,2023,8,73,284,-253,1690848000000
2021,8,138,70123,2992558.0500000003,2104938.23,372737.81,30.017800578982644,5.315485789256021,2021,8,138,25816,44307,1627776000000
2017,2,204,2,18.6,16.0,0.0,8.0,0.0,2017,2,204,48,-46,1485907200000
2018,11,128,64,1702.89,1464.51,86.77,22.88296875,1.35578125,2018,11,128,480,-416,1541030400000
2017,3,97,11678,180711.77,148620.48,17679.02,12.726535365644803,1.5138739510190102,2017,3,97,19761,-8083,1488326400000
2020,1,93,3230,218560.94,164374.31,27752.47,50.88987925696594,8.592095975232198,2020,1,93,8595,-5365,1577836800000
2016,9,35,246,5569.69,4492.3,509.41,18.26138211382114,2.0707723577235773,2016,9,35,1548,-1302,1472688000000
2020,10,102,161,4943.42,4116.04,404.43,25.565465838509315,2.5119875776397516,2020,10,102,446,-285,1601510400000
2022,10,159,173,4259.8,3831.09,133.51,22.145028901734104,0.7717341040462428,2022,10,159,816,-643,1664582400000
2017,10,256,8566,137662.81999999998,112190.77,14540.89,13.09721807144525,1.69751225776325,2017,10,256,25505,-16939,1506816000000
2022,11,139,70,3055.41,2806.75,42.21,40.09642857142857,0.603,2022,11,139,544,-474,1667260800000
2023,2,154,64,2207.47,1814.86,223.21,28.3571875,3.48765625,2023,2,154,210,-146,1675209600000
2024,2,85,284,8941.1,8183.09,105.54,28.813697183098594,0.3716197183098592,2024,2,85,613,-329,1706745600000
2017,12,158,92961,1406328.1400000001,1115091.66,168722.71999999997,11.995263174879787,1.8149839179871126,2017,12,158,93545,-584,1512086400000
2024,6,219,550,35037.84,29988.98,2542.1,54.52541818181818,4.622,2024,6,219,1617,-1067,1717200000000
2019,5,226,10501,247658.1,198065.98,21258.02,18.86163032092182,2.024380535187125,2019,5,226,16478,-5977,1556668800000
2023,1,36,216,7432.1,5917.95,819.4,27.397916666666667,3.7935185185185185,2023,1,36,2375,-2159,1672531200000
2016,12,258,150,3077.52,2580.5,256.96,17.203333333333333,1.7130666666666665,2016,12,258,1924,-1774,1480550400000
2018,8,183,53,1628.79,1368.45,105.79,25.819811320754717,1.9960377358490566,2018,8,183,495,-442,1533081600000
2024,11,189,882,25051.76,21959.42,1070.51,24.897301587301584,1.2137301587301588,2024,11,189,3218,-2336,1730419200000
2016,9,51,41,929.8100000000001,782.8,96.17,19.092682926829266,2.345609756097561,2016,9,51,841,-800,1472688000000
2022,2,156,3,235.55,175.60000000000002,0.0,58.53333333333334,0.0,2022,2,156,21,-18,1643673600000
2023,8,155,151,5870.12,5215.02,122.26,34.53655629139073,0.8096688741721855,2023,8,155,793,-642,1690848000000
2025,4,161,183586,4505601.28,2852944.88,578817.47,15.540100443388928,3.1528410118418613,2025,4,161,149472,34114,1743465600000
2024,12,79,79530,1833849.77,1237913.24,221143.09,15.565362001760342,2.780624795674588,2024,12,79,71124,8406,1733011200000
2020,11,95,576,16212.84,13647.96,1240.4,23.694374999999997,2.1534722222222222,2020,11,95,1894,-1318,1604188800000
2025,9,6,104,2897.3,1481.99,16.4,14.249903846153845,0.1576923076923077,2025,9,6,121,-17,1756684800000
2020,10,168,983,24674.02,20663.3,1720.43,21.020651068158696,1.750183112919634,2020,10,168,3045,-2062,1601510400000
2025,4,64,126,3851.61,3336.98,16.34,26.483968253968253,0.12968253968253968,2025,4,64,562,-436,1743465600000
2017,8,148,126460,1970660.4500000002,1588067.67,220969.63999999998,12.557865491064367,1.747348094259054,2017,8,148,97280,29180,1501545600000
2020,1,91,720,22676.11,19727.48,75.14,27.399277777777776,0.10436111111111111,2020,1,91,1770,-1050,1577836800000
2020,10,201,66,3372.29,2899.07,154.0,43.925303030303034,2.3333333333333335,2020,10,201,198,-132,1601510400000
2023,8,178,30,1197.54,1031.39,50.31,34.37966666666667,1.677,2023,8,178,291,-261,1690848000000
2025,2,144,41898,929663.99,613212.84,88764.97,14.63584992123729,2.1185968303976326,2025,2,144,38773,3125,1738368000000
2016,7,153,91,1387.68,1208.01,52.99,13.274835164835165,0.5823076923076923,2016,7,153,525,-434,1467331200000
2025,7,126,825,22955.91,20247.94,50.489999999999995,24.542957575757573,0.06119999999999999,2025,7,126,1151,-326,1751328000000
2018,1,237,361021,4134490.19,3242711.55,476980.04000000004,8.982057968927014,1.3211974926666317,2018,1,237,320286,40735,1514764800000
2018,9,177,426,11972.62,10805.45,334.71,25.364906103286387,0.7857042253521126,2018,9,177,1790,-1364,1535760000000
2016,4,22,161,4696.28,3895.2,520.76,24.193788819875774,3.234534161490683,2016,4,22,2471,-2310,1459468800000
2024,2,133,141,4591.81,4019.52,143.79,28.50723404255319,1.0197872340425531,2024,2,133,792,-651,1706745600000
2018,9,21,289,10094.18,9020.88,197.85,31.21411764705882,0.6846020761245675,2018,9,21,1189,-900,1535760000000
2021,7,231,36316,723490.27,497676.36,90678.20000000001,13.704052208392994,2.49692146712193,2021,7,231,38881,-2565,1625097600000
2022,6,5,58,5535.97,3840.2000000000003,2.01,66.21034482758621,0.0346551724137931,2022,6,5,67,-9,1654041600000
2016,3,233,168943,2540729.82,2003402.16,289487.76,11.858450246532854,1.7135232593241507,2016,3,233,175088,-6145,1456790400000
2019,4,42,12820,197072.73,163001.13,10260.7,12.714596723868954,0.8003666146645867,2019,4,42,32036,-19216,1554076800000
2020,6,30,2,66.51,59.41,0.76,29.705,0.38,2020,6,30,10,-8,1590969600000
2019,7,10,2767,176338.69,137295.01,17756.52,49.61872425009035,6.417246114925913,2019,7,10,6084,-3317,1561939200000
2020,11,259,254,10224.66,8747.66,710.73,34.4396062992126,2.7981496062992126,2020,11,259,528,-274,1604188800000
2019,8,176,1,70.7,52.0,11.78,52.0,11.78,2019,8,176,45,-44,1564617600000
2019,8,157,618,31122.18,24226.18,2977.7,39.20093851132686,4.818284789644013,2019,8,157,2438,-1820,1564617600000
2025,8,140,64436,1390322.15,912436.94,147663.58,14.160359736793096,2.291631696567136,2025,8,140,64655,-219,1754006400000
2023,5,75,20744,459603.25,328642.53,49095.27,15.842775260316238,2.3667214616274586,2023,5,75,41043,-20299,1682899200000
2020,8,75,18898,292107.97000000003,223861.89,23349.75,11.845797968038946,1.2355672557942639,2020,8,75,25059,-6161,1596240000000
2023,4,125,16574,414819.45,278842.75,54560.38,16.82410703511524,3.291925908048751,2023,4,125,15672,902,1680307200000
2017,5,233,130710,2060205.6300000001,1627668.15,237213.62,12.452514344732613,1.8148085073827558,2017,5,233,144243,-13533,1493596800000
2018,12,177,682,20698.98,18767.39,426.79,27.518167155425218,0.625791788856305,2018,12,177,2062,-1380,1543622400000
2020,4,217,45,982.5600000000001,869.92,46.9,19.331555555555553,1.0422222222222222,2020,4,217,216,-171,1585699200000
2016,11,74,34414,564550.64,483039.33,34236.86,14.036128610449236,0.9948526762364154,2016,11,74,77070,-42656,1477958400000
2016,11,191,45,941.35,794.0,67.34,17.644444444444446,1.4964444444444445,2016,11,191,892,-847,1477958400000
2019,10,150,133,5924.26,5140.48,222.99,38.65022556390977,1.6766165413533836,2019,10,150,527,-394,1569888000000
2020,1,231,102659,1952334.35,1325340.37,239929.67,12.910123515717084,2.337151832766733,2020,1,231,102238,421,1577836800000
2023,6,116,2296,62008.98,48869.72,5646.56,21.2847212543554,2.459303135888502,2023,6,116,7580,-5284,1685577600000
2020,9,20,191,5398.32,4501.81,470.63,23.569685863874348,2.4640314136125654,2020,9,20,395,-204,1598918400000
2023,6,209,6339,196174.96,140199.86,24297.94,22.11703107745701,3.833087237734658,2023,6,209,9083,-2744,1685577600000
2016,11,244,9964,187016.14,155928.94,17981.04,15.649231232436772,1.804600562023284,2016,11,244,36614,-26650,1477958400000
2019,9,58,15,459.82,316.26,100.0,21.084,6.666666666666667,2019,9,58,127,-112,1567296000000
2023,6,166,14027,344033.54,247532.6,43388.01,17.646866756968702,3.093178156412633,2023,6,166,20867,-6840,1685577600000
2017,10,165,125,2268.41,1976.56,142.12,15.812479999999999,1.13696,2017,10,165,1686,-1561,1506816000000
2019,7,96,91,3766.42,3320.07,84.28,36.48428571428572,0.9261538461538462,2019,7,96,138,-47,1561939200000
2020,5,252,40,1328.39,1092.25,60.5,27.30625,1.5125,2020,5,252,98,-58,1588291200000
2022,5,29,75,3109.08,2711.28,159.35,36.150400000000005,2.1246666666666667,2022,5,29,504,-429,1651363200000
2019,10,10,2655,169103.04,130780.9,17011.74,49.25834274952919,6.407435028248588,2019,10,10,6168,-3513,1569888000000
2025,9,196,1004,32598.14,27508.71,1398.44,27.399113545816732,1.3928685258964144,2025,9,196,2478,-1474,1756684800000
2021,8,255,1887,49011.39,36773.12,6857.12,19.48760996290408,3.6338738738738736,2021,8,255,7183,-5296,1627776000000
2022,5,222,81,3442.54,3196.4,23.240000000000002,39.461728395061726,0.2869135802469136,2022,5,222,300,-219,1651363200000
2021,7,192,78,2692.46,2325.42,40.940000000000005,29.813076923076924,0.5248717948717949,2021,7,192,298,-220,1625097600000
2022,6,67,66,2192.72,1804.1100000000001,165.61,27.335,2.5092424242424243,2022,6,67,499,-433,1654041600000
2022,2,94,46,1697.99,1529.64,8.0,33.25304347826087,0.17391304347826086,2022,2,94,190,-144,1643673600000
2019,11,261,39688,942656.1200000001,681359.59,105202.24,17.16789936504737,2.6507317073170733,2019,11,261,32087,7601,1572566400000
2022,1,126,38,1172.96,1029.28,24.98,27.086315789473684,0.6573684210526316,2022,1,126,307,-269,1640995200000
2018,11,142,262237,3632747.17,2884360.57,425354.18,10.999060277535206,1.622021987743911,2018,11,142,227971,34266,1541030400000
2022,4,182,112,3477.0899999999997,3040.18,38.01,27.144464285714285,0.339375,2022,4,182,434,-322,1648771200000
2023,6,50,22461,535409.34,361970.2,63709.82,16.115497974266507,2.8364640933173058,2023,6,50,36590,-14129,1685577600000
2023,6,9,47,1444.49,1277.68,52.61,27.18468085106383,1.1193617021276596,2023,6,9,487,-440,1685577600000
2022,6,232,4811,116774.33,84371.8,14515.84,17.537268759093745,3.0172188734150907,2022,6,232,16333,-11522,1654041600000
2023,5,157,246,11169.68,8693.97,1232.46,35.34134146341463,5.01,2023,5,157,1054,-808,1682899200000
2025,9,202,669,23065.27,19344.45,865.71,28.91547085201794,1.294035874439462,2025,9,202,2320,-1651,1756684800000
2020,12,233,18760,292233.71,188628.62,35172.74,10.054830490405116,1.8748795309168442,2020,12,233,21444,-2684,1606780800000
2021,5,14,485,19990.36,17400.55,257.82,35.87742268041237,0.5315876288659793,2021,5,14,1943,-1458,1619827200000
2018,3,137,121695,1630153.8900000001,1290665.02,184742.18,10.605735814947204,1.5180753523152142,2018,3,137,137879,-16184,1519862400000
2019,2,167,420,12153.82,10864.2,58.97,25.86714285714286,0.1404047619047619,2019,2,167,1390,-970,1548979200000
2019,4,208,278,11079.34,9498.43,247.38,34.16701438848921,0.8898561151079136,2019,4,208,1123,-845,1554076800000
2023,12,133,138,4179.3099999999995,3604.05,292.98,26.116304347826087,2.1230434782608696,2023,12,133,897,-759,1701388800000
2017,5,15,26,1074.24,887.5,134.74,34.13461538461539,5.182307692307693,2017,5,15,856,-830,1493596800000
2024,9,84,5,294.8,276.92,0.0,55.384,0.0,2024,9,84,32,-27,1725148800000
2024,3,91,689,20591.84,19007.46,80.65,27.587024673439767,0.11705370101596517,2024,3,91,1164,-475,1709251200000
2017,3,102,90,2247.4700000000003,1810.0,225.99,20.11111111111111,2.511,2017,3,102,1524,-1434,1488326400000
2025,10,125,21654,528717.38,347114.8,59687.83,16.03005449339614,2.756434377020412,2025,10,125,23697,-2043,1759276800000
2024,3,38,187,8567.92,7843.55,67.15,41.944117647058825,0.3590909090909091,2024,3,38,611,-424,1709251200000
2020,1,9,134,4388.65,3840.8,43.8,28.66268656716418,0.32686567164179103,2020,1,9,574,-440,1577836800000
2020,4,244,1204,22266.93,18132.2,1642.35,15.059966777408638,1.3640780730897009,2020,4,244,2779,-1575,1585699200000
2018,12,212,310,8455.62,7526.21,102.16,24.27809677419355,0.3295483870967742,2018,12,212,1252,-942,1543622400000
2021,1,170,43217,669198.56,431128.91,79621.01000000001,9.97591017423699,1.8423539347941784,2021,1,170,40392,2825,1609459200000
2018,2,96,16,258.28,210.0,24.720000000000002,13.125,1.5450000000000002,2018,2,96,108,-92,1517443200000
2019,3,141,179078,2674640.29,1715321.18,308023.63999999996,9.578625961871364,1.720052937825975,2019,3,141,190762,-11684,1551398400000
2019,5,187,6,118.4,90.8,8.16,15.133333333333333,1.36,2019,5,187,49,-43,1556668800000
2021,10,49,642,18988.67,15502.12,1822.9,24.146604361370716,2.8394080996884736,2021,10,49,4659,-4017,1633046400000
2022,10,83,170,4079.02,3223.45,472.5,18.961470588235294,2.7794117647058822,2022,10,83,925,-755,1664582400000
2023,3,128,20,556.6899999999999,449.33,42.76,22.4665,2.138,2023,3,128,181,-161,1677628800000
2017,4,206,5,214.22,197.0,5.96,39.4,1.192,2017,4,206,193,-188,1491004800000
2020,6,253,9,328.96000000000004,282.65,23.92,31.40555555555555,2.657777777777778,2020,6,253,8,1,1590969600000
2016,11,88,38851,846561.15,693301.42,95956.69,17.845137062109085,2.469864096162261,2016,11,88,44896,-6045,1477958400000
2016,12,192,102,2540.07,2147.8,236.85,21.05686274509804,2.3220588235294115,2016,12,192,782,-680,1480550400000
2024,8,71,822,23888.95,22476.29,193.39,27.343418491484186,0.23526763990267638,2024,8,71,1317,-495,1722470400000
2020,8,229,22714,330322.61,210846.03,38253.88,9.282646385489125,1.6841542660913973,2020,8,229,21511,1203,1596240000000
2018,5,185,141,3779.41,3314.06,179.29,23.503971631205673,1.2715602836879432,2018,5,185,1128,-987,1525132800000
2023,3,168,428,11740.36,10001.46,458.25,23.36789719626168,1.0706775700934579,2023,3,168,2135,-1707,1677628800000
2023,5,136,154,5673.33,5017.01,153.32,32.577987012987016,0.9955844155844156,2023,5,136,437,-283,1682899200000
2016,7,263,170784,2343730.48,1865242.5,264626.05,10.921646641371558,1.5494779955967772,2016,7,263,173067,-2283,1467331200000
2022,9,70,12041,558222.58,396208.54,73177.93,32.904953076986956,6.0773963956482016,2022,9,70,1522,10519,1661990400000
2018,11,137,98254,1400115.91,1118645.13,154001.56999999998,11.38523754758076,1.5673821930913752,2018,11,137,111706,-13452,1541030400000
2016,5,191,101,2519.87,2062.54,309.85,20.42118811881188,3.067821782178218,2016,5,191,1189,-1088,1462060800000
2023,7,128,19,908.26,756.4,74.61,39.810526315789474,3.926842105263158,2023,7,128,143,-124,1688169600000
2022,12,125,15562,342122.81,231980.62,46493.83,14.906864156278113,2.987651330163218,2022,12,125,14492,1070,1669852800000
2023,2,236,126256,2604861.09,1660075.78,346895.61,13.14849021036624,2.7475574230135598,2023,2,236,132669,-6413,1675209600000
2017,10,13,90753,1844949.34,1489681.11,228102.99,16.414676209050942,2.513448481041949,2017,10,13,97295,-6542,1506816000000
2021,1,247,599,14749.93,12492.67,768.99,20.855876460767945,1.2837896494156928,2021,1,247,1281,-682,1609459200000
2019,12,68,165713,3015649.03,2027673.73,353499.95,12.236057098718868,2.1332059041837392,2019,12,68,158577,7136,1575158400000
2021,4,109,8,748.49,679.0,10.12,84.875,1.265,2021,4,109,20,-12,1617235200000
2016,5,194,1724,61630.28,48906.19,7176.47,28.367859628770304,4.162685614849188,2016,5,194,4766,-3042,1462060800000
2016,1,82,3937,65903.48,55564.45,4232.88,14.113398526797052,1.0751536703073405,2016,1,82,11096,-7159,1451606400000
2019,6,45,13553,287470.97000000003,210574.66,27008.06,15.53712535969896,1.9927735556703314,2019,6,45,18744,-5191,1559347200000
2020,12,253,3,168.91000000000003,152.14,8.25,50.71333333333333,2.75,2020,12,253,14,-11,1606780800000
2022,2,81,57,2492.09,2229.94,6.1,39.12175438596491,0.10701754385964912,2022,2,81,191,-134,1643673600000
2016,2,34,336,4921.400000000001,3887.0,622.02,11.568452380952381,1.8512499999999998,2016,2,34,1485,-1149,1454284800000
2016,11,263,183277,2539193.08,2030463.88,285693.12,11.078661697867162,1.5588050873813954,2016,11,263,187806,-4529,1477958400000
2017,10,106,1671,27592.73,22110.49,3052.97,13.231891083183724,1.8270317175344104,2017,10,106,5483,-3812,1506816000000
2021,9,66,955,25172.07,19498.59,3129.53,20.41737172774869,3.276994764397906,2021,9,66,3606,-2651,1630454400000
2023,12,163,102204,2674590.06,1806221.21,341828.38,17.672705667097176,3.3445694884740322,2023,12,163,83735,18469,1701388800000
2025,9,98,233,7486.15,6371.66,276.9,27.346180257510728,1.188412017167382,2025,9,98,836,-603,1756684800000
2020,2,150,81,2943.54,2507.48,117.97,30.956543209876543,1.4564197530864198,2020,2,150,448,-367,1580515200000
2020,4,157,55,778.57,663.6,53.5,12.065454545454546,0.9727272727272728,2020,4,157,170,-115,1585699200000
2023,6,145,2781,72614.77,55180.5,7846.67,19.841963322545848,2.8215282272563824,2023,6,145,9874,-7093,1685577600000
2024,12,255,3330,92033.24,76893.21,4640.31,23.091054054054055,1.3934864864864867,2024,12,255,8815,-5485,1733011200000
2023,9,16,54,1947.18,1733.8799999999999,47.46,32.108888888888885,0.8788888888888889,2023,9,16,612,-558,1693526400000
2021,5,47,465,15711.78,13409.03,444.43,28.83662365591398,0.955763440860215,2021,5,47,858,-393,1619827200000
2016,11,159,553,7542.16,6575.24,305.68,11.89012658227848,0.5527667269439421,2016,11,159,2942,-2389,1477958400000
2017,10,128,61,1472.75,1234.5,158.82,20.237704918032787,2.603606557377049,2017,10,128,629,-568,1506816000000
2023,10,210,108,5322.55,4942.47,73.21,45.76361111111111,0.6778703703703703,2023,10,210,548,-440,1696118400000
2016,11,31,21,1312.48,1150.5,104.36000000000001,54.785714285714285,4.96952380952381,2016,11,31,350,-329,1477958400000
2018,2,73,22,475.74,422.0,31.14,19.181818181818183,1.4154545454545455,2018,2,73,406,-384,1517443200000
2025,4,264,7356,231878.23,159528.72,29860.59,21.68688417618271,4.059351549755302,2025,4,264,9230,-1874,1743465600000
2017,8,29,66,2270.9900000000002,2077.11,26.8,31.471363636363638,0.40606060606060607,2017,8,29,868,-802,1501545600000
2019,11,180,165,7233.38,6506.07,299.08,39.43072727272727,1.8126060606060606,2019,11,180,595,-430,1572566400000
2020,1,131,283,10015.03,8828.86,62.03,31.197385159010604,0.21918727915194347,2020,1,131,1181,-898,1577836800000
2020,10,68,34845,580763.62,385989.19,67578.72,11.07731927105754,1.9394093844167026,2020,10,68,32982,1863,1601510400000
2022,7,118,22,725.34,517.9,80.92,23.54090909090909,3.678181818181818,2022,7,118,90,-68,1656633600000
2020,1,141,159085,2355045.66,1500321.81,277556.14,9.430944526510984,1.7447033975547663,2020,1,141,168056,-8971,1577836800000
2022,2,42,3461,56314.55,46073.3,3890.65,13.312135221034383,1.124140421843398,2022,2,42,13760,-10299,1643673600000
2018,12,10,2918,165755.64,135093.93,14459.960000000001,46.296754626456476,4.955435229609321,2018,12,10,3906,-988,1543622400000
2023,1,197,312,15123.74,13083.09,677.08,41.93298076923077,2.170128205128205,2023,1,197,1273,-961,1672531200000
2025,10,234,116615,2630721.24,1653468.72,312478.18,14.178868241649873,2.679571067186897,2025,10,234,105056,11559,1759276800000
2018,5,117,54,3048.71,2794.0,16.41,51.74074074074074,0.3038888888888889,2018,5,117,504,-450,1525132800000
2019,1,27,5,214.89,189.72,16.85,37.944,3.37,2019,1,27,83,-78,1546300800000
2020,7,206,8,608.93,514.89,19.36,64.36125,2.42,2020,7,206,56,-48,1593561600000
2024,9,134,646,34080.5,29088.42,2910.96,45.02851393188854,4.506130030959753,2024,9,134,1381,-735,1725148800000
2017,2,206,5,163.5,138.0,21.5,27.6,4.3,2017,2,206,161,-156,1485907200000
2021,3,125,7201,119961.03,78130.88,15471.93,10.850004166088045,2.1485807526732397,2021,3,125,6215,986,1614556800000
2016,2,228,1209,22324.53,18069.21,2467.02,14.945583126550869,2.040545905707196,2016,2,228,8225,-7016,1454284800000
2016,1,77,211,4484.92,3823.6,403.36,18.12132701421801,1.9116587677725119,2016,1,77,938,-727,1451606400000
2023,7,248,82,3064.02,2752.39,49.78,33.56573170731707,0.6070731707317073,2023,7,248,295,-213,1688169600000
2024,8,85,508,15437.89,14364.93,153.78,28.27742125984252,0.30271653543307087,2024,8,85,953,-445,1722470400000
2019,10,3,175,6741.22,5656.55,212.03,32.323142857142855,1.2116,2019,10,3,574,-399,1569888000000
2025,4,12,1574,48491.75,34914.46,5180.45,22.181994917407877,3.2912642947903428,2025,4,12,2484,-910,1743465600000
2018,5,252,84,4604.69,3998.0,383.29,47.595238095238095,4.56297619047619,2018,5,252,1227,-1143,1525132800000
2024,3,241,258,10132.289999999999,9194.28,83.8,35.63674418604651,0.3248062015503876,2024,3,241,545,-287,1709251200000
2018,3,47,168,2987.04,2680.5,69.0,15.955357142857142,0.4107142857142857,2018,3,47,976,-808,1519862400000
2025,8,27,94,3540.44,3024.61,57.12,32.176702127659574,0.607659574468085,2025,8,27,186,-92,1754006400000
2016,7,21,58,919.39,772.3,60.11,13.31551724137931,1.0363793103448276,2016,7,21,1355,-1297,1467331200000
2016,12,58,11,1082.88,1036.34,13.58,94.21272727272726,1.2345454545454546,2016,12,58,275,-264,1480550400000
2017,2,60,64,967.61,815.0,60.37,12.734375,0.94328125,2017,2,60,548,-484,1485907200000
2018,12,149,350,11107.58,9951.39,267.36,28.432542857142856,0.7638857142857143,2018,12,149,1112,-762,1543622400000
2017,1,261,52458,991221.0700000001,814772.59,105279.6,15.531903427503908,2.006931259293149,2017,1,261,45026,7432,1483228800000
2025,9,4,14470,331353.05,239376.96,13351.31,16.542982722874914,0.922689011748445,2025,9,4,20255,-5785,1756684800000
2019,3,122,232,9056.85,8278.92,59.37,35.685,0.25590517241379307,2019,3,122,624,-392,1551398400000
2020,11,87,5823,130379.59000000001,93706.35,15252.48,16.0924523441525,2.6193508500772795,2020,11,87,7418,-1595,1604188800000
2018,4,263,169337,2498254.04,2039155.8499999999,250697.07,12.041998204763281,1.480462450616227,2018,4,263,173457,-4120,1522540800000
2021,10,163,95589,1688082.93,1105568.67,218966.69999999998,11.565856636223833,2.2907102281643286,2021,10,163,80947,14642,1633046400000
2022,9,94,53,1476.5,1357.76,15.44,25.618113207547168,0.2913207547169811,2022,9,94,224,-171,1661990400000
2020,6,61,1215,42200.18,38164.75,1357.48,31.411316872427985,1.1172674897119341,2020,6,61,1954,-739,1590969600000
2019,11,174,256,8686.87,7598.0,63.83,29.6796875,0.2493359375,2019,11,174,933,-677,1572566400000
2022,3,198,97,2792.83,2376.4,239.63,24.49896907216495,2.4704123711340205,2022,3,198,1814,-1717,1646092800000
2022,7,146,1961,37829.8,29605.04,3611.71,15.09690973992861,1.841769505354411,2022,7,146,3746,-1785,1656633600000
2024,7,148,32649,813991.19,574084.22,86287.51,17.5835161873258,2.642883702410487,2024,7,148,33722,-1073,1719792000000
2025,3,210,891,25826.34,23843.25,99.74,26.76010101010101,0.11194163860830526,2025,3,210,1354,-463,1740787200000
2017,4,52,5833,107234.92,87095.0,13600.47,14.931424652837306,2.3316423795645465,2017,4,52,8732,-2899,1491004800000
2018,2,47,82,1089.19,926.0,55.33,11.292682926829269,0.6747560975609755,2018,2,47,677,-595,1517443200000
2025,5,85,1967,49737.73,44294.44,154.15,22.518779867819013,0.07836807320793086,2025,5,85,2419,-452,1746057600000
2019,4,233,95427,1749587.7100000002,1162893.51,203427.13999999998,12.186210506460435,2.1317566307229607,2019,4,233,107996,-12569,1554076800000
2018,11,21,312,11757.91,10393.02,346.17,33.31096153846154,1.1095192307692308,2018,11,21,1114,-802,1541030400000
2021,9,145,3362,61524.65,46795.21,6424.11,13.918860797144557,1.9108001189767994,2021,9,145,9556,-6194,1630454400000
2023,8,168,555,15410.85,13168.22,405.87,23.726522522522522,0.7312972972972973,2023,8,168,2022,-1467,1690848000000
2019,10,115,24,951.67,840.41,28.17,35.01708333333333,1.17375,2019,10,115,120,-96,1569888000000
2022,4,19,40,1549.09,1418.3,30.39,35.457499999999996,0.75975,2022,4,19,307,-267,1648771200000
2024,7,140,59340,1331060.65,894902.15,157754.82,15.080926019548366,2.658490394337715,2024,7,140,61308,-1968,1719792000000
2021,4,100,33993,551285.1200000001,366085.68,58693.229999999996,10.769443120642485,1.7266269526078897,2021,4,100,27424,6569,1617235200000
2017,5,16,53,1262.93,1026.9,163.78,19.37547169811321,3.090188679245283,2017,5,16,1443,-1390,1493596800000
2019,11,98,137,4515.5199999999995,3973.35,13.15,29.002554744525547,0.09598540145985401,2019,11,98,711,-574,1572566400000
2023,12,102,70,2445.83,2108.7,134.54,30.124285714285712,1.922,2023,12,102,526,-456,1701388800000
2022,4,179,741,14436.35,11619.6,1337.95,15.68097165991903,1.8056005398110662,2022,4,179,3985,-3244,1648771200000
2024,11,224,5517,124196.14,89884.52,10218.52,16.292282037339135,1.8521877832155158,2024,11,224,13894,-8377,1730419200000
2021,6,7,2411,44120.85,35562.57,3150.78,14.750132725010369,1.306835338034011,2021,6,7,9701,-7290,1622505600000
2025,9,253,48,2835.2,2416.94,172.38,50.352916666666665,3.59125,2025,9,253,136,-88,1756684800000
2025,10,183,268,9319.47,8555.41,0.0,31.923171641791043,0.0,2025,10,183,516,-248,1759276800000
2017,1,227,123,2311.08,1947.81,168.81,15.835853658536585,1.372439024390244,2017,1,227,2252,-2129,1483228800000
2022,9,248,85,2608.9,2295.36,32.19,27.00423529411765,0.37870588235294117,2022,9,248,333,-248,1661990400000
2023,6,109,4,251.46,202.3,0.0,50.575,0.0,2023,6,109,54,-50,1685577600000
2019,4,224,14802,253472.22,171051.74,28217.97,11.555988379948655,1.9063619781110661,2019,4,224,29188,-14386,1554076800000
2021,2,176,1,114.36,95.0,19.06,95.0,19.06,2021,2,176,7,-6,1612137600000
2022,11,160,73,3295.58,2774.58,352.55,38.00794520547945,4.829452054794521,2022,11,160,944,-871,1667260800000
2016,3,12,4122,82426.84,70036.29,7230.51,16.99085152838428,1.7541266375545852,2016,3,12,8439,-4317,1456790400000
2020,3,55,119,4636.88,4211.51,55.94,35.39084033613445,0.47008403361344536,2020,3,55,531,-412,1583020800000
2017,6,161,358983,5421240.25,4276729.92,631750.03,11.913460860263578,1.7598327218837662,2017,6,161,364226,-5243,1496275200000
2020,6,53,68,2655.31,2368.77,24.380000000000003,34.83485294117647,0.35852941176470593,2020,6,53,140,-72,1590969600000
2023,6,244,2122,68026.91,54797.96,5694.1,25.82373232799246,2.683364750235627,2023,6,244,9647,-7525,1685577600000
2024,1,78,195,6398.48,5825.39,9.19,29.873794871794875,0.047128205128205126,2024,1,78,347,-152,1704067200000
2024,4,144,33390,806174.37,560188.48,88102.9,16.777133273435158,2.6386013776579813,2024,4,144,33062,328,1711929600000
2023,3,22,128,5334.82,4474.08,111.59,34.95375,0.871796875,2023,3,22,560,-432,1677628800000
2017,9,192,95,1974.51,1734.25,101.27,18.25526315789474,1.066,2017,9,192,762,-667,1504224000000
2018,11,14,922,32169.27,28370.7,1358.09,30.770824295010847,1.4729826464208242,2018,11,14,6247,-5325,1541030400000
2020,5,135,102,4265.75,3695.03,181.04,36.22578431372549,1.7749019607843137,2020,5,135,224,-122,1588291200000
2021,10,94,85,2866.84,2426.67,47.69,28.549058823529414,0.5610588235294117,2021,10,94,265,-180,1633046400000
2021,6,75,28474,479325.29,351721.96,45630.11,12.352390250755075,1.6025184378731474,2021,6,75,44756,-16282,1622505600000
2021,12,111,6,124.78999999999999,94.6,17.94,15.766666666666666,2.99,2021,12,111,27,-21,1638316800000
2022,6,149,29,1072.01,953.72,40.29,32.88689655172414,1.389310344827586,2022,6,149,455,-426,1654041600000
2020,2,51,502,19748.61,17133.95,152.92000000000002,34.131374501992035,0.30462151394422315,2020,2,51,1048,-546,1580515200000
2025,5,106,1599,36021.44,28541.84,575.71,17.84980612883052,0.3600437773608506,2025,5,106,2333,-734,1746057600000
2024,8,70,12579,771959.77,508761.77,98659.88,40.44532713252246,7.8432212417521265,2024,8,70,1900,10679,1722470400000
2018,6,235,316,8028.57,7213.2,242.37,22.826582278481013,0.766993670886076,2018,6,235,1768,-1452,1527811200000
2025,7,58,44,1478.75,1248.7,12.280000000000001,28.379545454545454,0.2790909090909091,2025,7,58,193,-149,1751328000000
2018,11,213,672,21240.72,18779.62,463.16,27.945863095238092,0.6892261904761905,2018,11,213,1743,-1071,1541030400000
2018,2,259,64,1907.11,1753.0,90.91,27.390625,1.42046875,2018,2,259,735,-671,1517443200000
2019,7,258,265,9206.58,7944.71,199.7,29.980037735849056,0.7535849056603773,2019,7,258,1675,-1410,1561939200000
2016,5,137,141501,1992148.32,1583597.52,222812.2,11.191422816799882,1.574633394816998,2016,5,137,157885,-16384,1462060800000
2019,2,76,2076,69778.29,63741.5,313.35,30.703998073217726,0.15093930635838151,2019,2,76,3614,-1538,1548979200000
2016,11,131,82,1948.63,1707.51,147.12,20.82329268292683,1.7941463414634147,2016,11,131,1288,-1206,1477958400000
2022,10,92,169,6070.29,5310.42,216.42000000000002,31.422603550295857,1.2805917159763314,2022,10,92,2089,-1920,1664582400000
2020,3,119,261,6529.08,5861.29,54.42,22.45704980842912,0.2085057471264368,2020,3,119,872,-611,1583020800000
2016,4,77,131,2412.7200000000003,2050.3,206.62,15.65114503816794,1.5772519083969465,2016,4,77,967,-836,1459468800000
2016,10,171,70,1434.05,1159.64,167.3,16.566285714285716,2.39,2016,10,171,1498,-1428,1475280000000
2020,6,178,21,537.68,465.14,39.5,22.14952380952381,1.880952380952381,2020,6,178,79,-58,1590969600000
2023,5,15,39,1668.47,1503.46,28.41,38.55025641025641,0.7284615384615385,2023,5,15,452,-413,1682899200000
2024,12,43,60807,1429198.43,966580.98,185000.97,15.895883368691104,3.0424288322068183,2024,12,43,44277,16530,1733011200000
2019,4,260,3945,85775.02,69120.31,6204.6,17.520991128010138,1.5727756653992397,2019,4,260,7855,-3910,1554076800000
2022,2,246,41444,724963.7700000001,472744.67,97243.99,11.406830180484508,2.3463948943152206,2022,2,246,51356,-9912,1643673600000
2017,8,81,30,597.3,486.5,27.9,16.216666666666665,0.9299999999999999,2017,8,81,393,-363,1501545600000
2018,9,170,253119,3792954.73,2989910.74,448820.32,11.812273041533825,1.773159344023957,2018,9,170,253386,-267,1535760000000
2022,12,154,51,1547.86,1250.05,221.87,24.51078431372549,4.350392156862745,2022,12,154,137,-86,1669852800000
2023,2,127,132,4983.25,4262.29,313.71,32.29007575757576,2.376590909090909,2023,2,127,1917,-1785,1675209600000
2023,7,22,90,3983.66,3400.34,178.72,37.781555555555556,1.9857777777777779,2023,7,22,580,-490,1688169600000
2025,10,117,818,38157.92,36491.5,13.55,44.61063569682152,0.01656479217603912,2025,10,117,1027,-209,1759276800000
2024,3,118,5,311.09000000000003,245.11,15.12,49.022000000000006,3.024,2024,3,118,70,-65,1709251200000
2018,2,83,824,11929.52,10293.1,592.3,12.491626213592234,0.7188106796116505,2018,2,83,3193,-2369,1517443200000
2017,3,96,28,596.12,456.5,91.6,16.303571428571427,3.2714285714285714,2017,3,96,178,-150,1488326400000
2016,7,16,45,1421.25,1104.2,228.92,24.53777777777778,5.087111111111111,2016,7,16,1627,-1582,1467331200000
2016,10,141,255754,3307539.4,2649118.45,361671.69,10.358072405514674,1.414138938198425,2016,10,141,251032,4722,1475280000000
2025,10,107,83339,1831060.25,1158736.79,204332.72,13.903896015070975,2.451825915837723,2025,10,107,80427,2912,1759276800000
2020,12,3,221,7524.79,6327.83,599.24,28.632714932126696,2.711493212669683,2020,12,3,399,-178,1606780800000
2018,6,265,3991,348921.46,299877.1,35592.8,75.13833625657729,8.918266098722125,2018,6,265,20914,-16923,1527811200000
2020,7,19,54,2496.17,2269.48,63.25,42.02740740740741,1.1712962962962963,2020,7,19,90,-36,1593561600000
2016,11,145,10045,221153.59,180612.89,20702.28,17.98037730214037,2.060953708312593,2016,11,145,28559,-18514,1477958400000
2021,9,101,110,5316.45,4776.39,67.96,43.421727272727274,0.6178181818181817,2021,9,101,376,-266,1630454400000
2017,3,90,193825,2611867.27,2056028.77,311782.91,10.607655204436993,1.6085794402166902,2017,3,90,160425,33400,1488326400000
2018,10,145,12353,216230.5,171647.76,19747.48,13.895228689387194,1.598597911438517,2018,10,145,30096,-17743,1538352000000
2022,8,86,114,5561.34,5133.97,64.32000000000001,45.03482456140351,0.5642105263157895,2022,8,86,738,-624,1659312000000
2025,9,79,108260,2458560.18,1644523.8,219653.45,15.190502493995936,2.028943746536117,2025,9,79,94840,13420,1756684800000
2017,4,190,696,11552.09,9657.8,1160.67,13.876149425287355,1.6676293103448276,2017,4,190,2269,-1573,1491004800000
2024,6,139,185,8026.11,7514.76,7.3,40.62032432432432,0.03945945945945946,2024,6,139,748,-563,1717200000000
2018,1,75,60872,757125.9,615752.89,68957.8,10.115535714285715,1.1328328295439611,2018,1,75,106027,-45155,1514764800000
2021,6,261,11761,269240.99,192315.12,31611.17,16.351936059858854,2.6877961057733186,2021,6,261,10278,1483,1622505600000
2018,9,238,158478,2097532.83,1663567.68,242891.53,10.497152159921251,1.5326514090283825,2018,9,238,169597,-11119,1535760000000
2022,4,67,53,2329.0099999999998,2017.56,88.10000000000001,38.06716981132075,1.6622641509433964,2022,4,67,500,-447,1648771200000
2021,1,97,1203,28319.07,23964.72,1888.66,19.92079800498753,1.5699584372402329,2021,1,97,2170,-967,1609459200000
2016,4,15,16,784.9100000000001,696.8,65.77,43.55,4.110625,2016,4,15,943,-927,1459468800000
2017,7,180,80,2655.06,2185.13,269.79,27.314125,3.3723750000000003,2017,7,180,779,-699,1498867200000
2020,7,36,208,7307.59,6313.19,477.69,30.351875,2.2965865384615385,2020,7,36,707,-499,1593561600000
2022,3,191,154,7002.78,6416.400000000001,120.08,41.664935064935065,0.7797402597402597,2022,3,191,735,-581,1646092800000
2018,7,134,519,18098.71,14762.82,1719.51,28.444739884393062,3.313121387283237,2018,7,134,1910,-1391,1530403200000
2024,6,8,34,1898.92,1487.58,174.72,43.75235294117647,5.138823529411765,2024,6,8,65,-31,1717200000000
2016,8,47,125,2101.4900000000002,1795.3,144.72,14.3624,1.15776,2016,8,47,951,-826,1470009600000
2025,1,36,1218,30423.36,25441.95,667.59,20.88830049261084,0.5481034482758621,2025,1,36,2459,-1241,1735689600000
2021,5,151,31409,501928.32,354406.41,59640.0,11.283594192747302,1.898818809895253,2021,5,151,30347,1062,1619827200000
2022,12,188,424,14209.01,12251.61,1017.8,28.895306603773587,2.4004716981132073,2022,12,188,2866,-2442,1669852800000
2018,12,128,78,2344.52,2002.91,91.54,25.678333333333335,1.1735897435897438,2018,12,128,461,-383,1543622400000
2023,9,172,1,100.0,70.0,21.56,70.0,21.56,2023,9,172,39,-38,1693526400000
2024,10,131,296,12228.75,11221.75,139.32,37.911317567567565,0.47067567567567564,2024,10,131,730,-434,1727740800000
2017,3,242,207,3196.32,2710.5,223.72,13.094202898550725,1.0807729468599034,2017,3,242,1128,-921,1488326400000
2024,11,228,717,25034.63,21950.8,715.57,30.61478382147838,0.998005578800558,2024,11,228,1897,-1180,1730419200000
2016,1,233,142269,2084254.93,1643115.73,241194.7,11.549358820263024,1.6953426255895523,2016,1,233,147566,-5297,1451606400000
2019,12,217,428,8821.63,7368.13,538.8100000000001,17.215257009345795,1.2589018691588787,2019,12,217,2233,-1805,1575158400000
2025,1,223,1072,38760.62,30514.53,3230.65,28.465046641791044,3.0136660447761194,2025,1,223,3790,-2718,1735689600000
2018,8,238,133869,1755598.71,1391019.13,198562.03999999998,10.390898042115799,1.4832563177434654,2018,8,238,143097,-9228,1533081600000
2025,1,113,49426,1020967.59,632297.7,123068.06,12.792815522194795,2.4899457775259983,2025,1,113,46235,3191,1735689600000
2016,8,102,105,2554.82,2101.8,250.39,20.017142857142858,2.3846666666666665,2016,8,102,1805,-1700,1470009600000
2022,2,179,604,10666.46,8841.29,724.97,14.637897350993379,1.2002814569536424,2022,2,179,3459,-2855,1643673600000
2018,2,175,43,1129.8700000000001,1012.0,73.97,23.53488372093023,1.7202325581395348,2018,2,175,682,-639,1517443200000
2016,4,4,39386,592531.47,479772.0,65313.0,12.181282689280454,1.6582795917331032,2016,4,4,63429,-24043,1459468800000
2016,11,193,3755,44863.31,38336.03,2568.67,10.209328894806923,0.6840665778961385,2016,11,193,5560,-1805,1477958400000
2016,5,258,219,6422.06,5551.3,411.72,25.348401826484018,1.8800000000000001,2016,5,258,2454,-2235,1462060800000
2019,2,42,12573,200739.96,168302.74,9017.47,13.386044698958084,0.7172090988626422,2019,2,42,31349,-18776,1548979200000
2020,9,220,331,10884.54,9403.93,743.64,28.410664652567977,2.246646525679758,2020,9,220,914,-583,1598918400000
2016,5,145,13834,281144.46,225776.19,28065.23,16.320383836923522,2.0287140378776924,2016,5,145,37030,-23196,1462060800000
2023,1,215,782,58313.409999999996,46051.7,6436.62,58.88964194373401,8.230971867007673,2023,1,215,1635,-853,1672531200000
2019,9,225,998,24384.62,21648.65,536.11,21.692034068136273,0.537184368737475,2019,9,225,6152,-5154,1567296000000
2021,1,155,450,15448.23,13398.06,714.3,29.773466666666664,1.5873333333333333,2021,1,155,668,-218,1609459200000
2016,12,180,85,3255.37,2562.14,437.64,30.142823529411764,5.148705882352941,2016,12,180,814,-729,1480550400000
2023,7,134,299,14118.36,11865.47,1287.27,39.683846153846154,4.305250836120401,2023,7,134,1051,-752,1688169600000
2025,6,262,54026,1197577.46,802857.71,117976.74,14.860580276163327,2.1837030318735424,2025,6,262,57367,-3341,1748736000000
2022,4,184,5,202.61,173.3,2.0,34.660000000000004,0.4,2022,4,184,34,-29,1648771200000
2018,7,226,13012,237583.33000000002,200687.38,17583.69,15.423253919458961,1.3513441438671994,2018,7,226,19460,-6448,1530403200000
2021,9,159,380,10865.69,9132.01,225.09,24.031605263157896,0.5923421052631579,2021,9,159,1108,-728,1630454400000
2022,5,202,175,5407.66,4405.24,619.82,25.1728,3.5418285714285718,2022,5,202,1902,-1727,1651363200000
2022,12,81,88,3004.23,2727.35,28.03,30.992613636363636,0.3185227272727273,2022,12,81,232,-144,1669852800000
2023,7,132,176232,13678972.9,10766246.63,1479215.6500000001,61.091326376594495,8.393570123473603,2023,7,132,36728,139504,1688169600000
2023,8,2,3,172.44,139.0,17.0,46.333333333333336,5.666666666666667,2023,8,2,7,-4,1690848000000
2018,8,60,144,3946.53,3448.43,97.64,23.947430555555556,0.6780555555555555,2018,8,60,716,-572,1533081600000
2021,2,229,30995,455506.77,288425.43,56502.08,9.305547023713501,1.8229417648007744,2021,2,229,30805,190,1612137600000
2018,8,251,6,551.72,425.0,58.36,70.83333333333333,9.726666666666667,2018,8,251,147,-141,1533081600000
2016,10,195,1110,29130.03,24515.33,2442.84,22.085882882882885,2.200756756756757,2016,10,195,6030,-4920,1475280000000
2024,5,165,448,13383.25,12560.76,72.62,28.037410714285716,0.1620982142857143,2024,5,165,1175,-727,1714521600000
2021,4,9,211,6967.57,6077.98,38.25,28.80559241706161,0.18127962085308058,2021,4,9,334,-123,1617235200000
2022,10,51,200,8671.6,7812.93,78.82,39.06465,0.39409999999999995,2022,10,51,559,-359,1664582400000
2024,7,256,1561,46738.59,39651.75,2265.2400000000002,25.401505445227418,1.4511467008327996,2024,7,256,6289,-4728,1719792000000
2016,9,193,4097,54063.48,46370.03,3255.42,11.318044910910421,0.7945862826458384,2016,9,193,5971,-1874,1472688000000
2024,7,222,467,16374.57,15488.23,172.3,33.165374732334044,0.3689507494646681,2024,7,222,578,-111,1719792000000
2024,2,165,257,8274.87,7513.21,114.0,29.234280155642022,0.44357976653696496,2024,2,165,844,-587,1706745600000
2021,2,29,220,8776.22,7503.0199999999995,265.1,34.10463636363636,1.205,2021,2,29,439,-219,1612137600000
2024,9,33,3392,104468.61,87904.24,5730.64,25.915165094339624,1.6894575471698114,2024,9,33,9281,-5889,1725148800000
2018,12,179,4478,65256.340000000004,55070.85,4636.37,12.298090665475659,1.0353662349263064,2018,12,179,10777,-6299,1543622400000
2018,11,34,191,3328.13,2761.08,292.38,14.455916230366492,1.530785340314136,2018,11,34,976,-785,1541030400000
2023,7,181,921,29404.61,23428.8,3129.15,25.43843648208469,3.397557003257329,2023,7,181,7568,-6647,1688169600000
2023,11,219,361,21502.96,18067.03,1805.44,50.047174515235454,5.001218836565097,2023,11,219,1357,-996,1698796800000
2018,12,164,194182,2932361.55,2323547.5,328410.52,11.965823299790918,1.6912510943341814,2018,12,164,171399,22783,1543622400000
2020,6,49,299,7667.05,6643.2,544.08,22.218060200668894,1.819665551839465,2020,6,49,897,-598,1590969600000
2017,3,183,20,351.81,316.5,9.66,15.825,0.483,2017,3,183,524,-504,1488326400000
2020,6,132,9506,495591.42,404510.88,50870.23,42.553216915632234,5.351381232905534,2020,6,132,1869,7637,1590969600000
2016,3,93,935,53857.1,42913.24,6051.11,45.89651336898395,6.471775401069518,2016,3,93,1084,-149,1456790400000
2016,3,68,294176,4149644.95,3295594.26,466011.73,11.202797848906776,1.5841255914826498,2016,3,68,277285,16891,1456790400000
2016,6,133,667,12785.49,10410.25,1339.74,15.607571214392804,2.0086056971514243,2016,6,133,3854,-3187,1464739200000
2020,9,174,470,15000.92,12777.77,1111.26,27.186744680851064,2.364382978723404,2020,9,174,787,-317,1598918400000
2019,7,51,539,20007.37,17794.77,10.01,33.01441558441559,0.018571428571428572,2019,7,51,1334,-795,1561939200000
2021,6,101,125,5844.28,5307.47,70.51,42.45976,0.56408,2021,6,101,325,-200,1622505600000
2021,7,115,6,327.6,299.25,0.0,49.875,0.0,2021,7,115,51,-45,1625097600000
2023,8,118,5,141.66,116.34,0.0,23.268,0.0,2023,8,118,89,-84,1690848000000
2018,10,42,14021,200142.45,169152.61,11776.18,12.06423293630982,0.8398958704799944,2018,10,42,36228,-22207,1538352000000
2021,2,43,25509,390030.73,253514.46,50243.49,9.93823591673527,1.9696377749029754,2021,2,43,19303,6206,1612137600000
2020,3,36,290,6563.69,5472.92,432.64,18.872137931034484,1.491862068965517,2020,3,36,2142,-1852,1583020800000
2023,10,184,8,514.0,413.78999999999996,69.73,51.723749999999995,8.71625,2023,10,184,31,-23,1696118400000
2024,1,219,446,29987.66,24891.12,2711.11,55.80968609865471,6.07872197309417,2024,1,219,1366,-920,1704067200000
2025,7,68,102175,2502913.64,1646520.93,275424.69999999995,16.114714264741863,2.6956173232199654,2025,7,68,101740,435,1751328000000
2021,12,208,101,4294.42,3697.11,62.230000000000004,36.60504950495049,0.6161386138613861,2021,12,208,467,-366,1638316800000
2023,5,39,290,12457.91,11290.460000000001,150.8,38.932620689655174,0.52,2023,5,39,1261,-971,1682899200000
2021,6,260,800,20573.64,16484.34,1806.86,20.605425,2.258575,2021,6,260,2582,-1782,1622505600000
2023,4,175,78,1047.3,970.7,0.0,12.444871794871796,0.0,2023,4,175,376,-298,1680307200000
2025,4,190,443,11465.66,9669.64,404.19,21.827629796839727,0.912392776523702,2025,4,190,732,-289,1743465600000
2023,1,243,386,13293.49,10883.63,1170.16,28.195932642487044,3.0315025906735755,2023,1,243,5582,-5196,1672531200000
2018,9,167,281,6929.54,6207.25,146.1,22.089857651245552,0.5199288256227758,2018,9,167,1334,-1053,1535760000000
2022,4,139,90,3878.88,3555.5600000000004,41.32,39.50622222222223,0.45911111111111114,2022,4,139,556,-466,1648771200000
2021,7,64,105,4900.74,4375.02,36.82,41.66685714285715,0.3506666666666667,2021,7,64,381,-276,1625097600000
2020,8,152,2049,35529.87,29560.14,2075.78,14.426617862371888,1.0130697901415326,2020,8,152,3413,-1364,1596240000000
2020,8,52,254,5452.1,4328.81,653.95,17.04255905511811,2.5746062992125984,2020,8,52,501,-247,1596240000000
2023,11,72,308,10024.08,9206.47,38.510000000000005,29.891136363636363,0.12503246753246755,2023,11,72,754,-446,1698796800000
2021,10,250,119,5177.37,4427.13,7.89,37.2027731092437,0.06630252100840336,2021,10,250,396,-277,1633046400000
2018,10,85,466,14967.09,13504.84,331.96,28.980343347639486,0.7123605150214591,2018,10,85,1548,-1082,1538352000000
2022,11,132,164957,9880231.639999999,7542574.38,1186333.22,45.724488078711424,7.1917725225361755,2022,11,132,49573,115384,1667260800000
2025,7,83,1446,38945.83,32997.36,1397.37,22.8197510373444,0.966369294605809,2025,7,83,1907,-461,1751328000000
2021,2,38,117,5396.42,4770.76,33.86,40.775726495726495,0.2894017094017094,2021,2,38,247,-130,1612137600000
2025,8,159,1319,31924.21,28347.74,56.89,21.49184230477635,0.043131159969673996,2025,8,159,2128,-809,1754006400000
2025,10,149,459,13572.35,12429.52,66.68,27.079564270152506,0.1452723311546841,2025,10,149,971,-512,1759276800000
2020,4,81,85,2680.65,2246.94,156.8,26.434588235294118,1.8447058823529414,2020,4,81,154,-69,1585699200000
2023,5,183,27,891.05,779.3,0.0,28.86296296296296,0.0,2023,5,183,150,-123,1682899200000
2016,2,100,216452,2941409.89,2355887.54,304263.16,10.884110749727423,1.405684216362057,2016,2,100,171029,45423,1454284800000
2025,9,141,87794,1846720.11,1203156.13,200202.36,13.704309292206755,2.2803649452126566,2025,9,141,97899,-10105,1756684800000
2023,2,113,40085,899331.27,585980.38,120327.76,14.618445303729574,3.001815142821504,2023,2,113,38591,1494,1675209600000
2019,5,31,45,1639.05,1383.1,107.99,30.735555555555553,2.3997777777777776,2019,5,31,418,-373,1556668800000
2016,8,99,2,192.06,188.5,1.96,94.25,0.98,2016,8,99,3,-1,1470009600000
2016,10,20,73,1703.42,1449.3,134.44,19.853424657534244,1.8416438356164384,2016,10,20,981,-908,1475280000000
2017,5,77,43,977.39,871.53,36.74,20.26813953488372,0.8544186046511628,2017,5,77,691,-648,1493596800000
2018,12,126,220,7123.3,6188.64,220.86,28.13018181818182,1.0039090909090909,2018,12,126,1077,-857,1543622400000
2022,12,91,202,7229.24,6430.27,190.62,31.8330198019802,0.9436633663366337,2022,12,91,712,-510,1669852800000
2022,7,7,2132,39430.01,31569.45,3601.81,14.807434333958724,1.6894043151969982,2022,7,7,10816,-8684,1656633600000
2020,5,186,10295,170038.74999999997,117360.91,15422.14,11.399796988829529,1.4980223409422049,2020,5,186,5206,5089,1588291200000
2023,1,9,44,1334.36,1184.4,46.16,26.91818181818182,1.049090909090909,2023,1,9,259,-215,1672531200000
2023,3,63,89,3633.67,3125.57,195.4,35.11876404494382,2.195505617977528,2023,3,63,543,-454,1677628800000
2017,12,52,5377,94464.92,76354.6,12244.7,14.200223172772922,2.2772363771619863,2017,12,52,7487,-2110,1512086400000
2020,2,7,7574,109352.90000000001,88197.74,7625.38,11.644803274359653,1.0067837338262478,2020,2,7,21270,-13696,1580515200000
2021,10,131,176,6646.3,5780.68,33.72,32.844772727272726,0.1915909090909091,2021,10,131,760,-584,1633046400000
2024,7,232,4648,125527.04,95978.0,9766.77,20.64931153184165,2.1012844234079173,2024,7,232,14964,-10316,1719792000000
2025,5,167,1255,31357.94,27415.84,178.54,21.845290836653387,0.1422629482071713,2025,5,167,1438,-183,1746057600000
2019,5,149,288,8497.58,7659.77,68.48,26.596423611111113,0.23777777777777778,2019,5,149,1081,-793,1556668800000
2023,8,210,116,5713.849999999999,5183.76,2.64,44.687586206896555,0.022758620689655173,2023,8,210,504,-388,1690848000000
2025,4,131,673,19929.98,17796.86,41.33,26.44407132243685,0.06141158989598811,2025,4,131,1168,-495,1743465600000
2025,7,64,226,5987.65,5235.87,184.39,23.167566371681417,0.8158849557522123,2025,7,64,754,-528,1751328000000
2016,7,142,263671,3537910.75,2832356.21,381293.8,10.742008829184856,1.4460968403806258,2016,7,142,233060,30611,1467331200000
2023,4,132,173356,13770347.78,10778539.19,1523258.3900000001,62.17574926740349,8.786880119522833,2023,4,132,42498,130858,1680307200000
2021,1,262,23837,355529.05,228073.04,44411.64,9.568026177790829,1.8631388178042538,2021,1,262,25220,-1383,1609459200000
2022,3,131,99,3103.38,2799.46,36.02,28.277373737373736,0.36383838383838385,2022,3,131,634,-535,1646092800000
2023,11,81,101,3367.11,3086.75,28.28,30.56188118811881,0.28,2023,11,81,241,-140,1698796800000
2023,9,39,373,15013.84,13789.24,148.16,36.96847184986595,0.39721179624664876,2023,9,39,1225,-852,1693526400000
2021,5,147,212,6986.52,5922.41,40.15,27.935896226415093,0.1893867924528302,2021,5,147,517,-305,1619827200000
2025,2,174,458,14967.43,13574.53,8.69,29.638711790393014,0.018973799126637554,2025,2,174,655,-197,1738368000000
2019,10,194,477,27443.53,20425.57,3233.0499999999997,42.82090146750524,6.777882599580712,2019,10,194,1075,-598,1569888000000
2021,3,73,51,1737.05,1429.71,121.82,28.033529411764707,2.388627450980392,2021,3,73,159,-108,1614556800000
2022,1,144,19322,339294.57,224401.67,44011.36,11.613791015422835,2.277784908394576,2022,1,144,20009,-687,1640995200000
2016,6,89,1556,32429.37,27006.55,3107.86,17.356394601542416,1.9973393316195374,2016,6,89,11040,-9484,1464739200000
2022,10,21,76,3007.89,2694.92,62.32,35.45947368421053,0.82,2022,10,21,407,-331,1664582400000
2022,11,188,344,11805.77,10061.57,977.7,29.248749999999998,2.8421511627906977,2022,11,188,2524,-2180,1667260800000
2018,1,229,168109,2112875.12,1668272.81,245591.84,9.923756669779726,1.4609083392322837,2018,1,229,161197,6912,1514764800000
2019,9,55,319,12701.99,11342.09,317.02,35.555141065830725,0.9937931034482758,2019,9,55,1151,-832,1567296000000
2016,7,204,4,179.75,157.5,18.05,39.375,4.5125,2016,7,204,73,-69,1467331200000
2024,7,203,252,11180.77,10393.34,174.12,41.2434126984127,0.690952380952381,2024,7,203,862,-610,1719792000000
2018,8,128,61,1331.98,1186.8,49.26,19.455737704918032,0.8075409836065573,2018,8,128,483,-422,1533081600000
2020,11,134,239,8086.42,6767.97,698.11,28.31786610878661,2.9209623430962344,2020,11,134,593,-354,1604188800000
2019,1,61,2415,57671.740000000005,52263.38,1262.66,21.641151138716356,0.522840579710145,2019,1,61,11362,-8947,1546300800000
2019,8,225,887,22326.88,19879.97,491.62,22.412593010146562,0.554250281848929,2019,8,225,5997,-5110,1564617600000
2020,11,97,1418,32921.24,27711.23,2962.98,19.542475317348377,2.0895486600846263,2020,11,97,2365,-947,1604188800000
2022,12,120,24,1372.26,1202.45,81.26,50.10208333333333,3.3858333333333337,2022,12,120,190,-166,1669852800000
2018,10,18,233,6762.75,5974.55,225.9,25.641845493562233,0.9695278969957082,2018,10,18,1338,-1105,1538352000000
2024,6,11,121,4209.0,3939.15,23.240000000000002,32.55495867768595,0.19206611570247936,2024,6,11,268,-147,1717200000000
2023,7,18,109,4538.4,4135.41,26.439999999999998,37.93954128440367,0.24256880733944952,2023,7,18,435,-326,1688169600000
2016,12,138,227180,10017530.75,7698288.94,1269259.54,33.886296945153624,5.587021480764152,2016,12,138,119633,107547,1480550400000
2024,11,19,179,5530.4,5146.61,36.45,28.752011173184357,0.20363128491620114,2024,11,19,497,-318,1730419200000
2025,3,233,47235,1124284.81,731290.86,120402.27,15.481970149253732,2.5490053985392187,2025,3,233,62423,-15188,1740787200000
2025,6,263,73374,1551998.34,1025514.8,154575.84,13.976542099381254,2.106684111538147,2025,6,263,80082,-6708,1748736000000
2025,8,70,11106,637532.47,420667.94,83161.56,37.8775382676031,7.487984873041599,2025,8,70,2531,8575,1754006400000
2024,12,125,18066,450307.28,309013.98,55196.91,17.104726004649617,3.0552922617070744,2024,12,125,18553,-487,1733011200000
2025,7,257,678,19833.68,15841.73,259.91,23.365383480825958,0.3833480825958702,2025,7,257,1996,-1318,1751328000000
2019,3,41,32521,457058.84,355968.95,36752.83,10.9458180867747,1.130126072383998,2019,3,41,52232,-19711,1551398400000
2016,2,177,366,6236.91,5270.2,502.27,14.399453551912568,1.3723224043715847,2016,2,177,2736,-2370,1454284800000
2022,1,216,340,19288.06,16769.32,1616.09,49.32152941176471,4.753205882352941,2022,1,216,1723,-1383,1640995200000
2017,12,200,77,2198.64,1738.58,310.1,22.578961038961037,4.027272727272727,2017,12,200,2841,-2764,1512086400000
2017,3,128,66,1395.31,1162.94,139.1,17.62030303030303,2.1075757575757574,2017,3,128,625,-559,1488326400000
2019,11,55,292,10859.21,9790.93,82.07,33.53058219178082,0.28106164383561644,2019,11,55,998,-706,1572566400000
2016,5,167,291,4504.45,3861.5,229.61,13.269759450171822,0.7890378006872852,2016,5,167,1932,-1641,1462060800000
2024,9,176,3,157.34,109.2,0.0,36.4,0.0,2024,9,176,33,-30,1725148800000
2018,11,30,1,14.8,13.0,0.0,13.0,0.0,2018,11,30,19,-18,1541030400000
2017,4,244,10371,188563.71,156795.69,17890.75,15.118666473821232,1.725074727605824,2017,4,244,36318,-25947,1491004800000
2021,10,249,78638,1408222.05,921730.06,193061.91999999998,11.72117881940029,2.4550715938859073,2021,10,249,62136,16502,1633046400000
2016,1,117,56,5308.4,4219.96,910.32,75.35642857142857,16.255714285714287,2016,1,117,347,-291,1451606400000
2023,2,124,99,5443.08,4736.94,358.04,47.847878787878784,3.616565656565657,2023,2,124,611,-512,1675209600000
2023,1,34,31,1087.91,826.47,141.44,26.66032258064516,4.56258064516129,2023,1,34,333,-302,1672531200000
2016,8,149,40,919.36,821.1,35.48,20.5275,0.8869999999999999,2016,8,149,1230,-1190,1470009600000
2020,10,161,56264,887716.88,569124.82,108867.46999999999,10.115257002701549,1.9349401037963883,2020,10,161,49594,6670,1601510400000
2020,1,159,595,13898.81,11845.51,174.12,19.908420168067227,0.29263865546218487,2020,1,159,1879,-1284,1577836800000
2016,12,24,30546,427894.65,344491.58,44910.77,11.27779676553395,1.4702668107117134,2016,12,24,33281,-2735,1480550400000
2024,4,4,6658,154019.88,114510.37,10555.6,17.198914088314808,1.585401021327726,2024,4,4,14332,-7674,1711929600000
2024,2,227,89,3335.74,2963.56,150.9,33.29842696629213,1.695505617977528,2024,2,227,482,-393,1706745600000
2016,2,22,150,3019.42,2539.84,235.88,16.932266666666667,1.5725333333333333,2016,2,22,2284,-2134,1454284800000
2021,7,41,12160,202570.09999999998,155044.49,18830.81,12.750369243421051,1.5485863486842106,2021,7,41,21566,-9406,1625097600000
2025,4,155,897,23114.11,21308.22,111.75,23.754983277591975,0.1245819397993311,2025,4,155,1589,-692,1743465600000
2017,8,203,71,2018.32,1758.6,134.6,24.76901408450704,1.8957746478873239,2017,8,203,1115,-1044,1501545600000
2018,4,86,61,2903.54,2681.0,50.22,43.950819672131146,0.8232786885245902,2018,4,86,637,-576,1522540800000
2022,6,179,795,15727.76,12735.98,1404.23,16.020100628930816,1.7663270440251573,2022,6,179,3998,-3203,1654041600000
2024,1,72,459,15007.55,14053.43,38.96,30.617494553376908,0.084880174291939,2024,1,72,964,-505,1704067200000
2025,11,4,15278,253554.3,155789.03,14266.26,10.196951826155257,0.9337779814111795,2025,11,4,20028,-4750,1761955200000
2017,7,219,600,37529.31,31237.15,3482.13,52.06191666666667,5.80355,2017,7,219,2102,-1502,1498867200000
2020,3,154,10,938.29,762.5,59.35,76.25,5.9350000000000005,2020,3,154,81,-71,1583020800000
2018,12,228,893,23185.62,20173.5,1177.05,22.59070548712206,1.3180851063829786,2018,12,228,5109,-4216,1543622400000
2020,6,229,12074,177450.52000000002,114345.34,19897.38,9.470377671028656,1.64795262547623,2020,6,229,10808,1266,1590969600000
2024,11,253,17,619.77,527.07,36.0,31.004117647058827,2.1176470588235294,2024,11,253,41,-24,1730419200000
2016,3,32,67,1106.3600000000001,873.0,143.64,13.029850746268657,2.1438805970149253,2016,3,32,902,-835,1456790400000
2018,5,69,592,12450.95,11011.01,459.11,18.599679054054054,0.7755236486486486,2018,5,69,4310,-3718,1525132800000
2020,12,140,42638,726986.28,489462.54,84800.26,11.479491064308831,1.9888423472020262,2020,12,140,38887,3751,1606780800000
2020,4,108,26,839.65,767.3,39.81,29.51153846153846,1.5311538461538463,2020,4,108,53,-27,1585699200000
2024,12,131,206,7611.5199999999995,6879.12,48.29,33.39378640776699,0.23441747572815533,2024,12,131,668,-462,1733011200000
2016,12,199,1,47.3,31.5,9.46,31.5,9.46,2016,12,199,1,0,1480550400000
2020,5,147,115,2790.26,2374.19,120.41,20.645130434782608,1.0470434782608695,2020,5,147,313,-198,1588291200000
2017,8,158,100720,1495244.09,1188973.55,173701.01,11.804741362192216,1.7245930301826848,2017,8,158,93811,6909,1501545600000
2024,3,123,253,7876.2699999999995,7206.94,30.82,28.485928853754938,0.12181818181818183,2024,3,123,670,-417,1709251200000
2024,9,106,412,12798.42,10807.03,665.63,26.23065533980583,1.6156067961165048,2024,9,106,1413,-1001,1725148800000
2022,9,155,153,7003.3,6262.46,168.48,40.931111111111115,1.1011764705882352,2022,9,155,679,-526,1661990400000
2019,6,70,5238,123941.55,113055.29,3057.99,21.583675066819396,0.5838087056128293,2019,6,70,4513,725,1559347200000
2017,6,51,30,695.95,534.24,99.22,17.808,3.3073333333333332,2017,6,51,803,-773,1496275200000
2022,8,100,57791,1046420.05,696064.62,122721.67,12.044515928085689,2.123542939211988,2022,8,100,50016,7775,1659312000000
2025,9,200,476,16392.18,14092.7,156.62,29.606512605042017,0.3290336134453782,2025,9,200,1814,-1338,1756684800000
2023,5,241,139,5204.58,4625.95,85.58,33.280215827338125,0.61568345323741,2023,5,241,560,-421,1682899200000
2023,7,193,2350,19977.99,16007.58,938.9399999999999,6.811736170212766,0.39954893617021275,2023,7,193,2858,-508,1688169600000
2024,2,107,61784,1326525.03,862533.64,167337.76,13.960469377185031,2.7084319564935906,2024,2,107,61873,-89,1706745600000
2025,5,13,28547,871191.5,608288.38,93939.62,21.308311906680213,3.2907002487126493,2025,5,13,34263,-5716,1746057600000
2017,12,80,4471,71040.28,57449.98,7679.08,12.849469917244464,1.7175307537463655,2017,12,80,16838,-12367,1512086400000
2024,11,245,2,117.31,90.99000000000001,0.0,45.495000000000005,0.0,2024,11,245,24,-22,1730419200000
2020,10,93,81,4380.56,3498.82,391.52,43.19530864197531,4.83358024691358,2020,10,93,221,-140,1601510400000
2025,6,145,11429,338478.18,275571.44,12606.99,24.111596815119434,1.103070259865255,2025,6,145,13362,-1933,1748736000000
2025,3,94,484,13768.7,12522.36,4.92,25.872644628099174,0.010165289256198346,2025,3,94,548,-64,1740787200000
2020,5,165,111,3329.07,3029.43,77.84,27.29216216216216,0.7012612612612613,2020,5,165,207,-96,1588291200000
2022,11,126,43,1066.22,972.98,15.54,22.627441860465115,0.3613953488372093,2022,11,126,271,-228,1667260800000
2017,2,218,52,1909.21,1652.01,159.19,31.769423076923076,3.061346153846154,2017,2,218,814,-762,1485907200000
2025,5,163,116601,2874756.62,1852989.9,353265.76,15.891715336918207,3.029697515458701,2025,5,163,106610,9991,1746057600000
2017,5,182,125,2196.79,1892.56,108.42,15.14048,0.86736,2017,5,182,1222,-1097,1493596800000
2021,1,209,1779,39123.05,28807.6,4061.87,16.193142214727374,2.2832321528948847,2021,1,209,2461,-682,1609459200000
2023,11,151,25342,542873.2,376679.81,68937.2,14.86385486544077,2.7202746428853284,2023,11,151,29257,-3915,1698796800000
2019,3,232,13868,286228.33,210236.49,26872.04,15.159827660801845,1.9377011825785984,2019,3,232,35422,-21554,1551398400000
2019,4,119,433,13015.15,11413.34,304.52,26.35875288683603,0.7032794457274827,2019,4,119,1779,-1346,1554076800000
2025,4,45,7993,208295.53,148252.84,16937.27,18.547834355060676,2.119012886275491,2025,4,45,12240,-4247,1743465600000
2021,8,198,235,8580.84,6955.28,714.86,29.596936170212764,3.0419574468085107,2021,8,198,1770,-1535,1627776000000
2024,2,194,97,5707.59,4108.16,739.5,42.352164948453606,7.623711340206185,2024,2,194,226,-129,1706745600000
2019,8,214,19,1144.11,1025.96,20.0,53.997894736842106,1.0526315789473684,2019,8,214,153,-134,1564617600000
2018,4,249,181908,2524854.48,1989911.95,309139.66000000003,10.939111803768938,1.699428612265541,2018,4,249,151746,30162,1522540800000
2016,10,55,101,3021.7,2528.1,228.61,25.03069306930693,2.2634653465346535,2016,10,55,1032,-931,1475280000000
2017,6,114,131449,1902946.99,1514554.58,221610.67,11.521993929204482,1.685906092857306,2017,6,114,104526,26923,1496275200000
2020,7,95,511,14815.82,12589.68,969.61,24.6373385518591,1.8974755381604698,2020,7,95,1290,-779,1593561600000
2021,6,191,207,9643.34,8708.16,51.71,42.06840579710145,0.24980676328502416,2021,6,191,716,-509,1622505600000
2017,1,221,161,2670.1,2172.5,287.5,13.493788819875776,1.7857142857142858,2017,1,221,335,-174,1483228800000
2021,8,65,2523,64332.0,50304.86,7270.12,19.93850971066191,2.881537851763773,2021,8,65,4184,-1661,1627776000000
2018,12,248,254,8222.91,7321.65,188.01,28.8253937007874,0.7401968503937008,2018,12,248,1043,-789,1543622400000
2022,8,56,194,8124.74,6514.47,671.75,33.57974226804124,3.4626288659793816,2022,8,56,1188,-994,1659312000000
2023,10,64,22,837.61,753.13,25.66,34.23318181818182,1.1663636363636363,2023,10,64,434,-412,1696118400000
2024,6,252,112,4170.49,3795.03,36.65,33.88419642857143,0.32723214285714286,2024,6,252,615,-503,1717200000000
2024,9,24,9124,206503.61,151546.35,21583.49,16.60963941253836,2.36557321350285,2024,9,24,11441,-2317,1725148800000
2025,9,156,19,1210.49,1041.15,0.0,54.79736842105264,0.0,2025,9,156,43,-24,1756684800000
2017,2,52,5467,97617.42,78800.66,12706.34,14.413875983171758,2.3241887689775016,2017,2,52,8553,-3086,1485907200000
2019,9,33,7360,155677.18,121740.42,17098.26,16.54081793478261,2.323133152173913,2019,9,33,19210,-11850,1567296000000
2017,8,20,63,1311.51,1123.21,89.11,17.82873015873016,1.4144444444444444,2017,8,20,904,-841,1501545600000
2023,3,259,92,3574.25,3199.62,23.68,34.77847826086956,0.2573913043478261,2023,3,259,431,-339,1677628800000
2022,2,92,109,3884.71,3445.86,155.27,31.613394495412845,1.4244954128440368,2022,2,92,1309,-1200,1643673600000
2017,1,120,48,1663.16,1352.77,120.21,28.182708333333334,2.504375,2017,1,120,399,-351,1483228800000
2017,4,48,314644,4472627.01,3592904.47,469669.1,11.418951163855024,1.492700003813834,2017,4,48,270701,43943,1491004800000
2018,7,125,46469,703113.6,556098.68,85955.28,11.96708945748779,1.8497338010286428,2018,7,125,41805,4664,1530403200000
2018,9,173,326,5681.92,4929.27,159.38,15.120460122699388,0.4888957055214724,2018,9,173,2450,-2124,1535760000000
2017,10,7,15973,218400.78,182544.36,16417.0,11.428307769360796,1.0277969072810367,2017,10,7,41313,-25340,1506816000000
2021,11,86,167,9471.15,8514.07,37.18,50.982455089820355,0.22263473053892216,2021,11,86,649,-482,1635724800000
2024,8,95,866,28886.98,25372.7,897.26,29.298729792147807,1.0360969976905312,2024,8,95,4233,-3367,1722470400000
2025,6,234,112584,2527845.8299999996,1614417.69,274088.58,14.339672511191644,2.4345251545512685,2025,6,234,100160,12424,1748736000000
2016,6,193,4747,59612.08,50652.18,3664.82,10.670356014324836,0.7720286496734781,2016,6,193,6606,-1859,1464739200000
2016,4,51,46,1444.29,1265.64,120.33000000000001,27.51391304347826,2.6158695652173916,2016,4,51,859,-813,1459468800000
2023,11,202,173,6780.97,5616.35,568.88,32.46445086705202,3.2883236994219653,2023,11,202,1926,-1753,1698796800000
2020,8,151,16081,238535.39,174335.37,24813.07,10.841077669299173,1.5430054101113115,2020,8,151,13763,2318,1596240000000
2019,4,198,332,8878.36,7665.55,208.2,23.089006024096385,0.6271084337349397,2019,4,198,3743,-3411,1554076800000
2016,6,40,8483,153878.94,122027.9,18414.47,14.384993516444654,2.170749734763645,2016,6,40,14398,-5915,1464739200000
2022,10,160,82,4037.8199999999997,3281.27,503.94,40.01548780487805,6.145609756097561,2022,10,160,1066,-984,1664582400000
2017,1,46,3,101.4,91.5,6.5,30.5,2.1666666666666665,2017,1,46,123,-120,1483228800000
2023,1,32,101,3555.21,3112.4,88.75999999999999,30.815841584158417,0.8788118811881187,2023,1,32,264,-163,1672531200000
2020,5,21,89,3446.8,3081.82,102.66,34.62719101123596,1.1534831460674158,2020,5,21,198,-109,1588291200000
2022,11,191,129,5968.7,5330.63,89.37,41.32271317829458,0.6927906976744186,2022,11,191,700,-571,1667260800000
2020,11,230,23778,381683.37,250643.43,43185.59,10.540980317940953,1.8161994280427285,2020,11,230,18785,4993,1604188800000
2023,6,133,140,4847.05,4016.31,228.49,28.68792857142857,1.6320714285714286,2023,6,133,987,-847,1685577600000
2018,8,213,358,10182.94,8982.21,184.13,25.089972067039103,0.5143296089385475,2018,8,213,1632,-1274,1533081600000
2018,5,20,85,2147.31,1915.5,69.69,22.53529411764706,0.8198823529411764,2018,5,20,913,-828,1525132800000
2021,4,142,70525,1100121.6800000002,703841.0,140629.43,9.980021269053527,1.9940365827720665,2021,4,142,61574,8951,1617235200000
2018,8,234,254667,3440069.53,2686541.99,417588.51,10.549234843933451,1.6397433118543039,2018,8,234,219204,35463,1533081600000
2022,2,216,306,17710.829999999998,15003.05,1701.18,49.02957516339869,5.5594117647058825,2022,2,216,1683,-1377,1643673600000
2022,9,264,45526,1452370.65,1040630.41,188576.81999999998,22.857936344067127,4.142178535342441,2022,9,264,22727,22799,1661990400000
2024,3,102,159,4297.67,3855.7599999999998,92.82,24.25006289308176,0.5837735849056603,2024,3,102,625,-466,1709251200000
2017,9,158,111061,1679059.57,1339333.18,195215.78,12.059437426279251,1.7577347583760277,2017,9,158,107152,3909,1504224000000
2024,10,159,568,17557.4,15928.44,70.34,28.043028169014086,0.1238380281690141,2024,10,159,857,-289,1727740800000
2020,11,94,163,4651.89,3915.1,387.48,24.019018404907975,2.3771779141104297,2020,11,94,329,-166,1604188800000
2019,8,256,3515,67654.25,52408.73,7023.26,14.910022759601707,1.9980825035561878,2019,8,256,14113,-10598,1564617600000
2016,3,235,258,4319.24,3803.19,189.49,14.741046511627907,0.7344573643410853,2016,3,235,2449,-2191,1456790400000
2016,11,173,346,4792.62,4052.0,251.72,11.710982658959537,0.727514450867052,2016,11,173,2831,-2485,1477958400000
2018,8,29,141,4864.1,4170.37,318.73,29.57709219858156,2.2604964539007093,2018,8,29,912,-771,1533081600000
2019,3,8,79,3683.0,2844.5,376.77,36.00632911392405,4.769240506329114,2019,3,8,170,-91,1551398400000
2022,10,229,77029,1312703.35,855900.67,171350.6,11.11140830076984,2.2244946708382556,2022,10,229,78637,-1608,1664582400000
2022,10,123,58,2258.88,1964.41,104.22,33.86913793103449,1.796896551724138,2022,10,123,540,-482,1664582400000
2021,9,20,145,5582.01,4667.34,153.27,32.18855172413793,1.0570344827586207,2021,9,20,423,-278,1630454400000
2018,8,156,18,1347.8799999999999,1110.49,41.58,61.69388888888889,2.31,2018,8,156,105,-87,1533081600000
2016,4,187,3,108.47999999999999,94.5,0.0,31.5,0.0,2016,4,187,59,-56,1459468800000
2020,3,49,845,15450.949999999999,13100.57,960.67,15.503633136094674,1.136887573964497,2020,3,49,4724,-3879,1583020800000
2021,2,144,7415,130058.61,87601.22,15622.64,11.814055293324342,2.1068968307484828,2021,2,144,8307,-892,1612137600000
2024,11,46,39,1873.17,1616.7,99.21,41.45384615384616,2.543846153846154,2024,11,46,89,-50,1730419200000
2025,11,191,1017,30397.32,26684.35,147.32999999999998,26.23829891838741,0.14486725663716812,2025,11,191,1716,-699,1761955200000
2020,8,47,390,12859.68,11188.71,575.18,28.688999999999997,1.4748205128205127,2020,8,47,690,-300,1596240000000
2019,3,245,9,547.38,458.79,4.83,50.97666666666667,0.5366666666666666,2019,3,245,101,-92,1551398400000
2020,6,211,1155,20635.36,14086.11,2443.72,12.195766233766234,2.1157748917748918,2020,6,211,1872,-717,1590969600000
2022,2,175,31,1629.24,1523.32,34.82,49.13935483870968,1.123225806451613,2022,2,175,260,-229,1643673600000
2021,10,207,437,5518.5199999999995,4314.38,498.94,9.872723112128147,1.1417391304347826,2021,10,207,426,11,1633046400000
2023,3,151,27399,590880.76,408504.94,75297.69,14.909483557794081,2.7481911748603967,2023,3,151,30939,-3540,1677628800000
2024,12,1,638,60753.72,52622.1,6091.11,82.47978056426332,9.54719435736677,2024,12,1,11628,-10990,1733011200000
2020,6,259,219,10198.18,9184.02,212.98,41.936164383561646,0.9725114155251141,2020,6,259,338,-119,1590969600000
2021,5,7,2425,46517.63,37877.6,2949.13,15.619628865979381,1.2161360824742269,2021,5,7,8206,-5781,1619827200000
2024,4,107,69684,1528367.74,1015558.35,179958.81,14.57376657482349,2.5824982779404166,2024,4,107,67378,2306,1711929600000
2018,1,150,52,1618.53,1423.0,77.62,27.365384615384617,1.4926923076923078,2018,1,150,435,-383,1514764800000
2018,2,254,93,2020.45,1836.3,76.43,19.74516129032258,0.8218279569892474,2018,2,254,677,-584,1517443200000
2016,7,265,6363,815627.32,744969.25,50077.26,117.07830425899733,7.87007072135785,2016,7,265,28380,-22017,1467331200000
2019,2,47,390,12024.35,10898.67,29.84,27.945307692307694,0.07651282051282052,2019,2,47,1081,-691,1548979200000
2017,11,170,287189,4216269.07,3324720.63,498795.74,11.576768713286372,1.73682049103552,2017,11,170,291644,-4455,1509494400000
2019,10,208,249,10050.789999999999,8423.8,155.94,33.83052208835341,0.6262650602409638,2019,10,208,974,-725,1569888000000
2016,4,257,551,10488.03,8524.55,1083.98,15.471052631578946,1.967295825771325,2016,4,257,7020,-6469,1459468800000
2021,4,160,118,3876.79,3171.82,172.6,26.879830508474576,1.4627118644067796,2021,4,160,824,-706,1617235200000
2024,6,162,120752,2919642.93,1937657.73,375415.75,16.046589124817807,3.1089816317742147,2024,6,162,104793,15959,1717200000000
2024,8,47,231,8191.4,7517.57,41.07,32.54359307359307,0.1777922077922078,2024,8,47,397,-166,1722470400000
2018,10,179,4253,63372.72,53501.32,4620.46,12.579666118034329,1.0864001881025158,2018,10,179,10327,-6074,1538352000000
2019,6,80,2583,56294.63,44559.9,5990.57,17.25121951219512,2.3192295780100656,2019,6,80,10709,-8126,1559347200000
2021,5,168,969,26954.62,22495.38,658.64,23.215046439628484,0.6797110423116615,2021,5,168,2869,-1900,1619827200000
2019,11,37,1125,26529.15,22647.0,1105.61,20.130666666666666,0.9827644444444443,2019,11,37,7613,-6488,1572566400000
2025,10,126,660,18447.81,16440.12,34.32,24.909272727272725,0.052,2025,10,126,1062,-402,1759276800000
2016,1,249,240500,3264832.81,2581147.48,388821.33,10.732421954261953,1.616720706860707,2016,1,249,193225,47275,1451606400000
2021,10,203,87,4138.2,3455.48,245.02,39.71816091954023,2.81632183908046,2021,10,203,518,-431,1633046400000
2017,7,212,114,2591.22,2223.01,127.3,19.500087719298246,1.1166666666666667,2017,7,212,1228,-1114,1498867200000
2016,6,116,13201,216244.2,179191.22,19785.1,13.574064086054086,1.4987576698734943,2016,6,116,32249,-19048,1464739200000
2019,11,178,141,3437.12,2949.91,20.580000000000002,20.921347517730496,0.14595744680851064,2019,11,178,557,-416,1572566400000
2022,7,68,82588,1547119.66,1030896.75,195883.44,12.482403617959026,2.3718147914951326,2022,7,68,79836,2752,1656633600000
2016,7,261,59845,1209599.08,1011000.67,117499.63,16.893653103851616,1.9633992814771495,2016,7,261,52508,7337,1467331200000
2022,4,257,92,3443.1,2707.04,441.01,29.424347826086954,4.793586956521739,2022,4,257,1450,-1358,1648771200000
2023,2,148,31635,786562.9500000001,532650.7000000001,100775.27,16.837385806859494,3.1855625098782996,2023,2,148,29540,2095,1675209600000
2022,10,102,61,2071.54,1807.45,121.14,29.63032786885246,1.9859016393442623,2022,10,102,593,-532,1664582400000
2023,12,108,99,4046.04,3762.66,18.9,38.00666666666667,0.1909090909090909,2023,12,108,260,-161,1701388800000
2017,6,183,16,358.36,304.5,22.9,19.03125,1.43125,2017,6,183,424,-408,1496275200000
2019,11,84,2,133.84,119.5,0.0,59.75,0.0,2019,11,84,42,-40,1572566400000
2024,4,203,215,10178.56,9069.87,296.09,42.18544186046512,1.3771627906976742,2024,4,203,732,-517,1711929600000
2024,3,201,108,4324.63,3972.25,18.55,36.780092592592595,0.17175925925925928,2024,3,201,388,-280,1709251200000
2022,7,9,39,995.93,901.78,46.7,23.1225641025641,1.1974358974358974,2022,7,9,461,-422,1656633600000
2023,2,225,302,9495.74,8118.9800000000005,613.76,26.88403973509934,2.032317880794702,2023,2,225,2600,-2298,1675209600000
2016,9,65,17119,322310.11,268557.5,33833.63,15.687686196623634,1.9763788772708684,2016,9,65,22444,-5325,1472688000000
2019,5,16,236,8406.72,7637.21,85.65,32.361059322033896,0.36292372881355933,2019,5,16,1275,-1039,1556668800000
2025,4,193,2342,41153.58,34587.14,1057.41,14.768206660973526,0.45149871904355254,2025,4,193,2890,-548,1743465600000
2024,2,238,61325,1287230.31,845633.08,165785.3,13.78936942519364,2.7033885038728087,2024,2,238,70273,-8948,1706745600000
2024,1,25,1051,30841.34,25746.8,2335.43,24.49743101807802,2.222102759276879,2024,1,25,4454,-3403,1704067200000
2022,2,212,73,1981.74,1765.64,37.6,24.186849315068496,0.5150684931506849,2022,2,212,290,-217,1643673600000
2022,3,217,120,2441.34,2016.98,212.76,16.80816666666667,1.773,2022,3,217,1578,-1458,1646092800000
2017,8,195,469,11766.06,9525.91,1120.16,20.311108742004265,2.388400852878465,2017,8,195,3298,-2829,1501545600000
2022,2,178,16,466.06,406.59000000000003,15.82,25.411875000000002,0.98875,2022,2,178,268,-252,1643673600000
2019,7,158,64974,1179095.58,790435.28,141467.41,12.16540893280389,2.177292609351433,2019,7,158,63329,1645,1561939200000
2023,4,109,5,483.37,384.2,0.0,76.84,0.0,2023,4,109,40,-35,1680307200000
2019,11,115,16,795.46,663.09,5.0,41.443125,0.3125,2019,11,115,110,-94,1572566400000
2025,9,89,4394,133617.16,118059.06,689.41,26.86824305871643,0.15689804278561675,2025,9,89,6682,-2288,1756684800000
2017,11,38,42,2239.85,1994.0,158.82,47.476190476190474,3.781428571428571,2017,11,38,696,-654,1509494400000
2024,10,128,45,1387.2,1234.3,32.64,27.42888888888889,0.7253333333333334,2024,10,128,374,-329,1727740800000
2024,7,123,295,9082.33,8565.93,47.2,29.03705084745763,0.16,2024,7,123,623,-328,1719792000000
2022,4,105,2,51.3,41.0,2.7,20.5,1.35,2022,4,105,2,0,1648771200000
2024,12,123,304,9085.8,8455.35,18.7,27.813651315789475,0.06151315789473684,2024,12,123,736,-432,1733011200000
2025,11,93,531,33681.49,26984.4,3983.47,50.8180790960452,7.501826741996233,2025,11,93,3711,-3180,1761955200000
2019,4,77,365,13641.61,12337.86,58.730000000000004,33.80235616438356,0.1609041095890411,2019,4,77,950,-585,1554076800000
2023,4,85,122,4479.09,3970.35,131.14,32.54385245901639,1.074918032786885,2023,4,85,636,-514,1680307200000
2024,6,41,10494,231196.38,183557.84,15470.6,17.49169430150562,1.474232894987612,2024,6,41,21675,-11181,1717200000000
2017,8,1,639,55820.979999999996,47395.04,5750.28,74.17064162754303,8.99887323943662,2017,8,1,16690,-16051,1501545600000
2019,6,201,59,3041.55,2748.01,11.73,46.576440677966104,0.1988135593220339,2019,6,201,393,-334,1559347200000
2022,3,36,230,6833.04,5374.95,876.84,23.369347826086955,3.8123478260869565,2022,3,36,2317,-2087,1646092800000
2018,5,196,770,20751.52,17135.5,1742.15,22.253896103896103,2.2625324675324676,2018,5,196,3305,-2535,1525132800000
2018,9,210,267,10094.81,9203.39,121.26,34.46962546816479,0.4541573033707865,2018,9,210,1270,-1003,1535760000000
2024,5,250,234,7853.63,7111.33,8.4,30.390299145299146,0.0358974358974359,2024,5,250,391,-157,1714521600000
2022,11,72,147,4345.65,3921.46,185.19,26.676598639455783,1.2597959183673468,2022,11,72,706,-559,1667260800000
2023,10,189,403,13303.07,10732.36,1423.31,26.63116625310174,3.531786600496278,2023,10,189,3176,-2773,1696118400000
2024,5,251,7,524.65,444.09,41.230000000000004,63.44142857142857,5.890000000000001,2024,5,251,58,-51,1714521600000
2019,1,99,4,133.17,115.0,2.45,28.75,0.6125,2019,1,99,12,-8,1546300800000
2021,3,193,1993,26241.83,22185.42,1006.06,11.131670847967886,0.5047967887606623,2021,3,193,2331,-338,1614556800000
2019,5,113,113489,1907554.46,1253728.53,230539.85,11.047136991250254,2.0313849800421186,2019,5,113,99133,14356,1556668800000
2020,6,221,38,2553.6,2128.85,18.61,56.022368421052626,0.48973684210526314,2020,6,221,54,-16,1590969600000
2022,9,158,25863,517964.87,347512.71,69830.25,13.43667439972161,2.7000057997912075,2022,9,158,31873,-6010,1661990400000
2020,9,62,460,13621.77,11850.61,1104.18,25.762195652173915,2.4003913043478264,2020,9,62,1042,-582,1598918400000
2025,3,28,1341,44953.81,38733.26,1400.08,28.883862788963462,1.0440566741237882,2025,3,28,2219,-878,1740787200000
2025,6,205,1462,45610.45,41326.94,88.5,28.267400820793434,0.06053351573187415,2025,6,205,2657,-1195,1748736000000
2025,7,116,8339,206049.35,168815.42,4357.9,20.24408442259264,0.5225926370068353,2025,7,116,13289,-4950,1751328000000
2023,2,241,86,3142.39,2835.42,33.32,32.97,0.3874418604651163,2023,2,241,440,-354,1675209600000
2024,5,49,1194,37158.48,33215.04,1209.0,27.81829145728643,1.0125628140703518,2024,5,49,4782,-3588,1714521600000
2023,11,210,97,4783.85,4473.06,36.06,46.11402061855671,0.37175257731958766,2023,11,210,532,-435,1698796800000
2020,6,233,8143,129766.07,85167.29,14521.76,10.458957386712513,1.7833427483728357,2020,6,233,8334,-191,1590969600000
2023,4,124,109,6409.95,5481.26,466.04,50.28678899082569,4.27559633027523,2023,4,124,657,-548,1680307200000
2016,4,183,29,584.1899999999999,443.0,106.45,15.275862068965518,3.670689655172414,2016,4,183,612,-583,1459468800000
2020,4,31,10,372.17,337.18,2.75,33.718,0.275,2020,4,31,42,-32,1585699200000
2025,1,129,2226,66470.14,53650.91,4375.56,24.101936208445643,1.9656603773584906,2025,1,129,4344,-2118,1735689600000
2017,11,94,61,928.14,794.38,60.82,13.022622950819672,0.9970491803278688,2017,11,94,612,-551,1509494400000
2019,6,116,9287,156494.05,126313.6,12085.03,13.601119844944547,1.3012845913642728,2019,6,116,21923,-12636,1559347200000
2020,1,242,464,13651.76,11767.61,228.78,25.361228448275863,0.4930603448275862,2020,1,242,987,-523,1577836800000
2025,4,37,4668,123663.6,106593.09,1153.1,22.834852185089975,0.24702227934875748,2025,4,37,6935,-2267,1743465600000
2017,6,22,138,4867.04,4000.01,383.97,28.98557971014493,2.782391304347826,2017,6,22,1618,-1480,1496275200000
2025,9,88,16700,507231.79,367218.32,44332.36,21.989120958083834,2.6546323353293415,2025,9,88,21391,-4691,1756684800000
2024,5,209,7768,236813.97,174225.13,25446.13,22.428569773429455,3.2757633882595263,2024,5,209,11011,-3243,1714521600000
2024,11,57,24,806.0699999999999,666.31,41.74,27.762916666666666,1.7391666666666667,2024,11,57,66,-42,1730419200000
2022,1,175,17,700.4399999999999,608.14,14.35,35.77294117647059,0.8441176470588235,2022,1,175,241,-224,1640995200000
2016,11,249,211922,3016089.5300000003,2398640.24,352227.49,11.318505110370797,1.6620619378828059,2016,11,249,167137,44785,1477958400000
2023,8,259,128,5703.05,5137.69,65.8,40.138203125,0.5140625,2023,8,259,421,-293,1690848000000
2019,4,250,385,10754.44,9167.13,213.57999999999998,23.81072727272727,0.5547532467532467,2019,4,250,1003,-618,1554076800000
2019,2,31,46,1227.39,1057.48,14.809999999999999,22.988695652173913,0.3219565217391304,2019,2,31,338,-292,1548979200000
2019,7,178,122,3100.12,2745.44,78.02000000000001,22.50360655737705,0.6395081967213115,2019,7,178,513,-391,1561939200000
2020,2,223,2850,94396.89,72298.19,10106.09,25.367785964912283,3.5459964912280704,2020,2,223,11698,-8848,1580515200000
2022,10,165,134,4019.25,3678.66,73.89,27.45268656716418,0.5514179104477612,2022,10,165,875,-741,1664582400000
2017,1,159,501,7259.1900000000005,6286.64,338.61,12.548183632734531,0.675868263473054,2017,1,159,2865,-2364,1483228800000
2018,6,102,128,3297.29,2875.3,167.22,22.46328125,1.30640625,2018,6,102,1204,-1076,1527811200000
2016,4,72,230,4724.04,4145.15,308.81,18.022391304347824,1.3426521739130435,2016,4,72,2028,-1798,1459468800000
2016,5,97,14600,240274.6,199241.12,23769.89,13.64665205479452,1.6280746575342466,2016,5,97,24010,-9410,1462060800000
2021,2,72,605,18915.27,16455.73,138.7,27.199553719008264,0.22925619834710742,2021,2,72,1068,-463,1612137600000
2021,6,120,26,872.3100000000001,752.29,14.82,28.93423076923077,0.5700000000000001,2021,6,120,197,-171,1622505600000
2025,2,81,393,13402.75,12248.15,21.6,31.165776081424937,0.05496183206106871,2025,2,81,404,-11,1738368000000
2019,12,186,253597,4728948.14,3233586.41,543613.51,12.750885893760573,2.1436117540822646,2019,12,186,180982,72615,1575158400000
2019,6,48,227277,4010608.4100000006,2701535.72,439585.7,11.88653370116642,1.9341407181544987,2019,6,48,195825,31452,1559347200000
2021,8,54,64,1922.13,1479.03,255.53,23.10984375,3.99265625,2021,8,54,561,-497,1627776000000
2018,2,178,97,1686.76,1528.8,48.58,15.76082474226804,0.5008247422680412,2018,2,178,617,-520,1517443200000
2024,10,132,194114,15013705.169999998,11548647.760000002,1819708.36,59.494151684061954,9.374431313558013,2024,10,132,45930,148184,1727740800000
2019,4,137,86467,1449977.23,966023.63,155353.37,11.172165450403044,1.7966781546717243,2019,4,137,97559,-11092,1554076800000
2020,9,71,561,17445.35,15133.37,1303.5,26.975704099821748,2.323529411764706,2020,9,71,896,-335,1598918400000
2025,6,57,104,3515.27,3066.02,45.28,29.48096153846154,0.43538461538461537,2025,6,57,182,-78,1748736000000
2019,4,242,619,15317.45,13466.39,147.42,21.755072697899838,0.23815831987075928,2019,4,242,1217,-598,1554076800000
2016,12,158,120894,1845819.57,1471754.59,214501.21,12.173925835856206,1.77429161083263,2016,12,158,111658,9236,1480550400000
2020,10,80,394,10702.72,8959.76,930.01,22.740507614213197,2.3604314720812183,2020,10,80,1863,-1469,1601510400000
2022,3,47,112,3555.64,3194.21,33.230000000000004,28.519732142857144,0.2966964285714286,2022,3,47,386,-274,1646092800000
2017,7,166,35211,527972.76,426599.41,56372.37,12.115515321916446,1.600987475504814,2017,7,166,55383,-20172,1498867200000
2022,6,215,471,27581.04,21587.28,2858.91,45.832866242038214,6.069872611464968,2022,6,215,823,-352,1654041600000
2018,6,162,307179,4650324.21,3647264.19,566698.85,11.87341644448351,1.8448489317303591,2018,6,162,271492,35687,1527811200000
2018,10,185,241,8209.61,7248.84,232.42,30.07817427385892,0.9643983402489626,2018,10,185,1041,-800,1538352000000
2021,8,1,289,25474.76,21162.02,3167.53,73.22498269896194,10.960311418685121,2021,8,1,5781,-5492,1627776000000
2023,6,21,57,2301.84,1950.98,127.86,34.22771929824562,2.243157894736842,2023,6,21,395,-338,1685577600000
2019,3,263,142031,2181409.9299999997,1407815.8,254035.72,9.912031880364147,1.7885934760721252,2019,3,263,146037,-4006,1551398400000
2021,2,56,236,8866.09,7175.42,322.0,30.404322033898307,1.3644067796610169,2021,2,56,689,-453,1612137600000
2016,10,127,1160,24080.95,20137.2,2278.16,17.359655172413795,1.9639310344827585,2016,10,127,8978,-7818,1475280000000
2022,12,241,142,5257.32,4660.3,184.57,32.819014084507046,1.2997887323943662,2022,12,241,603,-461,1669852800000
2024,2,258,162,5764.6,5168.51,143.97,31.904382716049383,0.8887037037037037,2024,2,258,685,-523,1706745600000
2016,10,25,12101,203106.46,165772.17,22891.97,13.69904718618296,1.8917420047929925,2016,10,25,20610,-8509,1475280000000
2024,6,130,985,40724.57,35145.19,2353.75,35.680395939086296,2.3895939086294415,2024,6,130,2436,-1451,1717200000000
2018,8,129,4386,75947.7,65450.46,3941.06,14.922585499316005,0.8985544915640675,2018,8,129,14237,-9851,1533081600000
2016,4,61,4753,79248.26,65167.23,8250.02,13.71075741636861,1.7357500525983591,2016,4,61,27371,-22618,1459468800000
2021,7,253,18,734.05,600.51,56.949999999999996,33.361666666666665,3.1638888888888888,2021,7,253,48,-30,1625097600000
2017,4,25,10754,173078.45,141862.5,18726.87,13.19160312441882,1.741386460851776,2017,4,25,19383,-8629,1491004800000
2018,10,215,1069,62012.25,50295.14,5777.53,47.04877455565949,5.404611786716558,2018,10,215,1151,-82,1538352000000
2022,8,136,129,5057.07,4466.1,56.52,34.620930232558145,0.4381395348837209,2022,8,136,429,-300,1659312000000
2019,6,173,325,7856.7300000000005,6827.88,134.05,21.008861538461538,0.4124615384615385,2019,6,173,2131,-1806,1559347200000
2021,6,134,272,12183.3,9888.08,925.36,36.353235294117646,3.402058823529412,2021,6,134,925,-653,1622505600000
2023,1,47,76,2189.98,1982.47,24.560000000000002,26.08513157894737,0.32315789473684214,2023,1,47,337,-261,1672531200000
2024,9,141,78301,1642303.06,1088480.82,192364.41999999998,13.901237787512294,2.4567300545331476,2024,9,141,89944,-11643,1725148800000
2019,1,69,980,26173.57,23688.22,237.39,24.17165306122449,0.242234693877551,2019,1,69,3819,-2839,1546300800000
2020,5,168,786,16654.13,14278.49,560.12,18.166017811704833,0.7126208651399492,2020,5,168,2086,-1300,1588291200000
2022,6,20,41,1588.45,1322.6499999999999,148.8,32.259756097560974,3.629268292682927,2022,6,20,309,-268,1654041600000
2023,10,223,685,31640.0,24163.1,3593.05,35.27459854014598,5.245328467153285,2023,10,223,4278,-3593,1696118400000
2024,8,8,27,1788.71,1330.07,252.97,49.26185185185185,9.369259259259259,2024,8,8,55,-28,1722470400000
2016,8,57,50,1513.14,1146.5,297.52,22.93,5.950399999999999,2016,8,57,620,-570,1470009600000
2018,1,118,27,641.31,475.08,82.33,17.595555555555556,3.049259259259259,2018,1,118,171,-144,1514764800000
2022,2,222,84,3337.48,3088.4300000000003,22.700000000000003,36.76702380952381,0.2702380952380953,2022,2,222,221,-137,1643673600000
2023,8,157,191,9282.84,7258.68,1103.86,38.00356020942409,5.779371727748691,2023,8,157,1059,-868,1690848000000
2023,12,256,1116,36228.11,29282.29,3276.24,26.238611111111112,2.9356989247311827,2023,12,256,6636,-5520,1701388800000
2025,10,262,60720,1282616.23,831141.87,137502.42,13.688107213438736,2.2645326086956525,2025,10,262,63467,-2747,1759276800000
2016,8,80,7837,121520.34,97689.39,13427.68,12.465151205818552,1.7133699119561057,2016,8,80,22653,-14816,1470009600000
2016,3,64,18,547.52,446.0,86.62,24.77777777777778,4.812222222222222,2016,3,64,822,-804,1456790400000
2018,11,188,1420,31946.399999999998,28174.35,1511.93,19.841091549295772,1.0647394366197183,2018,11,188,5971,-4551,1541030400000
2020,3,195,228,6520.17,5525.26,352.98,24.23359649122807,1.5481578947368422,2020,3,195,943,-715,1583020800000
2021,12,124,81,4210.69,3582.46,189.03,44.2279012345679,2.3337037037037036,2021,12,124,481,-400,1638316800000
2017,10,184,6,284.1,217.5,41.27,36.25,6.878333333333334,2017,10,184,69,-63,1506816000000
2019,11,67,131,3723.33,3302.2400000000002,31.7,25.20793893129771,0.24198473282442748,2019,11,67,1062,-931,1572566400000
2024,5,7,2751,70831.52,60007.3,2990.32,21.812904398400583,1.0869938204289349,2024,5,7,8591,-5840,1714521600000
2024,11,131,289,10512.2,9391.96,62.72,32.49813148788927,0.2170242214532872,2024,11,131,728,-439,1730419200000
2018,2,199,6,98.33,69.5,17.77,11.583333333333334,2.9616666666666664,2018,2,199,5,1,1517443200000
2017,6,93,1231,71636.45,57048.64,7817.5,46.34333062550772,6.350528025995126,2017,6,93,1741,-510,1496275200000
2017,8,90,157260,2041220.99,1602726.27,237980.34,10.19156982067913,1.5132922548645555,2017,8,90,126777,30483,1501545600000
2020,9,188,1065,30290.72,26041.35,2395.55,24.451971830985915,2.249342723004695,2020,9,188,1914,-849,1598918400000
2016,9,37,4684,72331.72,58702.48,7297.79,12.532553373185312,1.5580251921434671,2016,9,37,19992,-15308,1472688000000
2025,3,167,1177,33313.7,29967.73,64.03999999999999,25.461112999150384,0.054409515717926925,2025,3,167,1140,37,1740787200000
2021,3,90,36536,560362.04,356609.65,69627.08,9.760500602145829,1.9057116268885483,2021,3,90,27852,8684,1614556800000
2018,9,158,80306,1236518.81,982998.96,147692.05000000002,12.240666450825591,1.8391160062759946,2018,9,158,82742,-2436,1535760000000
2018,10,34,314,5531.4,4537.13,583.21,14.449458598726116,1.8573566878980894,2018,10,34,1355,-1041,1538352000000
2017,12,241,94,1817.56,1628.1,65.89,17.320212765957447,0.7009574468085107,2017,12,241,1466,-1372,1512086400000
2022,3,263,76144,1268826.98,818114.56,166413.49000000002,10.74430762765287,2.1855102174826646,2022,3,263,78490,-2346,1646092800000
2023,7,161,136868,3295514.8100000005,2169887.31,416914.08999999997,15.853868764064647,3.046103471958383,2023,7,161,115607,21261,1688169600000
2019,5,213,626,22344.33,19265.55,173.12,30.775638977635783,0.2765495207667732,2019,5,213,1686,-1060,1556668800000
2025,1,227,311,8743.41,7775.37,45.82,25.001189710610934,0.14733118971061093,2025,1,227,787,-476,1735689600000
2021,5,212,279,9639.95,8049.89,78.87,28.852652329749105,0.2826881720430108,2021,5,212,536,-257,1619827200000
2024,7,216,1381,74844.53,64248.75,6811.68,46.52335264301231,4.932425778421434,2024,7,216,4484,-3103,1719792000000
2019,8,97,4559,80321.26,65431.43,6164.74,14.352145207282298,1.3522132046501425,2019,8,97,9404,-4845,1564617600000
2020,1,77,402,12791.11,11213.1,15.280000000000001,27.893283582089552,0.038009950248756225,2020,1,77,773,-371,1577836800000
2021,3,121,342,12445.76,10597.49,252.22,30.986812865497075,0.7374853801169591,2021,3,121,688,-346,1614556800000
2018,7,58,6,128.45000000000002,116.5,7.15,19.416666666666668,1.1916666666666667,2018,7,58,162,-156,1530403200000
2020,1,49,1475,31970.68,26737.44,1743.65,18.127077966101695,1.182135593220339,2020,1,49,9499,-8024,1577836800000
2022,2,28,149,7712.19,6179.77,688.87,41.474966442953026,4.623288590604027,2022,2,28,765,-616,1643673600000
2024,1,207,213,2823.74,2139.03,279.56,10.042394366197184,1.3124882629107981,2024,1,207,206,7,1704067200000
2023,4,179,573,14719.17,11956.05,1167.82,20.86570680628272,2.0380802792321115,2023,4,179,3384,-2811,1680307200000
2025,1,77,677,18630.98,17101.03,12.48,25.26001477104874,0.01843426883308715,2025,1,77,850,-173,1735689600000
2025,11,214,38,639.47,310.11,0.0,8.160789473684211,0.0,2025,11,214,127,-89,1761955200000
2017,2,128,59,1322.94,1111.0,121.65,18.83050847457627,2.061864406779661,2017,2,128,566,-507,1485907200000
2017,10,78,66,2503.78,2181.51,223.26,33.05318181818182,3.382727272727273,2017,10,78,780,-714,1506816000000
2023,5,210,138,6099.61,5618.21,13.25,40.711666666666666,0.09601449275362318,2023,5,210,552,-414,1682899200000
2021,9,33,2102,57193.71,44370.0,7265.81,21.108468125594673,3.456617507136061,2021,9,33,7408,-5306,1630454400000
2020,9,90,26668,413287.11,267587.66,49215.38,10.034035548222588,1.845484475776211,2020,9,90,19277,7391,1598918400000
2021,12,236,143324,2307620.19,1478918.0,304653.61000000004,10.318704473779688,2.12562871535821,2021,12,236,144740,-1416,1638316800000
2019,12,196,874,33667.45,26954.06,2732.85,30.83988558352403,3.1268306636155607,2019,12,196,2865,-1991,1575158400000
2019,11,102,168,4726.05,4094.19,29.99,24.37017857142857,0.17851190476190476,2019,11,102,931,-763,1572566400000
2019,6,114,85407,1482100.92,982658.64,178854.36,11.505598370157013,2.0941416979872844,2019,6,114,67312,18095,1559347200000
2018,4,186,308030,4528558.46,3638618.69,507581.65,11.812546472746162,1.647831867025939,2018,4,186,238076,69954,1522540800000
2020,7,239,23415,354856.33,227660.34,43492.23,9.722841768097373,1.8574516335682256,2020,7,239,20461,2954,1593561600000
2019,10,123,287,8169.98,7132.21,95.97,24.850905923344946,0.33439024390243904,2019,10,123,1104,-817,1569888000000
2018,11,58,20,664.84,575.27,31.259999999999998,28.7635,1.563,2018,11,58,178,-158,1541030400000
2019,12,108,158,5805.31,5078.78,138.56,32.14417721518987,0.8769620253164557,2019,12,108,502,-344,1575158400000
2020,6,88,1131,30881.88,23875.39,2612.27,21.10998231653404,2.3096993810786914,2020,6,88,1274,-143,1590969600000
2024,6,259,220,9073.41,8363.33,44.31,38.015136363636366,0.20140909090909093,2024,6,259,460,-240,1717200000000
2023,10,2,5,351.26,289.0,32.38,57.8,6.476000000000001,2023,10,2,10,-5,1696118400000
2024,3,45,5682,153903.38,114406.17,13813.03,20.134841605068637,2.4310154875044,2024,3,45,10368,-4686,1709251200000
2018,11,246,107159,1813919.07,1480935.13,196367.22999999998,13.819979003163523,1.8324847189690086,2018,11,246,139376,-32217,1541030400000
2024,9,123,305,9114.16,8403.74,46.18,27.553245901639343,0.15140983606557376,2024,9,123,794,-489,1725148800000
2024,3,77,315,10316.87,9518.42,36.35,30.21720634920635,0.1153968253968254,2024,3,77,527,-212,1709251200000
2025,2,119,540,16270.63,14569.52,42.449999999999996,26.980592592592593,0.0786111111111111,2025,2,119,654,-114,1738368000000
2018,9,245,8,240.24,210.5,0.0,26.3125,0.0,2018,9,245,117,-109,1535760000000
2020,6,220,198,6099.7,5304.03,276.57,26.7880303030303,1.3968181818181817,2020,6,220,536,-338,1590969600000
2025,4,257,504,15013.64,12079.9,270.81,23.968055555555555,0.5373214285714286,2025,4,257,1861,-1357,1743465600000
2022,10,115,5,160.15,125.1,14.95,25.02,2.9899999999999998,2022,10,115,46,-41,1664582400000
2025,9,194,311,16202.43,11708.13,1555.87,37.646720257234726,5.002797427652733,2025,9,194,1191,-880,1756684800000
2023,8,31,20,840.12,743.63,14.11,37.1815,0.7055,2023,8,31,172,-152,1690848000000
2020,9,133,244,6608.65,5580.37,499.75,22.870368852459016,2.048155737704918,2020,9,133,604,-360,1598918400000
2019,5,215,1164,69248.98,54918.72,6210.96,47.18103092783505,5.335876288659794,2019,5,215,1929,-765,1556668800000
2024,5,129,1550,51498.81,42718.29,2939.34,27.560187096774193,1.8963483870967743,2024,5,129,4639,-3089,1714521600000
2019,5,123,351,9842.91,8809.710000000001,45.9,25.09888888888889,0.13076923076923078,2019,5,123,1379,-1028,1556668800000
2022,4,258,55,1787.44,1564.8,70.04,28.45090909090909,1.2734545454545456,2022,4,258,680,-625,1648771200000
2024,9,260,1370,44733.35,37284.33,2792.46,27.214839416058396,2.03829197080292,2024,9,260,2685,-1315,1725148800000
2016,11,202,489,8963.47,7408.5,913.49,15.150306748466258,1.868077709611452,2016,11,202,4451,-3962,1477958400000
2018,9,164,189507,2884638.8800000004,2281430.45,328032.88,12.03876611418048,1.7309802804118053,2018,9,164,170515,18992,1535760000000
2016,3,88,48430,1038757.62,846511.07,120682.48,17.479064009911212,2.491895106339046,2016,3,88,53126,-4696,1456790400000
2024,10,84,4,165.82,123.12,0.0,30.78,0.0,2024,10,84,33,-29,1727740800000
2019,2,262,86030,1349825.1400000001,888821.19,157860.94,10.331526095548064,1.8349522259676858,2019,2,262,94575,-8545,1548979200000
2017,8,229,158594,2097156.99,1653534.8,233438.3,10.426212845378766,1.471923906326847,2017,8,229,148328,10266,1501545600000
2017,2,173,308,4808.27,4030.01,308.04,13.084448051948053,1.0001298701298702,2017,2,173,2592,-2284,1485907200000
2021,10,211,24608,468150.83,316234.27,60796.16,12.850872480494148,2.470585175552666,2021,10,211,29162,-4554,1633046400000
2017,1,237,380688,4378238.17,3464767.84,477323.21,9.101331904341613,1.2538435937040306,2017,1,237,335339,45349,1483228800000
2019,11,257,288,7522.79,5998.04,352.67,20.826527777777777,1.2245486111111112,2019,11,257,2971,-2683,1572566400000
2019,2,159,931,23638.82,21237.02,182.55,22.810977443609023,0.1960794844253491,2019,2,159,2485,-1554,1548979200000
2023,12,198,182,5879.69,5067.02,315.86,27.840769230769233,1.7354945054945057,2023,12,198,1790,-1608,1701388800000
2022,1,93,235,15240.46,11855.48,1847.06,50.448851063829785,7.859829787234042,2022,1,93,316,-81,1640995200000
2019,3,224,15536,260329.29,175168.66,29021.12,11.275016735324408,1.8679917610710608,2019,3,224,32304,-16768,1551398400000
2024,7,112,1113,32543.34,26900.45,1690.84,24.169317160826594,1.519173405211141,2024,7,112,7068,-5955,1719792000000
2023,8,151,20880,448056.14,311531.95,55538.27,14.920112547892721,2.6598788314176245,2023,8,151,23342,-2462,1690848000000
2021,11,87,16369,398335.8,283085.99,51670.21,17.29403078990775,3.156589284623373,2021,11,87,21638,-5269,1635724800000
2017,10,123,105,2931.4,2647.8,139.81,25.21714285714286,1.3315238095238096,2017,10,123,1215,-1110,1506816000000
2021,10,265,10684,584740.57,555853.84,16412.75,52.026754024709845,1.5361989891426433,2021,10,265,9909,775,1633046400000
2020,1,27,3,153.32999999999998,135.81,0.0,45.27,0.0,2020,1,27,64,-61,1577836800000
2021,8,140,58386,1023826.82,683305.68,122169.92,11.70324529853047,2.0924523002089543,2021,8,140,59463,-1077,1627776000000
2018,3,193,5370,63510.86,55509.41,2841.74,10.336947858472998,0.5291880819366852,2018,3,193,7400,-2030,1519862400000
2021,3,189,354,9466.21,7925.89,534.46,22.3895197740113,1.5097740112994351,2021,3,189,1224,-870,1614556800000
2023,6,113,43479,995858.74,651801.4,131507.64,14.991177349985051,3.0246243013868765,2023,6,113,39493,3986,1685577600000
2023,8,171,53,1941.44,1719.56,40.18,32.44452830188679,0.7581132075471698,2023,8,171,637,-584,1690848000000
2020,2,161,277374,4870704.489999999,3171637.56,617704.4199999999,11.434516429081313,2.2269730400109595,2020,2,161,244460,32914,1580515200000
2019,6,154,69,3989.64,3556.63,185.27,51.54536231884058,2.6850724637681163,2019,6,154,93,-24,1559347200000
2022,10,198,168,5411.8099999999995,4448.74,561.27,26.480595238095237,3.340892857142857,2022,10,198,2049,-1881,1664582400000
2018,11,110,1,12.3,11.5,0.0,11.5,0.0,2018,11,110,1,0,1541030400000
2019,5,84,10,828.98,676.0,120.0,67.6,12.0,2019,5,84,77,-67,1556668800000
2016,10,67,71,1961.97,1495.5,291.59000000000003,21.06338028169014,4.106901408450705,2016,10,67,1744,-1673,1475280000000
2016,3,37,6451,97590.95,79158.54,10066.09,12.270739420244922,1.5603921872577895,2016,3,37,24812,-18361,1456790400000
2024,8,48,77699,1818486.99,1230194.23,210644.55,15.832819341304264,2.7110329605271626,2024,8,48,76651,1048,1722470400000
2019,2,139,339,14438.09,13475.89,13.15,39.75188790560472,0.038790560471976404,2019,2,139,842,-503,1548979200000
2025,1,116,3664,82987.38,67378.04,3588.97,18.389203056768558,0.9795223799126637,2025,1,116,8864,-5200,1735689600000
2019,8,212,188,5547.93,4909.13,47.239999999999995,26.112393617021276,0.2512765957446808,2019,8,212,907,-719,1564617600000
2022,12,245,3,223.3,173.2,20.0,57.73333333333333,6.666666666666667,2022,12,245,33,-30,1669852800000
2021,8,205,490,23752.81,21006.93,334.16,42.87128571428571,0.6819591836734694,2021,8,205,1553,-1063,1627776000000
2016,2,139,43,1659.6,1323.51,267.63,30.779302325581394,6.223953488372093,2016,2,139,605,-562,1454284800000
2016,7,141,227636,2920562.22,2334760.2,317897.53,10.256550809186598,1.3965169393241843,2016,7,141,223558,4078,1467331200000
2022,9,117,132,7225.7300000000005,6527.700000000001,59.93,49.452272727272735,0.45401515151515154,2022,9,117,330,-198,1661990400000
2025,5,51,1320,43318.39,38975.03,56.57,29.526537878787877,0.042856060606060606,2025,5,51,1750,-430,1746057600000
2018,6,223,4716,108297.73,85563.86,10492.45,18.143312128922815,2.224862171331637,2018,6,223,17032,-12316,1527811200000
2020,11,177,506,16204.88,13910.6,1300.64,27.491304347826087,2.5704347826086957,2020,11,177,918,-412,1604188800000
2017,12,238,193013,2455809.24,1942977.73,281999.06,10.066564065632885,1.4610366141140751,2017,12,238,202558,-9545,1512086400000
2019,2,194,382,20410.03,15405.82,2177.63,40.32937172774869,5.700602094240838,2019,2,194,596,-214,1548979200000
2020,4,220,99,1751.3700000000001,1482.3799999999999,138.59,14.973535353535352,1.39989898989899,2020,4,220,247,-148,1585699200000
2021,6,129,909,25383.58,20797.96,1438.91,22.88004400440044,1.582959295929593,2021,6,129,4414,-3505,1622505600000
2018,8,53,100,3589.3199999999997,3174.16,182.75,31.7416,1.8275,2018,8,53,882,-782,1533081600000
2021,4,131,337,11301.34,9788.31,27.86,29.04543026706231,0.08267062314540059,2021,4,131,788,-451,1617235200000
2024,11,207,161,4585.36,3542.13,535.16,22.00080745341615,3.323975155279503,2024,11,207,148,13,1730419200000
2022,12,237,162630,2811946.88,1794216.29,368678.39999999997,11.032505011375514,2.2669765725880833,2022,12,237,139573,23057,1669852800000
2022,6,61,762,24812.34,20709.86,2734.63,27.178293963254593,3.588753280839895,2022,6,61,5947,-5185,1654041600000
2016,8,23,18,1017.0,906.03,39.75,50.335,2.2083333333333335,2016,8,23,243,-225,1470009600000
2018,11,252,159,6887.43,6128.61,277.75,38.544716981132076,1.7468553459119496,2018,11,252,1167,-1008,1541030400000
2019,4,7,10760,157171.2,126780.73,10060.74,11.782595724907063,0.9350130111524163,2019,4,7,27254,-16494,1554076800000
2025,5,155,1231,28858.64,26082.0,152.47,21.187652315190903,0.12385865150284321,2025,5,155,2100,-869,1746057600000
2017,11,2,9,461.81,382.0,46.41,42.44444444444444,5.156666666666666,2017,11,2,1,8,1509494400000
2022,10,90,61170,1130966.3,744605.92,149309.89,12.172730423410169,2.4409006048716693,2022,10,90,49526,11644,1664582400000
2016,2,189,4475,69423.52,56268.3,7762.4,12.573921787709498,1.7346145251396647,2016,2,189,13462,-8987,1454284800000
2017,4,29,45,1657.56,1429.0,69.48,31.755555555555556,1.544,2017,4,29,830,-785,1491004800000
2019,5,230,250759,5016537.7299999995,3409589.22,570841.09,13.597076156787992,2.2764530485446186,2019,5,230,232753,18006,1556668800000
2017,8,161,352272,5119758.63,4038556.15,579262.57,11.464312094063677,1.6443616580369713,2017,8,161,334332,17940,1501545600000
2023,6,255,1557,49433.81,37955.4,5739.31,24.377263969171484,3.686133590237637,2023,6,255,8557,-7000,1685577600000
2021,6,12,1060,25020.1,18325.86,2732.85,17.28854716981132,2.5781603773584907,2021,6,12,1332,-272,1622505600000
2016,5,226,21384,370142.26,310083.39,30930.93,14.500719696969698,1.4464520202020201,2016,5,226,32969,-11585,1462060800000
2018,4,208,98,3350.14,2926.5,140.81,29.862244897959183,1.4368367346938775,2018,4,208,1292,-1194,1522540800000
2018,5,212,176,4261.17,3853.8,121.14,21.89659090909091,0.6882954545454546,2018,5,212,1186,-1010,1525132800000
2020,2,98,106,3776.09,3327.95,39.64,31.39575471698113,0.3739622641509434,2020,2,98,664,-558,1580515200000
2021,6,215,453,23428.24,19463.72,1153.18,42.966269315673294,2.5456512141280356,2021,6,215,1006,-553,1622505600000
2018,7,160,135,4127.97,3473.66,269.33,25.730814814814813,1.995037037037037,2018,7,160,2336,-2201,1530403200000
2022,4,244,3251,76505.34,60611.87,7961.85,18.64406951707167,2.449046447247001,2022,4,244,12209,-8958,1648771200000
2020,3,223,1675,51062.06,39160.28,5219.61,23.379271641791043,3.1161850746268653,2020,3,223,6246,-4571,1583020800000
2022,7,14,189,7826.84,6904.08,426.81,36.52952380952381,2.2582539682539684,2022,7,14,2234,-2045,1656633600000
2017,12,165,164,2885.09,2522.9,178.75,15.383536585365855,1.0899390243902438,2017,12,165,1698,-1534,1512086400000
2023,3,140,70713,1599921.89,1057916.02,201176.75,14.960700578394356,2.8449754642003593,2023,3,140,70518,195,1677628800000
2023,4,106,178,5321.26,4105.54,636.27,23.064831460674156,3.5745505617977527,2023,4,106,1068,-890,1680307200000
2021,1,111,1,24.33,20.78,2.75,20.78,2.75,2021,1,111,15,-14,1609459200000
2019,4,154,37,2043.8,1790.22,72.58,48.384324324324325,1.9616216216216216,2019,4,154,166,-129,1554076800000
2024,3,107,75895,1637001.0799999998,1084959.9300000002,190560.44999999998,14.295538968311485,2.5108432703076615,2024,3,107,72442,3453,1709251200000
2022,4,264,38807,1154740.3199999998,832263.19,149946.97999999998,21.446213054345865,3.863915788388692,2022,4,264,25727,13080,1648771200000
2021,9,214,3,92.06,79.5,10.16,26.5,3.3866666666666667,2021,9,214,41,-38,1630454400000
2024,11,97,2632,75900.51,65421.03,3473.92,24.856014437689968,1.3198784194528876,2024,11,97,4919,-2287,1730419200000
2019,4,64,125,5736.46,5205.37,110.65,41.64296,0.8852000000000001,2019,4,64,750,-625,1554076800000
2020,3,43,42760,677908.46,444653.01,82376.37,10.398807530402244,1.9264819925163703,2020,3,43,34857,7903,1583020800000
2016,10,210,50,1168.3799999999999,965.0,134.07999999999998,19.3,2.6815999999999995,2016,10,210,1138,-1088,1475280000000
2019,5,39,873,35744.52,33022.9,157.82,37.82691867124857,0.18077892325315004,2019,5,39,2569,-1696,1556668800000
2019,8,180,145,8077.51,7370.66,303.84,50.83213793103448,2.095448275862069,2019,8,180,744,-599,1564617600000
2020,12,46,20,970.29,820.64,58.21,41.032,2.9105,2020,12,46,35,-15,1606780800000
2022,2,35,210,7050.49,6575.04,24.150000000000002,31.309714285714286,0.115,2022,2,35,552,-342,1643673600000
2021,6,85,236,8499.3,7107.24,162.01,30.115423728813557,0.6864830508474576,2021,6,85,694,-458,1622505600000
2022,6,39,260,10351.01,9416.83,164.83,36.218576923076924,0.6339615384615385,2022,6,39,1273,-1013,1654041600000
2022,5,201,30,1652.73,1463.0600000000002,38.87,48.768666666666675,1.2956666666666665,2022,5,201,313,-283,1651363200000
2023,3,171,51,2072.46,1771.51,98.55,34.73549019607843,1.9323529411764706,2023,3,171,602,-551,1677628800000
2025,8,102,670,13844.21,11926.61,134.4,17.800910447761193,0.20059701492537313,2025,8,102,1661,-991,1754006400000
2023,3,17,403,11929.71,10109.44,817.87,25.08545905707196,2.029454094292804,2023,3,17,3704,-3301,1677628800000
2020,1,82,2449,89975.37,70306.5,8760.41,28.708248264597795,3.577137607186607,2020,1,82,5990,-3541,1577836800000
2017,12,79,273774,3874036.7800000003,3069546.0,461845.89,11.211970457384558,1.686960376076618,2017,12,79,220655,53119,1512086400000
2021,2,65,1108,28105.57,22775.2,2091.24,20.555234657039712,1.8874007220216604,2021,2,65,1734,-626,1612137600000
2018,11,180,178,7796.15,6900.87,379.47,38.76893258426966,2.13185393258427,2018,11,180,587,-409,1541030400000
2025,5,89,4965,127200.81999999999,110257.43,645.83,22.206934541792545,0.13007653575025177,2025,5,89,6973,-2008,1746057600000
2021,6,67,69,2363.34,2072.33,22.21,30.033768115942028,0.3218840579710145,2021,6,67,423,-354,1622505600000
2018,4,243,1903,36616.75,30502.43,3181.71,16.028602207041512,1.6719442984760904,2018,4,243,16741,-14838,1522540800000
2019,11,225,998,26496.49,23383.13,439.92,23.42998997995992,0.4408016032064128,2019,11,225,5753,-4755,1572566400000
2020,2,262,83179,1343955.12,877838.09,161719.07,10.55360235155508,1.9442295531324012,2020,2,262,88598,-5419,1580515200000
2021,2,246,15544,266063.54,176231.25,32913.91,11.337573983530623,2.1174671899125066,2021,2,246,20343,-4799,1612137600000
2017,7,53,73,1825.74,1532.5,135.60999999999999,20.993150684931507,1.8576712328767122,2017,7,53,1071,-998,1498867200000
2021,8,225,681,24101.09,20306.25,1376.15,29.818281938325992,2.0207782672540384,2021,8,225,3124,-2443,1627776000000
2019,5,22,367,10417.53,9316.65,60.949999999999996,25.385967302452315,0.16607629427792914,2019,5,22,1499,-1132,1556668800000
2016,6,257,678,12984.15,10273.44,1540.37,15.152566371681417,2.27193215339233,2016,6,257,6772,-6094,1464739200000
2017,8,200,68,1812.84,1419.2,201.3,20.870588235294118,2.960294117647059,2017,8,200,2433,-2365,1501545600000
2019,2,91,968,31831.2,28892.11,57.129999999999995,29.847221074380165,0.05901859504132231,2019,2,91,1960,-992,1548979200000
2023,6,138,119807,7935866.909999999,5168432.83,1040633.13,43.13965653092056,8.685912592753345,2023,6,138,45472,74335,1685577600000
2021,8,200,154,6995.88,5908.59,229.1,38.367467532467536,1.4876623376623377,2021,8,200,1072,-918,1627776000000
2025,11,2,5,306.42,241.87,44.36,48.374,8.872,2025,11,2,8,-3,1761955200000
2022,1,118,3,188.45999999999998,166.91,0.0,55.63666666666666,0.0,2022,1,118,35,-32,1640995200000
2016,8,126,95,1873.01,1618.01,119.59,17.031684210526315,1.258842105263158,2016,8,126,1232,-1137,1470009600000
2020,7,156,23,1511.67,1180.43,52.25,51.32304347826087,2.2717391304347827,2020,7,156,51,-28,1593561600000
2020,12,248,294,12046.66,10367.79,702.64,35.264591836734695,2.3899319727891157,2020,12,248,481,-187,1606780800000
2021,7,63,154,6454.2,5546.8,67.34,36.018181818181816,0.4372727272727273,2021,7,63,593,-439,1625097600000
2022,3,27,1,50.9,45.2,0.0,45.2,0.0,2022,3,27,49,-48,1646092800000
2022,10,34,113,2659.96,2062.16,330.2,18.249203539823007,2.92212389380531,2022,10,34,486,-373,1664582400000
2023,8,66,1058,33411.58,26353.01,3275.68,24.908327032136103,3.0961058601134215,2023,8,66,4042,-2984,1690848000000
2023,9,24,6876,164858.85,118241.14,20024.42,17.196210005817335,2.9122193135543917,2023,9,24,8727,-1851,1693526400000
2018,5,155,231,7234.57,6586.01,183.21,28.5108658008658,0.7931168831168831,2018,5,155,1213,-982,1525132800000
2024,1,26,237,8163.41,7389.25,118.92999999999999,31.178270042194093,0.5018143459915612,2024,1,26,958,-721,1704067200000
2020,6,141,19008,285613.11000000004,184764.68,32868.810000000005,9.720364057239056,1.7292092803030306,2020,6,141,16266,2742,1590969600000
2020,7,179,593,14293.49,12266.69,830.47,20.685817875210795,1.4004553119730185,2020,7,179,1389,-796,1593561600000
2021,1,27,19,1769.16,1559.2,24.75,82.06315789473685,1.3026315789473684,2021,1,27,39,-20,1609459200000
2017,9,193,4401,50988.97,44394.0,2352.74,10.087252897068849,0.5345921381504203,2017,9,193,6080,-1679,1504224000000
2022,4,16,30,1203.83,1017.23,121.8,33.907666666666664,4.06,2022,4,16,586,-556,1648771200000
2016,3,138,304039,12725507.14,9585092.62,1655662.07,31.525865497518406,5.445558201414951,2016,3,138,146083,157956,1456790400000
2020,1,227,204,5920.3,5166.34,108.8,25.32519607843137,0.5333333333333333,2020,1,227,1424,-1220,1577836800000
2018,4,206,6,241.31,181.5,29.47,30.25,4.911666666666666,2018,4,206,146,-140,1522540800000
2018,6,74,37053,498453.47000000003,413351.01,35255.14,11.155669176584892,0.9514786926834534,2018,6,74,71529,-34476,1527811200000
2019,5,225,1086,28704.62,25677.86,580.35,23.644438305709023,0.5343922651933702,2019,5,225,6767,-5681,1556668800000
2020,8,180,115,5955.56,5405.43,144.46,47.00373913043479,1.2561739130434784,2020,8,180,169,-54,1596240000000
2021,3,51,763,30424.5,25978.170000000002,296.57,34.047404980340765,0.3886893840104849,2021,3,51,1263,-500,1614556800000
2021,9,114,35136,636251.11,420429.8,84673.58,11.965784380692167,2.409881033697632,2021,9,114,30512,4624,1630454400000
2021,12,26,134,4547.57,3858.93,65.59,28.797985074626865,0.48947761194029854,2021,12,26,932,-798,1638316800000
2023,3,102,75,2155.35,1897.71,72.19,25.3028,0.9625333333333334,2023,3,102,642,-567,1677628800000
2017,12,143,105285,1361819.3299999998,1080963.07,157328.75,10.26701875860759,1.494313055041079,2017,12,143,119905,-14620,1512086400000
2020,10,219,368,17730.51,15440.96,1003.68,41.95913043478261,2.727391304347826,2020,10,219,708,-340,1601510400000
2016,10,71,145,3254.09,2798.55,189.13,19.30034482758621,1.3043448275862068,2016,10,71,1746,-1601,1475280000000
2023,12,196,233,10437.84,8747.72,852.76,37.5438626609442,3.6599141630901286,2023,12,196,1101,-868,1701388800000
2019,10,132,248324,13570893.850000001,10883625.63,1414106.39,43.828327628420936,5.694602172967574,2019,10,132,70628,177696,1569888000000
2017,9,213,78,2759.37,2283.5,310.22,29.275641025641026,3.9771794871794874,2017,9,213,1133,-1055,1504224000000
2025,10,75,32934,685106.83,498490.17,48236.8,15.13603479686646,1.4646505131475072,2025,10,75,50163,-17229,1759276800000
2021,11,64,94,5454.34,5000.54,38.8,53.19723404255319,0.4127659574468085,2021,11,64,346,-252,1635724800000
2016,9,97,11175,177996.81,146949.92,17615.27,13.149880984340045,1.5763105145413872,2016,9,97,19453,-8278,1472688000000
2017,2,106,1720,26753.1,21394.6,2949.92,12.438720930232558,1.7150697674418605,2017,2,106,5266,-3546,1485907200000
2018,11,234,243387,3458420.97,2720620.5,425576.52,11.17816687004647,1.7485589616536628,2018,11,234,208897,34490,1541030400000
2018,5,171,121,4254.34,3704.5,239.61,30.615702479338843,1.9802479338842975,2018,5,171,1364,-1243,1525132800000
2020,5,231,1751,34297.4,24798.49,3355.68,14.162472872644205,1.916436322101656,2020,5,231,2154,-403,1588291200000
2021,7,181,1275,35504.01,28246.87,3697.45,22.154407843137253,2.899960784313725,2021,7,181,6864,-5589,1625097600000
2022,6,154,20,1640.34,1401.3,123.74,70.065,6.186999999999999,2022,6,154,51,-31,1654041600000
2020,5,8,2,120.19,97.85,0.0,48.925,0.0,2020,5,8,13,-11,1588291200000
2021,2,170,42759,680897.03,440341.62,81473.42,10.298220725461306,1.905409855235155,2021,2,170,40580,2179,1612137600000
2017,6,178,144,1619.23,1333.19,100.67,9.258263888888889,0.6990972222222223,2017,6,178,751,-607,1496275200000
2018,11,258,267,8570.66,7426.53,379.54,27.814719101123593,1.421498127340824,2018,11,258,1512,-1245,1541030400000
2016,4,223,8494,152122.82,120162.42,15061.94,14.146741229102895,1.773244643277608,2016,4,223,27715,-19221,1459468800000
2016,12,139,11,379.02,348.18,16.0,31.652727272727272,1.4545454545454546,2016,12,139,661,-650,1480550400000
2018,5,97,9169,148955.64,123474.3,14401.74,13.466495801068818,1.5706990947758752,2018,5,97,15762,-6593,1525132800000
2021,8,15,83,3401.08,2989.54,27.29,36.01855421686747,0.32879518072289154,2021,8,15,493,-410,1627776000000
2022,6,118,7,430.7,373.20000000000005,0.0,53.314285714285724,0.0,2022,6,118,62,-55,1654041600000
2022,2,169,122,3667.11,3277.42,63.64,26.86409836065574,0.5216393442622951,2022,2,169,499,-377,1643673600000
2024,9,195,1144,61095.11,50919.18,4648.94,44.509772727272725,4.063758741258741,2024,9,195,2107,-963,1725148800000
2018,2,210,76,1663.72,1363.5,212.95,17.94078947368421,2.8019736842105263,2018,2,210,869,-793,1517443200000
2025,1,192,146,3824.78,3361.13,30.52,23.021438356164385,0.20904109589041095,2025,1,192,380,-234,1735689600000
2016,3,244,12603,229122.92,190543.76,21894.12,15.118920891851147,1.737214948821709,2016,3,244,46141,-33538,1456790400000
2020,4,11,16,407.96999999999997,356.05,33.0,22.253125,2.0625,2020,4,11,44,-28,1585699200000
2018,10,139,263,11692.82,10763.58,194.36,40.92615969581749,0.7390114068441065,2018,10,139,810,-547,1538352000000
2024,5,122,139,4823.68,4503.1,18.2,32.396402877697845,0.13093525179856114,2024,5,122,373,-234,1714521600000
2019,8,107,133983,2210973.4899999998,1438028.68,263937.15,10.73291895240441,1.9699301403909453,2019,8,107,122996,10987,1564617600000
2024,12,126,227,7315.6,6474.95,95.62,28.524008810572685,0.4212334801762115,2024,12,126,397,-170,1733011200000
2023,4,141,78492,1628494.76,1050301.86,207398.88,13.381005197981962,2.6422932273352697,2023,4,141,86075,-7583,1680307200000
2018,4,49,2879,43368.66,35715.34,4105.51,12.405467176102812,1.4260194511983328,2018,4,49,16197,-13318,1522540800000
2023,5,112,795,23636.83,18238.39,2520.54,22.941371069182388,3.170490566037736,2023,5,112,7742,-6947,1682899200000
2019,7,202,317,8775.77,7333.0,619.73,23.13249211356467,1.9549842271293376,2019,7,202,2936,-2619,1561939200000
2019,2,232,11226,231751.88999999998,172586.09,20675.09,15.373783181899162,1.841714769285587,2019,2,232,31089,-19863,1548979200000
2021,6,174,257,9055.06,7655.51,115.66,29.7879766536965,0.45003891050583655,2021,6,174,663,-406,1622505600000
2016,1,22,164,3389.31,2815.81,359.66,17.169573170731706,2.193048780487805,2016,1,22,2242,-2078,1451606400000
2018,8,179,4167,62251.00000000001,52475.49,4641.24,12.593110151187904,1.1138084953203744,2018,8,179,10645,-6478,1533081600000
2021,3,52,506,10892.7,8285.81,1373.92,16.3751185770751,2.7152569169960477,2021,3,52,1115,-609,1614556800000
2025,5,246,79189,1914151.75,1264718.91,199889.91,15.9708912854058,2.5242130851507154,2025,5,246,90673,-11484,1746057600000
2022,8,101,59,2202.92,2059.9,30.92,34.9135593220339,0.5240677966101696,2022,8,101,383,-324,1659312000000
2019,6,182,371,11890.57,10319.9,134.37,27.81644204851752,0.36218328840970354,2019,6,182,1170,-799,1559347200000
2020,7,263,25573,390108.95999999996,256330.75,43120.08,10.02349157314355,1.686156493176397,2020,7,263,20947,4626,1593561600000
2016,3,232,25312,420120.32,343682.9,45468.07,13.577864254108723,1.796304914664981,2016,3,232,56882,-31570,1456790400000
2016,6,249,240216,3464038.14,2753210.1,402873.69,11.461393495853732,1.6771309571385753,2016,6,249,185311,54905,1464739200000
2019,4,256,4588,87217.61,67460.95,9119.67,14.70378160418483,1.987722319093287,2019,4,256,17396,-12808,1554076800000
2019,7,166,30955,510745.8,379648.04,55385.1,12.264514294944274,1.7892133742529477,2019,7,166,44871,-13916,1561939200000
2020,7,12,106,2722.9,2094.7400000000002,223.73,19.76169811320755,2.1106603773584904,2020,7,12,200,-94,1593561600000
2022,5,151,34187,603411.08,423046.59,79029.28,12.374487085734344,2.311676368210138,2022,5,151,35533,-1346,1651363200000
2020,5,143,4645,73362.12,49348.65,7403.0,10.624036598493003,1.593756727664155,2020,5,143,4553,92,1588291200000
2025,4,226,6200,199158.2,163842.17,13133.68,26.426156451612904,2.118335483870968,2025,4,226,6871,-671,1743465600000
2018,4,205,212,7140.69,6439.0,271.91,30.37264150943396,1.2825943396226416,2018,4,205,1382,-1170,1522540800000
2019,10,170,216051,3881673.5900000003,2565673.32,468386.42,11.875313328797366,2.1679437725351884,2019,10,170,221030,-4979,1569888000000
2022,9,120,25,996.71,721.11,177.54999999999998,28.8444,7.101999999999999,2022,9,120,210,-185,1661990400000
2016,9,132,256421,14461587.42,12051693.49,1373368.95,46.99963532627983,5.3559144921827775,2016,9,132,98892,157529,1472688000000
2017,10,122,21,484.0,404.51,51.79,19.26238095238095,2.466190476190476,2017,10,122,358,-337,1506816000000
2019,3,202,429,10341.8,8445.66,723.19,19.686853146853146,1.6857575757575758,2019,3,202,3696,-3267,1551398400000
2019,4,246,128409,2265648.77,1510842.76,269222.28,11.765863451938728,2.096599771044086,2019,4,246,147480,-19071,1554076800000
2019,8,33,5582,118753.11,93667.33,12230.04,16.780245431744895,2.1909781440343963,2019,8,33,16330,-10748,1564617600000
2025,4,245,6,397.28000000000003,96.4,150.0,16.066666666666666,25.0,2025,4,245,37,-31,1743465600000
2025,7,119,907,28893.85,24852.02,667.24,27.400242557883132,0.7356560088202867,2025,7,119,1623,-716,1751328000000
2018,2,35,150,2739.95,2518.0,53.17,16.786666666666665,0.35446666666666665,2018,2,35,914,-764,1517443200000
2016,9,167,185,2677.35,2192.81,257.12,11.853027027027027,1.3898378378378378,2016,9,167,1578,-1393,1472688000000
2016,5,138,314861,13447843.53,10245269.56,1712867.82,32.539023759690785,5.4400761605915,2016,5,138,156416,158445,1462060800000
2021,9,9,85,3724.99,3263.29,16.11,38.39164705882353,0.18952941176470586,2021,9,9,406,-321,1630454400000
2024,7,85,467,13806.48,12950.28,89.97,27.73079229122056,0.19265524625267666,2024,7,85,862,-395,1719792000000
2018,11,199,2,13.55,10.5,1.45,5.25,0.725,2018,11,199,5,-3,1541030400000
2020,4,256,72,1579.45,1327.24,119.73,18.433888888888887,1.6629166666666668,2020,4,256,277,-205,1585699200000
2016,3,84,1,151.0,120.0,30.2,120.0,30.2,2016,3,84,82,-81,1456790400000
2017,8,35,99,2243.45,1853.31,111.11,18.72030303030303,1.1223232323232324,2017,8,35,1297,-1198,1501545600000
2022,7,57,15,635.71,519.53,94.63,34.63533333333333,6.308666666666666,2022,7,57,178,-163,1656633600000
2017,6,225,1132,17215.96,14446.11,1255.9,12.761581272084806,1.109452296819788,2017,6,225,11387,-10255,1496275200000
2020,5,85,259,7092.9,6328.87,153.86,24.435791505791506,0.5940540540540541,2020,5,85,427,-168,1588291200000
2019,9,8,122,5822.77,4417.2,664.21,36.20655737704918,5.444344262295083,2019,9,8,164,-42,1567296000000
2023,7,51,335,14000.05,12558.08,99.17,37.486805970149256,0.29602985074626864,2023,7,51,619,-284,1688169600000
2024,3,111,10,325.55,309.05,1.0,30.905,0.1,2024,3,111,29,-19,1709251200000
2024,11,221,22,755.42,582.5,2.0,26.477272727272727,0.09090909090909091,2024,11,221,69,-47,1730419200000
2024,12,254,394,15258.18,14049.36,80.89,35.65827411167513,0.20530456852791878,2024,12,254,601,-207,1733011200000
2017,7,135,168,3535.62,2885.1,340.06,17.173214285714284,2.024166666666667,2017,7,135,1883,-1715,1498867200000
2019,2,166,41362,658322.5900000001,483988.48,74046.91,11.701283303515304,1.7902158986509358,2019,2,166,55753,-14391,1548979200000
2017,3,7,19708,266963.46,221990.5,20811.35,11.263979094783844,1.055984879236858,2017,3,7,49924,-30216,1488326400000
2019,2,225,1542,40415.87,36342.75,589.78,23.568579766536963,0.38247730220492865,2019,2,225,6505,-4963,1548979200000
2019,12,181,5328,98892.15,78362.78,9930.92,14.70772897897898,1.8639114114114115,2019,12,181,20679,-15351,1575158400000
2021,3,3,230,7684.18,6522.9,79.81,28.360434782608696,0.34700000000000003,2021,3,3,425,-195,1614556800000
2022,4,90,61224,1080277.39,702084.93,144160.23,11.46747892983144,2.354635927087417,2022,4,90,49115,12109,1648771200000
2024,4,39,1290,43698.19,40424.88,189.44,31.337116279069765,0.14685271317829457,2024,4,39,1842,-552,1711929600000
2025,2,2,3,244.74,189.10000000000002,29.51,63.03333333333334,9.836666666666668,2025,2,2,5,-2,1738368000000
2025,4,87,24575,724901.02,511606.09,72205.12,20.818152187182097,2.938153407934893,2025,4,87,35828,-11253,1743465600000
2016,9,242,113,2641.16,2343.34,111.63,20.737522123893807,0.9878761061946902,2016,9,242,1159,-1046,1472688000000
2021,11,139,164,7442.91,6664.53,19.13,40.637378048780484,0.11664634146341463,2021,11,139,570,-406,1635724800000
2023,3,253,13,656.56,581.0,22.06,44.69230769230769,1.6969230769230768,2023,3,253,48,-35,1677628800000
2016,11,261,57379,1165334.99,966672.54,118904.51,16.84714860837589,2.07226528869447,2016,11,261,51307,6072,1477958400000
2016,3,60,74,1317.96,1141.32,59.08,15.423243243243242,0.7983783783783783,2016,3,60,746,-672,1456790400000
2018,5,13,84112,1708893.47,1375440.94,213358.08,16.352493579988586,2.5365950161689175,2018,5,13,86014,-1902,1525132800000
2018,4,101,59,2506.26,2183.31,206.87,37.005254237288135,3.506271186440678,2018,4,101,575,-516,1522540800000
2018,4,182,212,5654.19,5069.5,107.64,23.912735849056602,0.5077358490566037,2018,4,182,1214,-1002,1522540800000
2016,12,122,9,244.44,219.5,14.29,24.38888888888889,1.5877777777777777,2016,12,122,342,-333,1480550400000
2019,11,222,332,11603.24,10306.59,37.5,31.043945783132532,0.11295180722891567,2019,11,222,648,-316,1572566400000
2020,8,94,219,6874.16,6067.34,243.21,27.704748858447488,1.1105479452054794,2020,8,94,341,-122,1596240000000
2016,9,78,96,1877.53,1554.1100000000001,185.47,16.188645833333336,1.9319791666666666,2016,9,78,989,-893,1472688000000
2024,1,62,383,11765.26,10807.26,242.73,28.21738903394256,0.6337597911227154,2024,1,62,1437,-1054,1704067200000
2024,7,109,2,164.35,140.47,5.0,70.235,2.5,2024,7,109,32,-30,1719792000000
2019,8,62,528,13529.87,12016.44,328.45,22.75840909090909,0.622064393939394,2019,8,62,2754,-2226,1564617600000
2021,8,91,331,13143.4,11191.43,246.93,33.8109667673716,0.7460120845921451,2021,8,91,1283,-952,1627776000000
2020,10,9,150,5232.93,4573.28,426.47,30.488533333333333,2.8431333333333337,2020,10,9,240,-90,1601510400000
2023,8,59,4,118.03999999999999,103.1,0.0,25.775,0.0,2023,8,59,26,-22,1690848000000
2024,11,142,120898,2684167.49,1768431.55,347478.96,14.627467369187249,2.8741497791526744,2024,11,142,103834,17064,1730419200000
2020,5,71,508,13362.19,12024.48,248.47,23.67023622047244,0.48911417322834644,2020,5,71,890,-382,1588291200000
2022,5,153,34,1026.62,896.23,57.89,26.35970588235294,1.7026470588235294,2022,5,153,177,-143,1651363200000
2020,5,223,251,5982.59,4771.02,413.36,19.008047808764942,1.6468525896414343,2020,5,223,750,-499,1588291200000
2022,12,246,49390,1052701.86,712765.81,132335.5,14.431379024093948,2.6793986636971048,2022,12,246,56693,-7303,1669852800000
2020,9,228,533,19116.04,16222.32,1586.82,30.435872420262665,2.977148217636022,2020,9,228,994,-461,1598918400000
2023,8,62,259,8411.83,7529.57,267.25,29.07169884169884,1.031853281853282,2023,8,62,1583,-1324,1690848000000
2022,6,163,102489,2341017.26,1683938.54,254071.49,16.430431948794507,2.4790122842451385,2022,6,163,87356,15133,1654041600000
2018,7,196,637,16805.91,14049.49,1216.19,22.055714285714284,1.9092464678178964,2018,7,196,2904,-2267,1530403200000
2023,4,98,43,1349.27,1223.53,16.39,28.454186046511627,0.38116279069767445,2023,4,98,448,-405,1680307200000
2019,7,220,368,10810.93,9471.52,164.5,25.737826086956524,0.4470108695652174,2019,7,220,2881,-2513,1561939200000
2023,6,143,35710,783966.89,514980.04,99650.21,14.42117166059927,2.790540744889387,2023,6,143,48520,-12810,1685577600000
2019,4,245,5,252.28,189.81,20.74,37.962,4.148,2019,4,245,96,-91,1554076800000
2022,5,237,173546,2756600.83,1756105.49,362368.2,10.118962638147812,2.0880239244926417,2022,5,237,150514,23032,1651363200000
2020,6,85,251,8850.53,7980.63,222.54,31.795338645418326,0.886613545816733,2020,6,85,371,-120,1590969600000
2024,3,115,10,511.61,446.53,0.0,44.653,0.0,2024,3,115,36,-26,1709251200000
2022,7,172,4,58.900000000000006,54.2,0.0,13.55,0.0,2022,7,172,46,-42,1656633600000
2020,7,261,1949,44895.64000000001,33780.69,3967.33,17.3323191380195,2.035572088250385,2020,7,261,1885,64,1593561600000
2019,9,115,9,797.1800000000001,660.0,68.07,73.33333333333333,7.563333333333333,2019,9,115,130,-121,1567296000000
2018,4,142,285676,3841816.08,3042289.34,447562.10000000003,10.6494397149218,1.5666772847561574,2018,4,142,254738,30938,1522540800000
2020,6,195,173,5889.36,5002.99,330.48,28.919017341040462,1.9102890173410405,2020,6,195,307,-134,1590969600000
2025,1,58,29,964.21,760.23,17.71,26.214827586206898,0.6106896551724138,2025,1,58,74,-45,1735689600000
2018,5,210,256,8886.2,8086.0,177.38,31.5859375,0.692890625,2018,5,210,1299,-1043,1525132800000
2023,12,203,161,7822.92,7221.88,45.0,44.85639751552795,0.2795031055900621,2023,12,203,640,-479,1701388800000
2021,7,265,11657,598528.96,570969.57,14673.52,48.98083297589431,1.258773269280261,2021,7,265,10069,1588,1625097600000
2021,11,185,126,4891.26,4125.0,79.3,32.73809523809524,0.6293650793650793,2021,11,185,425,-299,1635724800000
2022,5,53,43,1669.26,1389.28,135.03,32.308837209302325,3.1402325581395347,2022,5,53,463,-420,1651363200000
2022,4,161,140788,2577606.93,1689694.61,334444.33,12.00169481774015,2.375517302611018,2022,4,161,131122,9666,1648771200000
2021,9,67,56,2455.85,2076.12,48.46,37.07357142857143,0.8653571428571428,2021,9,67,389,-333,1630454400000
2021,1,259,250,9834.6,8458.14,410.61,33.83256,1.6424400000000001,2021,1,259,549,-299,1609459200000
2019,4,60,233,7722.78,6793.06,43.05,29.154763948497855,0.18476394849785407,2019,4,60,643,-410,1554076800000
2021,5,13,10343,239663.84,167537.69,31975.8,16.198171710335494,3.0915401720970705,2021,5,13,14164,-3821,1619827200000
2025,5,19,525,14735.45,13072.19,310.46,24.899409523809524,0.591352380952381,2025,5,19,917,-392,1746057600000
2019,9,221,7,305.44,242.0,23.46,34.57142857142857,3.3514285714285714,2019,9,221,134,-127,1567296000000
2017,3,28,606,26986.57,21848.4,2803.57,36.05346534653466,4.626353135313532,2017,3,28,2218,-1612,1488326400000
2019,4,107,165665,2755073.7199999997,1795341.3,330245.74,10.83717924727613,1.9934551051821445,2019,4,107,152229,13436,1554076800000
2025,10,123,611,16909.68,15688.44,99.75,25.676661211129296,0.1632569558101473,2025,10,123,1143,-532,1759276800000
2018,2,36,771,13282.39,10771.9,1456.4,13.971335927367056,1.888975356679637,2018,2,36,5912,-5141,1517443200000
2018,3,159,700,12355.34,10863.26,515.51,15.518942857142857,0.7364428571428572,2018,3,159,3353,-2653,1519862400000
2021,7,112,743,19863.97,15081.86,2473.82,20.298600269179005,3.3295020188425304,2021,7,112,6022,-5279,1625097600000
2025,6,17,5522,148056.44,129092.56,1192.75,23.377863093082215,0.21599963781238682,2025,6,17,7902,-2380,1748736000000
2019,11,111,10,129.62,96.0,10.62,9.6,1.0619999999999998,2019,11,111,105,-95,1572566400000
2019,7,238,114739,1805511.01,1205832.25,207534.43,10.509349480124456,1.8087522986952997,2019,7,238,117793,-3054,1561939200000
2024,9,29,273,11233.37,10458.82,119.08999999999999,38.31069597069597,0.4362271062271062,2024,9,29,699,-426,1725148800000
2025,1,117,356,16767.55,15537.38,21.2,43.644325842696624,0.05955056179775281,2025,1,117,605,-249,1735689600000
2016,7,159,525,8304.3,7162.28,431.71,13.642438095238095,0.8223047619047619,2016,7,159,3162,-2637,1467331200000
2023,7,249,64636,1471234.79,965016.25,194075.12000000002,14.930011912865895,3.002585556036884,2023,7,249,48104,16532,1688169600000
2022,3,128,13,366.18,267.24,55.44,20.556923076923077,4.264615384615384,2022,3,128,226,-213,1646092800000
2020,4,249,2097,31495.7,20602.86,3411.2,9.824921316165952,1.6267048164043871,2020,4,249,1967,130,1585699200000
2020,9,94,184,5834.72,5062.93,350.93,27.51592391304348,1.9072282608695652,2020,9,94,362,-178,1598918400000
2023,6,185,78,2775.6,2513.84,44.61,32.22871794871795,0.5719230769230769,2023,6,185,402,-324,1685577600000
2025,7,207,315,11515.23,9012.64,1372.26,28.611555555555555,4.3563809523809525,2025,7,207,234,81,1751328000000
2019,12,130,1531,82845.3,65026.97,7800.84,42.47352710646636,5.095258001306336,2019,12,130,4688,-3157,1575158400000
2022,1,218,121,4498.34,4197.09,50.8,34.686694214876034,0.41983471074380163,2022,1,218,648,-527,1640995200000
2018,12,140,140672,1978913.9200000002,1586376.71,220703.81,11.27713198077798,1.5689249459736123,2018,12,140,145353,-4681,1543622400000
2025,2,84,1,33.8,32.3,0.0,32.3,0.0,2025,2,84,20,-19,1738368000000
2018,2,176,3,229.46,204.5,23.06,68.16666666666667,7.6866666666666665,2018,2,176,53,-50,1517443200000
2018,2,80,3057,48997.49,39455.79,5397.63,12.906702649656527,1.7656624141315016,2018,2,80,13130,-10073,1517443200000
2018,10,48,273865,4032125.1100000003,3228550.22,433672.08999999997,11.78883836926953,1.5835250579665163,2018,10,48,231748,42117,1538352000000
2018,12,216,1729,83378.83,71077.19,5242.26,41.10884326200116,3.0319606709080396,2018,12,216,3429,-1700,1543622400000
2024,12,224,5032,123902.25,88327.62,12302.06,17.55318362480127,2.4447655007949125,2024,12,224,14419,-9387,1733011200000
2021,3,232,2492,61253.51,47865.01,3711.79,19.20746789727127,1.4894823434991975,2021,3,232,9977,-7485,1614556800000
2024,7,251,6,393.81,269.02,58.71,44.836666666666666,9.785,2024,7,251,42,-36,1719792000000
2025,4,78,827,23812.57,21292.21,61.47,25.74632406287787,0.07432889963724304,2025,4,78,1099,-272,1743465600000
2018,9,18,215,5859.12,5209.95,188.37,24.232325581395347,0.876139534883721,2018,9,18,1331,-1116,1535760000000
2020,7,165,246,8348.66,7475.41,424.76,30.387845528455284,1.7266666666666666,2020,7,165,412,-166,1593561600000
2024,7,38,217,10905.15,10169.06,171.42,46.86202764976958,0.7899539170506912,2024,7,38,997,-780,1719792000000
2016,1,23,9,672.0300000000001,366.0,262.05,40.666666666666664,29.116666666666667,2016,1,23,224,-215,1451606400000
2016,9,207,393,4258.61,3445.64,343.83,8.767531806615775,0.8748854961832061,2016,9,207,462,-69,1472688000000
2021,8,41,11436,192396.91,147021.65,18201.34,12.856037950332283,1.5915827212311997,2021,8,41,21577,-10141,1627776000000
2025,9,179,3319,93043.73,75767.63,1501.7,22.82845134076529,0.45245555890328415,2025,9,179,4890,-1571,1756684800000
2017,1,53,69,1454.46,1201.5,128.95,17.41304347826087,1.8688405797101448,2017,1,53,972,-903,1483228800000
2017,1,217,946,11492.53,9574.51,751.22,10.121046511627908,0.7941014799154335,2017,1,217,3514,-2568,1483228800000
2021,4,250,321,11672.56,9686.43,115.21000000000001,30.175794392523365,0.3589096573208723,2021,4,250,524,-203,1617235200000
2025,7,149,611,14891.87,13546.2,86.35,22.170540098199673,0.1413256955810147,2025,7,149,1091,-480,1751328000000
2020,4,17,219,4961.01,4287.46,277.33,19.57744292237443,1.2663470319634702,2020,4,17,472,-253,1585699200000
2024,3,59,13,636.76,555.02,13.6,42.69384615384615,1.0461538461538462,2024,3,59,24,-11,1709251200000
2023,7,233,38564,947068.62,630690.19,115014.6,16.3543768799917,2.982434394772327,2023,7,233,47666,-9102,1688169600000
2021,5,229,58373,894619.9800000001,569766.92,112063.58,9.760795573295875,1.9197844894043479,2021,5,229,57292,1081,1619827200000
2023,9,87,16893,563842.73,408998.29,68288.76000000001,24.211110519149944,4.042429408630794,2023,9,87,22954,-6061,1693526400000
2017,8,46,4,133.02,115.5,8.56,28.875,2.14,2017,8,46,141,-137,1501545600000
2020,1,248,256,8757.71,7570.58,83.33,29.572578125,0.3255078125,2020,1,248,798,-542,1577836800000
2017,8,49,2861,42385.72,34665.61,4038.7,12.116606081789584,1.4116392869626004,2017,8,49,15511,-12650,1501545600000
2020,2,147,200,6556.07,5639.13,13.26,28.19565,0.0663,2020,2,147,718,-518,1580515200000
2022,9,30,35,183.78,168.93,5.85,4.8265714285714285,0.16714285714285712,2022,9,30,51,-16,1661990400000
2023,9,20,76,2641.45,2305.69,67.59,30.338026315789474,0.8893421052631579,2023,9,20,248,-172,1693526400000
2019,7,98,177,5573.6,4985.58,83.96000000000001,28.167118644067795,0.47435028248587574,2019,7,98,1311,-1134,1561939200000
2024,3,144,37042,872328.55,604954.15,94067.47,16.331573619135035,2.539481399492468,2024,3,144,35933,1109,1709251200000
2017,6,98,40,774.0,640.0,61.38,16.0,1.5345,2017,6,98,1369,-1329,1496275200000
2019,12,28,1151,66501.02,52057.33,6681.89,45.22791485664639,5.805291051259775,2019,12,28,3874,-2723,1575158400000
2020,1,129,2869,58417.590000000004,48907.54,3168.73,17.046894388288603,1.1044719414430115,2020,1,129,13771,-10902,1577836800000
2018,11,227,359,11249.66,9842.33,477.18,27.415961002785515,1.329192200557103,2018,11,227,1824,-1465,1541030400000
2024,4,182,361,13734.0,12509.39,22.65,34.65204986149584,0.06274238227146814,2024,4,182,435,-74,1711929600000
2021,5,185,268,9470.76,8099.68,144.19,30.222686567164182,0.5380223880597015,2021,5,185,562,-294,1619827200000
2023,12,178,49,1753.15,1585.26,36.75,32.35224489795918,0.75,2023,12,178,265,-216,1701388800000
2025,5,140,83542,1871377.1,1240799.34,202857.02,14.852401666227767,2.428204017141079,2025,5,140,84008,-466,1746057600000
2018,9,24,24006,343488.39,276800.98,37357.99,11.530491543780721,1.5561938681996166,2018,9,24,27037,-3031,1535760000000
2018,6,234,265835,3687446.06,2887947.01,452085.73,10.863682396975566,1.7006253126939643,2018,6,234,232192,33643,1527811200000
2021,2,226,2077,48204.95,38005.46,3944.19,18.29824747231584,1.8989841116995667,2021,2,226,3479,-1402,1612137600000
2020,12,114,11439,187209.28,121283.51,24625.9,10.602632223096425,2.1528018183407642,2020,12,114,10064,1375,1606780800000
2021,3,210,442,16402.82,14249.19,209.63,32.237986425339365,0.4742760180995475,2021,3,210,743,-301,1614556800000
2021,5,225,855,29677.8,25457.28,696.95,29.77459649122807,0.8151461988304094,2021,5,225,2572,-1717,1619827200000
2016,9,42,16918,232824.23,194173.64,17075.92,11.477340111124247,1.0093344366946446,2016,9,42,45066,-28148,1472688000000
2019,10,182,315,10729.89,9080.29,35.64,28.826317460317462,0.11314285714285714,2019,10,182,972,-657,1569888000000
2021,5,35,943,31773.44,27293.47,161.49,28.94323435843054,0.17125132555673384,2021,5,35,1483,-540,1619827200000
2023,7,23,78,5823.0599999999995,4900.56,2.0,62.82769230769231,0.02564102564102564,2023,7,23,160,-82,1688169600000
2024,4,68,92637,2353495.72,1609660.28,286277.86,17.37599749560111,3.090318771117372,2024,4,68,91160,1477,1711929600000
2022,10,244,2742,69149.84,55062.12,7162.82,20.081006564551423,2.612261123267688,2022,10,244,12127,-9385,1664582400000
2024,8,117,359,18425.29,17243.76,0.0,48.03275766016713,0.0,2024,8,117,559,-200,1722470400000
2021,5,83,192,5142.89,4411.41,148.56,22.97609375,0.77375,2021,5,83,793,-601,1619827200000
2018,9,33,9622,184324.55,152389.42,20783.97,15.83760340885471,2.1600467678237374,2018,9,33,24015,-14393,1535760000000
2019,1,53,205,7792.84,7059.28,52.3,34.43551219512195,0.2551219512195122,2019,1,53,789,-584,1546300800000
2018,2,220,203,3800.74,3299.02,192.65,16.251330049261085,0.9490147783251232,2018,2,220,3056,-2853,1517443200000
2020,5,164,3124,49970.65,33572.24,4704.38,10.746555697823302,1.5058834827144687,2020,5,164,3521,-397,1588291200000
2016,3,75,74242,998502.5700000001,815486.42,90261.94,10.984165566660382,1.2157800167021362,2016,3,75,139177,-64935,1456790400000
2020,3,39,549,15544.56,14261.18,194.87,25.97664845173042,0.3549544626593807,2020,3,39,1537,-988,1583020800000
2021,11,108,97,4171.71,3615.73,67.03,37.27556701030928,0.6910309278350516,2021,11,108,267,-170,1635724800000
2016,1,135,269,5577.04,4806.1,384.82,17.86654275092937,1.4305576208178439,2016,1,135,2489,-2220,1451606400000
2016,1,30,3,212.89999999999998,210.5,0.0,70.16666666666667,0.0,2016,1,30,43,-40,1451606400000
2020,1,89,1323,38402.79,32531.33,657.0,24.589062736205594,0.4965986394557823,2020,1,89,5429,-4106,1577836800000
2020,10,145,2133,25196.71,20022.73,1710.88,9.387121425222691,0.8021003281762776,2020,10,145,4897,-2764,1601510400000
2023,4,121,158,4960.37,4356.43,120.04,27.5723417721519,0.759746835443038,2023,4,121,663,-505,1680307200000
2023,2,63,82,3038.25,2648.45,133.35,32.298170731707316,1.626219512195122,2023,2,63,478,-396,1675209600000
2016,7,77,117,2757.64,2268.6,290.5,19.38974358974359,2.482905982905983,2016,7,77,946,-829,1467331200000
2023,11,74,6326,138526.37,106407.48,11271.68,16.82065760354094,1.7818020866266204,2023,11,74,21363,-15037,1698796800000
2024,8,10,1429,97659.95,79435.59,10020.84,55.58823652904128,7.012484254723583,2024,8,10,3819,-2390,1722470400000
2018,2,245,7,379.12,352.65999999999997,22.16,50.379999999999995,3.165714285714286,2018,2,245,81,-74,1517443200000
2021,12,94,74,2339.9,2017.58,43.120000000000005,27.264594594594595,0.5827027027027027,2021,12,94,277,-203,1638316800000
2024,10,55,536,22260.15,20981.13,79.22,39.14389925373135,0.14779850746268655,2024,10,55,853,-317,1727740800000
2017,10,198,278,4974.29,4271.0,311.71,15.363309352517986,1.1212589928057553,2017,10,198,5018,-4740,1506816000000
2016,1,193,4427,54523.08,45354.47,4511.94,10.244967246442286,1.0191868082222724,2016,1,193,6165,-1738,1451606400000
2020,7,6,7,389.89,286.26,25.71,40.894285714285715,3.672857142857143,2020,7,6,24,-17,1593561600000
2022,3,247,283,6852.32,5829.18,229.39,20.597809187279154,0.8105653710247349,2022,3,247,1142,-859,1646092800000
2024,12,33,2972,97101.7,80462.27,7404.66,27.073442126514134,2.491473755047106,2024,12,33,9516,-6544,1733011200000
2025,5,211,39825,955786.28,640903.08,95904.38,16.092983804143124,2.408145134965474,2025,5,211,41728,-1903,1746057600000
2019,9,59,10,419.08,365.61,0.0,36.561,0.0,2019,9,59,38,-28,1567296000000
2020,12,155,458,16176.81,14056.52,1206.05,30.69109170305677,2.633296943231441,2020,12,155,652,-194,1606780800000
2016,9,258,156,5629.06,4837.01,521.16,31.006474358974362,3.3407692307692307,2016,9,258,1911,-1755,1472688000000
2017,4,252,47,3660.04,3140.57,361.76,66.82063829787235,7.697021276595745,2017,4,252,1434,-1387,1491004800000
2017,3,57,29,921.78,775.5,82.76,26.74137931034483,2.853793103448276,2017,3,57,452,-423,1488326400000
2021,10,172,4,355.8,270.0,15.649999999999999,67.5,3.9124999999999996,2021,10,172,41,-37,1633046400000
2021,12,138,92013,4182291.7600000002,2882261.29,559449.37,31.32450077706411,6.080112266744917,2021,12,138,41317,50696,1638316800000
2020,8,169,459,16364.86,14569.25,647.26,31.74128540305011,1.410152505446623,2020,8,169,915,-456,1596240000000
2024,6,17,1384,40981.97,37438.64,628.53,27.051040462427746,0.4541401734104046,2024,6,17,4008,-2624,1717200000000
2024,7,236,109672,2243197.85,1453882.27,280630.53,13.256640436939238,2.558816562112481,2024,7,236,114970,-5298,1719792000000
2025,7,120,89,2603.55,2248.66,25.18,25.26584269662921,0.28292134831460675,2025,7,120,308,-219,1751328000000
2020,11,79,30565,505005.13,332545.92,62370.18,10.879958122035006,2.040575167675446,2020,11,79,27051,3514,1604188800000
2021,3,61,1794,55171.35,47392.21,875.42,26.4170624303233,0.4879710144927536,2021,3,61,3890,-2096,1614556800000
2022,1,98,23,704.5699999999999,589.39,69.08,25.625652173913043,3.003478260869565,2022,1,98,291,-268,1640995200000
2022,3,68,90149,1640814.6099999999,1080946.49,214366.59000000003,11.990665342932257,2.377914230884425,2022,3,68,88295,1854,1646092800000
2020,5,166,3388,48400.14,37317.46,4402.96,11.014598583234946,1.2995749704840613,2020,5,166,3821,-433,1588291200000
2021,5,192,148,5019.68,4373.39,35.79,29.549932432432435,0.24182432432432432,2021,5,192,294,-146,1619827200000
2017,2,69,430,6163.3,5208.13,404.6,12.111930232558139,0.9409302325581396,2017,2,69,3738,-3308,1485907200000
2022,3,2,1,74.2,52.0,12.35,52.0,12.35,2022,3,2,3,-2,1646092800000
2019,6,226,10468,245290.97,196306.12,20976.27,18.752972869698127,2.003846962170424,2019,6,226,15731,-5263,1559347200000
2023,2,234,81317,1780346.92,1142811.35,235780.5,14.053781497103929,2.8995228549995695,2023,2,234,70573,10744,1675209600000
2024,1,100,48093,1119433.17,747361.82,131787.89,15.53992930364086,2.7402717651217436,2024,1,100,38995,9098,1704067200000
2024,6,221,11,645.25,448.96000000000004,41.44,40.81454545454546,3.767272727272727,2024,6,221,82,-71,1717200000000
2021,11,189,441,12465.5,9972.66,1530.89,22.61374149659864,3.47140589569161,2021,11,189,2743,-2302,1635724800000
2018,10,101,232,11354.039999999999,10177.85,418.94,43.870043103448275,1.8057758620689655,2018,10,101,743,-511,1538352000000
2025,9,129,4859,160620.46,130984.38,8071.84,26.95706523976127,1.6612142416135007,2025,9,129,6877,-2018,1756684800000
2020,8,200,145,5985.43,5188.29,237.54,35.78131034482759,1.638206896551724,2020,8,200,463,-318,1596240000000
2018,2,55,74,1547.37,1345.5,128.25,18.18243243243243,1.7331081081081081,2018,2,55,687,-613,1517443200000
2022,2,86,144,7590.39,7047.6,11.79,48.94166666666667,0.08187499999999999,2022,2,86,615,-471,1643673600000
2024,8,12,1972,63295.02,47610.02,6789.28,24.143012170385393,3.442839756592292,2024,8,12,2618,-646,1722470400000
2025,5,81,712,20780.01,18628.71,13.77,26.16391853932584,0.019339887640449437,2025,5,81,981,-269,1746057600000
2018,11,45,16200,290328.62,242009.16,28268.57,14.938837037037038,1.7449734567901234,2018,11,45,21737,-5537,1541030400000
2020,7,150,80,2478.77,2227.26,137.25,27.840750000000003,1.715625,2020,7,150,161,-81,1593561600000
2021,12,222,132,4844.43,4291.02,42.01,32.50772727272727,0.31825757575757574,2021,12,222,304,-172,1638316800000
2021,4,157,205,7103.55,5659.03,298.56,27.6050243902439,1.456390243902439,2021,4,157,782,-577,1617235200000
2021,6,112,680,18250.62,14182.54,2120.79,20.856676470588237,3.118808823529412,2021,6,112,5269,-4589,1622505600000
2023,8,40,369,11569.539999999999,8465.08,1407.45,22.94059620596206,3.814227642276423,2023,8,40,2385,-2016,1690848000000
2022,10,132,190068,11477595.64,8767148.89,1368695.9399999997,46.126380505924196,7.201085611465369,2022,10,132,58202,131866,1664582400000
2017,5,98,40,1143.82,1007.0,69.4,25.175,1.735,2017,5,98,1232,-1192,1493596800000
2017,4,247,1991,33179.76,27912.8,2503.46,14.019487694625816,1.2573882471120041,2017,4,247,5009,-3018,1491004800000
2019,6,52,3711,71099.31,54160.97,9262.89,14.594710320668284,2.496063055780113,2019,6,52,5405,-1694,1559347200000
2016,4,85,473,10144.38,8558.51,1019.61,18.094101479915434,2.1556236786469345,2016,4,85,2109,-1636,1459468800000
2024,12,173,203,5920.34,5126.66,199.95,25.25448275862069,0.984975369458128,2024,12,173,688,-485,1733011200000
2023,3,265,3551,261035.08,237404.35,16533.27,66.8556322162771,4.655947620388623,2023,3,265,12206,-8655,1677628800000
2023,2,130,437,24501.25,20331.25,2038.34,46.524599542334094,4.664393592677345,2023,2,130,1332,-895,1675209600000
2017,3,117,12,323.75,287.5,14.0,23.958333333333332,1.1666666666666667,2017,3,117,351,-339,1488326400000
2022,6,59,3,32.0,31.2,0.0,10.4,0.0,2022,6,59,17,-14,1654041600000
2019,7,111,14,467.71,378.15,54.42,27.010714285714283,3.8871428571428575,2019,7,111,90,-76,1561939200000
2025,11,264,6138,192385.4,133193.46,25278.01,21.699814271749755,4.11828119908765,2025,11,264,7971,-1833,1761955200000
2024,12,4,5972,148587.35,109505.31,12928.64,18.336455123911588,2.164876088412592,2024,12,4,14223,-8251,1733011200000
2019,2,260,3548,74036.37,60091.92,5473.72,16.93684329199549,1.542762119503946,2019,2,260,7204,-3656,1548979200000
2022,8,120,20,618.43,495.7,83.33,24.785,4.1665,2022,8,120,163,-143,1659312000000
2016,11,225,1389,23697.3,19146.79,2756.33,13.784586033117352,1.9843988480921526,2016,11,225,12167,-10778,1477958400000
2023,9,168,545,17508.69,15070.1,714.96,27.651559633027524,1.3118532110091743,2023,9,168,1687,-1142,1693526400000
2021,2,109,3,110.92,89.0,10.0,29.666666666666668,3.3333333333333335,2021,2,109,21,-18,1612137600000
2018,7,101,105,3975.7,3638.23,102.47999999999999,34.64980952380952,0.9759999999999999,2018,7,101,589,-484,1530403200000
2024,4,105,1,27.95,18.4,5.55,18.4,5.55,2024,4,105,1,0,1711929600000
2022,1,6,5,364.87,300.58,21.89,60.116,4.378,2022,1,6,30,-25,1640995200000
2023,5,212,88,3012.92,2654.36,27.16,30.16318181818182,0.30863636363636365,2023,5,212,332,-244,1682899200000
2022,12,123,77,2578.23,2265.66,82.37,29.42415584415584,1.0697402597402599,2022,12,123,575,-498,1669852800000
2016,12,141,246973,3150143.84,2514746.84,344475.84,10.182274337680637,1.3947914954266256,2016,12,141,242360,4613,1480550400000
2019,6,3,220,7461.84,6631.83,148.39,30.14468181818182,0.6745,2019,6,3,619,-399,1559347200000
2019,9,212,194,4744.81,4074.98,64.25,21.00505154639175,0.33118556701030927,2019,9,212,915,-721,1567296000000
2024,3,40,611,19063.66,15122.49,1364.43,24.750392798690672,2.2331096563011457,2024,3,40,2984,-2373,1709251200000
2020,1,236,272595,4038778.9800000004,2557908.49,492903.63,9.383548817843321,1.8081902822869091,2020,1,236,289289,-16694,1577836800000
2022,9,138,93188,4379344.98,3037246.74,590883.6100000001,32.592680817272615,6.340769305060738,2022,9,138,47296,45892,1661990400000
2025,4,63,1258,34332.44,31325.39,67.78,24.900945945945946,0.053879173290938,2025,4,63,1652,-394,1743465600000
2025,1,198,740,18929.72,15815.17,287.77,21.371851351351353,0.38887837837837835,2025,1,198,1992,-1252,1735689600000
2021,9,137,40980,728279.0800000001,485143.19,84181.97,11.838535627135188,2.0542208394338703,2021,9,137,41680,-700,1630454400000
2022,11,241,117,3456.65,3126.13,106.02,26.71905982905983,0.9061538461538461,2022,11,241,515,-398,1667260800000
2024,1,118,9,952.58,894.33,10.05,99.37,1.1166666666666667,2024,1,118,66,-57,1704067200000
2024,8,64,72,2912.7,2519.35,101.99,34.99097222222222,1.4165277777777776,2024,8,64,523,-451,1722470400000
2022,9,225,367,11536.68,9704.54,1153.79,26.44288828337875,3.143841961852861,2022,9,225,3395,-3028,1661990400000
2022,11,71,105,3266.85,2940.11,75.74,28.001047619047622,0.7213333333333333,2022,11,71,653,-548,1667260800000
2021,11,115,11,622.9,508.85,15.0,46.25909090909091,1.3636363636363635,2021,11,115,61,-50,1635724800000
2021,5,111,5,126.64999999999999,117.99000000000001,4.66,23.598000000000003,0.932,2021,5,111,36,-31,1619827200000
2024,10,65,3578,110865.72,91116.78,8709.02,25.465841252096144,2.434046953605366,2024,10,65,6123,-2545,1727740800000
2021,4,230,36273,607366.42,399348.62,69157.33,11.00952829928597,1.906578722465746,2021,4,230,29405,6868,1617235200000
2016,11,59,8,184.18,157.5,17.78,19.6875,2.2225,2016,11,59,59,-51,1477958400000
2024,9,114,55070,1260886.1,853882.68,147016.82,15.505405483929545,2.669635373161431,2024,9,114,40388,14682,1725148800000
2018,7,225,784,15414.77,13597.4,733.47,17.34362244897959,0.9355484693877552,2018,7,225,7734,-6950,1530403200000
2020,5,33,231,5144.85,4133.27,597.48,17.892943722943723,2.5864935064935066,2020,5,33,600,-369,1588291200000
2016,1,101,29,750.69,670.52,42.89,23.121379310344828,1.4789655172413794,2016,1,101,536,-507,1451606400000
2018,7,91,342,10844.32,9916.09,213.08,28.99441520467836,0.6230409356725146,2018,7,91,1713,-1371,1530403200000
2022,7,239,84854,1478479.56,960940.08,198663.07,11.32462912767813,2.341234001932732,2022,7,239,81188,3666,1656633600000
2016,6,227,185,4101.03,3594.51,243.35,19.429783783783783,1.3154054054054054,2016,6,227,2888,-2703,1464739200000
2017,7,159,458,7171.09,6190.41,324.15999999999997,13.51617903930131,0.707772925764192,2017,7,159,2892,-2434,1498867200000
2023,10,128,29,1073.56,893.52,85.8,30.811034482758622,2.9586206896551723,2023,10,128,208,-179,1696118400000
2025,2,132,125460,9021269.91,6925776.29,1091571.24,55.20306304798342,8.700551889048302,2025,2,132,27193,98267,1738368000000
2024,2,19,125,6337.39,5680.26,254.11,45.442080000000004,2.03288,2024,2,19,446,-321,1706745600000
2022,8,125,16087,313592.97000000003,210097.97,41694.75,13.060108783489774,2.5918288058680923,2022,8,125,14990,1097,1659312000000
2018,4,95,1177,26481.84,21913.22,1904.15,18.617858963466443,1.6177994902293968,2018,4,95,10809,-9632,1522540800000
2023,12,100,54503,1413277.39,972434.26,164405.74,17.841848338623564,3.0164530392822413,2023,12,100,47964,6539,1701388800000
2024,6,119,318,11847.14,10452.83,427.69,32.87053459119497,1.344937106918239,2024,6,119,759,-441,1717200000000
2017,9,217,833,10811.429999999998,9033.3,736.26,10.844297719087635,0.8838655462184873,2017,9,217,3165,-2332,1504224000000
2016,8,73,25,449.08,396.0,24.04,15.84,0.9616,2016,8,73,706,-681,1470009600000
2017,11,68,217716,3584584.56,2936873.96,365479.9,13.489472340112806,1.6787002333314962,2017,11,68,207283,10433,1509494400000
2024,12,264,9580,287681.62,204459.55,35259.18,21.34233298538622,3.680498956158664,2024,12,264,13909,-4329,1733011200000
2016,8,262,109486,1549191.75,1242451.16,172671.73,11.348036826626235,1.5771124161993315,2016,8,262,108934,552,1470009600000
2019,10,29,168,5969.8,5281.9,171.83,31.43988095238095,1.0227976190476191,2019,10,29,888,-720,1569888000000
2018,10,3,194,6545.53,5804.63,202.81,29.92077319587629,1.0454123711340206,2018,10,3,599,-405,1538352000000
2018,9,197,541,22373.12,18894.92,1491.01,34.92591497227357,2.756025878003697,2018,9,197,2257,-1716,1535760000000
2020,2,250,276,9542.81,8104.9,75.88,29.365579710144925,0.27492753623188404,2020,2,250,695,-419,1580515200000
2020,4,38,59,3038.5,2692.87,109.83,45.64186440677966,1.8615254237288135,2020,4,38,50,9,1585699200000
2021,1,180,71,2489.42,2120.57,107.96,29.86718309859155,1.52056338028169,2021,1,180,226,-155,1609459200000
2022,11,17,395,10845.55,9044.11,1116.54,22.896481012658228,2.826683544303797,2022,11,17,3813,-3418,1667260800000
2021,10,169,204,7250.95,6245.97,81.89,30.6175,0.401421568627451,2021,10,169,650,-446,1633046400000
2018,1,101,41,1449.8,1312.5,87.48,32.01219512195122,2.133658536585366,2018,1,101,431,-390,1514764800000
2018,8,83,986,17823.15,15225.95,1031.65,15.44213995943205,1.0462981744421909,2018,8,83,3347,-2361,1533081600000
2021,3,161,64493,1393134.83,1028394.42,122706.19,15.945830090087297,1.9026280371513187,2021,3,161,55297,9196,1614556800000
2023,6,98,68,2031.98,1837.15,44.980000000000004,27.016911764705885,0.6614705882352941,2023,6,98,654,-586,1685577600000
2023,7,115,5,702.1700000000001,586.4,27.17,117.28,5.434,2023,7,115,42,-37,1688169600000
2017,7,38,28,1448.19,1236.5,143.69,44.160714285714285,5.131785714285714,2017,7,38,559,-531,1498867200000
2018,12,250,353,10124.59,8827.76,233.17,25.007818696883852,0.6605382436260623,2018,12,250,1066,-713,1543622400000
2020,9,52,389,8266.73,6470.73,997.96,16.634267352185088,2.5654498714652956,2020,9,52,763,-374,1598918400000
2018,2,224,20016,268935.26,215311.0,30988.58,10.756944444444445,1.5481904476418866,2018,2,224,35855,-15839,1517443200000
2019,4,76,1612,56202.47,50808.17,456.41,31.5187158808933,0.2831327543424318,2019,4,76,3236,-1624,1554076800000
2021,3,98,113,4012.16,3348.31,118.82000000000001,29.631061946902655,1.051504424778761,2021,3,98,336,-223,1614556800000
2023,11,53,51,1958.93,1583.77,160.75,31.054313725490196,3.1519607843137254,2023,11,53,408,-357,1698796800000
2016,12,106,2107,32728.600000000002,25974.32,3888.14,12.327631703844329,1.845344091124822,2016,12,106,5968,-3861,1480550400000
2025,6,120,99,2763.4,2326.84,70.03,23.503434343434346,0.7073737373737374,2025,6,120,417,-318,1748736000000
2022,4,95,335,11474.03,9595.53,917.24,28.64337313432836,2.7380298507462686,2022,4,95,4365,-4030,1648771200000
2017,11,141,215225,2679078.0500000003,2125528.18,303763.81,9.875842397490999,1.4113779068416774,2017,11,141,219810,-4585,1509494400000
2018,4,45,20972,364789.27,303508.48,35200.86,14.47208086973107,1.678469387755102,2018,4,45,25610,-4638,1522540800000
2017,6,191,77,1854.05,1529.0,163.58,19.857142857142858,2.1244155844155848,2017,6,191,961,-884,1496275200000
2023,5,204,2,151.9,126.8,21.6,63.4,10.8,2023,5,204,19,-17,1682899200000
2025,9,119,989,31589.579999999998,27543.88,577.13,27.850232558139535,0.5835490394337715,2025,9,119,1752,-763,1756684800000
2024,9,254,361,14614.22,13427.95,38.900000000000006,37.19653739612188,0.10775623268698062,2024,9,254,603,-242,1725148800000
2019,4,142,221608,3622680.7800000003,2368146.6,426519.47,10.686196346702285,1.9246573679650554,2019,4,142,200605,21003,1554076800000
2025,6,223,3531,121985.66,98706.22,5447.5599999999995,27.954182951005382,1.5427810818465022,2025,6,223,7165,-3634,1748736000000
2021,2,100,21405,339579.13,225144.61,35615.78,10.518318617145527,1.6639000233590282,2021,2,100,16690,4715,1612137600000
2022,12,82,487,19114.829999999998,15045.29,1827.9,30.89381930184805,3.753388090349076,2022,12,82,2227,-1740,1669852800000
2024,8,208,194,7974.82,7027.79,162.29,36.225721649484534,0.8365463917525773,2024,8,208,623,-429,1722470400000
2017,1,136,124,2054.3,1786.24,104.39,14.40516129032258,0.8418548387096775,2017,1,136,1109,-985,1483228800000
2024,2,60,101,3682.5299999999997,3335.93,2.72,33.0290099009901,0.026930693069306934,2024,2,60,190,-89,1706745600000
2025,9,210,871,28405.22,26529.68,107.25,30.458874856486798,0.12313432835820895,2025,9,210,1459,-588,1756684800000
2024,4,45,5423,151848.61,113143.63,13833.26,20.863660335607598,2.5508500829799003,2024,4,45,9717,-4294,1711929600000
2024,5,144,36483,889749.23,622088.67,96452.5,17.051466984622976,2.643765589452622,2024,5,144,35700,783,1714521600000
2019,11,9,118,3491.42,3125.26,42.37,26.48525423728814,0.35906779661016947,2019,11,9,533,-415,1572566400000
2019,10,1,868,86351.13,72019.53,10192.48,82.97180875576036,11.742488479262672,2019,10,1,16644,-15776,1569888000000
2021,10,241,130,5337.26,4563.72,90.03999999999999,35.105538461538465,0.6926153846153845,2021,10,241,537,-407,1633046400000
2020,4,61,400,9727.77,8437.65,637.23,21.094125,1.593075,2020,4,61,749,-349,1585699200000
2024,5,257,173,5797.92,4908.73,274.39,28.37416184971098,1.5860693641618497,2024,5,257,1449,-1276,1714521600000
2024,6,61,2645,80054.91,73889.92,1400.18,27.93569754253308,0.5293686200378072,2024,6,61,5744,-3099,1717200000000
2024,12,21,211,7108.2,6566.43,90.13,31.12052132701422,0.42715639810426537,2024,12,21,509,-298,1733011200000
2021,11,255,1321,32560.2,24598.19,4544.86,18.620885692657076,3.440469341408024,2021,11,255,8242,-6921,1635724800000
2024,3,143,40442,847418.37,566706.24,95680.07,14.012814400870383,2.36585900796202,2024,3,143,53394,-12952,1709251200000
2024,5,146,1868,51397.7,41258.28,3776.47,22.086873661670236,2.0216648822269807,2024,5,146,2825,-957,1714521600000
2020,3,135,212,8661.85,7610.82,221.34,35.90009433962264,1.044056603773585,2020,3,135,934,-722,1583020800000
2017,6,106,2036,32242.02,25755.8,3622.79,12.650196463654224,1.7793664047151276,2017,6,106,5884,-3848,1496275200000
2016,1,65,13300,235813.46,195234.31,25552.92,14.679271428571429,1.9212721804511277,2016,1,65,18919,-5619,1451606400000
2019,1,219,945,53318.560000000005,45278.27,3507.15,47.91351322751322,3.7112698412698415,2019,1,219,2006,-1061,1546300800000
2020,5,234,5729,89048.0,58451.12,10040.74,10.202674114156048,1.752616512480363,2020,5,234,4181,1548,1588291200000
2022,4,248,58,2228.49,1990.2900000000002,30.0,34.31534482758621,0.5172413793103449,2022,4,248,324,-266,1648771200000
2018,6,4,18544,276691.01,225848.5,28091.81,12.179060612597066,1.5148732743744608,2018,6,4,40431,-21887,1527811200000
2023,9,260,612,19287.24,15486.7,1647.59,25.305065359477126,2.692140522875817,2023,9,260,2219,-1607,1693526400000
2024,1,248,142,4707.59,4252.98,43.43,29.950563380281686,0.3058450704225352,2024,1,248,265,-123,1704067200000
2017,4,176,3,88.91999999999999,65.5,13.76,21.833333333333332,4.586666666666667,2017,4,176,78,-75,1491004800000
2021,12,200,70,3240.5299999999997,2782.59,89.39,39.751285714285714,1.277,2021,12,200,1005,-935,1638316800000
2023,4,76,440,15762.76,14168.48,263.75,32.20109090909091,0.5994318181818182,2023,4,76,1413,-973,1680307200000
2024,8,233,35260,874623.65,589300.12,103347.48,16.71299262620533,2.9310119115144637,2024,8,233,46909,-11649,1722470400000
2019,12,47,293,8808.37,7714.86,26.88,26.330580204778155,0.09174061433447099,2019,12,47,782,-489,1575158400000
2025,8,165,935,24030.49,22014.85,108.81,23.545294117647057,0.11637433155080214,2025,8,165,1650,-715,1754006400000
2022,6,180,51,2656.83,2187.52,367.01,42.89254901960784,7.196274509803922,2022,6,180,460,-409,1654041600000
2016,2,21,93,1926.8700000000001,1710.5,124.97,18.392473118279568,1.343763440860215,2016,2,21,1467,-1374,1454284800000
2017,12,49,3271,48815.35,39980.4,4767.97,12.222684194435953,1.4576490369917456,2017,12,49,16836,-13565,1512086400000
2018,5,112,3885,63235.520000000004,50947.87,6676.530000000001,13.113994851994853,1.7185405405405407,2018,5,112,21096,-17211,1525132800000
2019,5,188,1269,33296.47,29613.07,795.33,23.33575256107171,0.6267375886524823,2019,5,188,5785,-4516,1556668800000
2023,10,8,18,999.27,863.1,31.28,47.95,1.7377777777777779,2023,10,8,60,-42,1696118400000
2020,12,225,775,23950.03,20725.53,1926.55,26.74261935483871,2.4858709677419353,2020,12,225,1703,-928,1606780800000
2024,9,150,139,5078.68,4746.19,43.69,34.14525179856115,0.3143165467625899,2024,9,150,410,-271,1725148800000
2020,11,35,994,32776.97,28290.99,2459.34,28.461760563380285,2.474185110663984,2020,11,35,1347,-353,1604188800000
2022,6,1,1024,108115.8,90868.94,12545.82,88.73919921875,12.25177734375,2022,6,1,11881,-10857,1654041600000
2019,9,77,310,8959.74,8018.93,26.55,25.86751612903226,0.08564516129032258,2019,9,77,809,-499,1567296000000
2023,12,24,8427,191137.16,136258.99,23198.5,16.16933546932479,2.752877655156046,2023,12,24,11251,-2824,1701388800000
2017,6,122,14,351.92,309.5,15.56,22.107142857142858,1.1114285714285714,2017,6,122,354,-340,1496275200000
2022,1,203,69,3912.45,3615.85,65.5,52.403623188405795,0.9492753623188406,2022,1,203,444,-375,1640995200000
2020,12,241,225,7561.82,6467.61,591.27,28.744933333333332,2.627866666666667,2020,12,241,582,-357,1606780800000
2021,2,115,34,1865.0,1485.16,0.0,43.68117647058824,0.0,2021,2,115,65,-31,1612137600000
2017,6,71,80,1360.91,1064.3,123.44,13.303749999999999,1.543,2017,6,71,1639,-1559,1496275200000
2022,5,39,231,9052.39,8278.73,146.91,35.83865800865801,0.635974025974026,2022,5,39,1228,-997,1651363200000
2024,11,1,549,50211.43,43128.94,5693.9,78.55908925318762,10.371402550091075,2024,11,1,9945,-9396,1730419200000
2017,7,79,253750,3576170.6,2843971.46,414765.92,11.207769300492611,1.6345454975369458,2017,7,79,213144,40606,1498867200000
2024,12,232,4910,139237.49,106838.84,11490.72,21.759437881873726,2.3402688391038695,2024,12,232,16007,-11097,1733011200000
2025,11,53,307,8141.39,6475.66,307.48,21.093355048859934,1.0015635179153095,2025,11,53,921,-614,1761955200000
2023,12,17,552,17189.44,15104.26,784.3100000000001,27.362789855072464,1.4208514492753623,2023,12,17,3323,-2771,1701388800000
2018,8,169,239,6636.47,5926.13,258.48,24.7955230125523,1.0815062761506278,2018,8,169,1609,-1370,1533081600000
2017,4,125,61408,951043.21,753965.44,116775.12,12.277967691505992,1.901627149557061,2017,4,125,53257,8151,1491004800000
2022,1,48,77004,1279895.9500000002,832021.01,159025.07,10.804906368500339,2.0651533686561736,2022,1,48,68293,8711,1640995200000
2016,7,121,87,1744.73,1446.0,162.54,16.620689655172413,1.8682758620689655,2016,7,121,1518,-1431,1467331200000
2017,9,237,350213,4298394.17,3414027.37,473935.25,9.74843129752465,1.3532771484782118,2017,9,237,311092,39121,1504224000000
2016,12,140,179705,2591305.57,2091964.67,284531.8,11.641104421134637,1.5833271194457583,2016,12,140,184858,-5153,1480550400000
2019,7,128,65,1898.87,1642.63,73.9,25.271230769230772,1.136923076923077,2019,7,128,454,-389,1561939200000
2019,12,137,79529,1345800.0000000002,894211.29,149088.76,11.243839228457544,1.8746464811578167,2019,12,137,88411,-8882,1575158400000
2024,4,218,421,16477.28,15229.96,80.32000000000001,36.17567695961995,0.19078384798099765,2024,4,218,905,-484,1711929600000
2024,10,45,5878,165391.59,121599.77,16805.02,20.687269479414766,2.8589690370874448,2024,10,45,10532,-4654,1727740800000
2021,3,82,784,22864.6,18802.31,866.47,23.982538265306125,1.1051913265306124,2021,3,82,1844,-1060,1614556800000
2016,7,183,23,482.59000000000003,412.8,40.0,17.94782608695652,1.7391304347826086,2016,7,183,567,-544,1467331200000
2025,4,217,619,16164.11,14324.62,241.28,23.14155088852989,0.38978998384491115,2025,4,217,1454,-835,1743465600000
2023,8,77,114,3727.42,3409.37,34.42,29.906754385964913,0.30192982456140355,2023,8,77,480,-366,1690848000000
2021,12,123,79,2968.97,2650.9900000000002,42.28,33.556835443037976,0.5351898734177215,2021,12,123,531,-452,1638316800000
2016,10,31,52,1433.26,1207.52,141.49,23.22153846153846,2.7209615384615384,2016,10,31,506,-454,1475280000000
2017,3,162,345260,5190745.3100000005,4059573.82,639380.57,11.758019521520014,1.8518813937322596,2017,3,162,299716,45544,1488326400000
2017,2,253,28,952.69,729.5,165.05,26.053571428571427,5.894642857142857,2017,2,253,53,-25,1485907200000
2023,8,60,86,2675.18,2409.68,33.96,28.01953488372093,0.39488372093023255,2023,8,60,252,-166,1690848000000
2020,11,90,29999,467904.66000000003,302971.29,57623.06,10.099379645988199,1.9208326944231473,2020,11,90,22596,7403,1604188800000
2024,10,85,586,17849.06,16536.81,107.97,28.21981228668942,0.18424914675767917,2024,10,85,845,-259,1727740800000
2025,5,263,79745,1663213.57,1080755.56,177574.82,13.552643551319832,2.2267831211988214,2025,5,263,85038,-5293,1746057600000
2025,9,55,1321,51673.21,49047.02,140.52,37.128705526116576,0.10637395912187737,2025,9,55,2080,-759,1756684800000
2024,3,41,10698,224287.02,176906.32,14612.26,16.53639184894373,1.3658870816975135,2024,3,41,21989,-11291,1709251200000
2017,6,47,104,1314.71,1168.29,41.769999999999996,11.233557692307691,0.40163461538461537,2017,6,47,827,-723,1496275200000
2019,12,71,648,22136.3,19344.63,59.9,29.852824074074075,0.09243827160493827,2019,12,71,1547,-899,1575158400000
2019,3,63,328,10390.31,9399.18,168.63,28.656036585365854,0.5141158536585366,2019,3,63,1137,-809,1551398400000
2023,10,140,67150,1561909.28,1047459.19,194391.81,15.598796574832464,2.894889203276247,2023,10,140,68693,-1543,1696118400000
2024,5,85,536,16582.44,15400.67,129.39000000000001,28.73259328358209,0.2413992537313433,2024,5,85,881,-345,1714521600000
2024,9,139,193,9208.67,8445.6,111.27,43.759585492227984,0.5765284974093264,2024,9,139,763,-570,1725148800000
2018,3,185,133,3032.56,2685.7,97.13,20.193233082706765,0.7303007518796992,2018,3,185,1050,-917,1519862400000
2019,1,80,2216,44991.16,37798.74,3549.82,17.057193140794222,1.601904332129964,2019,1,80,9852,-7636,1546300800000
2021,12,63,108,4292.03,3781.07,67.06,35.00990740740741,0.620925925925926,2021,12,63,512,-404,1638316800000
2022,5,24,12415,231642.93,164407.38,30961.78,13.242640354409989,2.493900926298832,2022,5,24,13891,-1476,1651363200000
2022,8,35,194,6291.96,5732.81,64.55,29.55056701030928,0.3327319587628866,2022,8,35,757,-563,1659312000000
2025,7,223,2867,95206.25,76518.63,4489.86,26.689441925357517,1.566048133937914,2025,7,223,6437,-3570,1751328000000
2019,10,183,99,3824.18,3280.1,5.680000000000001,33.13232323232323,0.05737373737373738,2019,10,183,379,-280,1569888000000
2025,5,189,2310,58053.56,48791.56,1274.54,21.121887445887445,0.5517489177489178,2025,5,189,4843,-2533,1746057600000
2017,11,53,83,1835.54,1523.0,165.49,18.349397590361445,1.993855421686747,2017,11,53,897,-814,1509494400000
2019,4,54,251,5508.46,4170.88,608.75,16.617051792828686,2.4252988047808763,2019,4,54,2179,-1928,1554076800000
2020,6,38,115,6350.47,5678.46,238.86,49.37791304347826,2.0770434782608698,2020,6,38,177,-62,1590969600000
2016,12,62,538,8680.72,7248.6,722.66,13.473234200743494,1.3432342007434943,2016,12,62,4980,-4442,1480550400000
2018,9,260,4460,81028.09,68111.51,6052.5,15.271639013452914,1.3570627802690582,2018,9,260,9084,-4624,1535760000000
2021,10,45,4262,96934.11,70476.63,10467.33,16.53604645706241,2.4559666823087754,2021,10,45,8094,-3832,1633046400000
2022,3,197,306,15519.82,13010.36,1287.71,42.51751633986928,4.208202614379085,2022,3,197,1214,-908,1646092800000
2016,1,170,346698,4757816.29,3740604.39,553151.72,10.789229790768912,1.595485754172219,2016,1,170,346255,443,1451606400000
2022,7,136,96,3677.46,3358.2200000000003,50.64,34.981458333333336,0.5275,2022,7,136,477,-381,1656633600000
2022,5,233,46476,908412.1300000001,599498.1,117250.6,12.899089852827265,2.522820380411395,2022,5,233,53207,-6731,1651363200000
2021,1,127,357,11014.22,9220.81,858.5500000000001,25.82859943977591,2.404901960784314,2021,1,127,1486,-1129,1609459200000
2021,6,113,40562,688608.91,448700.3,89945.66,11.062085202899265,2.217485824170406,2021,6,113,36325,4237,1622505600000
2022,12,18,115,4022.12,3555.34,108.43,30.916,0.9428695652173914,2022,12,18,483,-368,1669852800000
2023,2,94,53,1713.45,1526.67,11.629999999999999,28.80509433962264,0.21943396226415093,2023,2,94,202,-149,1675209600000
2023,10,137,35838,817335.41,547203.33,95609.53,15.268802109492716,2.667825492494001,2023,10,137,42061,-6223,1696118400000
2024,4,60,171,6267.39,5612.57,6.0,32.82204678362573,0.03508771929824561,2024,4,60,311,-140,1711929600000
2018,8,244,7436,135962.35,114744.98,10833.13,15.431008606777837,1.4568491124260354,2018,8,244,26723,-19287,1533081600000
2016,3,164,305260,4414191.54,3480410.7,488555.54,11.401463342724236,1.6004571185219156,2016,3,164,265103,40157,1456790400000
2019,1,87,49828,1017666.11,820543.82,124904.31,16.46752468491611,2.506709279922935,2019,1,87,56704,-6876,1546300800000
2020,2,24,18738,284656.64,203924.84,32998.25,10.88295655886434,1.7610337282527484,2020,2,24,20962,-2224,1580515200000
2023,6,1,462,48471.04,40812.97,5870.89,88.3397619047619,12.707554112554114,2023,6,1,10996,-10534,1685577600000
2024,9,162,117163,2871679.24,1913291.87,367567.74,16.33017138516426,3.137233939042189,2024,9,162,96185,20978,1725148800000
2024,2,246,49293,1166065.55,772605.2,148324.74,15.67373054997667,3.009042663258475,2024,2,246,57100,-7807,1706745600000
2024,10,126,248,8800.42,7893.5,68.45,31.828629032258064,0.276008064516129,2024,10,126,384,-136,1727740800000
2024,12,205,419,17053.92,15780.54,77.15,37.66238663484487,0.18412887828162292,2024,12,205,1185,-766,1733011200000
2021,3,145,1896,29180.63,22605.85,2516.57,11.922916666666666,1.3273048523206752,2021,3,145,5282,-3386,1614556800000
2024,1,264,10361,304174.25,219939.93,35510.49,21.227673969694045,3.4273226522536433,2024,1,264,16114,-5753,1704067200000
2017,2,239,229867,2903408.33,2292414.71,335323.5,9.972787350946417,1.4587718115257953,2017,2,239,219197,10670,1485907200000
2025,2,127,799,21857.73,19021.34,377.76,23.806433041301627,0.4727909887359199,2025,2,127,4432,-3633,1738368000000
2025,3,207,240,6368.36,4950.58,709.23,20.627416666666665,2.9551250000000002,2025,3,207,209,31,1740787200000
2020,2,8,56,3017.03,2206.92,404.39,39.409285714285716,7.2212499999999995,2020,2,8,120,-64,1580515200000
2023,11,138,117842,7974079.91,5130500.34,1074757.2,43.53711189558901,9.120323823424584,2023,11,138,45578,72264,1698796800000
2016,5,125,70100,1103756.54,876565.93,134943.18,12.504506847360913,1.92500970042796,2016,5,125,62641,7459,1462060800000
2017,6,188,1236,19719.02,16621.75,1485.3,13.448017799352751,1.2016990291262135,2017,6,188,7460,-6224,1496275200000
2019,3,185,275,7477.77,6642.02,84.81,24.152800000000003,0.3084,2019,3,185,1061,-786,1551398400000
2022,11,27,1,47.45,44.2,0.0,44.2,0.0,2022,11,27,47,-46,1667260800000
2023,10,90,59080,1400638.3499999999,926989.6,180991.49000000002,15.690412999322952,3.063498476641842,2023,10,90,51104,7976,1696118400000
2018,2,56,255,9205.34,7439.52,908.98,29.17458823529412,3.5646274509803924,2018,2,56,2000,-1745,1517443200000
2023,12,137,34906,792651.0499999999,530694.0499999999,92345.68000000001,15.203519452243166,2.6455532000229187,2023,12,137,40715,-5809,1701388800000
2019,11,200,201,7422.43,6450.42,89.88,32.09164179104478,0.4471641791044776,2019,11,200,2306,-2105,1572566400000
2023,6,128,15,608.96,507.47,46.39,33.83133333333333,3.0926666666666667,2023,6,128,164,-149,1685577600000
2016,11,80,5917,92129.44,74457.91,9802.9,12.583726550616868,1.6567348318404596,2016,11,80,20396,-14479,1477958400000
2017,7,183,16,504.34000000000003,441.8,35.03,27.6125,2.189375,2017,7,183,456,-440,1498867200000
2020,6,90,8981,141195.52,93023.68,15922.34,10.357830976505957,1.772891660171473,2020,6,90,6604,2377,1590969600000
2017,5,173,378,6028.92,5074.5,399.65,13.424603174603174,1.0572751322751321,2017,5,173,2925,-2547,1493596800000
2023,4,86,171,9318.34,8594.43,62.56,50.25982456140351,0.36584795321637426,2023,4,86,581,-410,1680307200000
2020,3,174,218,5101.41,4607.42,24.0,21.134954128440366,0.11009174311926606,2020,3,174,538,-320,1583020800000
2023,9,202,177,6805.79,5590.28,665.51,31.583502824858755,3.759943502824859,2023,9,202,1871,-1694,1693526400000
2022,11,19,62,6736.72,6527.74,123.03,105.28612903225806,1.9843548387096774,2022,11,19,345,-283,1667260800000
2016,1,205,60,1736.87,1460.31,221.26,24.3385,3.6876666666666664,2016,1,205,1156,-1096,1451606400000
2022,10,200,68,3138.17,2745.69,132.93,40.377794117647056,1.9548529411764708,2022,10,200,1269,-1201,1664582400000
2022,2,242,171,5016.42,4504.61,27.76,26.342748538011694,0.16233918128654973,2022,2,242,475,-304,1643673600000
2024,9,95,1458,50114.88,43779.85,1331.26,30.02733196159122,0.9130727023319616,2024,9,95,4696,-3238,1725148800000
2016,5,221,103,1914.93,1554.0,180.47,15.087378640776699,1.7521359223300972,2016,5,221,314,-211,1462060800000
2016,6,161,395730,6078060.0600000005,4831637.92,678827.96,12.209430470270133,1.7153815985646779,2016,6,161,423144,-27414,1464739200000
2024,8,90,45630,990599.28,647895.43,121431.26,14.198891737891739,2.6612154284461975,2024,8,90,42704,2926,1722470400000
2023,5,238,68935,1544077.37,1022414.29,200473.62000000002,14.831570174802351,2.9081543482991226,2023,5,238,78356,-9421,1682899200000
2021,3,181,1223,33441.57,27995.31,1601.06,22.89068683565004,1.309125102207686,2021,3,181,4108,-2885,1614556800000
2021,9,185,144,5031.55,4257.58,71.57,29.56652777777778,0.49701388888888887,2021,9,185,489,-345,1630454400000
2017,6,227,104,1960.52,1706.5,98.7,16.408653846153847,0.9490384615384616,2017,6,227,2373,-2269,1496275200000
2023,1,124,189,11783.13,10098.5,1086.08,53.43121693121693,5.746455026455026,2023,1,124,806,-617,1672531200000
2023,3,76,443,16699.81,15014.31,255.5,33.89234762979684,0.5767494356659142,2023,3,76,1467,-1024,1677628800000
2022,12,35,190,6068.8099999999995,5555.22,115.19,29.238000000000003,0.6062631578947368,2022,12,35,591,-401,1669852800000
2016,3,61,4730,76855.07,63192.44,7865.49,13.359923890063426,1.662894291754757,2016,3,61,27913,-23183,1456790400000
2021,5,236,128373,1978638.46,1256991.78,257419.52,9.791714612885887,2.0052465861201343,2021,5,236,127981,392,1619827200000
2019,3,36,852,19441.33,16184.16,1500.72,18.995492957746478,1.7614084507042254,2019,3,36,6053,-5201,1551398400000
2022,8,114,38577,695793.79,459406.1,91742.39000000001,11.90880835731135,2.378162894989243,2022,8,114,30470,8107,1659312000000
2017,4,186,342620,5127898.54,4139061.27,553933.48,12.080617798143717,1.6167575739886755,2017,4,186,269410,73210,1491004800000
2020,7,246,4391,85513.74,61579.22,7731.64,14.023962650876793,1.7607925301753589,2020,7,246,8281,-3890,1593561600000
2017,7,210,68,2239.03,1902.3600000000001,148.85,27.975882352941177,2.188970588235294,2017,7,210,962,-894,1498867200000
2022,11,26,105,3477.46,3044.82,123.64,28.998285714285714,1.1775238095238096,2022,11,26,781,-676,1667260800000
2023,6,232,3811,112162.54,81313.38,12715.52,21.336494358436106,3.336531094200997,2023,6,232,15276,-11465,1685577600000
2025,10,263,77536,1593819.22,1021988.26,174474.04,13.180822585637639,2.2502326661163847,2025,10,263,84200,-6664,1759276800000
2019,5,28,923,47050.42,37625.58,3916.16,40.76444203683641,4.242860238353196,2019,5,28,2809,-1886,1556668800000
2018,10,257,451,12317.34,10294.38,683.9399999999999,22.825676274944566,1.5164966740576495,2018,10,257,4029,-3578,1538352000000
2018,8,14,650,20769.43,18546.57,723.19,28.533184615384616,1.1126,2018,8,14,6095,-5445,1533081600000
2023,5,161,161584,4099933.66,2711042.32,533143.01,16.777913159718782,3.2994789706901675,2023,5,161,136802,24782,1682899200000
2025,6,216,4195,183064.64,159700.61,13222.33,38.06927532777115,3.15192610250298,2025,6,216,7039,-2844,1748736000000
2016,6,96,23,628.7,511.5,56.06,22.23913043478261,2.4373913043478264,2016,6,96,245,-222,1464739200000
2023,12,162,120134,3027035.01,2018384.72,395318.13,16.801111425574774,3.2906431984284215,2023,12,162,99992,20142,1701388800000
2020,7,255,232,6380.88,5172.13,618.13,22.29366379310345,2.664353448275862,2020,7,255,1341,-1109,1593561600000
2021,11,128,32,1135.0,932.04,70.66,29.12625,2.208125,2021,11,128,229,-197,1635724800000
2019,9,117,186,9570.3,8370.710000000001,32.3,45.00381720430108,0.1736559139784946,2019,9,117,722,-536,1567296000000
2025,6,9,222,5907.96,5221.11,119.78,23.51851351351351,0.5395495495495496,2025,6,9,720,-498,1748736000000
2017,12,115,8,134.45,99.5,0.05,12.4375,0.00625,2017,12,115,129,-121,1512086400000
2022,7,223,781,31737.56,24464.26,3493.87,31.32427656850192,4.473585147247119,2022,7,223,5036,-4255,1656633600000
2016,1,16,49,1346.44,1108.5,133.44,22.622448979591837,2.7232653061224488,2016,1,16,1442,-1393,1451606400000
2017,7,207,529,5925.82,4926.61,436.03,9.313062381852552,0.8242533081285444,2017,7,207,611,-82,1498867200000
2018,12,229,156059,2108703.27,1674722.74,243460.56999999998,10.731343530331477,1.5600546588149353,2018,12,229,150686,5373,1543622400000
2020,7,175,19,732.24,636.32,29.75,33.490526315789474,1.5657894736842106,2020,7,175,79,-60,1593561600000
2022,12,68,84455,1874820.19,1276999.09,237846.65,15.120467586288557,2.8162530341602037,2022,12,68,82086,2369,1669852800000
2023,5,90,54937,1288073.15,844890.1499999999,166515.87,15.379255328831205,3.0310331834646957,2023,5,90,47219,7718,1682899200000
2023,7,11,54,2402.7,2144.61,120.69000000000001,39.715,2.2350000000000003,2023,7,11,232,-178,1688169600000
2016,2,75,70145,928487.04,757611.27,85030.28,10.800645377432462,1.2122072849098295,2016,2,75,133848,-63703,1454284800000
2020,2,5,16,1072.43,1033.66,16.35,64.60375,1.021875,2020,2,5,58,-42,1580515200000
2021,11,172,2,151.0,129.25,0.0,64.625,0.0,2021,11,172,34,-32,1635724800000
2019,6,205,706,27321.76,25144.48,56.49,35.61541076487252,0.08001416430594901,2019,6,205,1846,-1140,1559347200000
2019,5,14,656,24042.22,21580.83,469.37,32.897606707317074,0.7155030487804878,2019,5,14,5740,-5084,1556668800000
2019,1,262,98904,1247266.1900000002,982914.49,149201.66,9.93806610450538,1.5085503114130874,2019,1,262,108788,-9884,1546300800000
2017,4,40,5760,101354.68000000001,80655.25,12234.05,14.002647569444445,2.1239670138888886,2017,4,40,11843,-6083,1491004800000
2020,4,223,143,3481.78,2617.23,440.58,18.302307692307693,3.080979020979021,2020,4,223,477,-334,1585699200000
2023,2,38,123,6313.01,5657.09,217.12,45.99260162601626,1.7652032520325203,2023,2,38,707,-584,1675209600000
2017,10,69,324,6680.83,5723.9,496.04,17.666358024691355,1.5309876543209877,2017,10,69,3505,-3181,1506816000000
2016,11,75,65166,889047.25,727836.22,81696.6,11.168956511064051,1.2536690912439004,2016,11,75,117695,-52529,1477958400000
2019,10,173,234,5901.24,5032.85,90.09,21.507905982905985,0.385,2019,10,173,1715,-1481,1569888000000
2021,10,25,1591,40663.48,32769.4,4177.33,20.596731615336267,2.625600251414205,2021,10,25,5334,-3743,1633046400000
2023,7,133,122,4192.2,3474.85,332.85,28.48237704918033,2.72827868852459,2023,7,133,837,-715,1688169600000
2018,11,2,7,237.94,185.0,27.400000000000002,26.428571428571427,3.9142857142857146,2018,11,2,13,-6,1541030400000
2017,10,27,1,6.96,5.0,1.16,5.0,1.16,2017,10,27,77,-76,1506816000000
2020,7,40,176,3928.84,3172.25,348.35,18.024147727272727,1.9792613636363638,2020,7,40,526,-350,1593561600000
2024,1,102,75,2446.69,2102.86,145.43,28.038133333333334,1.9390666666666667,2024,1,102,533,-458,1704067200000
2025,2,76,3580,100896.33,92870.71,424.45,25.941539106145253,0.11856145251396648,2025,2,76,4209,-629,1738368000000
2025,6,85,2158,62949.61,57087.1,146.85999999999999,26.453707136237256,0.06805375347544021,2025,6,85,2531,-373,1748736000000
2023,11,52,640,19579.24,15169.31,2247.56,23.702046875,3.5118125,2023,11,52,2207,-1567,1698796800000
2017,10,262,115459,1563375.03,1243448.0,179348.05,10.769606526992266,1.553348374747746,2017,10,262,120245,-4786,1506816000000
2022,5,225,458,14917.2,12291.91,1692.59,26.838231441048034,3.69561135371179,2022,5,225,3795,-3337,1651363200000
2019,8,145,8555,209262.88,160983.72,20434.39,18.817500876680302,2.3885902980713034,2019,8,145,20650,-12095,1564617600000
2024,8,207,245,4361.73,3333.68,433.58,13.606857142857143,1.7697142857142856,2024,8,207,235,10,1722470400000
2020,4,143,3691,55289.38,36325.69,5742.43,9.841693308046601,1.5557924681658089,2020,4,143,3500,191,1585699200000
2017,10,102,78,1861.79,1527.0,169.66,19.576923076923077,2.175128205128205,2017,10,102,1173,-1095,1506816000000
2019,9,237,284761,4328427.649999999,2778924.08,506000.77,9.75879449784205,1.7769314267052019,2019,9,237,257286,27475,1567296000000
2025,7,169,1094,28855.44,25693.02,197.7,23.485393053016455,0.18071297989031077,2025,7,169,1667,-573,1751328000000
2025,3,36,3475,91664.38,78827.39,1001.33,22.684141007194246,0.28815251798561153,2025,3,36,4661,-1186,1740787200000
2019,12,226,9604,236323.58000000002,188419.97,20721.64,19.61890566430654,2.1576051645147856,2019,12,226,16332,-6728,1575158400000
2017,10,228,1155,23998.84,20107.36,2119.41,17.4089696969697,1.834987012987013,2017,10,228,6395,-5240,1506816000000
2020,5,201,24,1135.51,1003.8100000000001,22.0,41.82541666666667,0.9166666666666666,2020,5,201,55,-31,1588291200000
2021,11,133,126,4952.63,4079.39,283.59,32.37611111111111,2.2507142857142854,2021,11,133,934,-808,1635724800000
2016,11,20,62,1549.69,1283.4,150.97,20.700000000000003,2.435,2016,11,20,1038,-976,1477958400000
2024,5,156,5,285.59,220.89,20.0,44.178,4.0,2024,5,156,37,-32,1714521600000
2024,9,14,653,23135.12,20702.35,416.35,31.70344563552833,0.6375957120980092,2024,9,14,2779,-2126,1725148800000
2019,3,153,276,8217.04,7497.96,49.55,27.166521739130435,0.17952898550724636,2019,3,153,403,-127,1551398400000
2022,2,123,45,1272.33,1164.25,35.480000000000004,25.872222222222224,0.7884444444444445,2022,2,123,513,-468,1643673600000
2024,9,155,474,15751.14,14491.88,322.13,30.573586497890293,0.6795991561181435,2024,9,155,1112,-638,1725148800000
2022,1,166,12724,207209.91999999998,150079.37,26222.65,11.794983495756052,2.0608810122602956,2022,1,166,19048,-6324,1640995200000
2023,4,250,94,3158.19,2808.9900000000002,37.0,29.882872340425536,0.39361702127659576,2023,4,250,296,-202,1680307200000
2024,9,38,174,8407.89,7719.35,171.06,44.364080459770115,0.983103448275862,2024,9,38,787,-613,1725148800000
2023,8,97,1149,31304.33,25615.03,2420.71,22.29332463011314,2.106797214969539,2023,8,97,3763,-2614,1690848000000
2024,10,121,303,9800.37,8768.97,225.45,28.94049504950495,0.744059405940594,2024,10,121,774,-471,1727740800000
2022,10,254,218,8037.59,7201.88,53.76,33.03614678899083,0.24660550458715597,2022,10,254,537,-319,1664582400000
2024,4,255,2424,71902.07,59609.42,3428.86,24.591344884488446,1.414546204620462,2024,4,255,8245,-5821,1711929600000
2018,12,102,226,7180.13,6255.11,232.05,27.67747787610619,1.0267699115044249,2018,12,102,1172,-946,1543622400000
2019,11,35,793,23902.91,21269.48,60.17,26.82153846153846,0.07587641866330391,2019,11,35,1495,-702,1572566400000
2021,3,245,2,120.0,93.66,10.0,46.83,5.0,2021,3,245,29,-27,1614556800000
2025,5,176,14,561.41,464.64,28.2,33.18857142857143,2.0142857142857142,2025,5,176,35,-21,1746057600000
2018,1,60,59,993.99,879.5,42.18,14.90677966101695,0.7149152542372881,2018,1,60,570,-511,1514764800000
2017,10,168,1692,24840.16,21263.54,1222.57,12.56710401891253,0.7225591016548463,2017,10,168,6848,-5156,1506816000000
2019,11,24,20526,318959.39999999997,229028.69,37002.34,11.157979635584137,1.8027058365000486,2019,11,24,23705,-3179,1572566400000
2025,1,153,63,1800.05,1651.65,10.3,26.21666666666667,0.1634920634920635,2025,1,153,133,-70,1735689600000
2016,3,121,126,2197.95,1809.8,238.19,14.363492063492064,1.8903968253968253,2016,3,121,1938,-1812,1456790400000
2017,3,105,12,230.5,188.5,21.14,15.708333333333334,1.7616666666666667,2017,3,105,10,2,1488326400000
2020,1,92,482,17628.329999999998,15174.53,278.51,31.482427385892116,0.5778215767634854,2020,1,92,2802,-2320,1577836800000
2022,3,85,103,3786.41,3235.57,181.34,31.413300970873788,1.7605825242718447,2022,3,85,562,-459,1646092800000
2018,5,70,1241,46709.71,39527.74,4069.61,31.851522965350522,3.2792989524576956,2018,5,70,3719,-2478,1525132800000
2018,8,36,895,16719.47,13916.33,1415.55,15.548972067039106,1.5816201117318436,2018,8,36,6608,-5713,1533081600000
2024,10,256,2253,66068.36,54685.04,4203.03,24.272099422991566,1.865525965379494,2024,10,256,8018,-5765,1727740800000
2024,2,3,94,4102.08,3651.22,116.38,38.84276595744681,1.2380851063829788,2024,2,3,211,-117,1706745600000
2019,4,117,295,16319.38,14928.15,19.73,50.60389830508475,0.06688135593220339,2019,4,117,873,-578,1554076800000
2023,8,36,333,11221.33,9160.97,859.0,27.51042042042042,2.5795795795795797,2023,8,36,2149,-1816,1690848000000
2016,12,25,11466,183771.83000000002,150025.71,19865.74,13.084398220826792,1.7325780568637712,2016,12,25,19091,-7625,1480550400000
2025,5,183,301,8629.99,7439.71,5.81,24.716644518272425,0.019302325581395347,2025,5,183,491,-190,1746057600000
2017,10,248,73,1788.8600000000001,1485.75,206.87,20.352739726027398,2.833835616438356,2017,10,248,1002,-929,1506816000000
2024,5,37,1252,37965.5,34278.1,755.3,27.37867412140575,0.6032747603833866,2024,5,37,3834,-2582,1714521600000
2025,9,33,6656,185547.77,149887.79,7668.11,22.51919921875,1.152059795673077,2025,9,33,12161,-5505,1756684800000
2016,3,228,1509,27500.920000000002,22552.42,2767.18,14.945275016567262,1.8337839628893307,2016,3,228,9185,-7676,1456790400000
2020,1,243,1264,32670.97,27212.8,2354.0,21.529113924050634,1.8623417721518987,2020,1,243,11509,-10245,1577836800000
2022,1,187,1,96.0,86.15,0.0,86.15,0.0,2022,1,187,12,-11,1640995200000
2023,9,127,195,7835.5,6667.47,368.93,34.19215384615385,1.891948717948718,2023,9,127,1836,-1641,1693526400000
2020,8,210,317,12035.84,10701.81,643.9,33.759652996845425,2.031230283911672,2020,8,210,500,-183,1596240000000
2025,9,239,100203,2176249.32,1415445.78,250952.16,14.125782461602947,2.5044375916888715,2025,9,239,102241,-2038,1756684800000
2016,5,207,489,5749.63,4745.3,381.41,9.704089979550103,0.7799795501022495,2016,5,207,562,-73,1462060800000
2020,2,135,375,14936.08,12850.01,367.57,34.266693333333336,0.9801866666666667,2020,2,135,1616,-1241,1580515200000
2022,8,106,192,6023.05,4857.66,588.09,25.3003125,3.06296875,2022,8,106,1367,-1175,1659312000000
2021,9,172,4,213.20000000000002,177.7,0.1,44.425,0.025,2021,9,172,41,-37,1630454400000
2024,4,55,414,18410.09,17058.5,61.31,41.20410628019324,0.14809178743961354,2024,4,55,693,-279,1711929600000
2024,12,250,228,7190.68,6372.72,97.53999999999999,27.950526315789475,0.42780701754385964,2024,12,250,314,-86,1733011200000
2024,3,32,178,6305.91,5753.22,16.349999999999998,32.32146067415731,0.09185393258426965,2024,3,32,334,-156,1709251200000
2021,9,240,42,1880.28,1602.82,92.11,38.16238095238095,2.193095238095238,2021,9,240,159,-117,1630454400000
2017,2,210,51,2353.35,1893.22,385.47,37.12196078431373,7.558235294117647,2017,2,210,875,-824,1485907200000
2019,10,164,164234,3015960.53,2007326.94,354420.75,12.222359194807408,2.1580230037629238,2019,10,164,150947,13287,1569888000000
2019,9,121,284,8661.11,7606.97,138.34,26.785105633802818,0.48711267605633807,2019,9,121,1115,-831,1567296000000
2018,5,203,151,6886.33,6362.26,170.2,42.134172185430465,1.1271523178807947,2018,5,203,948,-797,1525132800000
2023,12,25,1430,43467.3,35642.37,3678.14,24.92473426573427,2.572125874125874,2023,12,25,5190,-3760,1701388800000
2021,7,26,223,7925.22,6779.16,60.86,30.39982062780269,0.272914798206278,2021,7,26,848,-625,1625097600000
2022,7,212,67,1734.43,1536.18,34.25,22.92805970149254,0.5111940298507462,2022,7,212,332,-265,1656633600000
2022,11,45,3861,90999.96,65935.67,10628.96,17.077355607355607,2.752903392903393,2022,11,45,7874,-4013,1667260800000
2024,7,169,276,9435.88,8649.23,60.949999999999996,31.33778985507246,0.22083333333333333,2024,7,169,639,-363,1719792000000
2016,6,13,114057,2324483.59,1883173.08,282880.63,16.510806701912202,2.480168950612413,2016,6,13,120959,-6902,1464739200000
2025,10,113,63259,1410221.18,894700.84,163452.0,14.14345531861079,2.5838536808991606,2025,10,113,56948,6311,1759276800000
2016,9,240,41,1142.05,984.5,89.1,24.01219512195122,2.173170731707317,2016,9,240,350,-309,1472688000000
2025,11,102,585,12850.88,10695.42,357.46,18.28276923076923,0.611042735042735,2025,11,102,1327,-742,1761955200000
2016,1,37,6140,94366.9,76032.97,10471.61,12.38321986970684,1.7054739413680782,2016,1,37,23106,-16966,1451606400000
2022,2,95,346,10104.95,8548.6,628.25,24.706936416184973,1.8157514450867052,2022,2,95,3404,-3058,1643673600000
2018,11,3,225,7550.7699999999995,6669.9,226.02,29.644,1.0045333333333333,2018,11,3,617,-392,1541030400000
2025,7,150,378,11572.39,10474.31,38.28,27.709814814814813,0.10126984126984127,2025,7,150,648,-270,1751328000000
2019,5,70,4263,102602.91,93779.83,2325.78,21.99855266244429,0.545573539760732,2019,5,70,4035,228,1556668800000
2018,11,7,12425,167339.76000000004,140771.87,11346.06,11.329727967806841,0.913163782696177,2018,11,7,31721,-19296,1541030400000
2018,7,169,195,4421.62,3944.61,190.96,20.22876923076923,0.9792820512820514,2018,7,169,1517,-1322,1530403200000
2018,1,185,74,1170.73,995.0,90.77,13.445945945945946,1.2266216216216215,2018,1,185,943,-869,1514764800000
2016,8,138,254301,10836852.66,8356883.65,1328711.66,32.862173762588434,5.224956488570631,2016,8,138,119378,134923,1470009600000
2018,2,26,227,3720.37,3294.13,174.47,14.5115859030837,0.768590308370044,2018,2,26,1799,-1572,1517443200000
2016,8,163,264641,3903548.0500000003,3136942.87,402299.43,11.853578508243244,1.5201704573365427,2016,8,163,247703,16938,1470009600000
2018,5,233,120730,1914157.6800000002,1506255.14,224204.17,12.476229106270189,1.8570709020127558,2018,5,233,133620,-12890,1525132800000
2019,6,117,232,11580.92,10448.56,18.700000000000003,45.03689655172413,0.08060344827586208,2019,6,117,817,-585,1559347200000
2019,11,187,6,328.74,291.71000000000004,0.0,48.61833333333334,0.0,2019,11,187,49,-43,1572566400000
2020,1,143,77402,1191596.5799999998,768714.46,141983.65,9.931454742771503,1.8343666830314462,2020,1,143,91355,-13953,1577836800000
2025,8,249,77894,1651379.31,1042718.94,179115.92,13.386383290112203,2.299482887000283,2025,8,249,59725,18169,1754006400000
2018,2,231,146143,2294266.59,1829053.87,281893.22000000003,12.515507892954162,1.9288862278727001,2018,2,231,141363,4780,1517443200000
2017,5,51,39,1028.93,930.0,56.269999999999996,23.846153846153847,1.4428205128205127,2017,5,51,801,-762,1493596800000
2020,5,264,2768,41895.5,32210.66,4014.04,11.636799132947976,1.4501589595375723,2020,5,264,2610,158,1588291200000
2023,1,23,110,7423.41,6218.87,29.990000000000002,56.53518181818182,0.2726363636363637,2023,1,23,195,-85,1672531200000
2025,2,28,1069,32732.34,28143.41,1086.86,26.32685687558466,1.0167072029934516,2025,2,28,1638,-569,1738368000000
2024,5,56,384,14920.1,12816.49,705.7,33.376276041666664,1.8377604166666668,2024,5,56,1049,-665,1714521600000
2020,11,144,9010,158300.7,107345.04,18767.44,11.913988901220865,2.082956714761376,2020,11,144,9694,-684,1604188800000
2016,4,65,17564,321451.76,266569.23,34554.4,15.17702288772489,1.9673422910498748,2016,4,65,23501,-5937,1459468800000
2018,2,230,292582,4474475.3100000005,3525929.7,506999.72,12.051082089807302,1.732846586597945,2018,2,230,255467,37115,1517443200000
2022,4,79,93747,1706884.74,1124449.38,229742.4,11.994510544337418,2.45066402124868,2022,4,79,76181,17566,1648771200000
2024,7,79,63963,1430848.42,967531.43,162191.45,15.126423557369105,2.5357073620686963,2024,7,79,61289,2674,1719792000000
2017,1,232,19157,850222.17,793863.51,33041.41,41.43986584538289,1.7247695359398656,2017,1,232,46269,-27112,1483228800000
2020,2,240,41,1376.6299999999999,1191.07,11.83,29.050487804878045,0.28853658536585364,2020,2,240,209,-168,1580515200000
2022,11,111,6,159.45,132.5,16.8,22.083333333333332,2.8000000000000003,2022,11,111,37,-31,1667260800000
2020,7,205,424,21059.74,19191.62,644.6,45.26325471698113,1.5202830188679246,2020,7,205,595,-171,1593561600000
2021,6,250,177,6652.19,5525.18,55.12,31.215706214689266,0.3114124293785311,2021,6,250,363,-186,1622505600000
2023,4,144,28752,709335.3,482621.64999999997,87638.56000000001,16.785672301057318,3.0480856983861995,2023,4,144,30607,-1855,1680307200000
2020,10,136,378,14825.18,12638.67,904.24,33.43563492063492,2.392169312169312,2020,10,136,705,-327,1601510400000
2025,9,96,82,2449.46,2145.87,75.53,26.169146341463414,0.9210975609756098,2025,9,96,231,-149,1756684800000
2019,7,138,165233,6981513.28,5038091.28,882341.05,30.490829797921723,5.339980814970375,2019,7,138,74024,91209,1561939200000
2021,6,178,42,1633.4,1384.65,3.15,32.96785714285714,0.075,2021,6,178,239,-197,1622505600000
2019,10,37,1085,25685.51,21785.87,1278.77,20.079142857142855,1.178589861751152,2019,10,37,7837,-6752,1569888000000
2020,4,33,153,3665.7,2831.19,472.83,18.504509803921568,3.090392156862745,2020,4,33,381,-228,1585699200000
2024,5,214,11,554.91,405.48,45.15,36.86181818181819,4.1045454545454545,2024,5,214,57,-46,1714521600000
2016,3,45,27578,439812.18,363237.0,43142.46,13.171259699760679,1.5643795779244325,2016,3,45,33013,-5435,1456790400000
2016,10,21,73,1325.24,1134.61,81.2,15.542602739726027,1.1123287671232878,2016,10,21,1364,-1291,1475280000000
2020,1,67,143,4562.5199999999995,3885.5,95.47,27.17132867132867,0.6676223776223776,2020,1,67,1007,-864,1577836800000
2019,8,64,100,3706.46,3256.04,150.16,32.5604,1.5016,2019,8,64,759,-659,1564617600000
2019,1,100,156997,2138241.7499999995,1699525.07,228306.15,10.82520729695472,1.4542070867596195,2019,1,100,114603,42394,1546300800000
2024,4,246,59233,1430183.43,971405.31,168289.64,16.399731737376126,2.8411466581128764,2024,4,246,67960,-8727,1711929600000
2022,9,204,1,188.22,150.0,31.37,150.0,31.37,2022,9,204,11,-10,1661990400000
2017,10,234,318759,4474989.31,3517382.01,543494.34,11.034612387414942,1.7050321402689805,2017,10,234,274486,44273,1506816000000
2023,4,211,25689,630793.38,428183.8,78748.03,16.667982404920394,3.0654377359959515,2023,4,211,28146,-2457,1680307200000
2021,6,153,64,2016.77,1786.07,51.629999999999995,27.90734375,0.8067187499999999,2021,6,153,156,-92,1622505600000
2021,9,200,109,6092.5599999999995,5305.09,141.4,48.670550458715596,1.2972477064220185,2021,9,200,1129,-1020,1630454400000
2022,10,236,156906,2613762.42,1684870.39,352096.94,10.738087708564363,2.2439992097179204,2022,10,236,160471,-3565,1664582400000
2025,11,179,3198,60668.51,43611.95,1605.18,13.637257661038149,0.5019324577861164,2025,11,179,5045,-1847,1761955200000
2018,6,143,96464,1269188.22,1008052.9,146133.53,10.450042502902637,1.5149022433239343,2018,6,143,109700,-13236,1527811200000
2021,12,147,106,3985.17,3401.86,33.91,32.09301886792453,0.31990566037735846,2021,12,147,342,-236,1638316800000
2017,8,55,68,2317.63,1970.52,191.36,28.978235294117646,2.814117647058824,2017,8,55,941,-873,1501545600000
2024,10,265,2247,220784.43,194122.8,19743.08,86.39198931909212,8.786417445482867,2024,10,265,17759,-15512,1727740800000
2020,5,183,98,3847.56,3252.29,194.73,33.186632653061224,1.9870408163265305,2020,5,183,125,-27,1588291200000
2020,6,35,786,31283.78,28336.73,1029.38,36.05181933842239,1.309643765903308,2020,6,35,850,-64,1590969600000
2016,5,70,1688,51877.17,42762.68,5158.58,25.33334123222749,3.056030805687204,2016,5,70,4726,-3038,1462060800000
2023,4,153,26,1008.4499999999999,891.38,14.57,34.283846153846156,0.5603846153846154,2023,4,153,153,-127,1680307200000
2021,10,12,1336,32201.5,23750.82,3567.93,17.777559880239522,2.6706062874251497,2021,10,12,1472,-136,1633046400000
2016,10,114,158989,2346715.7800000003,1883022.32,263331.65,11.843727050299078,1.6562884853669124,2016,10,114,124156,34833,1475280000000
2016,4,130,944,48000.93,39079.26,4316.85,41.39752118644068,4.572934322033898,2016,4,130,2946,-2002,1459468800000
2023,6,259,123,5760.61,5183.0,74.56,42.13821138211382,0.6061788617886179,2023,6,259,394,-271,1685577600000
2017,7,92,448,10437.61,8772.81,792.46,19.582165178571426,1.7688839285714286,2017,7,92,4267,-3819,1498867200000
2018,12,117,99,5445.92,4846.84,177.48,48.957979797979796,1.7927272727272727,2018,12,117,751,-652,1543622400000
2024,5,148,38301,970200.9700000001,685195.13,104968.07,17.88974517636615,2.74060912247722,2024,5,148,39535,-1234,1714521600000
2017,2,118,6,254.1,229.5,21.3,38.25,3.5500000000000003,2017,2,118,145,-139,1485907200000
2016,1,136,167,2732.01,2383.71,141.72,14.2737125748503,0.848622754491018,2016,1,136,1354,-1187,1451606400000
2024,6,38,188,8806.6,8253.53,116.93,43.90175531914894,0.621968085106383,2024,6,38,676,-488,1717200000000
2023,7,158,26711,667520.11,448953.19,86109.18,16.807801654748978,3.2237347909101115,2023,7,158,27984,-1273,1688169600000
2024,6,25,2181,64326.28,54942.87,3719.01,25.191595598349384,1.7051856946354884,2024,6,25,5805,-3624,1717200000000
2024,10,190,153,4801.76,4184.82,182.84,27.351764705882353,1.1950326797385622,2024,10,190,483,-330,1727740800000
2018,6,2,6,442.94,381.5,25.36,63.583333333333336,4.226666666666667,2018,6,2,2,4,1527811200000
2025,4,191,963,29321.48,26520.47,109.38,27.539428868120456,0.11358255451713395,2025,4,191,1483,-520,1743465600000
2021,8,119,235,9144.67,7658.13,269.78,32.58778723404255,1.148,2021,8,119,959,-724,1627776000000
2016,9,127,1014,20207.86,16778.9,1911.31,16.547238658777122,1.884921104536489,2016,9,127,8189,-7175,1472688000000
2023,7,217,85,2727.89,2345.17,147.97,27.590235294117647,1.7408235294117647,2023,7,217,881,-796,1688169600000
2024,10,247,1074,44143.06,37507.46,2620.35,34.92314711359404,2.439804469273743,2024,10,247,1398,-324,1727740800000
2025,11,219,1009,54837.159999999996,46906.61,3951.22,46.488216055500494,3.9159762140733396,2025,11,219,2011,-1002,1761955200000
2022,6,117,109,5860.04,5269.54,18.95,48.34440366972477,0.1738532110091743,2022,6,117,420,-311,1654041600000
2018,11,19,173,5276.62,4784.39,125.5,27.655433526011564,0.7254335260115607,2018,11,19,563,-390,1541030400000
2024,8,74,7998,170079.81,135224.9,10521.13,16.907339334833708,1.3154701175293821,2024,8,74,21755,-13757,1722470400000
2017,9,123,67,1294.32,1114.0,66.91,16.62686567164179,0.9986567164179104,2017,9,123,1163,-1096,1504224000000
2016,9,253,37,1417.6,1205.5,140.75,32.58108108108108,3.804054054054054,2016,9,253,116,-79,1472688000000
2021,11,223,857,29594.8,22752.77,3081.03,26.549323220536756,3.5951341890315054,2021,11,223,5526,-4669,1635724800000
2022,7,228,180,6266.43,4927.32,717.86,27.374,3.9881111111111114,2022,7,228,1685,-1505,1656633600000
2017,11,8,79,3461.3,2726.0,383.4,34.50632911392405,4.853164556962025,2017,11,8,165,-86,1509494400000
2025,2,97,3683,92494.57,77400.69,2813.16,21.015663860982894,0.7638229704045615,2025,2,97,5102,-1419,1738368000000
2021,5,125,11387,202529.66,133540.95,26764.1,11.727491876701503,2.3504083604109947,2021,5,125,10176,1211,1619827200000
2017,3,62,502,7989.03,6746.1,594.68,13.438446215139443,1.184621513944223,2017,3,62,4858,-4356,1488326400000
2022,3,58,4,220.21,183.98000000000002,13.88,45.995000000000005,3.47,2022,3,58,98,-94,1646092800000
2022,12,12,1337,38247.4,28816.36,4011.24,21.552999252056843,3.0001795063575165,2022,12,12,1951,-614,1669852800000
2025,9,140,77870,1783154.55,1196457.1700000002,187411.46,15.364802491331709,2.4067222293566197,2025,9,140,79266,-1396,1756684800000
2024,5,145,3825,117992.03,94500.11,9856.38,24.70591111111111,2.5768313725490195,2024,5,145,9202,-5377,1714521600000
2017,12,90,167199,2238647.1700000004,1761112.67,267372.31,10.533033510965975,1.5991262507550883,2017,12,90,135336,31863,1512086400000
2023,7,31,23,951.77,761.05,72.47,33.089130434782604,3.1508695652173913,2023,7,31,190,-167,1688169600000
2021,5,247,631,16032.25,13384.08,474.1,21.210903328050712,0.7513470681458003,2021,5,247,1619,-988,1619827200000
2024,6,222,451,15906.07,15079.7,15.190000000000001,33.436141906873615,0.033680709534368074,2024,6,222,547,-96,1717200000000
2022,8,173,69,1744.3899999999999,1415.94,190.55,20.520869565217392,2.761594202898551,2022,8,173,798,-729,1659312000000
2023,12,47,172,5797.0199999999995,5227.71,53.79,30.393662790697675,0.3127325581395349,2023,12,47,330,-158,1701388800000
2020,2,119,266,9239.69,8049.39,145.37,30.260864661654136,0.5465037593984963,2020,2,119,1173,-907,1580515200000
2017,8,261,56829,1124109.04,932349.75,111631.61,16.4062318534551,1.964342325221278,2017,8,261,46990,9839,1501545600000
2021,11,211,25089,477570.59,322743.96,62209.98,12.863962692813585,2.4795719239507354,2021,11,211,29573,-4484,1635724800000
2022,10,156,10,659.61,550.4,28.16,55.04,2.816,2022,10,156,46,-36,1664582400000
2025,9,10,2095,118440.38,99333.91,9761.51,47.41475417661098,4.659431980906922,2025,9,10,4213,-2118,1756684800000
2022,8,202,143,4503.7,3767.97,438.58,26.34944055944056,3.0669930069930067,2022,8,202,1863,-1720,1659312000000
2017,2,155,44,1843.99,1102.5,101.28,25.056818181818183,2.3018181818181818,2017,2,155,930,-886,1485907200000
2018,1,16,57,1420.77,1217.5,96.21000000000001,21.359649122807017,1.6878947368421053,2018,1,16,1120,-1063,1514764800000
2019,1,102,240,8185.9800000000005,7294.69,95.3,30.394541666666665,0.39708333333333334,2019,1,102,1123,-883,1546300800000
2019,10,120,31,1192.35,884.08,176.51,28.518709677419356,5.693870967741935,2019,10,120,267,-236,1569888000000
2022,10,117,121,6593.55,5908.650000000001,32.75,48.831818181818186,0.2706611570247934,2022,10,117,343,-222,1664582400000
2020,5,58,5,140.76,116.07000000000001,3.0,23.214000000000002,0.6,2020,5,58,21,-16,1588291200000
2018,8,66,4707,90499.77,75168.79,9688.3,15.969575100913532,2.058274909708944,2018,8,66,13233,-8526,1533081600000
2023,1,40,387,11126.35,8248.82,1305.03,21.314780361757105,3.3721705426356587,2023,1,40,2537,-2150,1672531200000
2016,1,111,27,394.22,323.0,35.12,11.962962962962964,1.3007407407407408,2016,1,111,174,-147,1451606400000
2016,2,213,138,2843.1,2348.3,253.2,17.01666666666667,1.834782608695652,2016,2,213,1642,-1504,1454284800000
2024,3,1,372,35314.62,29955.18,4196.76,80.52467741935484,11.281612903225808,2024,3,1,8650,-8278,1709251200000
2020,7,32,174,6775.34,5932.43,301.39,34.09442528735632,1.7321264367816092,2020,7,32,433,-259,1593561600000
2020,12,232,1572,39254.66,31656.48,3101.4,20.137709923664122,1.9729007633587787,2020,12,232,7418,-5846,1606780800000
2016,4,39,186,5716.92,4679.71,702.81,25.1597311827957,3.778548387096774,2016,4,39,2167,-1981,1459468800000
2021,9,127,320,10368.76,8782.67,637.94,27.44584375,1.9935625000000001,2021,9,127,2288,-1968,1630454400000
2019,10,81,215,8580.81,7502.21,1.36,34.894,0.006325581395348837,2019,10,81,527,-312,1569888000000
2023,8,225,466,15077.03,13452.74,467.95,28.86854077253219,1.0041845493562231,2023,8,225,2899,-2433,1690848000000
2025,7,218,1074,34686.54,31705.48,202.16,29.52093109869646,0.18823091247672252,2025,7,218,2137,-1063,1751328000000
2017,2,202,445,8085.81,6600.17,846.17,14.831842696629213,1.901505617977528,2017,2,202,4338,-3893,1485907200000
2023,2,139,116,5432.73,4907.06,77.72,42.302241379310345,0.67,2023,2,139,495,-379,1675209600000
2025,2,137,41092,853930.64,551497.14,80018.0,13.421034264577047,1.9472890100262825,2025,2,137,48107,-7015,1738368000000
2021,8,73,40,1229.17,1063.17,32.85,26.579250000000002,0.82125,2021,8,73,239,-199,1627776000000
2025,3,164,90321,2104611.31,1340672.97,239619.91,14.843424784933736,2.652981145027181,2025,3,164,86571,3750,1740787200000
2023,6,151,26038,576978.11,399226.31,73765.95,15.332449112835087,2.8330113680006144,2023,6,151,29477,-3439,1685577600000
2023,1,206,12,858.33,674.5500000000001,22.93,56.212500000000006,1.9108333333333334,2023,1,206,65,-53,1672531200000
2023,12,184,6,419.33,363.86,31.09,60.64333333333334,5.181666666666667,2023,12,184,17,-11,1701388800000
2024,12,214,12,635.68,464.48,49.04,38.70666666666667,4.086666666666667,2024,12,214,73,-61,1733011200000
2016,8,234,339402,4676096.55,3674810.43,550681.29,10.827309296939912,1.62250455212403,2016,8,234,289236,50166,1470009600000
2021,8,258,113,4781.72,3987.26,125.16,35.285486725663716,1.1076106194690265,2021,8,258,957,-844,1627776000000
2018,1,4,19659,274064.5,221547.19,29102.94,11.269504552622209,1.4803876087288264,2018,1,4,42571,-22912,1514764800000
2023,7,203,134,6527.39,5817.61,197.98,43.415,1.477462686567164,2023,7,203,736,-602,1688169600000
2023,1,88,6794,220911.38,160522.03,25963.75,23.627028260229615,3.82157050338534,2023,1,88,9018,-2224,1672531200000
2021,3,91,717,24985.32,21496.15,153.05,29.980683403068344,0.21345885634588566,2021,3,91,1302,-585,1614556800000
2025,5,244,11427,269701.77,217022.15,6563.9,18.992049531810622,0.5744202327820075,2025,5,244,23949,-12522,1746057600000
2016,7,108,36,913.93,777.84,69.57,21.60666666666667,1.9324999999999999,2016,7,108,661,-625,1467331200000
2024,10,116,3597,92442.98,77836.08,4236.52,21.639165971643035,1.1777926049485683,2024,10,116,8898,-5301,1727740800000
2017,9,146,9946,150909.72,126540.77,12636.2,12.722780012065153,1.2704805952141565,2017,9,146,12308,-2362,1504224000000
2022,12,145,3326,75671.51,58154.21,7917.88,17.48472940469032,2.380601322910403,2022,12,145,10495,-7169,1669852800000
2021,7,255,1547,39702.49,29873.9,5545.29,19.310859728506788,3.5845442792501614,2021,7,255,6967,-5420,1625097600000
2024,5,58,14,614.7,561.7,11.18,40.121428571428574,0.7985714285714286,2024,5,58,84,-70,1714521600000
2021,6,137,42508,729053.2000000001,481861.89,83800.33,11.335793027194882,1.9714013832690318,2021,6,137,42054,454,1622505600000
2024,11,124,296,11244.87,9871.3,599.86,33.34898648648648,2.026554054054054,2024,11,124,905,-609,1730419200000
2021,2,13,4103,91475.16,63585.53,12255.43,15.497326346575676,2.9869436997319037,2021,2,13,5649,-1546,1612137600000
2016,3,239,289569,3812609.0700000003,3032473.62,423151.54,10.47236969426976,1.4613150578963907,2016,3,239,272444,17125,1456790400000
2020,4,248,99,3462.45,2888.4700000000003,210.44,29.176464646464648,2.125656565656566,2020,4,248,210,-111,1585699200000
2023,2,186,104574,2476229.14,1660935.75,315990.02,15.88287480635722,3.021688182531031,2023,2,186,65453,39121,1675209600000
2018,3,76,583,16615.62,14926.31,721.88,25.602590051457977,1.2382161234991425,2018,3,76,2365,-1782,1519862400000
2016,6,108,38,2330.33,2206.0,31.84,58.05263157894737,0.8378947368421052,2016,6,108,684,-646,1464739200000
2021,6,58,16,674.27,589.62,20.85,36.85125,1.303125,2021,6,58,92,-76,1622505600000
2022,1,28,126,6157.86,4801.85,652.55,38.10992063492064,5.178968253968254,2022,1,28,772,-646,1640995200000
2017,3,107,249728,3443831.97,2705517.63,415352.58,10.833857757239876,1.6632199032547412,2017,3,107,221413,28315,1488326400000
2023,10,144,32194,821259.29,566093.95,99633.7,17.583833944213207,3.094790954836305,2023,10,144,32666,-472,1696118400000
2018,3,1,659,58788.29,49318.48,6699.36,74.83836115326253,10.165948406676783,2018,3,1,17862,-17203,1519862400000
2021,5,205,678,27667.53,24582.79,67.74000000000001,36.25780235988201,0.09991150442477878,2021,5,205,1417,-739,1619827200000
2016,6,107,275290,3865118.92,3053271.35,452040.98,11.091108830687638,1.6420537614878854,2016,6,107,228528,46762,1464739200000
2024,6,146,1894,48439.66,39269.82,3179.41,20.733801478352692,1.6786747624076028,2024,6,146,2790,-896,1717200000000
2016,5,2,6,274.14,237.0,30.34,39.5,5.056666666666667,2016,5,2,1,5,1462060800000
2023,3,98,62,2024.33,1827.46,38.37,29.475161290322582,0.6188709677419354,2023,3,98,441,-379,1677628800000
2023,11,124,111,4987.04,4401.32,239.26,39.65153153153153,2.1554954954954955,2023,11,124,676,-565,1698796800000
2022,7,209,6719,159470.54,113117.92,20108.68,16.835529096591756,2.9928084536389346,2022,7,209,9566,-2847,1656633600000
2020,10,245,3,248.0,208.88,0.0,69.62666666666667,0.0,2020,10,245,19,-16,1601510400000
2021,4,248,381,14450.46,12482.41,53.64,32.76223097112861,0.14078740157480316,2021,4,248,641,-260,1617235200000
2017,1,26,195,2975.47,2437.75,220.35,12.501282051282052,1.13,2017,1,26,2106,-1911,1483228800000
2020,5,62,300,9068.77,7957.2300000000005,357.27,26.5241,1.1908999999999998,2020,5,62,459,-159,1588291200000
2017,5,48,313870,4565884.65,3664753.56,483196.56,11.676023704081308,1.5394799120655047,2017,5,48,262744,51126,1493596800000
2018,6,233,121591,1887412.53,1484599.38,220456.17,12.209780164650343,1.8130961173113143,2018,6,233,132386,-10795,1527811200000
2018,10,176,10,564.34,473.0,56.06,47.3,5.606,2018,10,176,75,-65,1538352000000
2019,2,226,10871,237399.67,192490.94,18185.33,17.706829178548432,1.6728295464998622,2019,2,226,16413,-5542,1548979200000
2016,6,83,1819,30731.22,26263.18,1834.49,14.438251786695988,1.0085156679494227,2016,6,83,5609,-3790,1464739200000
2017,12,41,34322,438017.73,355924.16,39223.99,10.37014626187285,1.1428235534059785,2017,12,41,60558,-26236,1512086400000
2016,8,243,2192,43965.62,36169.83,4370.81,16.5008348540146,1.9939826642335767,2016,8,243,18309,-16117,1470009600000
2016,12,190,428,6993.88,5767.3,698.59,13.475,1.6322196261682245,2016,12,190,1756,-1328,1480550400000
2019,5,180,153,6907.75,6150.81,241.77,40.20137254901961,1.5801960784313727,2019,5,180,668,-515,1556668800000
2019,8,9,104,2957.05,2665.76,52.58,25.632307692307695,0.505576923076923,2019,8,9,778,-674,1564617600000
2021,7,25,1538,40282.49,32724.73,3710.12,21.277457737321196,2.412301690507152,2021,7,25,4336,-2798,1625097600000
2019,3,137,97117,1601239.04,1063686.16,173724.78,10.95262580186785,1.7888194651811733,2019,3,137,109935,-12818,1551398400000
2024,1,9,57,1979.68,1796.52,59.46,31.517894736842106,1.043157894736842,2024,1,9,284,-227,1704067200000
2025,9,191,928,31710.51,28909.18,131.24,31.152133620689657,0.14142241379310347,2025,9,191,1670,-742,1756684800000
2025,10,29,566,20616.5,19253.08,38.89,34.016042402826855,0.06871024734982333,2025,10,29,1059,-493,1759276800000
2022,8,51,211,9305.77,8365.62,105.65,39.64748815165877,0.5007109004739336,2022,8,51,608,-397,1659312000000
2017,9,203,46,1909.6399999999999,1694.45,147.57,36.83586956521739,3.2080434782608696,2017,9,203,805,-759,1504224000000
2021,11,165,152,5209.01,4592.8,67.64,30.21578947368421,0.445,2021,11,165,938,-786,1635724800000
2019,1,231,121984,1933878.4200000002,1542317.05,234102.41,12.643601209994754,1.9191239014952781,2019,1,231,121116,868,1546300800000
2020,11,25,1085,26571.85,22549.37,2291.9,20.782829493087558,2.1123502304147466,2020,11,25,2207,-1122,1604188800000
2025,10,244,9514,222897.03,177449.36,5257.82,18.65139373554761,0.552640319529115,2025,10,244,19680,-10166,1759276800000
2016,11,96,18,544.47,442.5,47.87,24.583333333333332,2.6594444444444445,2016,11,96,175,-157,1477958400000
2020,3,54,108,2589.85,1980.92,290.64,18.341851851851853,2.691111111111111,2020,3,54,754,-646,1583020800000
2020,3,22,170,5200.11,4801.56,56.78,28.244470588235295,0.334,2020,3,22,668,-498,1583020800000
2020,2,54,180,4246.62,3140.98,480.33,17.44988888888889,2.6685,2020,2,54,1588,-1408,1580515200000
2020,5,157,134,3586.1,3093.77,97.52,23.08783582089552,0.7277611940298507,2020,5,157,288,-154,1588291200000
2022,7,70,13345,578416.97,411478.18,73761.72,30.833883851629825,5.527292618958412,2022,7,70,1970,11375,1656633600000
2022,12,185,80,2761.18,2434.71,111.17,30.433875,1.389625,2022,12,185,421,-341,1669852800000
2023,5,260,711,20732.99,16374.58,1882.17,23.030351617440225,2.647215189873418,2023,5,260,2629,-1918,1682899200000
2024,12,64,66,2451.14,2175.19,77.75,32.957424242424246,1.178030303030303,2024,12,64,452,-386,1733011200000
2016,8,135,218,4715.3,3803.54,567.11,17.44743119266055,2.601422018348624,2016,8,135,2339,-2121,1470009600000
2016,12,109,4,187.85999999999999,185.0,1.16,46.25,0.29,2016,12,109,120,-116,1480550400000
2017,7,18,84,1512.83,1313.9,77.84,15.641666666666667,0.9266666666666667,2017,7,18,1309,-1225,1498867200000
2021,5,260,784,20907.53,17358.71,1320.47,22.141211734693876,1.6842729591836736,2021,5,260,2362,-1578,1619827200000
2025,2,66,3122,82449.79,66665.64,2897.55,21.35350416399744,0.9281069827033953,2025,2,66,4229,-1107,1738368000000
2025,5,10,2401,119792.53,99894.37,9513.84,41.605318617242816,3.9624489795918367,2025,5,10,5216,-2815,1746057600000
2022,11,54,56,1750.38,1361.97,218.91,24.32089285714286,3.9091071428571427,2022,11,54,680,-624,1667260800000
2024,8,213,467,18836.77,16825.06,252.26,36.027965738758034,0.5401713062098501,2024,8,213,759,-292,1722470400000
2022,7,75,20177,341477.36,247552.95,36236.45,12.26906626356743,1.7959285324874856,2022,7,75,38023,-17846,1656633600000
2017,10,16,50,1312.21,1159.13,80.0,23.1826,1.6,2017,10,16,1302,-1252,1506816000000
2016,4,162,392471,5859919.47,4613763.57,691802.54,11.755680215863084,1.7626844785984188,2016,4,162,354199,38272,1459468800000
2025,10,201,224,10144.44,9714.2,15.2,43.36696428571429,0.06785714285714285,2025,10,201,595,-371,1759276800000
2016,6,74,39231,556439.74,458919.63,42937.77,11.6978825418674,1.0944857383191864,2016,6,74,84322,-45091,1464739200000
2017,9,172,4,55.7,52.0,0.0,13.0,0.0,2017,9,172,88,-84,1504224000000
2016,10,231,210574,3432917.17,2779418.69,393371.82,13.199249147568075,1.8680930219305327,2016,10,231,198722,11852,1475280000000
2019,2,155,569,20623.42,18890.76,194.27,33.199929701230225,0.3414235500878735,2019,2,155,1444,-875,1548979200000
2023,8,12,2116,66361.96,50233.64,6407.58,23.73990548204159,3.028156899810964,2023,8,12,2260,-144,1690848000000
2016,5,99,2,16.4,13.5,0.8,6.75,0.4,2016,5,99,3,-1,1462060800000
2020,6,242,298,10172.07,8477.69,442.21,28.448624161073827,1.4839261744966443,2020,6,242,393,-95,1590969600000
2025,7,248,780,22242.84,19458.83,378.85,24.947217948717952,0.48570512820512823,2025,7,248,899,-119,1751328000000
2021,8,223,831,29249.43,22922.7,2685.66,27.58447653429603,3.231841155234657,2021,8,223,5115,-4284,1627776000000
2019,5,13,68419,1601859.1900000002,1130221.6,202617.91,16.51911895818413,2.961427527441208,2019,5,13,71689,-3270,1556668800000
2018,10,200,247,8271.49,7114.92,342.26,28.805344129554655,1.385668016194332,2018,10,200,2890,-2643,1538352000000
2017,9,62,393,6451.03,5475.0,414.18,13.931297709923664,1.0538931297709924,2017,9,62,3927,-3534,1504224000000
2017,5,265,5286,420238.59,357229.25,46095.6,67.58025917517972,8.720317820658343,2017,5,265,25394,-20108,1493596800000
2021,1,80,351,10024.31,8396.19,715.37,23.92076923076923,2.038091168091168,2021,1,80,1501,-1150,1609459200000
2017,12,185,54,1099.53,918.75,55.76,17.01388888888889,1.0325925925925925,2017,12,185,992,-938,1512086400000
2018,7,106,1066,18200.02,14916.65,1754.47,13.993105065666041,1.645844277673546,2018,7,106,3714,-2648,1530403200000
2020,5,51,340,10280.25,9063.95,482.31,26.658676470588237,1.4185588235294118,2020,5,51,565,-225,1588291200000
2024,7,118,5,351.82,278.57,27.93,55.714,5.586,2024,7,118,75,-70,1719792000000
2018,6,108,96,3575.7,3260.01,113.04,33.9584375,1.1775,2018,6,108,559,-463,1527811200000
2019,3,39,1236,44907.13,41616.3,265.68,33.67014563106796,0.2149514563106796,2019,3,39,2649,-1413,1551398400000
2025,1,145,4439,106093.29,83374.98,6744.2699999999995,18.782378914169858,1.519321919351205,2025,1,145,8271,-3832,1735689600000
2025,8,260,3075,77519.28,63047.15,4012.73,20.503138211382115,1.3049528455284554,2025,8,260,4098,-1023,1754006400000
2016,3,122,367,5800.51,4636.01,707.94,12.632179836512263,1.9289918256130791,2016,3,122,780,-413,1456790400000
2021,11,177,206,8096.86,7080.21,189.85,34.36995145631068,0.9216019417475728,2021,11,177,766,-560,1635724800000
2025,8,168,2864,69803.96,59917.1,453.7,20.920775139664805,0.15841480446927375,2025,8,168,3960,-1096,1754006400000
2023,8,190,63,2340.39,1920.05,210.57,30.476984126984128,3.3423809523809522,2023,8,190,447,-384,1690848000000
2017,3,68,236569,3463435.75,2754216.41,397747.88,11.642338641157549,1.68131868503481,2017,3,68,226453,10116,1488326400000
2022,3,144,29111,546848.85,368049.64,71024.2,12.642974820514583,2.4397719075263646,2022,3,144,31671,-2560,1646092800000
2020,11,200,140,7238.7300000000005,6100.8,364.53,43.57714285714286,2.603785714285714,2020,11,200,549,-409,1604188800000
2019,9,192,117,3377.23,2930.87,122.85,25.05017094017094,1.05,2019,9,192,635,-518,1567296000000
2023,4,127,199,7360.79,6284.7,400.19,31.58140703517588,2.011005025125628,2023,4,127,2360,-2161,1680307200000
2024,3,119,318,10131.76,9172.39,120.78999999999999,28.843993710691823,0.37984276729559746,2024,3,119,558,-240,1709251200000
2025,2,71,1494,38335.03,35225.42,60.16,23.5779250334672,0.0402677376171352,2025,2,71,1677,-183,1738368000000
2025,3,213,1358,39786.15,35473.53,63.48,26.121892488954344,0.04674521354933726,2025,3,213,1442,-84,1740787200000
2018,3,262,108662,1441954.78,1141073.6,168748.97,10.50112826931218,1.5529713239218863,2018,3,262,117002,-8340,1519862400000
2023,4,206,1,78.6,64.0,13.1,64.0,13.1,2023,4,206,67,-66,1680307200000
2025,8,99,2,101.14999999999999,69.69999999999999,15.76,34.849999999999994,7.88,2025,8,99,3,-1,1754006400000
2022,6,134,405,21168.09,17079.9,2435.06,42.17259259259259,6.012493827160494,2022,6,134,1151,-746,1654041600000
2017,5,224,29418,425173.38,341222.51,48577.94,11.599106329458156,1.6512998844245022,2017,5,224,43241,-13823,1493596800000
2022,7,4,3768,80289.57,55743.82,10692.35,14.794007430997876,2.8376725053078555,2022,7,4,12713,-8945,1656633600000
2017,2,74,31571,395582.58,327766.22,27364.66,10.381876405562066,0.8667657027018466,2017,2,74,67997,-36426,1485907200000
2016,1,187,2,93.26,70.0,0.0,35.0,0.0,2016,1,187,38,-36,1451606400000
2021,5,258,182,6824.96,5781.16,72.98,31.764615384615382,0.400989010989011,2021,5,258,755,-573,1619827200000
2023,5,221,3,46.78,23.759999999999998,4.42,7.919999999999999,1.4733333333333334,2023,5,221,73,-70,1682899200000
2022,3,164,80247,1436980.22,932094.65,186215.08,11.615320821962191,2.3205238825127417,2022,3,164,72314,7933,1646092800000
2020,3,129,1656,30587.87,25792.43,1744.65,15.575138888888889,1.0535326086956522,2020,3,129,6857,-5201,1583020800000
2023,10,38,107,4588.3,4208.58,60.36,39.33252336448598,0.5641121495327103,2023,10,38,570,-463,1696118400000
2025,10,153,181,5056.01,4585.22,12.9,25.332707182320444,0.0712707182320442,2025,10,153,314,-133,1759276800000
2024,4,49,1017,30994.24,27315.94,1035.28,26.859331366764994,1.0179744346116026,2024,4,49,4441,-3424,1711929600000
2025,5,265,2091,208830.88,183445.69,19437.9,87.73108082257293,9.295982783357246,2025,5,265,20491,-18400,1746057600000
2019,8,220,344,9964.2,8786.97,123.74,25.543517441860462,0.3597093023255814,2019,8,220,2788,-2444,1564617600000
2020,11,216,507,22505.96,19357.13,1452.92,38.179743589743595,2.8657199211045365,2020,11,216,1031,-524,1604188800000
2025,11,150,361,11789.11,10890.58,96.6,30.16781163434903,0.267590027700831,2025,11,150,583,-222,1761955200000
2020,9,175,46,1850.9,1590.15,129.77,34.56847826086957,2.8210869565217394,2020,9,175,110,-64,1598918400000
2024,5,93,737,47042.63,37850.97,4893.12,51.358168249660785,6.639240162822253,2024,5,93,1295,-558,1714521600000
2020,4,140,10673,182754.43,122751.41,21103.2,11.501115899934414,1.9772510072144664,2020,4,140,8228,2445,1585699200000
2017,4,174,87,1528.72,1307.42,101.06,15.027816091954024,1.161609195402299,2017,4,174,1319,-1232,1491004800000
2018,10,196,746,22086.85,18151.19,1742.19,24.331353887399462,2.3353753351206437,2018,10,196,2980,-2234,1538352000000
2016,2,32,48,1008.34,905.0,29.78,18.854166666666668,0.6204166666666667,2016,2,32,808,-760,1454284800000
2021,3,180,90,3288.52,2826.24,51.72,31.402666666666665,0.5746666666666667,2021,3,180,263,-173,1614556800000
2023,7,34,42,1061.23,793.36,147.37,18.88952380952381,3.508809523809524,2023,7,34,289,-247,1688169600000
2017,8,208,64,1934.76,1559.12,192.29,24.36125,3.00453125,2017,8,208,1209,-1145,1501545600000
2018,9,74,32863,440877.56,365924.91,30790.45,11.134860177098863,0.9369336335696681,2018,9,74,63826,-30963,1535760000000
2020,4,147,75,1960.51,1653.63,124.32,22.0484,1.6576,2020,4,147,206,-131,1585699200000
2017,1,112,5475,84556.29000000001,67809.66,9256.99,12.38532602739726,1.6907744292237443,2017,1,112,26054,-20579,1483228800000
2016,5,28,877,35586.73,29073.3,3356.71,33.15085518814139,3.827491448118586,2016,5,28,2935,-2058,1462060800000
2022,1,263,62321,966155.4800000001,613869.01,125387.95000000001,9.850114889042217,2.0119694805924166,2022,1,263,61103,1218,1640995200000
2019,11,29,165,6074.19,5325.29,197.74,32.274484848484846,1.1984242424242424,2019,11,29,780,-615,1572566400000
2016,7,84,2,102.02,100.92,0.0,50.46,0.0,2016,7,84,64,-62,1467331200000
2016,1,86,19,3004.89,2137.75,828.0799999999999,112.51315789473684,43.583157894736836,2016,1,86,533,-514,1451606400000
2018,4,158,93556,1415988.6300000001,1123237.01,170770.85,12.00603927059729,1.8253329556629185,2018,4,158,95994,-2438,1522540800000
2020,4,85,93,2833.51,2413.82,163.36,25.955053763440862,1.7565591397849465,2020,4,85,161,-68,1585699200000
2019,3,159,972,22443.36,19840.24,228.64,20.411769547325104,0.23522633744855967,2019,3,159,2765,-1793,1551398400000
2017,5,194,1333,53106.42,41292.09,6413.52,30.97681170292573,4.811342835708928,2017,5,194,3345,-2012,1493596800000
2018,1,57,22,773.15,680.2,67.09,30.91818181818182,3.049545454545455,2018,1,57,384,-362,1514764800000
2018,3,254,172,4481.22,4003.52,154.97,23.27627906976744,0.9009883720930233,2018,3,254,998,-826,1519862400000
2022,12,216,825,54875.2,45845.94,6262.41,55.57083636363637,7.5908,2022,12,216,3143,-2318,1669852800000
2024,3,7,2441,59610.88,49995.79,2867.2,20.4816837361737,1.1746005735354361,2024,3,7,8457,-6016,1709251200000
2024,10,5,2,312.2,275.0,35.2,137.5,17.6,2024,10,5,17,-15,1727740800000
2025,5,157,2669,76948.89,62374.04,3715.9,23.36981641064069,1.3922442862495317,2025,5,157,3256,-587,1746057600000
2025,7,250,785,22544.68,19914.08,72.09,25.368254777070067,0.0918343949044586,2025,7,250,1088,-303,1751328000000
2017,9,150,40,1496.45,1265.18,99.9,31.6295,2.4975,2017,9,150,482,-442,1504224000000
2023,3,153,38,987.1899999999999,892.09,7.65,23.47605263157895,0.20131578947368423,2023,3,153,155,-117,1677628800000
2025,7,205,1631,50091.63,45549.54,150.07999999999998,27.927369711833233,0.09201716738197424,2025,7,205,3005,-1374,1751328000000
2020,11,34,626,23526.15,17888.72,3640.44,28.576230031948885,5.815399361022364,2020,11,34,833,-207,1604188800000
2021,10,120,20,975.42,768.66,120.36,38.433,6.018,2021,10,120,160,-140,1633046400000
2021,10,142,113565,1898401.32,1228399.81,251018.48,10.816711222647823,2.210350724254832,2021,10,142,99786,13779,1633046400000
2025,11,207,282,10117.35,7895.5,1278.06,27.99822695035461,4.532127659574468,2025,11,207,244,38,1761955200000
2023,2,179,523,11975.65,9637.35,937.45,18.427055449330783,1.7924474187380497,2023,2,179,3037,-2514,1675209600000
2024,2,253,6,354.29,243.8,15.05,40.63333333333333,2.5083333333333333,2024,2,253,33,-27,1706745600000
2019,2,254,611,21726.03,19436.88,269.93,31.811587561374797,0.44178396072013093,2019,2,254,1448,-837,1548979200000
2025,2,252,247,6285.53,5317.52,27.2,21.528421052631582,0.11012145748987855,2025,2,252,833,-586,1738368000000
2025,5,152,6748,143996.38,114152.4,4514.98,16.916478956727918,0.6690841730883224,2025,5,152,9010,-2262,1746057600000
2020,6,117,339,22111.329999999998,20084.670000000002,366.82,59.24681415929204,1.0820648967551623,2020,6,117,358,-19,1590969600000
2024,11,254,387,14604.93,13424.46,45.9,34.68852713178294,0.11860465116279069,2024,11,254,641,-254,1730419200000
2018,6,261,51859,1061197.9,873056.12,113703.51,16.83519003451667,2.1925511483059834,2018,6,261,42528,9331,1527811200000
2017,10,33,10584,197754.18,162732.86,23379.3,15.375364701436128,2.2089285714285714,2017,10,33,29480,-18896,1506816000000
2022,3,153,41,1017.89,939.59,5.3,22.916829268292684,0.12926829268292683,2022,3,153,176,-135,1646092800000
2018,11,235,578,17073.15,15279.09,445.66,26.43441176470588,0.7710380622837371,2018,11,235,1741,-1163,1541030400000
2016,9,159,503,7429.55,6369.07,405.97,12.662166998011928,0.8070974155069583,2016,9,159,3153,-2650,1472688000000
2020,4,56,61,1575.89,1321.9,82.96,21.67049180327869,1.3599999999999999,2020,4,56,209,-148,1585699200000
2018,3,68,220389,3098260.57,2449543.12,359549.66,11.114634214956283,1.6314319680201823,2018,3,68,210083,10306,1519862400000
2021,4,140,56704,976156.59,655556.22,111032.45,11.56102250282167,1.9581061300790068,2021,4,140,53621,3083,1617235200000
2016,6,221,16,857.95,725.9200000000001,79.07,45.370000000000005,4.941875,2016,6,221,206,-190,1464739200000
2019,3,34,184,3582.79,2939.27,292.8,15.97429347826087,1.591304347826087,2019,3,34,902,-718,1551398400000
2016,12,149,50,2257.9900000000002,2072.3,125.21000000000001,41.446000000000005,2.5042,2016,12,149,1097,-1047,1480550400000
2020,7,68,17265,366739.18000000005,276654.12,27169.03,16.023986099044308,1.5736478424558353,2020,7,68,15208,2057,1593561600000
2022,3,5,57,4903.15,3863.25,0.0,67.77631578947368,0.0,2022,3,5,61,-4,1646092800000
2024,12,241,267,9703.53,8860.11,88.30000000000001,33.18393258426966,0.3307116104868914,2024,12,241,601,-334,1733011200000
2016,1,87,79224,1603032.8800000001,1296465.1,198416.3,16.364549883873575,2.5044973745329697,2016,1,87,84930,-5706,1451606400000
2025,11,87,27455,689298.42,468441.77,63888.07,17.062166089965398,2.3270103806228373,2025,11,87,37286,-9831,1761955200000
2017,8,186,315842,4603381.07,3711846.02,490763.23,11.75222427669531,1.55382510875691,2017,8,186,240504,75338,1501545600000
2017,11,46,4,251.75,230.0,20.05,57.5,5.0125,2017,11,46,135,-131,1509494400000
2022,2,80,605,16923.34,12943.45,2251.2400000000002,21.39413223140496,3.72105785123967,2022,2,80,4069,-3464,1643673600000
2022,12,89,368,14963.2,12918.94,892.06,35.1058152173913,2.4240760869565214,2022,12,89,3002,-2634,1669852800000
2020,4,36,75,2124.13,1816.21,147.15,24.216133333333335,1.962,2020,4,36,171,-96,1585699200000
2021,6,193,2257,19810.02,16163.45,970.02,7.161475409836066,0.4297828976517501,2021,6,193,2631,-374,1622505600000
2025,3,58,56,1984.95,1715.17,6.6,30.628035714285716,0.11785714285714285,2025,3,58,125,-69,1740787200000
2019,12,73,67,2021.25,1747.31,13.02,26.079253731343282,0.19432835820895522,2019,12,73,370,-303,1575158400000
2022,1,18,82,3901.72,3422.7400000000002,239.23000000000002,41.740731707317074,2.917439024390244,2022,1,18,461,-379,1640995200000
2025,11,129,4695,122496.1,92306.16,8895.94,19.660523961661344,1.894768903088392,2025,11,129,6533,-1838,1761955200000
2019,2,20,157,4728.1,4256.56,10.0,27.111847133757966,0.06369426751592357,2019,2,20,660,-503,1548979200000
2021,12,221,7,272.56,217.39999999999998,7.01,31.057142857142853,1.0014285714285713,2021,12,221,42,-35,1638316800000
2024,9,143,42163,907925.4,621030.82,95610.93,14.729284443706566,2.2676500723383057,2024,9,143,51643,-9480,1725148800000
2016,9,212,110,2012.5,1705.0,123.96000000000001,15.5,1.126909090909091,2016,9,212,1220,-1110,1472688000000
2017,12,178,108,1589.66,1379.0,89.05,12.768518518518519,0.824537037037037,2017,12,178,624,-516,1512086400000
2021,9,109,2,80.14999999999999,72.0,0.0,36.0,0.0,2021,9,109,40,-38,1630454400000
2025,11,52,1559,33448.42,24228.53,1742.17,15.54107119948685,1.117491982039769,2025,11,52,2985,-1426,1761955200000
2025,6,180,808,23438.92,20941.05,499.15999999999997,25.91714108910891,0.6177722772277228,2025,6,180,1235,-427,1748736000000
2020,10,251,4,333.13,277.0,8.25,69.25,2.0625,2020,10,251,25,-21,1601510400000
2025,8,1,560,52725.53,45937.23,4995.11,82.03076785714286,8.919839285714286,2025,8,1,6934,-6374,1754006400000
2016,5,263,205119,2829925.58,2256487.09,317652.57,11.000868227711718,1.5486257733315782,2016,5,263,206520,-1401,1462060800000
2020,8,12,199,5108.4,3927.52,470.76,19.736281407035175,2.3656281407035173,2020,8,12,327,-128,1596240000000
2025,10,147,566,15288.68,13558.02,13.47,23.95409893992933,0.023798586572438163,2025,10,147,781,-215,1759276800000
2017,10,26,240,3789.34,3325.11,146.73,13.854625,0.611375,2017,10,26,1902,-1662,1506816000000
2016,4,219,560,36345.590000000004,29922.04,3557.0,53.43221428571429,6.351785714285715,2016,4,219,1973,-1413,1459468800000
2020,9,212,275,8962.92,7506.06,669.04,27.294763636363637,2.432872727272727,2020,9,212,571,-296,1598918400000
2021,5,42,6672,125108.55,103557.81,6088.0,15.521254496402877,0.9124700239808153,2021,5,42,15754,-9082,1619827200000
2024,11,193,1626,24463.89,20775.77,937.69,12.777226322263223,0.5766851168511685,2024,11,193,2324,-698,1730419200000
2017,2,95,1431,27654.13,22653.55,2285.84,15.830573025856044,1.597372466806429,2017,2,95,10583,-9152,1485907200000
2024,3,8,10,450.17,371.91,25.0,37.191,2.5,2024,3,8,43,-33,1709251200000
2020,9,143,18912,294619.05,193719.5,34186.96,10.243205372250422,1.807686125211506,2020,9,143,21034,-2122,1598918400000
2021,7,13,18190,419924.96,295308.57,53903.799999999996,16.234665750412315,2.963375481033535,2021,7,13,23370,-5180,1625097600000
2024,11,242,284,10179.51,9043.36,198.61,31.84281690140845,0.699330985915493,2024,11,242,568,-284,1730419200000
2019,12,215,1252,77612.99,60821.21,7298.98,48.579241214057504,5.8298562300319485,2019,12,215,2648,-1396,1575158400000
2024,6,83,365,13794.42,11331.98,1181.02,31.046520547945203,3.235671232876712,2024,6,83,855,-490,1717200000000
2020,4,75,10268,139509.11000000002,106113.99,10696.96,10.334436112193222,1.0417763926762758,2020,4,75,10792,-524,1585699200000
2018,12,76,1765,60903.1,54794.89,1443.3,31.04526345609065,0.8177337110481586,2018,12,76,3571,-1806,1543622400000
2016,9,22,120,2682.12,2205.0,258.83,18.375,2.1569166666666666,2016,9,22,2163,-2043,1472688000000
2019,5,155,413,17122.16,15683.210000000001,129.96,37.97387409200969,0.3146731234866828,2019,5,155,1347,-934,1556668800000
2019,8,233,83313,1498100.93,992459.4,173962.95,11.912419430341004,2.088064887832631,2019,8,233,94818,-11505,1564617600000
2018,7,22,229,8183.11,7453.7,298.34,32.54890829694323,1.3027947598253273,2018,7,22,1545,-1316,1530403200000
2019,8,100,143010,2480030.2,1679699.24,250527.11,11.745327179917489,1.7518153275994686,2019,8,100,108356,34654,1564617600000
2022,6,52,940,25149.69,18829.57,3651.57,20.03145744680851,3.884648936170213,2022,6,52,2276,-1336,1654041600000
2019,12,195,485,15952.46,12964.72,952.86,26.731381443298968,1.964659793814433,2019,12,195,2370,-1885,1575158400000
2022,12,256,1174,35074.25,27143.29,4595.51,23.12034923339012,3.9144037478705282,2022,12,256,7149,-5975,1669852800000
2021,3,4,1929,40908.13,30316.01,3243.27,15.715920165889061,1.6813219284603422,2021,3,4,9016,-7087,1614556800000
2022,3,149,44,1988.07,1807.3,15.07,41.074999999999996,0.3425,2022,3,149,453,-409,1646092800000
2019,11,177,466,15082.15,13281.380000000001,193.66,28.500815450643778,0.4155793991416309,2019,11,177,1449,-983,1572566400000
2017,3,209,19931,377191.45,307124.38,44106.09,15.409381365711706,2.212939140033114,2017,3,209,27291,-7360,1488326400000
2021,10,101,107,5711.25,5168.31,75.84,48.301962616822436,0.708785046728972,2021,10,101,379,-272,1633046400000
2023,12,189,457,15871.98,12979.89,1592.98,28.402385120350107,3.4857330415754926,2023,12,189,2903,-2446,1701388800000
2019,3,264,52937,1039545.87,793409.08,125291.09,14.987798326312408,2.3667961916995672,2019,3,264,53568,-631,1551398400000
2019,9,102,167,4735.52,4109.86,140.96,24.609940119760477,0.8440718562874252,2019,9,102,1020,-853,1567296000000
2021,7,141,79195,1251859.31,803593.73,157031.77000000002,10.147026074878465,1.9828495485826128,2021,7,141,78073,1122,1625097600000
2021,9,78,201,7854.51,6737.83,114.36,33.521542288557214,0.568955223880597,2021,9,78,544,-343,1630454400000
2017,3,65,14513,256141.29,212239.98,26980.49,14.624128712189073,1.8590567077792326,2017,3,65,19401,-4888,1488326400000
2019,8,2,9,395.95,345.9,26.96,38.43333333333333,2.9955555555555557,2019,8,2,2,7,1564617600000
2023,5,59,6,214.45,181.3,0.0,30.21666666666667,0.0,2023,5,59,17,-11,1682899200000
2024,10,124,308,12930.58,11370.42,701.7,36.916948051948054,2.278246753246753,2024,10,124,949,-641,1727740800000
2020,11,209,2318,50190.72,36426.9,5654.45,15.714797238999138,2.439365832614323,2020,11,209,2980,-662,1604188800000
2025,2,184,18,668.19,582.11,15.78,32.339444444444446,0.8766666666666666,2025,2,184,39,-21,1738368000000
2016,12,42,16463,210163.11000000002,174074.83,15072.97,10.573700419121666,0.9155664216728421,2016,12,42,45173,-28710,1480550400000
2021,10,137,47984,840674.66,556940.08,99544.40999999999,11.606787262420806,2.074533386128709,2021,10,137,49801,-1817,1633046400000
2024,6,125,18327,448166.09,307682.68,52695.02,16.788491296993506,2.875267092268238,2024,6,125,18401,-74,1717200000000
2018,2,101,51,1951.3,1849.1,52.39,36.25686274509804,1.0272549019607844,2018,2,101,452,-401,1517443200000
2024,8,247,732,24895.49,21535.61,1131.61,29.42023224043716,1.5459153005464479,2024,8,247,1677,-945,1722470400000
2025,10,128,203,5619.6,4649.99,113.85,22.906354679802956,0.5608374384236453,2025,10,128,749,-546,1759276800000
2023,1,136,137,5457.4,4871.650000000001,78.5,35.55948905109489,0.572992700729927,2023,1,136,408,-271,1672531200000
2021,7,232,12361,257176.62,184370.63,27307.690000000002,14.915510880996683,2.20918129601165,2021,7,232,23463,-11102,1625097600000
2020,3,26,278,6443.93,5750.52,74.43,20.685323741007196,0.2677338129496403,2020,3,26,961,-683,1583020800000
2020,7,202,85,2515.52,2109.86,191.6,24.821882352941177,2.2541176470588233,2020,7,202,628,-543,1593561600000
2019,7,68,152959,2692865.85,1803139.83,305512.97000000003,11.788386626481607,1.9973520355127847,2019,7,68,144895,8064,1561939200000
2018,2,154,22,1685.8700000000001,1360.5,184.91,61.84090909090909,8.405,2018,2,154,64,-42,1517443200000
2022,9,163,85989,1663805.65,1107533.77,219081.54,12.87994708625522,2.5477856470013607,2022,9,163,74156,11833,1661990400000
2024,12,58,20,854.8000000000001,758.34,0.0,37.917,0.0,2024,12,58,83,-63,1733011200000
2024,4,88,10808,347243.54,260062.77,34796.54,24.062062361213915,3.219517024426351,2024,4,88,13891,-3083,1711929600000
2018,7,29,112,3080.7799999999997,2789.0,104.84,24.901785714285715,0.9360714285714286,2018,7,29,835,-723,1530403200000
2018,8,125,47817,720606.2100000001,569235.35,87907.78,11.90445552836857,1.8384210636384548,2018,8,125,43522,4295,1533081600000
2022,11,63,82,2997.54,2368.36,403.58,28.882439024390244,4.921707317073171,2022,11,63,554,-472,1667260800000
2017,1,202,423,8048.88,6626.31,858.14,15.66503546099291,2.0286997635933806,2017,1,202,4388,-3965,1483228800000
2023,2,15,27,1403.04,1283.07,36.42,47.52111111111111,1.348888888888889,2023,2,15,336,-309,1675209600000
2024,12,133,393,13218.0,11823.02,218.33,30.0840203562341,0.5555470737913486,2024,12,133,1128,-735,1733011200000
2017,10,40,5457,96602.86,76936.66,11800.98,14.098709913872092,2.162539857064321,2017,10,40,11803,-6346,1506816000000
2018,6,114,113169,1620678.14,1286463.96,191058.49000000002,11.36763565994221,1.6882581802437064,2018,6,114,92376,20793,1527811200000
2017,3,80,5975,91532.38,73523.28,9850.71,12.305151464435147,1.6486543933054392,2017,3,80,20076,-14101,1488326400000
2018,10,59,18,446.81,388.5,11.61,21.583333333333332,0.645,2018,10,59,65,-47,1538352000000
2018,11,68,186374,2821317.18,2253248.67,322886.37000000005,12.089930301436896,1.7324646678184727,2018,11,68,179955,6419,1541030400000
2021,3,226,2494,58874.36,46494.58,4782.41,18.642574178027267,1.9175661587810746,2021,3,226,4516,-2022,1614556800000
2020,7,127,354,10815.28,9628.0,426.67,27.19774011299435,1.2052824858757063,2020,7,127,1232,-878,1593561600000
2016,1,118,7,178.31,95.01,60.88,13.572857142857144,8.697142857142858,2016,1,118,192,-185,1451606400000
2016,9,150,43,1009.81,865.34,62.11,20.12418604651163,1.4444186046511627,2016,9,150,570,-527,1472688000000
2022,2,74,8455,129947.03,100085.29,10492.14,11.837408633944412,1.2409390892962744,2022,2,74,22748,-14293,1643673600000
2018,5,125,52121,813100.7100000001,644272.93,100336.91,12.361100707968,1.92507645670651,2018,5,125,46785,5336,1525132800000
2016,2,190,526,8321.3,6846.0,865.95,13.015209125475286,1.6462927756653993,2016,2,190,2172,-1646,1454284800000
2020,12,189,235,6371.31,5210.66,790.6,22.173021276595744,3.364255319148936,2020,12,189,789,-554,1606780800000
2016,8,261,60556,1199993.51,997292.45,119278.79,16.468928760155887,1.9697270295263887,2016,8,261,51031,9525,1470009600000
2019,4,226,10659,249355.63,199604.05,20628.0,18.726339243831504,1.9352659724176753,2019,4,226,16500,-5841,1554076800000
2019,9,1,797,76867.41,64271.47,9195.69,80.64174404015057,11.53787954830615,2019,9,1,15636,-14839,1567296000000
2020,11,142,48339,739080.55,474667.42,93783.97,9.819553983326092,1.940130536419868,2020,11,142,43105,5234,1604188800000
2022,9,25,1692,43794.34,34688.13,5493.06,20.501258865248225,3.2464893617021278,2022,9,25,5489,-3797,1661990400000
2023,11,161,164974,4233962.800000001,2821978.09,555039.4700000001,17.10559294191812,3.3644057245384125,2023,11,161,135387,29587,1698796800000
2024,2,38,154,7155.12,6582.38,52.03,42.74272727272727,0.33785714285714286,2024,2,38,612,-458,1706745600000
2024,9,211,33634,823400.4,572491.71,92752.96,17.021219896533268,2.7577142177558427,2024,9,211,35098,-1464,1725148800000
2025,4,168,2835,72998.95,63903.55,485.39,22.54093474426808,0.17121340388007053,2025,4,168,3029,-194,1743465600000
2025,8,245,14,612.21,475.59999999999997,48.99,33.97142857142857,3.4992857142857146,2025,8,245,99,-85,1754006400000
2021,10,147,109,4436.51,3607.29,129.87,33.09440366972477,1.191467889908257,2021,10,147,387,-278,1633046400000
2019,10,249,138229,2348401.4600000004,1538895.11,291598.52,11.132939614697351,2.109532153166123,2019,10,249,113797,24432,1569888000000
2020,8,236,41276,609135.64,392058.2,71360.54,9.498454307587945,1.7288627774009109,2020,8,236,41127,149,1596240000000
2021,9,120,32,820.81,726.26,24.65,22.695625,0.7703125,2021,9,120,160,-128,1630454400000
2025,8,201,297,11918.21,10716.2,165.91,36.08148148148148,0.5586195286195286,2025,8,201,695,-398,1754006400000
2017,2,259,49,1371.64,1193.59,111.88,24.358979591836732,2.283265306122449,2017,2,259,1020,-971,1485907200000
2016,10,251,6,420.17,166.0,247.37,27.666666666666668,41.22833333333333,2016,10,251,152,-146,1475280000000
2017,4,47,121,1910.81,1636.8,81.21,13.527272727272727,0.6711570247933883,2017,4,47,971,-850,1491004800000
2018,1,21,68,1447.3,1292.5,73.93,19.00735294117647,1.0872058823529414,2018,1,21,903,-835,1514764800000
2019,6,56,620,26400.3,21215.6,1881.26,34.218709677419355,3.0342903225806452,2019,6,56,2542,-1922,1559347200000
2020,5,246,1316,26651.14,19766.25,1855.2,15.019946808510639,1.409726443768997,2020,5,246,2501,-1185,1588291200000
2017,7,46,7,209.76,184.5,11.9,26.357142857142858,1.7,2017,7,46,133,-126,1498867200000
2024,4,65,2669,83410.99,68468.96,6091.9,25.653413263394533,2.282465342825028,2024,4,65,4908,-2239,1711929600000
2020,2,254,347,12768.77,11058.75,92.71000000000001,31.869596541786745,0.26717579250720463,2020,2,254,810,-463,1580515200000
2023,7,219,339,22855.12,19052.93,2127.59,56.20333333333333,6.276076696165192,2023,7,219,1536,-1197,1688169600000
2024,10,46,35,1590.61,1451.35,25.5,41.46714285714285,0.7285714285714285,2024,10,46,105,-70,1727740800000
2018,8,44,1,81.32,68.5,0.0,68.5,0.0,2018,8,44,60,-59,1533081600000
2016,11,209,20181,384613.47000000003,315908.02,43013.14,15.653734700956345,2.1313681185273277,2016,11,209,27332,-7151,1477958400000
2023,10,23,4,161.97,111.57999999999998,22.2,27.894999999999996,5.55,2023,10,23,73,-69,1696118400000
2024,7,52,571,17256.91,13747.32,1623.6299999999999,24.075866900175132,2.8434851138353765,2024,7,52,1826,-1255,1719792000000
2022,2,211,21470,389578.9,258681.85,52015.65,12.048525850023289,2.422713088029809,2022,2,211,25412,-3942,1643673600000
2025,1,112,1810,42515.78,33541.58,1513.92,18.531259668508287,0.8364198895027625,2025,1,112,7164,-5354,1735689600000
2019,3,121,395,12675.0,11355.47,216.70999999999998,28.748025316455696,0.548632911392405,2019,3,121,1387,-992,1551398400000
2025,10,195,1896,78423.76,62833.05,5444.25,33.13979430379747,2.8714398734177213,2025,10,195,3165,-1269,1759276800000
2024,8,140,57638,1296623.76,872550.37,153042.71,15.138456747284778,2.655239772372393,2024,8,140,59543,-1905,1722470400000
2019,9,152,5871,89006.49,70704.25,7003.51,12.042965423266905,1.1928989950604667,2019,9,152,10195,-4324,1567296000000
2020,6,73,12,385.03999999999996,336.19,13.89,28.015833333333333,1.1575,2020,6,73,85,-73,1590969600000
2017,3,136,148,2296.7200000000003,2002.8,83.0,13.532432432432433,0.5608108108108109,2017,3,136,1319,-1171,1488326400000
2019,11,44,32,1622.6,1501.5,22.06,46.921875,0.689375,2019,11,44,66,-34,1572566400000
2022,4,173,65,1863.19,1602.85,121.63,24.659230769230767,1.8712307692307693,2022,4,173,766,-701,1648771200000
2025,9,258,1004,27996.97,25120.92,113.92,25.020836653386453,0.11346613545816733,2025,9,258,2026,-1022,1756684800000
2017,9,8,115,3978.2,3050.0,531.81,26.52173913043478,4.624434782608695,2017,9,8,203,-88,1504224000000
2016,3,218,56,1371.34,1204.2,84.98,21.50357142857143,1.5175,2016,3,218,1089,-1033,1456790400000
2021,3,139,282,10689.1,9458.789999999999,73.81,33.5418085106383,0.26173758865248226,2021,3,139,524,-242,1614556800000
2016,2,161,420565,6113380.63,4811575.88,716073.94,11.440742524936692,1.7026474861198624,2016,2,161,433075,-12510,1454284800000
2022,2,64,122,3641.0,3251.37,79.78,26.650573770491803,0.6539344262295083,2022,2,64,344,-222,1643673600000
2022,10,201,57,2098.34,1881.22,55.42,33.00385964912281,0.972280701754386,2022,10,201,338,-281,1664582400000
2025,7,132,186032,12995045.43,10066929.76,1528433.3199999998,54.11396834953126,8.21596994065537,2025,7,132,36368,149664,1751328000000
2022,7,201,33,1686.05,1424.49,79.11,43.166363636363634,2.3972727272727274,2022,7,201,347,-314,1656633600000
2019,4,61,2208,58749.04,52443.15,1346.03,23.751426630434782,0.6096150362318841,2019,4,61,11407,-9199,1554076800000
2021,8,265,12963,705355.36,674216.61,17330.9,52.01084702615135,1.3369513229962202,2021,8,265,11130,1833,1627776000000
2025,8,137,39399,812195.11,523847.62,71285.25,13.295962334069392,1.8093162263001599,2025,8,137,45477,-6078,1754006400000
2019,3,57,19,519.84,425.99,22.08,22.420526315789473,1.1621052631578948,2019,3,57,247,-228,1551398400000
2022,5,231,54210,1156183.77,798365.79,153560.37,14.727278915329276,2.832694521306032,2022,5,231,53780,430,1651363200000
2025,11,59,14,291.55,247.98,0.0,17.712857142857143,0.0,2025,11,59,66,-52,1761955200000
2021,2,40,283,6165.3,4701.49,657.12,16.61303886925795,2.3219787985865725,2021,2,40,920,-637,1612137600000
2023,9,97,1187,34818.7,28167.73,3120.86,23.730185341196293,2.629199663016007,2023,9,97,3681,-2494,1693526400000
2018,10,20,113,3387.76,2902.62,164.72,25.686902654867257,1.4576991150442478,2018,10,20,791,-678,1538352000000
2024,4,40,703,21345.829999999998,16813.82,1249.47,23.91724039829303,1.7773399715504978,2024,4,40,2831,-2128,1711929600000
2016,8,150,58,2166.51,1879.0,168.98,32.39655172413793,2.913448275862069,2016,8,150,606,-548,1470009600000
2018,1,256,6546,104151.64000000001,84955.63,10802.69,12.97825084020776,1.6502734494347695,2018,1,256,20116,-13570,1514764800000
2018,12,70,1140,38606.63,32994.55,2780.61,28.94258771929825,2.4391315789473684,2018,12,70,3711,-2571,1543622400000
2022,6,238,72441,1293134.58,860880.8,171124.75,11.883888957910576,2.3622637732775638,2022,6,238,79571,-7130,1654041600000
2021,8,216,505,24878.03,20807.23,1676.07,41.20243564356436,3.318950495049505,2021,8,216,2489,-1984,1627776000000
2016,6,173,431,6693.97,5675.3,396.71999999999997,13.167749419953596,0.9204640371229698,2016,6,173,3393,-2962,1464739200000
2020,10,224,3211,54303.13,36531.42,6635.44,11.376960448458423,2.066471504204298,2020,10,224,7467,-4256,1601510400000
2023,7,72,177,5892.47,5395.61,100.06,30.48367231638418,0.5653107344632768,2023,7,72,819,-642,1688169600000
2023,11,209,6039,188347.68,135200.45,23376.19,22.387887067395265,3.8708710051333,2023,11,209,9275,-3236,1698796800000
2016,9,160,302,6179.86,5168.04,526.86,17.11271523178808,1.7445695364238412,2016,9,160,3376,-3074,1472688000000
2017,6,166,44865,677888.88,544889.38,74743.98,12.145088153348937,1.6659752591106651,2017,6,166,67560,-22695,1496275200000
2019,7,137,76652,1263991.5,840046.11,134109.25,10.959219720294318,1.7495857903251057,2019,7,137,84809,-8157,1561939200000
2021,6,108,150,6299.69,5480.78,94.82,36.53853333333333,0.6321333333333333,2021,6,108,331,-181,1622505600000
2023,1,67,57,2166.7,1789.17,88.67999999999999,31.388947368421054,1.5557894736842104,2023,1,67,393,-336,1672531200000
2025,10,197,2294,97376.01,84101.0,6328.91,36.66129032258065,2.758897122929381,2025,10,197,2872,-578,1759276800000
2023,1,173,46,1646.71,1375.8700000000001,132.49,29.91021739130435,2.880217391304348,2023,1,173,645,-599,1672531200000
2024,12,129,1595,61932.0,50976.42,4832.41,31.96013793103448,3.0297241379310345,2024,12,129,4562,-2967,1733011200000
2020,3,232,4665,97019.08,70540.35,10065.98,15.121189710610933,2.157766345123258,2020,3,232,13961,-9296,1583020800000
2019,5,8,104,5136.88,3902.65,516.35,37.52548076923077,4.964903846153846,2019,5,8,153,-49,1556668800000
2021,12,210,201,9554.99,8604.11,34.08,42.80651741293533,0.16955223880597015,2021,12,210,607,-406,1638316800000
2024,12,57,25,918.07,827.33,35.42,33.0932,1.4168,2024,12,57,75,-50,1733011200000
2019,12,148,81960,1539323.76,1048753.46,183648.33,12.795918252806246,2.2407068081991213,2019,12,148,66951,15009,1575158400000
2016,10,241,98,1725.27,1502.14,101.61,15.327959183673471,1.0368367346938776,2016,10,241,1727,-1629,1475280000000
2021,9,221,12,552.28,461.02,17.659999999999997,38.41833333333333,1.4716666666666665,2021,9,221,69,-57,1630454400000
2025,5,213,1507,40792.95,35308.86,102.81,23.429900464499006,0.06822163238221632,2025,5,213,1803,-296,1746057600000
2018,6,68,202695,2987075.79,2373808.63,342972.94999999995,11.711234268235525,1.6920641851057006,2018,6,68,194343,8352,1527811200000
2020,3,96,11,517.9300000000001,340.6,126.43,30.963636363636365,11.493636363636364,2020,3,96,68,-57,1583020800000
2020,7,55,496,28856.79,26930.97,627.08,54.29631048387097,1.2642741935483872,2020,7,55,633,-137,1593561600000
2018,7,66,4326,82412.21,68201.95,9148.51,15.765591770688857,2.1147734627831714,2018,7,66,12913,-8587,1530403200000
2023,1,177,213,6731.09,5929.35,243.29,27.837323943661975,1.142206572769953,2023,1,177,843,-630,1672531200000
2019,11,255,4738,86527.48000000001,66451.01,10178.99,14.025118193330519,2.148372731110173,2019,11,255,17788,-13050,1572566400000
2021,8,165,208,8481.05,7421.78,94.27,35.68163461538462,0.4532211538461538,2021,8,165,915,-707,1627776000000
2023,3,146,1770,42073.38,32187.49,3946.19,18.185022598870056,2.2294858757062146,2023,3,146,3219,-1449,1677628800000
2023,11,216,738,47445.44,39899.9,4850.22,54.06490514905149,6.5721138211382115,2023,11,216,3082,-2344,1698796800000
2017,2,263,157638,1989710.9000000001,1571125.47,227593.09,9.966667110722033,1.4437704741242594,2017,2,263,160727,-3089,1485907200000
2018,3,141,221698,2682198.12,2113813.55,309122.52,9.534653221950581,1.3943405894505139,2018,3,141,225709,-4011,1519862400000
2023,7,1,464,47550.36,41022.38,4644.46,88.41030172413792,10.009612068965517,2023,7,1,9618,-9154,1688169600000
2016,12,2,6,175.98000000000002,138.0,16.1,23.0,2.6833333333333336,2016,12,2,4,2,1480550400000
2022,9,21,62,2301.0099999999998,2088.76,75.05,33.689677419354844,1.210483870967742,2022,9,21,403,-341,1661990400000
2018,4,179,5447,78338.66,65207.64,6759.49,11.971294290435102,1.2409564898109051,2018,4,179,12806,-7359,1522540800000
2016,5,240,51,1500.82,1240.0,180.46,24.313725490196077,3.5384313725490197,2016,5,240,490,-439,1462060800000
2020,3,121,182,4555.41,4110.56,51.52,22.58549450549451,0.2830769230769231,2020,3,121,610,-428,1583020800000
2021,2,220,287,9627.58,8099.12,219.41,28.21993031358885,0.7644947735191637,2021,2,220,911,-624,1612137600000
2019,11,237,321105,4816061.39,3079089.7,570895.6,9.589043147879977,1.777909406580402,2019,11,237,289369,31736,1572566400000
2023,9,94,73,2399.33,2160.48,10.81,29.595616438356164,0.14808219178082194,2023,9,94,184,-111,1693526400000
2024,9,158,40354,1015239.48,706084.5,115759.86,17.497261733657133,2.8686093076274966,2024,9,158,41518,-1164,1725148800000
2025,5,185,604,17085.31,14866.16,23.6,24.612847682119206,0.03907284768211921,2025,5,185,1240,-636,1746057600000
2017,7,65,12100,214225.7,178717.97,21522.88,14.770080165289256,1.7787504132231406,2017,7,65,17508,-5408,1498867200000
2019,11,19,205,6843.48,6139.85,114.14,29.95048780487805,0.5567804878048781,2019,11,19,578,-373,1572566400000
2019,11,16,227,7627.55,6820.7,79.7,30.047136563876652,0.35110132158590307,2019,11,16,1023,-796,1572566400000
2021,1,223,443,13106.37,10456.3,981.4399999999999,23.60338600451467,2.2154401805869073,2021,1,223,2055,-1612,1609459200000
2023,8,199,1,63.34,46.4,5.0,46.4,5.0,0,0,0,0,1,1690848000000
2024,3,199,2,124.06,79.5,20.68,39.75,10.34,0,0,0,0,2,1709251200000
2022,4,2,3,205.9,156.0,20.35,52.0,6.783333333333334,0,0,0,0,3,1648771200000
2019,1,199,2,49.47,35.5,6.61,17.75,3.305,0,0,0,0,2,1546300800000
2024,11,199,1,40.68,32.4,6.78,32.4,6.78,0,0,0,0,1,1730419200000
2023,10,199,4,218.93,154.10000000000002,28.759999999999998,38.525000000000006,7.1899999999999995,0,0,0,0,4,1696118400000
2025,4,105,1,90.69,70.0,9.0,70.0,9.0,0,0,0,0,1,1743465600000
2016,7,110,1,77.09,58.0,17.79,58.0,17.79,0,0,0,0,1,1467331200000
2019,3,199,1,27.3,22.0,2.0,22.0,2.0,0,0,0,0,1,1551398400000
2023,5,199,2,80.56,55.0,12.51,27.5,6.255,0,0,0,0,2,1682899200000
2021,10,199,1,50.22,31.0,8.37,31.0,8.37,0,0,0,0,1,1633046400000
2018,12,110,1,6.96,5.0,1.16,5.0,1.16,0,0,0,0,1,1543622400000
2025,1,99,1,15.3,12.8,0.0,12.8,0.0,0,0,0,0,1,1735689600000
2023,3,199,2,131.3,94.9,21.85,47.45,10.925,0,0,0,0,2,1677628800000
2024,9,199,2,46.2,30.5,7.7,15.25,3.85,0,0,0,0,2,1725148800000
2022,9,105,1,9.96,4.5,1.66,4.5,1.66,0,0,0,0,1,1661990400000
2018,3,110,2,66.28,49.5,3.16,24.75,1.58,0,0,0,0,2,1519862400000
2022,5,199,1,57.12,36.5,9.52,36.5,9.52,0,0,0,0,1,1651363200000
2024,10,199,2,115.66,76.0,19.28,38.0,9.64,0,0,0,0,2,1727740800000
2017,12,103,1,12.3,11.5,0.0,11.5,0.0,0,0,0,0,1,1512086400000
2025,8,199,1,69.5,55.5,12.5,55.5,12.5,0,0,0,0,1,1754006400000
2016,6,199,1,45.41,31.0,7.57,31.0,7.57,0,0,0,0,1,1464739200000
2019,1,104,1,31.56,25.0,5.26,25.0,5.26,0,0,0,0,1,1546300800000
2022,10,199,2,68.45,46.0,3.0,23.0,1.5,0,0,0,0,2,1664582400000
2021,5,105,1,32.8,29.5,0.0,29.5,0.0,0,0,0,0,1,1619827200000
2022,12,105,2,50.6,44.0,0.0,22.0,0.0,0,0,0,0,2,1669852800000
2021,11,199,2,102.75,72.0,11.05,36.0,5.525,0,0,0,0,2,1635724800000
2021,6,199,1,11.44,7.5,2.64,7.5,2.64,0,0,0,0,1,1622505600000
2017,9,110,1,28.3,27.0,0.0,27.0,0.0,0,0,0,0,1,1504224000000
2023,12,110,1,95.81,70.99,0.0,70.99,0.0,0,0,0,0,1,1701388800000
2021,9,199,1,27.3,23.5,0.0,23.5,0.0,0,0,0,0,1,1630454400000
2021,8,199,2,61.36,55.0,2.76,27.5,1.38,0,0,0,0,2,1627776000000
2024,6,105,1,33.0,24.7,4.3,24.7,4.3,0,0,0,0,1,1717200000000
2025,3,199,2,121.73,74.6,20.0,37.3,10.0,0,0,0,0,2,1740787200000
2017,6,104,1,60.08,41.0,12.02,41.0,12.02,0,0,0,0,1,1496275200000
2024,8,199,3,161.04,104.2,23.96,34.733333333333334,7.986666666666667,0,0,0,0,3,1722470400000
2021,8,105,3,96.52000000000001,63.0,16.07,21.0,5.3566666666666665,0,0,0,0,3,1627776000000
2024,1,199,2,20.4,7.4,0.0,3.7,0.0,0,0,0,0,2,1704067200000
2022,8,199,2,74.4,55.0,8.25,27.5,4.125,0,0,0,0,2,1659312000000
2025,9,199,1,68.04,52.7,11.34,52.7,11.34,0,0,0,0,1,1756684800000
2021,12,105,2,55.16,40.0,8.559999999999999,20.0,4.279999999999999,0,0,0,0,2,1638316800000
2020,6,199,1,28.79,25.49,0.0,25.49,0.0,0,0,0,0,1,1590969600000
2025,11,105,1,68.59,56.9,0.0,56.9,0.0,0,0,0,0,1,1761955200000
2024,7,199,2,106.61000000000001,79.5,12.17,39.75,6.085,0,0,0,0,2,1719792000000
2021,5,199,1,46.3,45.0,0.0,45.0,0.0,0,0,0,0,1,1619827200000
2023,12,105,1,20.16,12.8,3.36,12.8,3.36,0,0,0,0,1,1701388800000
2025,11,199,4,59.75,55.0,0.0,13.75,0.0,0,0,0,0,4,1761955200000
2022,11,199,1,49.0,31.0,8.15,31.0,8.15,0,0,0,0,1,1667260800000
2020,5,199,1,29.31,28.51,0.0,28.51,0.0,0,0,0,0,1,1588291200000
2024,4,199,1,40.0,38.5,0.0,38.5,0.0,0,0,0,0,1,1711929600000
2023,6,199,1,68.56,44.3,13.71,44.3,13.71,0,0,0,0,1,1685577600000
2020,3,105,2,48.46,32.0,8.86,16.0,4.43,0,0,0,0,2,1583020800000
2021,4,110,1,91.85,84.5,0.0,84.5,0.0,0,0,0,0,1,1617235200000
2022,6,199,2,83.65,59.0,10.0,29.5,5.0,0,0,0,0,2,1654041600000
2023,11,199,3,171.39,104.9,28.669999999999998,34.96666666666667,9.556666666666667,0,0,0,0,3,1698796800000
2023,4,199,2,99.55000000000001,69.0,8.45,34.5,4.225,0,0,0,0,2,1680307200000
2024,6,199,1,73.95,49.9,0.73,49.9,0.73,0,0,0,0,1,1717200000000
2024,10,105,1,38.64,28.2,6.44,28.2,6.44,0,0,0,0,1,1727740800000
2017,2,199,1,6.8,5.5,0.0,5.5,0.0,0,0,0,0,1,1485907200000
2023,9,199,1,41.64,28.2,0.0,28.2,0.0,0,0,0,0,1,1693526400000
2021,12,199,2,47.3,36.5,9.2,18.25,4.6,0,0,0,0,2,1638316800000
2021,2,199,1,26.16,18.5,4.36,18.5,4.36,0,0,0,0,1,1612137600000
2023,1,199,2,37.8,20.0,6.3,10.0,3.15,0,0,0,0,2,1672531200000
2017,12,110,1,20.3,18.5,0.0,18.5,0.0,0,0,0,0,1,1512086400000
2023,5,105,3,86.9,62.900000000000006,12.0,20.96666666666667,4.0,0,0,0,0,3,1682899200000
2023,7,199,3,176.7,128.7,22.700000000000003,42.9,7.566666666666667,0,0,0,0,3,1688169600000
2020,12,105,1,21.8,14.5,4.0,14.5,4.0,0,0,0,0,1,1606780800000
2025,5,99,1,17.38,-15.38,0.0,-15.38,0.0,0,0,0,0,1,1746057600000
2021,7,199,3,128.09,81.0,19.04,27.0,6.346666666666667,0,0,0,0,3,1625097600000
2022,7,199,4,178.95,133.5,20.65,33.375,5.1625,0,0,0,0,4,1656633600000
2020,11,199,1,40.52,24.5,8.1,24.5,8.1,0,0,0,0,1,1604188800000
2024,12,99,1,73.74,51.3,9.0,51.3,9.0,0,0,0,0,1,1733011200000
2025,2,199,2,90.02,59.9,5.43,29.95,2.715,0,0,0,0,2,1738368000000
2024,11,110,1,12.5,10.0,0.0,10.0,0.0,0,0,0,0,1,1730419200000
2023,8,105,2,36.44,23.5,3.94,11.75,1.97,0,0,0,0,2,1690848000000
2024,2,199,1,52.87,37.3,10.57,37.3,10.57,0,0,0,0,1,1706745600000
2025,7,105,1,69.99,44.3,14.0,44.3,14.0,0,0,0,0,1,1751328000000
2025,1,199,1,84.47,56.2,14.08,56.2,14.08,0,0,0,0,1,1735689600000
2025,6,199,1,77.75,50.6,12.96,50.6,12.96,0,0,0,0,1,1748736000000
2016,11,104,1,12.96,9.5,2.16,9.5,2.16,0,0,0,0,1,1477958400000
2019,7,199,1,15.36,7.0,2.56,7.0,2.56,0,0,0,0,1,1561939200000
2016,3,103,1,14.16,10.0,2.36,10.0,2.36,0,0,0,0,1,1456790400000
2023,7,2,5,360.02,290.4,41.519999999999996,58.08,8.303999999999998,0,0,0,0,5,1688169600000
